Month,WeekOfMonth,DayOfWeek,Make,AccidentArea,DayOfWeekClaimed,MonthClaimed,WeekOfMonthClaimed,Sex,MaritalStatus,Age,Fault,PolicyType,VehicleCategory,VehiclePrice,FraudFound_P,PolicyNumber,RepNumber,Deductible,DriverRating,Days_Policy_Accident,Days_Policy_Claim,PastNumberOfClaims,AgeOfVehicle,AgeOfPolicyHolder,PoliceReportFiled,WitnessPresent,AgentType,NumberOfSuppliments,AddressChange_Claim,NumberOfCars,Year,BasePolicy
12,5,3,Honda,Urban,2,1,1,Female,Single,21,Policy Holder,Sport - Liability,Sport,more than 69000,0,1,12,300,1,more than 30,more than 30,none,3 years,26 to 30,No,No,External,none,1 year,3 to 4,1994,Liability
1,3,3,Honda,Urban,1,1,4,Male,Single,34,Policy Holder,Sport - Collision,Sport,more than 69000,0,2,15,400,4,more than 30,more than 30,none,6 years,31 to 35,Yes,No,External,none,no change,1 vehicle,1994,Collision
10,5,5,Honda,Urban,4,11,2,Male,Married,47,Policy Holder,Sport - Collision,Sport,more than 69000,0,3,7,400,3,more than 30,more than 30,1,7 years,41 to 50,No,No,External,none,no change,1 vehicle,1994,Collision
6,2,6,Toyota,Rural,5,7,1,Male,Married,65,Third Party,Sedan - Liability,Sport,20000 to 29000,0,4,4,400,2,more than 30,more than 30,1,more than 7,51 to 65,Yes,No,External,more than 5,no change,1 vehicle,1994,Liability
1,5,1,Honda,Urban,2,2,2,Female,Single,27,Third Party,Sport - Collision,Sport,more than 69000,0,5,3,400,1,more than 30,more than 30,none,5 years,31 to 35,No,No,External,none,no change,1 vehicle,1994,Collision
10,4,5,Honda,Urban,3,11,1,Male,Single,20,Third Party,Sport - Collision,Sport,more than 69000,0,6,12,400,3,more than 30,more than 30,none,5 years,21 to 25,No,No,External,3 to 5,no change,1 vehicle,1994,Collision
2,1,6,Honda,Urban,1,2,3,Male,Married,36,Third Party,Sport - Collision,Sport,more than 69000,0,7,14,400,1,more than 30,more than 30,1,7 years,36 to 40,No,No,External,1 to 2,no change,1 vehicle,1994,Collision
11,1,5,Honda,Urban,2,3,4,Male,Single,0,Policy Holder,Sport - Collision,Sport,more than 69000,0,8,1,400,4,more than 30,more than 30,1,new,16 to 17,No,No,External,none,no change,1 vehicle,1994,Collision
12,4,6,Honda,Urban,3,12,5,Male,Single,30,Policy Holder,Sport - Collision,Sport,more than 69000,0,9,7,400,4,more than 30,more than 30,none,6 years,31 to 35,No,Yes,External,3 to 5,no change,1 vehicle,1994,Collision
4,3,2,Ford,Urban,3,4,3,Male,Married,42,Policy Holder,Utility - All Perils,Utility,more than 69000,0,10,7,400,1,more than 30,more than 30,2 to 4,more than 7,36 to 40,No,No,External,3 to 5,no change,1 vehicle,1994,All Perils
3,2,7,Mazda,Urban,3,3,3,Male,Single,71,Policy Holder,Sedan - All Perils,Sedan,more than 69000,0,11,7,400,3,more than 30,more than 30,none,more than 7,over 65,No,No,External,none,no change,1 vehicle,1994,All Perils
3,5,1,Honda,Urban,1,3,5,Male,Married,52,Policy Holder,Sedan - Liability,Sport,20000 to 29000,0,12,13,400,1,more than 30,more than 30,2 to 4,more than 7,41 to 50,No,No,External,none,no change,1 vehicle,1994,Liability
1,3,5,Ford,Urban,5,1,3,Male,Married,28,Policy Holder,Sedan - Liability,Sport,more than 69000,0,13,11,400,1,more than 30,more than 30,1,7 years,31 to 35,No,No,External,none,no change,1 vehicle,1994,Liability
1,5,5,Honda,Rural,3,2,1,Male,Single,0,Third Party,Sedan - Collision,Sedan,more than 69000,0,14,12,400,3,more than 30,more than 30,none,new,16 to 17,No,No,External,none,no change,1 vehicle,1994,Collision
1,5,1,Ford,Urban,4,2,1,Male,Married,61,Policy Holder,Sedan - Liability,Sport,more than 69000,0,15,3,400,1,more than 30,more than 30,none,more than 7,51 to 65,No,No,External,none,no change,1 vehicle,1994,Liability
8,4,2,Ford,Urban,1,8,5,Male,Single,38,Policy Holder,Sedan - Liability,Sport,more than 69000,0,16,16,400,1,more than 30,more than 30,none,6 years,36 to 40,No,No,External,none,no change,1 vehicle,1994,Liability
4,4,4,Ford,Urban,3,5,1,Male,Married,41,Policy Holder,Sedan - All Perils,Sedan,more than 69000,0,17,15,400,4,more than 30,more than 30,none,7 years,36 to 40,No,No,External,none,no change,1 vehicle,1994,All Perils
7,5,7,Chevrolet,Urban,3,8,1,Female,Married,28,Third Party,Sedan - Collision,Sedan,20000 to 29000,0,18,6,400,1,more than 30,more than 30,none,7 years,31 to 35,No,No,External,1 to 2,no change,1 vehicle,1994,Collision
5,4,4,Pontiac,Urban,1,5,5,Male,Single,32,Policy Holder,Sedan - Liability,Sport,20000 to 29000,0,19,6,400,1,more than 30,more than 30,1,7 years,31 to 35,No,No,External,none,no change,1 vehicle,1994,Liability
4,4,1,Honda,Urban,2,5,1,Male,Married,30,Third Party,Sedan - Liability,Sport,more than 69000,0,20,2,400,2,more than 30,more than 30,2 to 4,6 years,31 to 35,No,No,External,more than 5,no change,1 vehicle,1994,Liability
4,2,5,Mazda,Urban,2,5,1,Male,Married,40,Policy Holder,Sedan - Liability,Sport,20000 to 29000,0,21,3,400,1,more than 30,more than 30,1,more than 7,36 to 40,No,No,External,more than 5,no change,1 vehicle,1994,Liability
1,2,6,Chevrolet,Urban,1,1,2,Male,Married,47,Policy Holder,Sedan - Collision,Sedan,20000 to 29000,0,22,13,400,2,more than 30,more than 30,1,more than 7,41 to 50,No,No,External,none,4 to 8 years,2 vehicles,1994,Collision
8,3,7,Mazda,Urban,4,8,5,Male,Married,63,Policy Holder,Sedan - Liability,Sport,20000 to 29000,0,23,8,400,3,more than 30,more than 30,1,more than 7,51 to 65,No,No,External,1 to 2,no change,1 vehicle,1994,Liability
6,3,6,Pontiac,Urban,2,6,3,Male,Single,31,Third Party,Sedan - Liability,Sport,30000 to 39000,0,24,5,400,3,more than 30,more than 30,none,6 years,31 to 35,No,No,External,3 to 5,no change,1 vehicle,1994,Liability
9,3,5,Mazda,Urban,5,9,3,Male,Married,45,Policy Holder,Sedan - All Perils,Sedan,more than 69000,0,25,12,400,3,more than 30,more than 30,more than 4,more than 7,36 to 40,Yes,No,External,none,no change,1 vehicle,1994,All Perils
3,3,1,Pontiac,Urban,2,4,1,Male,Married,60,Policy Holder,Sedan - Liability,Sport,20000 to 29000,0,26,16,400,4,more than 30,more than 30,more than 4,more than 7,51 to 65,No,No,External,none,no change,1 vehicle,1994,Liability
3,3,4,Honda,Urban,4,6,4,Male,Married,21,Policy Holder,Sedan - Collision,Sedan,30000 to 39000,0,27,1,400,2,more than 30,more than 30,more than 4,5 years,26 to 30,No,No,External,more than 5,no change,1 vehicle,1994,Collision
5,3,7,Accura,Urban,5,5,4,Male,Married,42,Policy Holder,Sedan - All Perils,Sedan,30000 to 39000,0,28,1,400,3,more than 30,more than 30,2 to 4,7 years,36 to 40,No,No,External,1 to 2,no change,1 vehicle,1994,All Perils
7,1,6,Honda,Urban,2,9,4,Male,Single,0,Policy Holder,Sedan - All Perils,Sedan,more than 69000,1,29,9,400,1,more than 30,more than 30,none,new,16 to 17,No,No,External,none,no change,1 vehicle,1994,All Perils
5,3,1,Mazda,Urban,3,5,4,Female,Married,39,Policy Holder,Sedan - Collision,Sedan,20000 to 29000,0,30,12,400,3,more than 30,more than 30,none,7 years,36 to 40,No,No,External,none,no change,1 vehicle,1994,Collision
3,2,5,Dodge,Urban,6,3,2,Male,Married,47,Policy Holder,Sedan - Collision,Sedan,30000 to 39000,0,31,2,400,1,more than 30,more than 30,2 to 4,more than 7,41 to 50,No,No,Internal,none,no change,1 vehicle,1994,Collision
3,1,7,Honda,Urban,2,3,2,Male,Single,0,Policy Holder,Sedan - Collision,Sedan,more than 69000,0,32,6,400,1,more than 30,more than 30,1,new,16 to 17,No,No,External,none,no change,1 vehicle,1994,Collision
3,2,3,Chevrolet,Urban,3,3,2,Male,Single,42,Policy Holder,Sedan - Collision,Sedan,20000 to 29000,0,33,2,400,3,more than 30,more than 30,more than 4,7 years,36 to 40,No,No,External,3 to 5,no change,1 vehicle,1994,Collision
1,4,1,Honda,Urban,2,1,4,Male,Single,30,Third Party,Sedan - Collision,Sedan,20000 to 29000,0,34,2,400,4,more than 30,more than 30,none,6 years,31 to 35,No,No,External,1 to 2,no change,1 vehicle,1994,Collision
1,4,2,Ford,Urban,3,1,4,Male,Married,42,Policy Holder,Utility - All Perils,Utility,more than 69000,0,35,12,400,1,more than 30,more than 30,2 to 4,7 years,36 to 40,No,No,External,none,no change,1 vehicle,1994,All Perils
10,2,3,Chevrolet,Urban,4,10,2,Male,Single,34,Third Party,Sedan - Liability,Sport,20000 to 29000,0,36,5,400,3,more than 30,more than 30,2 to 4,7 years,31 to 35,No,No,External,more than 5,no change,1 vehicle,1994,Liability
10,2,2,Honda,Urban,4,10,3,Male,Married,30,Third Party,Sedan - Collision,Sedan,20000 to 29000,0,37,11,400,4,more than 30,more than 30,none,6 years,31 to 35,No,No,External,more than 5,no change,1 vehicle,1994,Collision
9,2,5,Mazda,Urban,5,9,3,Male,Single,27,Policy Holder,Sedan - Collision,Sedan,30000 to 39000,0,38,4,400,2,more than 30,more than 30,none,7 years,31 to 35,No,No,External,more than 5,no change,1 vehicle,1994,Collision
11,4,2,Honda,Urban,4,11,4,Male,Married,55,Policy Holder,Sport - Collision,Sport,more than 69000,0,39,12,400,1,more than 30,more than 30,none,more than 7,41 to 50,No,No,External,none,no change,1 vehicle,1994,Collision
11,4,4,Toyota,Urban,2,1,1,Male,Married,35,Policy Holder,Sedan - Collision,Sedan,20000 to 29000,0,40,1,400,3,more than 30,more than 30,none,7 years,31 to 35,No,No,External,1 to 2,no change,1 vehicle,1994,Collision
3,4,3,Chevrolet,Urban,3,4,1,Female,Married,35,Policy Holder,Sedan - Collision,Sedan,20000 to 29000,0,41,11,400,1,more than 30,more than 30,2 to 4,6 years,31 to 35,No,No,External,more than 5,no change,1 vehicle,1994,Collision
3,3,5,Pontiac,Urban,3,3,4,Male,Married,44,Policy Holder,Sedan - All Perils,Sedan,20000 to 29000,0,42,15,400,1,more than 30,more than 30,2 to 4,7 years,36 to 40,No,No,External,3 to 5,no change,3 to 4,1994,All Perils
7,1,1,Toyota,Urban,1,7,1,Female,Single,42,Policy Holder,Sedan - Liability,Sport,20000 to 29000,0,43,12,400,4,more than 30,more than 30,none,4 years,36 to 40,No,No,External,none,4 to 8 years,2 vehicles,1994,Liability
1,3,2,Honda,Urban,1,1,4,Male,Married,41,Policy Holder,Sedan - Collision,Sedan,20000 to 29000,0,44,5,400,2,more than 30,more than 30,2 to 4,7 years,36 to 40,No,No,External,1 to 2,no change,1 vehicle,1994,Collision
1,3,3,Toyota,Urban,3,1,4,Male,Married,72,Third Party,Sedan - Collision,Sedan,20000 to 29000,0,45,16,400,1,more than 30,more than 30,none,more than 7,over 65,No,No,External,none,no change,1 vehicle,1994,Collision
2,2,3,Pontiac,Urban,4,2,2,Female,Married,29,Third Party,Sedan - All Perils,Sedan,less than 20000,0,46,8,400,3,more than 30,more than 30,2 to 4,5 years,31 to 35,No,No,External,none,no change,1 vehicle,1994,All Perils
2,2,4,Pontiac,Urban,1,2,3,Male,Single,32,Third Party,Sedan - Collision,Sedan,30000 to 39000,0,47,9,400,4,more than 30,more than 30,none,6 years,31 to 35,No,No,Internal,none,no change,1 vehicle,1994,Collision
11,4,4,Mazda,Urban,5,11,4,Male,Married,37,Policy Holder,Sedan - Liability,Sport,30000 to 39000,0,48,13,400,3,more than 30,more than 30,2 to 4,5 years,36 to 40,No,No,External,more than 5,no change,1 vehicle,1994,Liability
4,3,4,Chevrolet,Urban,4,5,1,Female,Married,37,Policy Holder,Sedan - Liability,Sport,more than 69000,0,49,10,400,1,more than 30,more than 30,2 to 4,6 years,36 to 40,No,No,External,3 to 5,no change,1 vehicle,1994,Liability
4,3,5,Pontiac,Urban,2,4,3,Male,Married,59,Policy Holder,Sedan - Collision,Sedan,20000 to 29000,0,50,9,400,4,more than 30,more than 30,more than 4,more than 7,51 to 65,No,No,External,3 to 5,no change,1 vehicle,1994,Collision
5,4,5,Pontiac,Urban,5,5,4,Male,Married,49,Policy Holder,Sedan - Liability,Sport,30000 to 39000,0,51,14,400,2,more than 30,more than 30,more than 4,more than 7,41 to 50,No,No,External,none,no change,1 vehicle,1994,Liability
6,4,3,Pontiac,Urban,5,6,4,Male,Married,27,Policy Holder,Sedan - Liability,Sport,20000 to 29000,0,52,4,500,3,more than 30,more than 30,2 to 4,6 years,31 to 35,No,No,External,3 to 5,2 to 3 years,1 vehicle,1994,Liability
7,3,7,Honda,Rural,3,1,4,Male,Married,21,Policy Holder,Sport - Collision,Sport,more than 69000,1,53,4,400,4,more than 30,more than 30,none,4 years,26 to 30,No,No,External,3 to 5,no change,1 vehicle,1994,Collision
7,4,6,Honda,Urban,3,8,2,Male,Married,50,Policy Holder,Sedan - Collision,Sedan,20000 to 29000,1,54,13,400,1,more than 30,more than 30,none,more than 7,41 to 50,No,No,External,3 to 5,no change,1 vehicle,1994,Collision
6,4,2,Pontiac,Urban,2,6,4,Male,Single,45,Policy Holder,Sedan - Collision,Sedan,30000 to 39000,0,55,8,400,1,more than 30,more than 30,1,7 years,36 to 40,No,No,External,1 to 2,no change,1 vehicle,1994,Collision
12,3,1,Mazda,Urban,3,12,3,Male,Married,49,Third Party,Sedan - All Perils,Sedan,20000 to 29000,0,56,7,400,4,more than 30,more than 30,none,more than 7,41 to 50,No,No,External,3 to 5,no change,1 vehicle,1994,All Perils
6,4,5,Honda,Urban,4,6,5,Male,Single,30,Policy Holder,Sedan - All Perils,Sedan,20000 to 29000,0,57,5,400,4,more than 30,more than 30,2 to 4,6 years,31 to 35,No,No,External,none,no change,1 vehicle,1994,All Perils
11,2,5,Accura,Urban,1,11,2,Male,Single,37,Policy Holder,Sedan - Collision,Sedan,more than 69000,0,58,11,400,3,more than 30,more than 30,2 to 4,7 years,36 to 40,No,No,External,none,no change,1 vehicle,1994,Collision
5,1,1,Honda,Rural,3,5,4,Male,Single,0,Policy Holder,Sedan - Liability,Sport,more than 69000,0,59,15,400,4,more than 30,more than 30,none,new,16 to 17,No,No,External,none,no change,1 vehicle,1994,Liability
5,1,3,Chevrolet,Urban,1,5,2,Female,Single,27,Policy Holder,Sedan - Collision,Sedan,20000 to 29000,0,60,4,400,4,more than 30,more than 30,none,6 years,31 to 35,No,No,External,1 to 2,no change,1 vehicle,1994,Collision
11,1,1,Toyota,Urban,1,11,3,Male,Single,30,Policy Holder,Sedan - All Perils,Sedan,30000 to 39000,0,61,5,400,4,more than 30,more than 30,none,5 years,31 to 35,No,No,External,none,no change,1 vehicle,1994,All Perils
9,2,2,Pontiac,Urban,5,1,4,Male,Married,49,Policy Holder,Utility - Collision,Utility,40000 to 59000,0,62,6,400,4,more than 30,more than 30,none,more than 7,41 to 50,No,No,External,none,no change,1 vehicle,1994,Collision
11,4,7,Honda,Urban,5,1,3,Male,Single,0,Third Party,Sedan - All Perils,Sedan,more than 69000,0,63,3,400,2,more than 30,more than 30,2 to 4,new,16 to 17,No,No,External,none,no change,1 vehicle,1994,All Perils
2,5,1,Toyota,Urban,2,3,1,Male,Married,26,Policy Holder,Sedan - Liability,Sport,20000 to 29000,0,64,13,400,3,more than 30,more than 30,2 to 4,7 years,31 to 35,No,No,External,more than 5,4 to 8 years,2 vehicles,1994,Liability
12,1,5,Pontiac,Urban,2,12,2,Male,Single,48,Policy Holder,Sedan - Collision,Sedan,20000 to 29000,0,65,1,400,1,more than 30,more than 30,none,7 years,41 to 50,No,No,External,none,no change,1 vehicle,1994,Collision
12,4,5,Mazda,Urban,1,1,2,Male,Single,31,Policy Holder,Sedan - All Perils,Sedan,20000 to 29000,0,66,6,400,3,more than 30,more than 30,none,7 years,31 to 35,No,No,External,none,no change,1 vehicle,1994,All Perils
3,3,5,Mercury,Urban,5,3,3,Male,Single,40,Third Party,Sedan - Collision,Sedan,more than 69000,0,67,16,400,2,more than 30,more than 30,1,7 years,36 to 40,No,No,External,more than 5,no change,1 vehicle,1994,Collision
8,4,4,Mazda,Urban,1,8,5,Male,Married,65,Policy Holder,Sedan - Liability,Sport,30000 to 39000,0,68,12,400,1,more than 30,more than 30,2 to 4,more than 7,51 to 65,No,No,External,more than 5,no change,1 vehicle,1994,Liability
1,1,7,Toyota,Urban,2,1,1,Male,Married,64,Policy Holder,Sedan - Collision,Sedan,20000 to 29000,0,69,5,400,1,more than 30,more than 30,1,more than 7,51 to 65,No,No,External,none,no change,1 vehicle,1994,Collision
1,1,7,Honda,Urban,3,1,1,Male,Married,55,Policy Holder,Sedan - Liability,Sport,20000 to 29000,0,70,12,400,2,more than 30,more than 30,2 to 4,7 years,41 to 50,No,No,External,more than 5,no change,1 vehicle,1994,Liability
1,1,7,Honda,Urban,3,1,1,Male,Single,44,Policy Holder,Sedan - Collision,Sedan,20000 to 29000,0,71,16,400,1,more than 30,more than 30,2 to 4,7 years,36 to 40,No,No,External,3 to 5,no change,1 vehicle,1994,Collision
1,1,2,Mazda,Urban,4,1,1,Male,Married,27,Policy Holder,Sedan - Collision,Sedan,20000 to 29000,0,72,9,400,3,more than 30,more than 30,1,6 years,31 to 35,No,No,External,1 to 2,no change,1 vehicle,1994,Collision
9,4,4,Chevrolet,Urban,1,1,5,Female,Single,28,Third Party,Sedan - Collision,Sedan,20000 to 29000,0,73,5,400,3,15 to 30,more than 30,1,5 years,31 to 35,No,No,External,none,no change,1 vehicle,1994,Collision
1,1,1,Honda,Urban,2,1,1,Male,Married,47,Third Party,Sedan - Collision,Sedan,20000 to 29000,0,74,7,400,2,more than 30,more than 30,1,more than 7,41 to 50,No,No,External,more than 5,no change,1 vehicle,1994,Collision
4,5,6,Mazda,Urban,2,5,1,Male,Married,60,Third Party,Sedan - Collision,Sedan,more than 69000,0,75,12,400,3,more than 30,more than 30,more than 4,7 years,51 to 65,No,No,External,more than 5,no change,1 vehicle,1994,Collision
8,1,6,Ford,Urban,3,8,4,Male,Married,33,Third Party,Sedan - Collision,Sedan,30000 to 39000,0,76,9,400,4,more than 30,more than 30,more than 4,6 years,31 to 35,No,No,External,none,no change,1 vehicle,1994,Collision
10,4,2,Chevrolet,Urban,1,1,1,Male,Married,27,Third Party,Sedan - All Perils,Sedan,20000 to 29000,0,77,1,400,3,more than 30,more than 30,none,6 years,31 to 35,No,No,External,none,no change,1 vehicle,1994,All Perils
2,2,5,Honda,Urban,2,2,3,Female,Married,47,Third Party,Sport - Collision,Sport,more than 69000,0,78,12,400,3,more than 30,more than 30,none,more than 7,41 to 50,No,No,External,none,no change,1 vehicle,1994,Collision
2,2,5,Jaguar,Rural,2,2,3,Female,Single,29,Policy Holder,Sedan - Liability,Sport,30000 to 39000,0,79,16,400,1,more than 30,more than 30,2 to 4,5 years,31 to 35,No,No,External,3 to 5,no change,1 vehicle,1994,Liability
2,4,6,Toyota,Urban,5,3,1,Female,Married,33,Third Party,Sedan - Collision,Sedan,30000 to 39000,0,80,10,400,1,more than 30,more than 30,2 to 4,7 years,31 to 35,No,No,External,more than 5,no change,1 vehicle,1994,Collision
1,3,3,Pontiac,Urban,3,1,3,Male,Married,38,Policy Holder,Sedan - Liability,Sport,20000 to 29000,0,81,13,400,4,more than 30,more than 30,2 to 4,6 years,36 to 40,No,No,External,none,no change,1 vehicle,1994,Liability
1,3,4,Mazda,Urban,5,1,4,Male,Single,37,Third Party,Sedan - Liability,Sport,20000 to 29000,0,82,6,400,2,more than 30,more than 30,1,7 years,36 to 40,No,No,External,none,no change,1 vehicle,1994,Liability
12,2,5,Chevrolet,Urban,4,4,3,Male,Married,36,Third Party,Sedan - All Perils,Sedan,more than 69000,0,83,13,400,4,more than 30,more than 30,none,7 years,36 to 40,No,No,External,none,no change,3 to 4,1994,All Perils
11,5,2,Toyota,Urban,5,2,1,Female,Married,44,Policy Holder,Sedan - Liability,Sport,20000 to 29000,0,84,9,400,4,more than 30,more than 30,none,6 years,36 to 40,No,No,External,1 to 2,no change,1 vehicle,1994,Liability
12,1,3,Honda,Urban,1,1,1,Male,Single,0,Policy Holder,Sedan - Liability,Sport,more than 69000,0,85,6,400,2,more than 30,more than 30,more than 4,new,16 to 17,No,No,External,none,4 to 8 years,2 vehicles,1994,Liability
12,2,2,Chevrolet,Rural,2,3,1,Male,Married,27,Policy Holder,Utility - Liability,Utility,more than 69000,0,86,4,400,4,more than 30,more than 30,1,6 years,31 to 35,No,No,External,more than 5,no change,1 vehicle,1994,Liability
5,4,2,Toyota,Urban,3,5,4,Male,Single,27,Policy Holder,Sedan - Collision,Sedan,20000 to 29000,0,87,14,400,3,more than 30,more than 30,1,6 years,31 to 35,No,No,External,more than 5,no change,1 vehicle,1994,Collision
5,4,7,Mazda,Urban,3,5,4,Male,Single,39,Third Party,Sedan - All Perils,Sedan,20000 to 29000,0,88,1,400,2,more than 30,more than 30,2 to 4,4 years,36 to 40,No,No,External,more than 5,no change,1 vehicle,1994,All Perils
10,5,6,Pontiac,Urban,1,10,5,Male,Married,74,Third Party,Sedan - All Perils,Sedan,30000 to 39000,0,89,13,400,4,more than 30,more than 30,none,7 years,over 65,No,No,External,3 to 5,no change,1 vehicle,1994,All Perils
10,4,7,Honda,Urban,1,10,4,Male,Single,23,Policy Holder,Sedan - Liability,Sport,20000 to 29000,0,90,8,400,2,more than 30,more than 30,2 to 4,4 years,26 to 30,No,No,External,none,no change,1 vehicle,1994,Liability
10,4,7,Honda,Urban,2,10,4,Female,Single,25,Third Party,Sport - Collision,Sport,more than 69000,0,91,2,400,1,more than 30,more than 30,none,6 years,26 to 30,No,No,External,more than 5,no change,1 vehicle,1994,Collision
1,2,3,Pontiac,Urban,3,1,2,Male,Single,38,Policy Holder,Sedan - Liability,Sport,20000 to 29000,0,92,13,400,2,more than 30,more than 30,more than 4,7 years,36 to 40,No,No,External,3 to 5,1 year,1 vehicle,1994,Liability
1,2,4,Honda,Urban,1,1,4,Male,Married,41,Policy Holder,Sedan - All Perils,Sedan,30000 to 39000,0,93,16,400,1,more than 30,more than 30,2 to 4,7 years,36 to 40,No,No,External,none,no change,1 vehicle,1994,All Perils
8,4,6,Pontiac,Urban,1,8,5,Male,Married,38,Policy Holder,Sedan - Collision,Sedan,20000 to 29000,0,94,13,700,3,more than 30,more than 30,2 to 4,7 years,36 to 40,No,No,External,more than 5,no change,1 vehicle,1994,Collision
11,2,4,Honda,Urban,5,1,3,Male,Single,34,Policy Holder,Sport - Collision,Sport,more than 69000,1,95,7,400,3,more than 30,more than 30,none,7 years,31 to 35,No,No,External,3 to 5,no change,1 vehicle,1994,Collision
5,2,2,Honda,Urban,4,5,2,Male,Married,61,Third Party,Sedan - Collision,Sedan,30000 to 39000,0,96,15,400,4,more than 30,more than 30,none,more than 7,51 to 65,No,No,External,more than 5,no change,1 vehicle,1994,Collision
11,2,5,Toyota,Urban,2,1,1,Male,Married,38,Policy Holder,Sedan - Collision,Sedan,20000 to 29000,1,97,7,400,2,more than 30,more than 30,1,7 years,36 to 40,No,No,External,none,no change,1 vehicle,1994,Collision
1,3,4,Toyota,Urban,1,1,4,Male,Single,40,Policy Holder,Sedan - All Perils,Sedan,less than 20000,0,98,4,400,4,more than 30,more than 30,1,7 years,36 to 40,No,No,External,none,no change,1 vehicle,1994,All Perils
11,3,1,Pontiac,Urban,3,1,4,Male,Married,41,Third Party,Sedan - All Perils,Sedan,20000 to 29000,0,99,12,400,4,more than 30,more than 30,2 to 4,7 years,36 to 40,No,No,External,none,no change,1 vehicle,1994,All Perils
1,4,5,Pontiac,Urban,1,1,5,Male,Married,36,Policy Holder,Sedan - All Perils,Sedan,20000 to 29000,0,100,10,400,1,more than 30,more than 30,1,7 years,36 to 40,No,No,External,none,no change,1 vehicle,1994,All Perils
11,3,2,Chevrolet,Urban,3,1,2,Male,Married,31,Policy Holder,Utility - All Perils,Utility,more than 69000,1,101,2,400,1,more than 30,more than 30,more than 4,7 years,31 to 35,No,No,External,more than 5,no change,1 vehicle,1994,All Perils
1,5,6,Pontiac,Urban,1,1,5,Female,Married,35,Third Party,Sedan - All Perils,Sedan,20000 to 29000,0,102,10,400,4,more than 30,more than 30,1,6 years,31 to 35,No,No,External,none,no change,1 vehicle,1994,All Perils
1,4,5,Ford,Urban,1,2,1,Female,Married,37,Policy Holder,Sedan - All Perils,Sedan,more than 69000,0,103,14,500,2,more than 30,more than 30,2 to 4,6 years,36 to 40,Yes,No,External,3 to 5,no change,1 vehicle,1994,All Perils
1,1,4,Mazda,Urban,2,1,2,Male,Married,55,Policy Holder,Sedan - All Perils,Sedan,20000 to 29000,0,104,14,400,3,more than 30,more than 30,none,more than 7,41 to 50,No,No,External,more than 5,no change,1 vehicle,1994,All Perils
1,1,2,Pontiac,Urban,4,1,1,Male,Single,31,Third Party,Sedan - All Perils,Sedan,20000 to 29000,0,105,12,400,4,more than 30,more than 30,2 to 4,7 years,31 to 35,No,No,External,1 to 2,no change,1 vehicle,1994,All Perils
12,3,5,Dodge,Urban,6,12,3,Male,Married,28,Policy Holder,Sedan - Liability,Sport,more than 69000,0,106,5,400,1,more than 30,more than 30,none,7 years,31 to 35,No,No,External,1 to 2,4 to 8 years,2 vehicles,1994,Liability
8,1,1,Mazda,Urban,4,8,1,Male,Married,28,Policy Holder,Sedan - Collision,Sedan,20000 to 29000,0,107,11,400,2,more than 30,more than 30,2 to 4,7 years,31 to 35,No,No,External,none,no change,1 vehicle,1994,Collision
11,4,7,Pontiac,Urban,4,4,2,Male,Married,44,Third Party,Sedan - All Perils,Sedan,20000 to 29000,0,108,11,400,1,more than 30,more than 30,none,7 years,36 to 40,No,No,External,none,no change,1 vehicle,1994,All Perils
6,1,4,Chevrolet,Urban,4,10,4,Male,Married,47,Policy Holder,Sedan - All Perils,Sedan,20000 to 29000,0,109,1,400,1,more than 30,more than 30,1,more than 7,41 to 50,No,No,External,none,no change,1 vehicle,1994,All Perils
3,1,4,Honda,Urban,5,3,1,Male,Married,40,Policy Holder,Sedan - Liability,Sport,20000 to 29000,0,110,16,400,4,more than 30,more than 30,none,6 years,36 to 40,No,No,External,none,no change,1 vehicle,1994,Liability
5,2,2,Toyota,Urban,5,9,1,Male,Single,23,Policy Holder,Sedan - Collision,Sedan,20000 to 29000,0,111,4,400,2,more than 30,more than 30,2 to 4,5 years,26 to 30,No,No,External,none,no change,1 vehicle,1994,Collision
5,2,1,Pontiac,Urban,4,5,2,Male,Single,31,Policy Holder,Sedan - All Perils,Sedan,20000 to 29000,0,112,6,400,3,more than 30,more than 30,2 to 4,6 years,31 to 35,No,No,External,none,no change,1 vehicle,1994,All Perils
11,4,4,Honda,Urban,4,12,5,Male,Married,35,Third Party,Sedan - All Perils,Sedan,20000 to 29000,0,113,9,400,1,more than 30,more than 30,none,6 years,31 to 35,No,No,External,none,no change,1 vehicle,1994,All Perils
11,4,4,Accura,Rural,2,1,2,Male,Married,56,Policy Holder,Utility - All Perils,Utility,more than 69000,1,114,10,400,2,more than 30,more than 30,none,more than 7,51 to 65,No,No,External,none,no change,1 vehicle,1994,All Perils
12,4,1,Chevrolet,Urban,3,1,1,Male,Married,50,Third Party,Sedan - Collision,Sedan,20000 to 29000,0,115,2,400,3,more than 30,more than 30,1,more than 7,41 to 50,No,No,External,more than 5,no change,1 vehicle,1994,Collision
12,2,2,Honda,Urban,3,1,2,Male,Single,16,Third Party,Sport - Collision,Sport,more than 69000,0,116,2,400,1,more than 30,more than 30,2 to 4,4 years,18 to 20,No,No,External,3 to 5,no change,1 vehicle,1994,Collision
11,5,2,Pontiac,Urban,2,11,5,Male,Married,32,Third Party,Sedan - Collision,Sedan,30000 to 39000,0,117,12,400,2,more than 30,more than 30,1,7 years,31 to 35,No,Yes,External,more than 5,no change,1 vehicle,1994,Collision
8,2,1,Pontiac,Urban,2,8,5,Male,Single,28,Policy Holder,Sedan - Liability,Sport,20000 to 29000,0,118,4,400,3,more than 30,more than 30,2 to 4,6 years,31 to 35,No,No,External,3 to 5,no change,1 vehicle,1994,Liability
11,5,1,Mazda,Urban,3,12,1,Male,Single,68,Policy Holder,Sedan - All Perils,Sedan,20000 to 29000,1,119,9,400,3,more than 30,more than 30,2 to 4,5 years,over 65,No,No,External,none,no change,1 vehicle,1994,All Perils
12,1,5,Honda,Rural,5,12,3,Male,Single,0,Policy Holder,Sedan - All Perils,Sedan,more than 69000,1,120,7,400,3,more than 30,more than 30,none,new,16 to 17,No,No,External,none,no change,1 vehicle,1994,All Perils
2,1,5,Honda,Rural,5,3,3,Male,Single,0,Policy Holder,Sedan - All Perils,Sedan,more than 69000,0,121,8,400,3,more than 30,more than 30,none,new,16 to 17,No,No,External,none,no change,1 vehicle,1994,All Perils
10,2,3,Honda,Rural,1,10,3,Female,Married,18,Third Party,Sport - Collision,Sport,more than 69000,0,122,12,400,4,more than 30,more than 30,none,2 years,21 to 25,No,No,External,1 to 2,no change,1 vehicle,1994,Collision
6,3,1,Pontiac,Urban,1,6,3,Male,Single,30,Policy Holder,Sedan - Collision,Sedan,more than 69000,0,123,2,400,1,more than 30,more than 30,more than 4,6 years,31 to 35,No,No,External,1 to 2,no change,1 vehicle,1994,Collision
4,4,2,Honda,Urban,2,4,4,Male,Married,51,Policy Holder,Sedan - Collision,Sedan,20000 to 29000,0,124,1,400,4,more than 30,more than 30,more than 4,more than 7,41 to 50,No,No,External,none,no change,3 to 4,1994,Collision
2,2,7,Toyota,Urban,1,2,2,Male,Single,22,Third Party,Sedan - All Perils,Sedan,30000 to 39000,0,125,6,400,3,more than 30,more than 30,none,6 years,26 to 30,No,No,External,3 to 5,no change,1 vehicle,1994,All Perils
2,2,6,Pontiac,Urban,1,2,2,Female,Married,26,Policy Holder,Sedan - Liability,Sport,20000 to 29000,0,126,16,400,4,more than 30,more than 30,2 to 4,7 years,31 to 35,No,No,External,more than 5,no change,1 vehicle,1994,Liability
1,4,6,Dodge,Urban,1,3,1,Male,Married,53,Policy Holder,Sedan - Collision,Sedan,30000 to 39000,0,127,15,400,2,more than 30,more than 30,none,more than 7,41 to 50,Yes,No,External,none,4 to 8 years,2 vehicles,1994,Collision
1,4,7,Mazda,Urban,2,1,5,Male,Married,38,Policy Holder,Sedan - Liability,Sport,30000 to 39000,0,128,13,400,3,more than 30,more than 30,2 to 4,7 years,36 to 40,No,No,External,more than 5,no change,1 vehicle,1994,Liability
1,4,7,Chevrolet,Rural,1,1,4,Male,Married,27,Third Party,Sedan - Liability,Sport,30000 to 39000,0,129,9,400,3,more than 30,more than 30,more than 4,6 years,31 to 35,No,Yes,External,none,no change,1 vehicle,1994,Liability
11,4,1,Honda,Urban,2,11,4,Male,Single,29,Policy Holder,Sedan - Collision,Sedan,20000 to 29000,0,130,14,400,3,more than 30,more than 30,2 to 4,7 years,31 to 35,No,No,External,3 to 5,no change,1 vehicle,1994,Collision
7,2,5,Pontiac,Urban,5,7,2,Male,Single,32,Policy Holder,Sedan - Collision,Sedan,20000 to 29000,0,131,10,400,1,more than 30,more than 30,more than 4,5 years,31 to 35,No,No,External,more than 5,no change,1 vehicle,1994,Collision
4,4,4,Honda,Urban,5,4,4,Male,Single,18,Third Party,Sedan - Collision,Sedan,20000 to 29000,0,132,14,400,3,more than 30,more than 30,none,3 years,21 to 25,No,No,External,more than 5,no change,1 vehicle,1994,Collision
10,3,4,Pontiac,Urban,4,10,4,Male,Married,60,Third Party,Sedan - Collision,Sedan,20000 to 29000,0,133,6,400,4,more than 30,more than 30,2 to 4,more than 7,51 to 65,No,No,External,1 to 2,no change,1 vehicle,1994,Collision
10,3,5,Ford,Urban,5,10,3,Male,Married,53,Policy Holder,Sedan - Collision,Sedan,more than 69000,0,134,12,400,3,more than 30,more than 30,none,more than 7,41 to 50,No,No,External,more than 5,no change,1 vehicle,1994,Collision
4,1,2,Honda,Urban,5,4,2,Male,Single,29,Policy Holder,Sedan - Collision,Sedan,20000 to 29000,0,135,16,400,4,more than 30,more than 30,1,6 years,31 to 35,No,No,External,1 to 2,no change,1 vehicle,1994,Collision
3,2,7,Pontiac,Urban,1,3,2,Male,Married,29,Policy Holder,Sedan - Collision,Sedan,20000 to 29000,0,136,6,400,2,more than 30,more than 30,1,7 years,31 to 35,No,No,External,more than 5,no change,1 vehicle,1994,Collision
3,2,1,Toyota,Urban,2,3,4,Male,Married,41,Third Party,Sedan - Collision,Sedan,20000 to 29000,0,137,9,400,4,more than 30,more than 30,1,7 years,36 to 40,No,No,External,more than 5,no change,1 vehicle,1994,Collision
2,4,1,Toyota,Urban,3,3,1,Male,Married,29,Policy Holder,Sedan - All Perils,Sedan,20000 to 29000,0,138,9,400,4,more than 30,more than 30,none,7 years,31 to 35,No,No,External,more than 5,no change,1 vehicle,1994,All Perils
12,4,3,Mercury,Urban,4,1,1,Male,Married,42,Policy Holder,Sedan - All Perils,Sedan,20000 to 29000,0,139,2,400,2,more than 30,more than 30,more than 4,7 years,36 to 40,No,No,External,none,no change,1 vehicle,1994,All Perils
10,5,5,Toyota,Urban,5,2,1,Male,Married,34,Policy Holder,Sedan - All Perils,Sedan,less than 20000,0,140,9,400,2,more than 30,more than 30,none,7 years,31 to 35,No,No,External,1 to 2,no change,1 vehicle,1994,All Perils
7,3,1,Honda,Urban,2,7,3,Male,Married,51,Policy Holder,Sport - Collision,Sport,more than 69000,0,141,11,400,4,more than 30,more than 30,1,more than 7,41 to 50,No,No,External,3 to 5,no change,1 vehicle,1994,Collision
6,4,1,Pontiac,Urban,2,7,1,Male,Married,32,Policy Holder,Sedan - All Perils,Sedan,20000 to 29000,0,142,3,400,4,more than 30,more than 30,1,6 years,31 to 35,No,No,External,3 to 5,no change,1 vehicle,1994,All Perils
2,5,1,Chevrolet,Urban,5,3,1,Male,Married,52,Policy Holder,Sedan - Liability,Sport,20000 to 29000,0,143,10,400,4,more than 30,more than 30,none,more than 7,41 to 50,No,No,Internal,3 to 5,no change,5 to 8,1994,Liability
2,3,4,Toyota,Urban,5,2,3,Male,Married,61,Policy Holder,Sedan - Collision,Sedan,20000 to 29000,0,144,8,400,2,more than 30,more than 30,2 to 4,more than 7,51 to 65,No,No,External,none,no change,1 vehicle,1994,Collision
2,3,3,Toyota,Rural,5,2,4,Male,Single,25,Third Party,Sedan - Liability,Sport,20000 to 29000,0,145,1,400,4,more than 30,more than 30,2 to 4,5 years,26 to 30,No,No,External,3 to 5,no change,1 vehicle,1994,Liability
11,1,4,Mazda,Urban,5,11,1,Male,Married,41,Policy Holder,Sedan - All Perils,Sedan,30000 to 39000,0,146,6,400,1,more than 30,more than 30,none,7 years,36 to 40,No,No,External,none,no change,1 vehicle,1994,All Perils
9,3,6,Mazda,Urban,2,9,3,Male,Single,33,Third Party,Sedan - Liability,Sport,30000 to 39000,0,147,10,400,1,more than 30,more than 30,none,6 years,31 to 35,No,No,External,none,no change,1 vehicle,1994,Liability
12,1,1,Toyota,Rural,2,5,3,Male,Married,39,Policy Holder,Sedan - All Perils,Sedan,30000 to 39000,1,148,1,400,3,more than 30,more than 30,none,more than 7,36 to 40,No,No,External,more than 5,under 6 months,2 vehicles,1994,All Perils
6,1,2,Accura,Urban,4,6,2,Male,Single,30,Policy Holder,Sedan - Collision,Sedan,30000 to 39000,0,149,13,400,1,more than 30,more than 30,none,6 years,31 to 35,No,No,External,none,no change,1 vehicle,1994,Collision
5,4,1,Mazda,Urban,1,5,4,Male,Widow,50,Policy Holder,Sedan - Collision,Sedan,20000 to 29000,0,150,15,400,4,more than 30,more than 30,none,more than 7,41 to 50,No,No,External,none,no change,1 vehicle,1994,Collision
1,2,1,Pontiac,Urban,5,1,2,Female,Married,31,Third Party,Sedan - Collision,Sedan,20000 to 29000,0,151,8,400,1,more than 30,more than 30,2 to 4,7 years,31 to 35,No,No,External,more than 5,no change,1 vehicle,1994,Collision
1,2,2,Pontiac,Urban,2,1,2,Male,Single,23,Policy Holder,Sedan - Liability,Sport,30000 to 39000,0,152,8,400,4,more than 30,more than 30,more than 4,5 years,26 to 30,No,No,External,3 to 5,no change,1 vehicle,1994,Liability
1,2,2,Pontiac,Urban,5,1,2,Male,Single,31,Third Party,Sedan - Liability,Sport,30000 to 39000,0,153,10,400,3,more than 30,more than 30,1,7 years,31 to 35,No,No,External,1 to 2,no change,1 vehicle,1994,Liability
9,4,2,Honda,Urban,1,10,1,Male,Married,50,Third Party,Sedan - All Perils,Sedan,20000 to 29000,0,154,2,500,3,more than 30,more than 30,2 to 4,7 years,41 to 50,No,No,External,more than 5,2 to 3 years,1 vehicle,1994,All Perils
1,5,6,Honda,Urban,1,1,5,Female,Single,33,Third Party,Sedan - Liability,Sport,20000 to 29000,0,155,8,400,3,more than 30,more than 30,2 to 4,6 years,31 to 35,No,No,External,none,no change,1 vehicle,1994,Liability
1,5,7,Accura,Urban,2,2,1,Male,Married,30,Policy Holder,Sedan - Liability,Sport,30000 to 39000,0,156,6,400,2,more than 30,more than 30,more than 4,6 years,31 to 35,No,No,External,3 to 5,no change,1 vehicle,1994,Liability
1,5,1,Mazda,Urban,4,2,1,Male,Married,44,Policy Holder,Sedan - Collision,Sedan,40000 to 59000,0,157,13,400,1,more than 30,more than 30,more than 4,more than 7,36 to 40,No,No,External,none,no change,1 vehicle,1994,Collision
1,4,3,Chevrolet,Urban,2,2,4,Male,Married,46,Policy Holder,Sedan - All Perils,Sedan,more than 69000,0,158,13,400,2,more than 30,more than 30,1,7 years,41 to 50,No,No,External,more than 5,no change,1 vehicle,1994,All Perils
1,5,6,Honda,Urban,3,2,1,Male,Single,31,Policy Holder,Sedan - Liability,Sport,20000 to 29000,0,159,11,400,4,more than 30,more than 30,2 to 4,6 years,31 to 35,No,No,External,3 to 5,no change,1 vehicle,1994,Liability
1,5,5,Honda,Urban,5,1,5,Male,Married,48,Policy Holder,Sedan - Liability,Sport,20000 to 29000,0,160,5,400,3,more than 30,more than 30,2 to 4,more than 7,41 to 50,No,No,External,none,no change,1 vehicle,1994,Liability
12,2,5,Chevrolet,Urban,5,1,2,Male,Married,33,Policy Holder,Sedan - All Perils,Sedan,more than 69000,1,161,12,400,3,more than 30,more than 30,none,6 years,31 to 35,No,No,External,none,no change,1 vehicle,1994,All Perils
1,4,2,Honda,Urban,3,1,4,Male,Single,0,Policy Holder,Sedan - Liability,Sport,more than 69000,0,162,3,400,1,more than 30,more than 30,2 to 4,new,16 to 17,No,No,External,none,no change,1 vehicle,1994,Liability
1,4,5,Chevrolet,Urban,3,1,4,Female,Single,37,Third Party,Sedan - Liability,Sport,more than 69000,0,163,5,400,3,more than 30,more than 30,1,7 years,36 to 40,No,No,External,1 to 2,no change,1 vehicle,1994,Liability
1,4,5,Toyota,Urban,4,1,4,Male,Married,43,Third Party,Sedan - All Perils,Sedan,less than 20000,0,164,3,400,3,more than 30,more than 30,none,7 years,36 to 40,No,No,External,none,no change,1 vehicle,1994,All Perils
1,2,3,Toyota,Urban,1,1,4,Female,Married,32,Third Party,Sedan - Collision,Sedan,30000 to 39000,0,165,14,400,1,more than 30,more than 30,more than 4,4 years,31 to 35,No,No,External,1 to 2,no change,3 to 4,1994,Collision
1,2,4,Toyota,Urban,4,1,2,Male,Married,57,Policy Holder,Sedan - Liability,Sport,20000 to 29000,0,166,4,400,1,more than 30,more than 30,2 to 4,more than 7,51 to 65,No,No,External,3 to 5,no change,1 vehicle,1994,Liability
1,3,5,Honda,Urban,1,1,3,Male,Married,65,Third Party,Sedan - All Perils,Sedan,20000 to 29000,0,167,8,400,2,more than 30,more than 30,1,more than 7,51 to 65,No,No,External,none,no change,1 vehicle,1994,All Perils
10,2,6,Toyota,Urban,1,10,2,Female,Single,27,Policy Holder,Sedan - Collision,Sedan,20000 to 29000,0,168,12,400,4,more than 30,more than 30,none,6 years,31 to 35,No,No,External,1 to 2,no change,1 vehicle,1994,Collision
5,4,5,Nisson,Rural,3,7,2,Male,Married,42,Policy Holder,Utility - All Perils,Utility,more than 69000,0,169,6,400,4,more than 30,more than 30,2 to 4,more than 7,36 to 40,No,No,External,none,4 to 8 years,2 vehicles,1994,All Perils
5,3,4,Honda,Urban,1,5,4,Male,Married,57,Policy Holder,Sedan - Liability,Sport,20000 to 29000,0,170,7,400,1,more than 30,more than 30,2 to 4,more than 7,51 to 65,No,No,External,more than 5,no change,1 vehicle,1994,Liability
3,4,5,Pontiac,Urban,3,3,5,Male,Single,32,Policy Holder,Sedan - All Perils,Sedan,20000 to 29000,0,171,2,400,3,more than 30,more than 30,none,7 years,31 to 35,No,No,External,more than 5,no change,1 vehicle,1994,All Perils
3,1,6,Mazda,Urban,1,3,3,Male,Single,29,Policy Holder,Sedan - Liability,Sport,20000 to 29000,0,172,7,400,2,more than 30,more than 30,2 to 4,7 years,31 to 35,No,No,External,more than 5,no change,1 vehicle,1994,Liability
2,2,1,VW,Urban,2,2,4,Male,Married,36,Policy Holder,Sedan - Collision,Sedan,30000 to 39000,0,173,2,400,4,more than 30,more than 30,none,7 years,36 to 40,No,No,External,none,no change,1 vehicle,1994,Collision
2,2,1,Toyota,Urban,1,2,2,Male,Single,28,Policy Holder,Sedan - Liability,Sport,30000 to 39000,0,174,2,400,4,more than 30,more than 30,2 to 4,6 years,31 to 35,No,No,External,1 to 2,no change,1 vehicle,1994,Liability
2,1,1,Honda,Urban,2,2,2,Female,Single,32,Policy Holder,Sedan - All Perils,Sedan,less than 20000,0,175,14,400,1,more than 30,more than 30,1,6 years,31 to 35,No,No,External,1 to 2,no change,1 vehicle,1994,All Perils
2,1,7,Chevrolet,Urban,4,2,2,Male,Single,33,Policy Holder,Sedan - All Perils,Sedan,20000 to 29000,0,176,1,400,2,more than 30,more than 30,none,6 years,31 to 35,No,No,External,none,no change,1 vehicle,1994,All Perils
2,2,2,Saab,Urban,3,2,2,Male,Married,37,Policy Holder,Sedan - All Perils,Sedan,30000 to 39000,0,177,1,400,2,more than 30,more than 30,2 to 4,more than 7,36 to 40,No,No,External,3 to 5,no change,1 vehicle,1994,All Perils
1,5,2,Honda,Urban,3,2,1,Female,Single,26,Policy Holder,Sedan - Liability,Sport,20000 to 29000,0,178,16,400,3,more than 30,more than 30,more than 4,6 years,31 to 35,No,No,External,more than 5,no change,1 vehicle,1994,Liability
1,3,7,Chevrolet,Urban,3,1,3,Male,Married,53,Policy Holder,Sedan - All Perils,Sedan,20000 to 29000,0,179,5,400,1,more than 30,more than 30,1,more than 7,41 to 50,No,No,External,1 to 2,no change,1 vehicle,1994,All Perils
1,3,6,Mercury,Rural,2,1,3,Male,Married,53,Third Party,Sedan - All Perils,Sedan,20000 to 29000,0,180,12,400,3,more than 30,more than 30,1,more than 7,41 to 50,No,No,External,none,no change,1 vehicle,1994,All Perils
1,3,1,Ford,Urban,2,1,3,Male,Married,74,Policy Holder,Sedan - All Perils,Sedan,less than 20000,0,181,8,400,4,more than 30,more than 30,2 to 4,more than 7,over 65,No,No,External,1 to 2,no change,1 vehicle,1994,All Perils
6,3,2,Pontiac,Urban,4,7,4,Male,Married,50,Policy Holder,Sedan - Collision,Sedan,20000 to 29000,0,182,3,400,2,more than 30,more than 30,1,7 years,41 to 50,No,No,External,none,no change,1 vehicle,1994,Collision
6,2,4,Mazda,Urban,5,6,2,Male,Single,27,Third Party,Sedan - All Perils,Sedan,20000 to 29000,0,183,3,400,4,more than 30,more than 30,none,6 years,31 to 35,No,No,External,none,1 year,1 vehicle,1994,All Perils
12,2,7,Toyota,Urban,2,2,1,Male,Married,48,Third Party,Sedan - All Perils,Sedan,20000 to 29000,0,184,7,400,1,more than 30,more than 30,more than 4,more than 7,41 to 50,No,No,External,more than 5,no change,1 vehicle,1994,All Perils
1,1,7,Chevrolet,Urban,2,1,1,Female,Single,55,Third Party,Sedan - All Perils,Sedan,20000 to 29000,0,185,2,400,2,more than 30,more than 30,none,7 years,41 to 50,No,No,External,3 to 5,no change,1 vehicle,1994,All Perils
1,1,7,Pontiac,Urban,3,1,1,Male,Married,48,Policy Holder,Sedan - All Perils,Sedan,20000 to 29000,0,186,10,400,4,more than 30,more than 30,none,more than 7,41 to 50,No,No,External,more than 5,no change,1 vehicle,1994,All Perils
1,1,1,Honda,Urban,3,1,2,Male,Single,0,Third Party,Sedan - Liability,Sport,more than 69000,0,187,8,400,4,more than 30,more than 30,2 to 4,new,16 to 17,No,No,External,none,no change,1 vehicle,1994,Liability
12,5,4,Pontiac,Urban,5,1,2,Male,Married,54,Third Party,Sedan - Liability,Sport,20000 to 29000,0,188,10,400,4,more than 30,more than 30,1,7 years,41 to 50,No,No,External,none,no change,1 vehicle,1994,Liability
1,1,6,Chevrolet,Urban,1,1,1,Male,Married,36,Policy Holder,Sedan - Liability,Sport,30000 to 39000,0,189,14,400,1,more than 30,more than 30,more than 4,7 years,36 to 40,No,No,External,more than 5,no change,1 vehicle,1994,Liability
12,2,1,Mazda,Urban,1,1,1,Male,Married,43,Policy Holder,Sedan - All Perils,Sedan,30000 to 39000,1,190,10,400,2,more than 30,more than 30,2 to 4,more than 7,36 to 40,No,No,External,none,4 to 8 years,2 vehicles,1994,All Perils
12,5,5,Mazda,Urban,2,1,1,Male,Married,41,Policy Holder,Sedan - Collision,Sedan,30000 to 39000,0,191,1,400,4,more than 30,more than 30,none,more than 7,36 to 40,No,No,External,3 to 5,no change,1 vehicle,1994,Collision
2,4,2,Toyota,Urban,3,2,4,Male,Married,48,Policy Holder,Sedan - All Perils,Sedan,20000 to 29000,0,192,6,400,2,more than 30,more than 30,2 to 4,more than 7,41 to 50,No,No,External,3 to 5,no change,1 vehicle,1994,All Perils
12,3,2,Chevrolet,Urban,1,1,2,Male,Married,26,Policy Holder,Utility - All Perils,Utility,more than 69000,1,193,14,400,2,more than 30,more than 30,none,6 years,31 to 35,No,No,External,1 to 2,no change,1 vehicle,1994,All Perils
2,2,7,Toyota,Urban,1,2,3,Female,Married,43,Policy Holder,Sedan - All Perils,Sedan,20000 to 29000,0,194,1,400,3,more than 30,more than 30,none,6 years,36 to 40,No,No,External,none,no change,1 vehicle,1994,All Perils
12,3,4,Honda,Urban,1,1,1,Male,Married,39,Policy Holder,Sport - Collision,Sport,more than 69000,1,195,13,400,3,more than 30,more than 30,none,more than 7,36 to 40,No,No,External,none,no change,1 vehicle,1994,Collision
2,1,5,Chevrolet,Urban,3,2,2,Male,Married,49,Third Party,Sedan - Collision,Sedan,30000 to 39000,0,196,4,400,3,more than 30,more than 30,1,more than 7,41 to 50,No,No,External,more than 5,no change,1 vehicle,1994,Collision
2,1,6,Honda,Urban,1,10,3,Male,Married,37,Third Party,Sedan - Collision,Sedan,30000 to 39000,0,197,14,400,3,more than 30,more than 30,2 to 4,7 years,36 to 40,No,No,External,none,no change,1 vehicle,1994,Collision
8,1,3,Mazda,Urban,4,9,2,Male,Married,36,Third Party,Sedan - Collision,Sedan,20000 to 29000,0,198,1,400,3,more than 30,more than 30,2 to 4,7 years,36 to 40,No,No,External,more than 5,no change,1 vehicle,1994,Collision
3,1,7,Pontiac,Urban,5,3,2,Female,Married,52,Policy Holder,Sedan - All Perils,Sedan,20000 to 29000,0,199,4,400,4,more than 30,more than 30,2 to 4,6 years,41 to 50,No,No,External,more than 5,no change,1 vehicle,1994,All Perils
12,4,6,Pontiac,Urban,1,1,2,Male,Married,29,Third Party,Sedan - All Perils,Sedan,less than 20000,0,200,16,400,4,more than 30,more than 30,none,6 years,31 to 35,No,No,External,1 to 2,no change,1 vehicle,1994,All Perils
12,4,5,Mazda,Urban,1,1,1,Male,Married,38,Third Party,Sedan - Collision,Sedan,20000 to 29000,0,201,10,400,4,more than 30,more than 30,none,more than 7,36 to 40,No,No,External,none,no change,1 vehicle,1994,Collision
12,4,1,Mazda,Urban,2,1,1,Male,Single,34,Policy Holder,Sedan - Collision,Sedan,20000 to 29000,0,202,2,400,4,more than 30,more than 30,1,6 years,31 to 35,No,No,External,none,no change,1 vehicle,1994,Collision
12,4,1,Honda,Rural,5,1,2,Male,Single,0,Policy Holder,Sedan - Collision,Sedan,more than 69000,0,203,14,400,3,more than 30,more than 30,2 to 4,new,16 to 17,No,No,External,none,no change,1 vehicle,1994,Collision
9,1,1,Honda,Rural,2,9,1,Male,Married,41,Policy Holder,Sedan - Liability,Sport,30000 to 39000,0,204,6,400,4,more than 30,more than 30,none,7 years,36 to 40,No,No,External,none,no change,1 vehicle,1994,Liability
12,3,5,Pontiac,Urban,2,1,3,Male,Married,41,Third Party,Sedan - All Perils,Sedan,less than 20000,1,205,16,500,3,none,more than 30,2 to 4,7 years,36 to 40,No,No,External,none,2 to 3 years,1 vehicle,1994,All Perils
4,4,6,Pontiac,Urban,2,5,1,Male,Married,64,Policy Holder,Sedan - Collision,Sedan,20000 to 29000,0,206,15,400,3,more than 30,more than 30,1,more than 7,51 to 65,No,No,External,none,no change,3 to 4,1994,Collision
12,3,6,Pontiac,Urban,1,1,2,Male,Married,27,Policy Holder,Sedan - Collision,Sedan,more than 69000,1,207,11,400,4,more than 30,more than 30,2 to 4,4 years,31 to 35,No,No,External,1 to 2,no change,1 vehicle,1994,Collision
9,5,5,Mazda,Urban,1,10,1,Male,Single,25,Policy Holder,Sedan - Collision,Sedan,more than 69000,0,208,5,400,4,more than 30,more than 30,2 to 4,5 years,26 to 30,No,No,External,3 to 5,no change,1 vehicle,1994,Collision
10,1,6,Toyota,Urban,2,10,2,Male,Single,21,Third Party,Sedan - Collision,Sedan,20000 to 29000,0,209,5,400,2,more than 30,more than 30,1,5 years,26 to 30,No,No,External,none,no change,1 vehicle,1994,Collision
12,4,2,Pontiac,Rural,3,3,3,Male,Married,31,Third Party,Sedan - All Perils,Sedan,less than 20000,0,210,16,400,2,more than 30,more than 30,none,6 years,31 to 35,No,No,External,none,no change,1 vehicle,1994,All Perils
4,3,1,Pontiac,Urban,1,4,3,Male,Single,39,Policy Holder,Sedan - Collision,Sedan,20000 to 29000,0,211,3,400,1,more than 30,more than 30,none,more than 7,36 to 40,No,No,External,more than 5,4 to 8 years,2 vehicles,1994,Collision
2,4,3,Honda,Rural,1,2,5,Female,Married,37,Third Party,Sedan - All Perils,Sedan,less than 20000,0,212,1,400,1,more than 30,more than 30,none,5 years,36 to 40,No,No,External,3 to 5,no change,1 vehicle,1994,All Perils
2,3,1,Accura,Urban,2,2,3,Male,Married,41,Policy Holder,Sedan - Collision,Sedan,20000 to 29000,0,213,11,400,4,more than 30,more than 30,more than 4,7 years,36 to 40,No,No,External,1 to 2,no change,1 vehicle,1994,Collision
8,2,4,Pontiac,Urban,3,8,3,Male,Married,37,Policy Holder,Sedan - All Perils,Sedan,20000 to 29000,0,214,16,400,4,more than 30,more than 30,none,7 years,36 to 40,No,No,External,1 to 2,no change,1 vehicle,1994,All Perils
6,4,6,Mazda,Rural,1,6,4,Male,Married,28,Policy Holder,Sedan - Collision,Sedan,30000 to 39000,0,215,7,400,1,more than 30,more than 30,2 to 4,7 years,31 to 35,No,No,External,3 to 5,no change,1 vehicle,1994,Collision
6,1,5,Chevrolet,Urban,1,9,2,Male,Married,57,Policy Holder,Sedan - Collision,Sedan,20000 to 29000,0,216,12,400,1,more than 30,more than 30,none,more than 7,51 to 65,No,No,External,more than 5,no change,1 vehicle,1994,Collision
6,1,5,Toyota,Urban,2,6,3,Male,Married,61,Policy Holder,Sedan - Collision,Sedan,20000 to 29000,0,217,9,400,2,15 to 30,more than 30,none,more than 7,51 to 65,Yes,No,External,none,no change,1 vehicle,1994,Collision
1,5,2,Mazda,Urban,2,1,5,Male,Married,69,Policy Holder,Sedan - Liability,Sport,20000 to 29000,0,218,3,700,4,more than 30,more than 30,more than 4,more than 7,over 65,No,No,External,1 to 2,no change,1 vehicle,1994,Liability
1,5,2,Honda,Urban,4,2,2,Male,Married,67,Policy Holder,Sedan - Collision,Sedan,20000 to 29000,0,219,11,400,1,more than 30,more than 30,1,more than 7,over 65,No,No,External,1 to 2,no change,1 vehicle,1994,Collision
2,1,4,Chevrolet,Urban,1,2,1,Male,Married,52,Policy Holder,Sedan - All Perils,Sedan,more than 69000,0,220,1,400,4,more than 30,more than 30,1,more than 7,41 to 50,No,No,External,3 to 5,no change,1 vehicle,1994,All Perils
7,4,1,Toyota,Urban,4,9,1,Male,Single,23,Policy Holder,Sedan - Liability,Sport,20000 to 29000,0,221,15,400,1,more than 30,more than 30,2 to 4,6 years,26 to 30,No,No,External,3 to 5,no change,1 vehicle,1994,Liability
6,4,3,Pontiac,Urban,5,6,4,Male,Married,38,Policy Holder,Sedan - Liability,Sport,less than 20000,0,222,2,400,4,more than 30,more than 30,more than 4,7 years,36 to 40,No,No,External,none,no change,1 vehicle,1994,Liability
1,2,1,Toyota,Urban,3,1,2,Male,Married,32,Third Party,Sedan - Collision,Sedan,20000 to 29000,0,223,13,400,4,more than 30,more than 30,2 to 4,7 years,31 to 35,No,No,External,none,no change,1 vehicle,1994,Collision
1,2,1,Honda,Urban,2,1,2,Male,Married,26,Policy Holder,Sedan - Liability,Sport,20000 to 29000,0,224,9,400,2,more than 30,more than 30,more than 4,6 years,31 to 35,No,No,External,more than 5,no change,1 vehicle,1994,Liability
1,2,1,Toyota,Urban,2,1,2,Male,Married,57,Policy Holder,Sedan - All Perils,Sedan,20000 to 29000,0,225,4,400,1,more than 30,more than 30,2 to 4,more than 7,51 to 65,No,No,External,none,no change,1 vehicle,1994,All Perils
11,3,1,Pontiac,Urban,1,11,3,Male,Married,29,Policy Holder,Sedan - Liability,Sport,more than 69000,0,226,2,400,2,more than 30,more than 30,2 to 4,6 years,31 to 35,No,No,External,none,no change,1 vehicle,1994,Liability
10,3,2,Saab,Urban,3,10,4,Male,Married,26,Third Party,Sedan - Collision,Sedan,30000 to 39000,0,227,5,400,2,15 to 30,more than 30,none,7 years,31 to 35,No,No,External,none,no change,more than 8,1994,Collision
10,3,2,VW,Urban,2,10,5,Female,Single,30,Policy Holder,Sedan - Collision,Sedan,more than 69000,0,228,14,400,1,more than 30,more than 30,2 to 4,6 years,31 to 35,No,No,External,3 to 5,no change,1 vehicle,1994,Collision
12,4,4,Pontiac,Rural,3,1,1,Male,Married,41,Policy Holder,Sedan - Collision,Sedan,20000 to 29000,1,229,1,400,2,more than 30,more than 30,1,7 years,36 to 40,No,No,External,3 to 5,no change,1 vehicle,1994,Collision
10,4,3,Pontiac,Urban,4,10,4,Male,Married,65,Policy Holder,Sedan - Liability,Sport,more than 69000,0,230,14,400,4,more than 30,more than 30,more than 4,7 years,51 to 65,No,No,External,3 to 5,no change,1 vehicle,1994,Liability
6,2,1,Pontiac,Urban,4,6,4,Male,Married,33,Policy Holder,Sedan - Collision,Sedan,20000 to 29000,0,231,13,400,1,more than 30,more than 30,none,6 years,31 to 35,No,No,External,none,no change,1 vehicle,1994,Collision
4,2,5,Mazda,Urban,5,4,2,Male,Married,44,Policy Holder,Sedan - All Perils,Sedan,20000 to 29000,0,232,10,400,2,more than 30,more than 30,2 to 4,6 years,36 to 40,No,No,External,none,4 to 8 years,2 vehicles,1994,All Perils
12,4,4,Chevrolet,Urban,1,1,1,Male,Married,26,Policy Holder,Sedan - Collision,Sedan,20000 to 29000,1,233,12,400,2,more than 30,more than 30,2 to 4,7 years,31 to 35,No,No,External,none,no change,1 vehicle,1994,Collision
3,5,2,VW,Urban,2,4,1,Male,Married,32,Third Party,Sedan - Collision,Sedan,more than 69000,0,234,5,400,2,more than 30,more than 30,none,6 years,31 to 35,No,No,External,1 to 2,no change,1 vehicle,1994,Collision
3,4,4,Mercury,Urban,5,3,4,Male,Married,29,Policy Holder,Sedan - All Perils,Sedan,less than 20000,0,235,16,400,3,more than 30,more than 30,none,6 years,31 to 35,No,No,External,none,no change,1 vehicle,1994,All Perils
12,4,4,Chevrolet,Urban,2,1,2,Male,Married,26,Policy Holder,Sedan - All Perils,Sedan,20000 to 29000,1,236,16,400,4,more than 30,more than 30,none,6 years,31 to 35,No,No,External,3 to 5,no change,1 vehicle,1994,All Perils
3,1,3,Pontiac,Rural,4,3,1,Female,Single,37,Policy Holder,Sedan - Collision,Sedan,20000 to 29000,0,237,3,400,4,more than 30,more than 30,2 to 4,7 years,36 to 40,No,Yes,External,more than 5,no change,1 vehicle,1994,Collision
3,1,4,Pontiac,Urban,5,3,1,Male,Married,33,Policy Holder,Sedan - Liability,Sport,20000 to 29000,0,238,11,400,1,more than 30,more than 30,1,6 years,31 to 35,No,No,External,3 to 5,no change,1 vehicle,1994,Liability
1,3,1,Pontiac,Urban,6,1,4,Male,Married,54,Policy Holder,Sedan - All Perils,Sedan,20000 to 29000,0,239,7,400,2,more than 30,more than 30,none,more than 7,41 to 50,No,No,External,3 to 5,no change,1 vehicle,1994,All Perils
1,3,1,Mazda,Urban,2,1,3,Male,Single,26,Policy Holder,Sedan - Liability,Sport,30000 to 39000,0,240,5,400,4,more than 30,more than 30,more than 4,7 years,31 to 35,No,No,External,more than 5,no change,1 vehicle,1994,Liability
1,3,7,Chevrolet,Urban,2,1,3,Male,Single,32,Policy Holder,Sedan - Liability,Sport,20000 to 29000,0,241,16,400,4,more than 30,more than 30,2 to 4,6 years,31 to 35,No,No,External,1 to 2,no change,1 vehicle,1994,Liability
1,3,6,Mazda,Urban,1,1,3,Female,Single,25,Policy Holder,Sedan - Liability,Sport,20000 to 29000,0,242,1,400,3,more than 30,more than 30,2 to 4,4 years,26 to 30,No,No,External,1 to 2,under 6 months,1 vehicle,1994,Liability
8,3,3,Mazda,Urban,3,1,3,Female,Single,23,Policy Holder,Sedan - Liability,Sport,20000 to 29000,0,243,12,400,3,more than 30,more than 30,more than 4,5 years,26 to 30,No,No,External,1 to 2,no change,1 vehicle,1994,Liability
8,4,1,Honda,Urban,4,3,3,Male,Single,0,Policy Holder,Sedan - Collision,Sedan,more than 69000,0,244,7,400,1,more than 30,more than 30,none,new,16 to 17,No,No,External,none,no change,1 vehicle,1994,Collision
2,3,6,Pontiac,Urban,1,3,4,Male,Single,31,Third Party,Sedan - Collision,Sedan,less than 20000,0,245,9,400,1,more than 30,more than 30,1,6 years,31 to 35,No,No,External,3 to 5,no change,1 vehicle,1994,Collision
12,4,5,Honda,Urban,2,1,1,Male,Single,0,Third Party,Sedan - Collision,Sedan,more than 69000,0,246,3,400,4,more than 30,more than 30,none,new,16 to 17,No,No,External,none,no change,1 vehicle,1994,Collision
2,3,4,Ford,Urban,2,2,5,Male,Married,42,Policy Holder,Sedan - All Perils,Sedan,less than 20000,0,247,14,400,4,more than 30,more than 30,1,7 years,36 to 40,No,No,External,3 to 5,no change,3 to 4,1994,All Perils
2,3,4,Accura,Rural,5,2,3,Male,Married,42,Policy Holder,Sedan - Liability,Sport,30000 to 39000,0,248,11,400,2,more than 30,more than 30,2 to 4,7 years,36 to 40,No,No,External,none,no change,1 vehicle,1994,Liability
2,3,5,Toyota,Urban,1,2,3,Male,Single,32,Policy Holder,Sedan - Collision,Sedan,20000 to 29000,0,249,16,700,2,more than 30,more than 30,1,7 years,31 to 35,No,No,External,none,no change,1 vehicle,1994,Collision
2,2,3,Accura,Urban,4,2,2,Male,Married,51,Policy Holder,Sedan - Collision,Sedan,20000 to 29000,0,250,1,400,2,more than 30,more than 30,2 to 4,more than 7,41 to 50,No,No,External,none,no change,1 vehicle,1994,Collision
1,3,1,Honda,Urban,2,1,3,Male,Single,19,Third Party,Sport - Collision,Sport,more than 69000,0,251,12,400,4,more than 30,more than 30,2 to 4,3 years,21 to 25,No,No,External,none,no change,1 vehicle,1994,Collision
1,3,1,Pontiac,Urban,2,1,4,Male,Married,26,Policy Holder,Sedan - All Perils,Sedan,20000 to 29000,0,252,10,400,1,more than 30,more than 30,2 to 4,7 years,31 to 35,No,No,External,none,no change,1 vehicle,1994,All Perils
1,3,1,Pontiac,Urban,1,1,4,Male,Single,29,Policy Holder,Sedan - Collision,Sedan,20000 to 29000,0,253,3,400,2,more than 30,more than 30,1,5 years,31 to 35,No,No,External,none,4 to 8 years,2 vehicles,1994,Collision
1,3,3,Pontiac,Urban,4,1,3,Male,Married,29,Policy Holder,Sedan - Liability,Sport,30000 to 39000,0,254,15,400,2,more than 30,more than 30,2 to 4,6 years,31 to 35,No,No,External,none,no change,1 vehicle,1994,Liability
12,5,5,Mazda,Urban,2,1,1,Male,Married,29,Third Party,Sport - Collision,Sport,more than 69000,0,255,12,400,2,more than 30,more than 30,2 to 4,7 years,31 to 35,No,No,External,more than 5,no change,1 vehicle,1994,Collision
12,5,5,Pontiac,Urban,1,1,1,Male,Single,44,Policy Holder,Sedan - Liability,Sport,20000 to 29000,0,256,9,500,2,more than 30,more than 30,1,more than 7,36 to 40,No,No,External,more than 5,2 to 3 years,1 vehicle,1994,Liability
12,5,6,VW,Urban,3,1,1,Male,Married,49,Policy Holder,Sedan - Collision,Sedan,more than 69000,0,257,5,400,3,more than 30,more than 30,1,more than 7,41 to 50,No,No,External,more than 5,no change,1 vehicle,1994,Collision
12,5,6,Toyota,Urban,2,1,1,Female,Married,47,Policy Holder,Sedan - Collision,Sedan,20000 to 29000,0,258,12,400,1,more than 30,more than 30,2 to 4,7 years,41 to 50,No,No,External,none,no change,1 vehicle,1994,Collision
8,3,4,Mazda,Urban,4,8,3,Male,Married,50,Policy Holder,Sedan - Collision,Sedan,20000 to 29000,0,259,16,400,3,more than 30,more than 30,1,7 years,41 to 50,No,No,External,more than 5,no change,1 vehicle,1994,Collision
6,5,2,Pontiac,Urban,2,6,5,Male,Married,50,Policy Holder,Sedan - Liability,Sport,30000 to 39000,0,260,10,400,2,more than 30,more than 30,2 to 4,more than 7,41 to 50,No,No,External,more than 5,no change,1 vehicle,1994,Liability
6,1,5,Pontiac,Urban,5,6,1,Male,Married,44,Policy Holder,Sedan - Collision,Sedan,20000 to 29000,0,261,9,400,2,more than 30,more than 30,none,more than 7,36 to 40,No,No,External,none,no change,1 vehicle,1994,Collision
5,2,7,Accura,Urban,1,5,2,Male,Married,42,Third Party,Sedan - All Perils,Sedan,20000 to 29000,0,262,1,400,4,more than 30,more than 30,none,7 years,36 to 40,No,No,External,none,no change,1 vehicle,1994,All Perils
4,5,4,Pontiac,Urban,5,4,5,Male,Married,49,Policy Holder,Sedan - Collision,Sedan,30000 to 39000,0,263,3,400,1,more than 30,more than 30,1,more than 7,41 to 50,No,No,External,1 to 2,no change,1 vehicle,1994,Collision
4,1,6,Toyota,Urban,2,4,1,Male,Married,34,Third Party,Sedan - Collision,Sedan,20000 to 29000,0,264,7,400,4,more than 30,more than 30,2 to 4,6 years,31 to 35,No,No,External,1 to 2,no change,1 vehicle,1994,Collision
2,4,1,Pontiac,Urban,1,8,5,Female,Married,51,Policy Holder,Sedan - Liability,Sport,20000 to 29000,0,265,16,400,2,more than 30,more than 30,1,7 years,41 to 50,No,No,External,none,no change,1 vehicle,1994,Liability
12,4,1,VW,Urban,1,1,1,Male,Married,26,Third Party,Sedan - Collision,Sedan,more than 69000,0,266,5,400,2,more than 30,more than 30,1,5 years,31 to 35,No,No,External,none,no change,1 vehicle,1994,Collision
2,1,6,Pontiac,Urban,6,2,2,Male,Married,39,Policy Holder,Sedan - Liability,Sport,20000 to 29000,0,267,4,400,3,more than 30,more than 30,2 to 4,7 years,36 to 40,No,No,External,none,no change,1 vehicle,1994,Liability
2,2,1,Chevrolet,Urban,2,2,2,Female,Married,30,Third Party,Sedan - All Perils,Sedan,more than 69000,0,268,3,400,2,more than 30,more than 30,1,6 years,31 to 35,No,No,External,3 to 5,no change,1 vehicle,1994,All Perils
2,2,1,Honda,Urban,1,2,3,Male,Single,0,Policy Holder,Sedan - All Perils,Sedan,more than 69000,0,269,5,400,3,more than 30,more than 30,1,new,16 to 17,No,No,External,none,no change,1 vehicle,1994,All Perils
2,1,2,Honda,Urban,1,2,2,Male,Married,47,Policy Holder,Sedan - Liability,Sport,20000 to 29000,0,270,9,400,3,more than 30,more than 30,1,more than 7,41 to 50,No,No,External,3 to 5,no change,1 vehicle,1994,Liability
1,2,5,Chevrolet,Urban,3,1,2,Female,Married,33,Policy Holder,Sedan - Liability,Sport,20000 to 29000,0,271,2,400,3,more than 30,more than 30,2 to 4,3 years,31 to 35,No,No,External,3 to 5,no change,1 vehicle,1994,Liability
1,2,6,Pontiac,Urban,1,1,2,Male,Single,31,Policy Holder,Sedan - Collision,Sedan,20000 to 29000,0,272,6,400,4,more than 30,more than 30,none,6 years,31 to 35,No,No,External,more than 5,no change,1 vehicle,1994,Collision
1,2,1,Toyota,Rural,1,1,2,Male,Married,50,Policy Holder,Sedan - Collision,Sedan,20000 to 29000,0,273,7,400,4,more than 30,more than 30,none,more than 7,41 to 50,No,No,External,1 to 2,no change,1 vehicle,1994,Collision
1,2,7,Chevrolet,Urban,3,1,3,Male,Married,78,Policy Holder,Sedan - Collision,Sedan,20000 to 29000,0,274,11,400,1,more than 30,more than 30,1,more than 7,over 65,No,No,External,more than 5,1 year,2 vehicles,1994,Collision
1,2,7,Honda,Urban,5,1,3,Male,Married,41,Policy Holder,Sedan - Liability,Sport,30000 to 39000,0,275,9,400,3,more than 30,more than 30,none,7 years,36 to 40,No,No,External,none,no change,1 vehicle,1994,Liability
1,1,2,Honda,Urban,5,1,3,Male,Single,39,Policy Holder,Sport - Collision,Sport,more than 69000,0,276,11,400,4,more than 30,more than 30,none,7 years,36 to 40,No,No,External,3 to 5,no change,1 vehicle,1994,Collision
1,1,3,Toyota,Urban,1,1,2,Male,Married,33,Policy Holder,Sedan - All Perils,Sedan,less than 20000,0,277,10,400,2,more than 30,more than 30,1,7 years,31 to 35,No,No,External,none,no change,1 vehicle,1994,All Perils
1,1,4,Honda,Urban,2,1,2,Male,Single,0,Policy Holder,Sedan - Liability,Sport,more than 69000,0,278,16,400,2,more than 30,more than 30,2 to 4,new,16 to 17,No,No,External,none,no change,1 vehicle,1994,Liability
12,2,1,Pontiac,Urban,1,12,4,Female,Married,48,Policy Holder,Sedan - All Perils,Sedan,20000 to 29000,0,279,1,400,4,more than 30,more than 30,2 to 4,7 years,41 to 50,No,No,External,3 to 5,no change,1 vehicle,1994,All Perils
12,3,3,Honda,Urban,1,1,1,Male,Single,0,Policy Holder,Sedan - Liability,Sport,more than 69000,0,280,12,400,4,more than 30,more than 30,1,new,16 to 17,No,No,External,none,no change,1 vehicle,1994,Liability
12,2,7,Honda,Urban,3,2,1,Male,Single,0,Policy Holder,Sedan - All Perils,Sedan,more than 69000,0,281,11,400,4,more than 30,more than 30,none,new,16 to 17,No,No,External,none,no change,1 vehicle,1994,All Perils
12,4,2,Pontiac,Urban,5,1,4,Male,Married,30,Policy Holder,Sedan - Liability,Sport,20000 to 29000,0,282,4,400,2,more than 30,more than 30,more than 4,7 years,31 to 35,No,No,External,1 to 2,no change,1 vehicle,1994,Liability
3,3,6,Honda,Urban,3,1,2,Male,Single,0,Policy Holder,Sedan - All Perils,Sedan,more than 69000,0,283,10,400,2,more than 30,more than 30,none,new,16 to 17,No,No,External,none,no change,1 vehicle,1994,All Perils
12,4,2,Pontiac,Urban,4,1,2,Male,Married,38,Policy Holder,Sedan - Liability,Sport,20000 to 29000,0,284,4,400,2,more than 30,more than 30,1,7 years,36 to 40,No,No,External,1 to 2,no change,1 vehicle,1994,Liability
12,5,2,Toyota,Urban,2,1,2,Male,Married,28,Policy Holder,Sedan - All Perils,Sedan,less than 20000,0,285,7,400,3,more than 30,more than 30,1,7 years,31 to 35,No,No,External,more than 5,no change,1 vehicle,1994,All Perils
12,5,2,Honda,Urban,2,1,1,Male,Married,33,Policy Holder,Sedan - All Perils,Sedan,less than 20000,0,286,8,400,4,more than 30,more than 30,none,6 years,31 to 35,No,No,External,1 to 2,no change,1 vehicle,1994,All Perils
1,1,1,Mazda,Urban,1,1,1,Female,Single,38,Policy Holder,Sedan - Liability,Sport,30000 to 39000,0,287,1,400,1,more than 30,more than 30,2 to 4,more than 7,36 to 40,No,No,External,3 to 5,no change,1 vehicle,1994,Liability
1,1,2,Honda,Urban,5,1,2,Male,Single,0,Policy Holder,Sedan - Liability,Sport,more than 69000,0,288,11,400,4,more than 30,more than 30,2 to 4,new,16 to 17,No,No,External,none,no change,3 to 4,1994,Liability
1,1,2,Pontiac,Urban,2,1,1,Male,Married,31,Policy Holder,Sedan - Collision,Sedan,30000 to 39000,0,289,15,400,4,more than 30,more than 30,more than 4,7 years,31 to 35,No,No,External,3 to 5,no change,1 vehicle,1994,Collision
1,1,4,Chevrolet,Urban,5,1,2,Male,Married,36,Policy Holder,Sedan - Liability,Sport,30000 to 39000,0,290,1,400,2,more than 30,more than 30,more than 4,7 years,36 to 40,No,No,External,more than 5,no change,1 vehicle,1994,Liability
1,1,3,Pontiac,Urban,4,1,2,Male,Married,27,Third Party,Sedan - Liability,Sport,30000 to 39000,0,291,2,400,4,more than 30,more than 30,none,7 years,31 to 35,No,No,External,3 to 5,no change,1 vehicle,1994,Liability
1,2,6,Toyota,Urban,3,1,2,Female,Married,60,Policy Holder,Sedan - All Perils,Sedan,less than 20000,0,292,1,400,1,more than 30,more than 30,2 to 4,more than 7,51 to 65,No,No,External,3 to 5,no change,1 vehicle,1994,All Perils
1,2,7,Honda,Rural,2,1,2,Male,Married,72,Third Party,Sedan - All Perils,Sedan,20000 to 29000,0,293,2,400,2,more than 30,more than 30,none,7 years,over 65,No,No,External,none,no change,1 vehicle,1994,All Perils
1,2,7,Ford,Urban,3,1,2,Male,Married,44,Policy Holder,Sedan - Liability,Sport,60000 to 69000,0,294,5,400,2,more than 30,more than 30,more than 4,more than 7,36 to 40,No,No,External,none,no change,1 vehicle,1994,Liability
1,3,1,Honda,Urban,1,1,3,Male,Single,0,Policy Holder,Sedan - Liability,Sport,more than 69000,0,295,11,400,1,more than 30,more than 30,2 to 4,new,16 to 17,No,No,External,none,4 to 8 years,2 vehicles,1994,Liability
1,1,1,Pontiac,Urban,3,1,4,Female,Single,77,Policy Holder,Sedan - All Perils,Sedan,less than 20000,0,296,10,400,1,more than 30,more than 30,none,6 years,over 65,No,No,External,none,no change,1 vehicle,1994,All Perils
1,3,2,Honda,Urban,1,1,4,Male,Single,40,Third Party,Sedan - Liability,Sport,20000 to 29000,0,297,15,400,1,more than 30,more than 30,1,7 years,36 to 40,No,No,External,none,no change,1 vehicle,1994,Liability
12,5,3,Pontiac,Urban,3,1,1,Male,Single,43,Policy Holder,Sedan - Collision,Sedan,40000 to 59000,1,298,1,400,4,more than 30,more than 30,2 to 4,7 years,36 to 40,No,No,External,more than 5,no change,1 vehicle,1994,Collision
1,3,6,Honda,Urban,1,1,4,Male,Married,33,Third Party,Sedan - Collision,Sedan,30000 to 39000,0,299,14,400,4,more than 30,more than 30,1,6 years,31 to 35,No,No,External,none,no change,1 vehicle,1994,Collision
1,1,2,Chevrolet,Urban,3,3,2,Male,Married,36,Third Party,Sedan - All Perils,Sedan,20000 to 29000,0,300,2,400,3,more than 30,more than 30,1,7 years,36 to 40,No,No,External,3 to 5,no change,1 vehicle,1994,All Perils
12,5,4,Pontiac,Urban,1,1,3,Male,Single,21,Third Party,Sedan - Collision,Sedan,20000 to 29000,0,301,7,400,3,more than 30,more than 30,2 to 4,3 years,26 to 30,No,No,External,none,no change,1 vehicle,1994,Collision
12,5,5,Honda,Urban,2,1,1,Female,Single,21,Policy Holder,Sedan - Collision,Sedan,20000 to 29000,0,302,2,400,2,more than 30,more than 30,2 to 4,5 years,26 to 30,No,No,External,none,no change,1 vehicle,1994,Collision
12,3,2,Pontiac,Urban,1,1,5,Male,Single,33,Third Party,Sedan - Collision,Sedan,30000 to 39000,0,303,9,400,1,more than 30,more than 30,2 to 4,6 years,31 to 35,No,No,External,1 to 2,no change,1 vehicle,1994,Collision
2,1,6,Pontiac,Urban,1,2,3,Male,Married,75,Policy Holder,Sedan - All Perils,Sedan,more than 69000,0,304,1,400,2,more than 30,more than 30,2 to 4,7 years,over 65,No,No,External,1 to 2,no change,1 vehicle,1994,All Perils
5,2,7,Toyota,Rural,1,5,2,Male,Single,34,Policy Holder,Sedan - All Perils,Sedan,20000 to 29000,0,305,7,400,1,more than 30,more than 30,2 to 4,7 years,31 to 35,No,No,External,3 to 5,no change,1 vehicle,1994,All Perils
4,4,3,VW,Urban,1,5,5,Male,Single,31,Policy Holder,Sedan - All Perils,Sedan,more than 69000,0,306,9,400,2,more than 30,more than 30,2 to 4,5 years,31 to 35,No,No,External,3 to 5,no change,1 vehicle,1994,All Perils
4,1,2,Honda,Urban,2,4,1,Male,Married,31,Policy Holder,Sedan - Liability,Sport,20000 to 29000,0,307,2,500,4,more than 30,more than 30,2 to 4,6 years,31 to 35,No,No,External,none,2 to 3 years,1 vehicle,1994,Liability
4,1,1,Pontiac,Rural,1,4,1,Male,Married,47,Policy Holder,Sedan - Liability,Sport,20000 to 29000,0,308,5,400,4,more than 30,more than 30,more than 4,6 years,41 to 50,No,No,External,3 to 5,no change,1 vehicle,1994,Liability
12,5,5,Pontiac,Rural,2,1,2,Male,Married,46,Policy Holder,Sedan - All Perils,Sedan,less than 20000,1,309,7,400,1,more than 30,more than 30,none,more than 7,41 to 50,No,No,External,none,under 6 months,1 vehicle,1994,All Perils
12,5,5,Honda,Urban,2,1,1,Male,Single,0,Policy Holder,Sedan - All Perils,Sedan,more than 69000,1,310,6,400,3,more than 30,more than 30,1,new,16 to 17,No,No,External,none,no change,1 vehicle,1994,All Perils
10,1,1,Honda,Urban,1,10,1,Male,Married,35,Policy Holder,Sedan - Liability,Sport,20000 to 29000,0,311,10,400,1,more than 30,more than 30,2 to 4,6 years,31 to 35,No,No,External,none,no change,1 vehicle,1994,Liability
10,1,2,Pontiac,Urban,5,10,2,Male,Married,31,Policy Holder,Sedan - Collision,Sedan,20000 to 29000,0,312,11,400,4,more than 30,more than 30,none,7 years,31 to 35,No,No,External,3 to 5,no change,1 vehicle,1994,Collision
3,2,5,Mercury,Urban,5,3,2,Female,Single,33,Policy Holder,Sedan - Liability,Sport,20000 to 29000,0,313,13,400,2,more than 30,more than 30,more than 4,6 years,31 to 35,No,No,External,more than 5,no change,1 vehicle,1994,Liability
4,1,3,Honda,Urban,4,4,2,Male,Single,35,Policy Holder,Sedan - Collision,Sedan,30000 to 39000,0,314,15,400,3,more than 30,more than 30,none,7 years,31 to 35,No,No,External,3 to 5,no change,1 vehicle,1994,Collision
3,5,3,Pontiac,Rural,2,4,1,Female,Married,45,Third Party,Sedan - Liability,Sport,20000 to 29000,0,315,4,400,2,more than 30,more than 30,1,7 years,36 to 40,No,No,External,none,no change,1 vehicle,1994,Liability
12,5,5,Honda,Urban,1,1,2,Male,Single,0,Policy Holder,Utility - All Perils,Utility,more than 69000,1,316,14,400,1,more than 30,more than 30,1,new,16 to 17,No,No,External,none,4 to 8 years,2 vehicles,1994,All Perils
5,4,4,Accura,Urban,1,6,2,Male,Single,50,Policy Holder,Utility - All Perils,Utility,more than 69000,0,317,12,400,3,more than 30,more than 30,none,more than 7,41 to 50,No,No,External,more than 5,no change,1 vehicle,1994,All Perils
1,1,6,Honda,Urban,3,1,1,Male,Single,0,Policy Holder,Sedan - Collision,Sedan,more than 69000,1,318,16,400,4,more than 30,more than 30,1,new,16 to 17,No,No,External,none,no change,1 vehicle,1994,Collision
5,4,4,Pontiac,Urban,4,5,4,Male,Married,42,Policy Holder,Sedan - Collision,Sedan,20000 to 29000,0,319,14,400,1,more than 30,more than 30,none,7 years,36 to 40,No,No,External,none,no change,1 vehicle,1994,Collision
4,4,7,Mazda,Urban,1,4,4,Female,Single,32,Policy Holder,Sedan - Liability,Sport,20000 to 29000,0,320,2,400,1,more than 30,more than 30,2 to 4,5 years,31 to 35,No,No,External,none,no change,1 vehicle,1994,Liability
3,3,3,Ford,Urban,4,3,3,Male,Married,49,Third Party,Sedan - Collision,Sedan,more than 69000,0,321,2,400,4,more than 30,more than 30,more than 4,more than 7,41 to 50,No,No,External,more than 5,no change,1 vehicle,1994,Collision
3,1,3,Saturn,Urban,1,3,1,Male,Married,53,Policy Holder,Sedan - All Perils,Sedan,20000 to 29000,0,322,4,400,1,more than 30,more than 30,none,7 years,41 to 50,No,No,External,more than 5,no change,1 vehicle,1994,All Perils
4,3,4,Chevrolet,Urban,4,4,3,Male,Married,32,Policy Holder,Sedan - Collision,Sedan,20000 to 29000,0,323,15,400,3,more than 30,more than 30,none,7 years,31 to 35,No,No,External,3 to 5,no change,1 vehicle,1994,Collision
4,2,3,Honda,Urban,3,4,4,Male,Married,52,Policy Holder,Sedan - All Perils,Sedan,20000 to 29000,0,324,8,400,2,more than 30,more than 30,none,more than 7,41 to 50,No,No,External,none,no change,1 vehicle,1994,All Perils
6,2,2,Honda,Urban,4,6,4,Male,Married,41,Third Party,Sedan - All Perils,Sedan,20000 to 29000,0,325,1,400,2,more than 30,more than 30,2 to 4,7 years,36 to 40,No,No,External,none,no change,1 vehicle,1994,All Perils
6,2,1,Mazda,Urban,2,6,2,Female,Single,36,Policy Holder,Sedan - Liability,Sport,30000 to 39000,0,326,1,400,2,more than 30,more than 30,2 to 4,7 years,36 to 40,No,No,External,more than 5,no change,1 vehicle,1994,Liability
11,2,5,Honda,Rural,2,11,3,Female,Married,46,Policy Holder,Sedan - Collision,Sedan,30000 to 39000,0,327,7,400,2,more than 30,more than 30,none,7 years,41 to 50,No,No,External,3 to 5,no change,1 vehicle,1994,Collision
7,3,4,Honda,Urban,5,7,3,Male,Married,32,Third Party,Sedan - Collision,Sedan,30000 to 39000,0,328,13,400,3,more than 30,more than 30,more than 4,7 years,31 to 35,No,No,External,more than 5,no change,1 vehicle,1994,Collision
6,1,5,Toyota,Urban,2,6,2,Male,Married,32,Policy Holder,Sedan - Collision,Sedan,30000 to 39000,0,329,12,400,1,more than 30,more than 30,2 to 4,6 years,31 to 35,No,No,External,1 to 2,no change,3 to 4,1994,Collision
3,3,4,Chevrolet,Urban,5,3,3,Male,Married,31,Third Party,Sedan - All Perils,Sedan,20000 to 29000,0,330,3,400,3,more than 30,more than 30,1,6 years,31 to 35,No,No,External,1 to 2,no change,1 vehicle,1994,All Perils
11,1,5,Toyota,Urban,1,11,1,Male,Married,43,Policy Holder,Sedan - Liability,Sport,30000 to 39000,0,331,5,400,2,more than 30,more than 30,2 to 4,7 years,36 to 40,No,No,External,none,no change,1 vehicle,1994,Liability
11,1,5,Pontiac,Urban,2,11,2,Female,Married,30,Policy Holder,Sedan - Collision,Sedan,20000 to 29000,0,332,1,400,1,more than 30,more than 30,2 to 4,6 years,31 to 35,No,No,External,none,no change,1 vehicle,1994,Collision
6,4,3,Toyota,Urban,4,6,4,Male,Married,60,Policy Holder,Sedan - Collision,Sedan,20000 to 29000,0,333,8,400,4,more than 30,more than 30,2 to 4,more than 7,51 to 65,No,No,External,none,no change,1 vehicle,1994,Collision
6,4,3,VW,Urban,5,6,4,Male,Single,55,Policy Holder,Sedan - All Perils,Sedan,more than 69000,0,334,11,400,3,more than 30,more than 30,none,more than 7,41 to 50,No,No,External,none,no change,1 vehicle,1994,All Perils
3,5,4,Honda,Urban,4,3,5,Male,Married,27,Policy Holder,Sedan - Collision,Sedan,30000 to 39000,0,335,9,400,4,more than 30,more than 30,more than 4,7 years,31 to 35,No,No,External,more than 5,no change,1 vehicle,1994,Collision
8,4,2,Toyota,Urban,1,8,5,Female,Married,29,Policy Holder,Sedan - Collision,Sedan,20000 to 29000,0,336,14,400,2,more than 30,more than 30,none,7 years,31 to 35,No,No,External,3 to 5,no change,1 vehicle,1994,Collision
8,2,6,Honda,Urban,3,8,3,Male,Single,25,Policy Holder,Sport - Collision,Sport,more than 69000,0,337,9,400,1,more than 30,more than 30,none,6 years,26 to 30,No,No,External,more than 5,4 to 8 years,2 vehicles,1994,Collision
4,3,1,Toyota,Urban,1,4,3,Male,Married,38,Policy Holder,Sedan - Liability,Sport,more than 69000,0,338,11,400,2,more than 30,more than 30,none,7 years,36 to 40,No,No,External,none,no change,1 vehicle,1994,Liability
4,3,1,Toyota,Urban,2,4,4,Male,Married,26,Policy Holder,Sedan - Collision,Sedan,30000 to 39000,0,339,12,400,4,more than 30,more than 30,none,6 years,31 to 35,No,No,External,none,no change,1 vehicle,1994,Collision
2,4,3,Pontiac,Urban,2,3,1,Male,Married,56,Policy Holder,Sedan - All Perils,Sedan,less than 20000,0,340,6,400,4,more than 30,more than 30,1,more than 7,51 to 65,No,No,External,1 to 2,no change,1 vehicle,1994,All Perils
2,4,2,Pontiac,Urban,5,2,4,Male,Married,47,Third Party,Sedan - Collision,Sedan,more than 69000,0,341,3,400,2,more than 30,more than 30,2 to 4,more than 7,41 to 50,No,No,External,more than 5,no change,1 vehicle,1994,Collision
9,4,7,Toyota,Urban,2,10,2,Male,Married,29,Policy Holder,Sedan - Collision,Sedan,30000 to 39000,0,342,4,700,3,more than 30,more than 30,none,7 years,31 to 35,No,No,External,none,no change,1 vehicle,1994,Collision
7,2,2,Honda,Urban,2,7,2,Male,Single,31,Policy Holder,Sedan - Liability,Sport,20000 to 29000,0,343,4,400,1,more than 30,more than 30,1,5 years,31 to 35,No,No,External,1 to 2,no change,1 vehicle,1994,Liability
1,4,4,Honda,Urban,5,1,4,Male,Married,46,Third Party,Sedan - Liability,Sport,20000 to 29000,0,344,13,400,1,more than 30,more than 30,2 to 4,7 years,41 to 50,No,No,External,none,no change,1 vehicle,1994,Liability
9,4,1,Chevrolet,Urban,3,9,4,Male,Married,60,Policy Holder,Sedan - All Perils,Sedan,20000 to 29000,0,345,5,400,2,more than 30,more than 30,1,more than 7,51 to 65,No,No,External,3 to 5,no change,1 vehicle,1994,All Perils
9,3,1,Pontiac,Urban,4,9,4,Male,Single,30,Policy Holder,Sedan - Collision,Sedan,20000 to 29000,0,346,4,400,3,more than 30,more than 30,1,6 years,31 to 35,No,No,External,more than 5,no change,1 vehicle,1994,Collision
8,5,2,Ford,Rural,4,9,1,Male,Married,51,Policy Holder,Sedan - All Perils,Sedan,40000 to 59000,0,347,10,400,2,more than 30,more than 30,1,more than 7,41 to 50,No,No,External,more than 5,no change,1 vehicle,1994,All Perils
3,3,5,Chevrolet,Rural,3,3,4,Male,Married,80,Policy Holder,Sedan - All Perils,Sedan,30000 to 39000,0,348,5,400,3,more than 30,more than 30,none,more than 7,over 65,No,No,External,more than 5,no change,1 vehicle,1994,All Perils
3,3,6,Honda,Urban,4,3,4,Male,Single,0,Policy Holder,Sedan - All Perils,Sedan,more than 69000,0,349,6,400,2,more than 30,more than 30,1,new,16 to 17,No,No,External,none,no change,1 vehicle,1994,All Perils
11,1,5,VW,Urban,5,11,2,Male,Married,52,Policy Holder,Sedan - All Perils,Sedan,more than 69000,0,350,1,400,1,more than 30,more than 30,1,more than 7,41 to 50,No,No,External,none,no change,1 vehicle,1994,All Perils
11,1,5,Toyota,Urban,5,11,1,Male,Married,36,Policy Holder,Sedan - Liability,Sport,20000 to 29000,0,351,6,400,1,more than 30,more than 30,2 to 4,6 years,36 to 40,No,No,External,none,no change,1 vehicle,1994,Liability
9,5,4,Honda,Urban,3,10,1,Male,Married,67,Third Party,Sedan - All Perils,Sedan,20000 to 29000,0,352,7,400,2,more than 30,more than 30,2 to 4,7 years,over 65,No,No,External,1 to 2,no change,1 vehicle,1994,All Perils
9,1,7,Pontiac,Urban,3,10,2,Female,Single,58,Policy Holder,Sedan - Liability,Sport,20000 to 29000,0,353,15,400,2,more than 30,more than 30,2 to 4,7 years,51 to 65,No,No,External,none,no change,1 vehicle,1994,Liability
3,2,3,Toyota,Urban,1,3,2,Female,Single,31,Policy Holder,Sedan - Collision,Sedan,20000 to 29000,0,354,11,400,4,more than 30,more than 30,1,6 years,31 to 35,No,No,External,1 to 2,no change,1 vehicle,1994,Collision
3,2,2,Chevrolet,Urban,2,3,2,Male,Married,50,Third Party,Sedan - All Perils,Sedan,20000 to 29000,0,355,10,400,2,more than 30,more than 30,2 to 4,more than 7,41 to 50,No,No,External,more than 5,no change,1 vehicle,1994,All Perils
3,2,2,Pontiac,Urban,1,3,3,Male,Married,50,Third Party,Sedan - All Perils,Sedan,30000 to 39000,0,356,7,400,4,more than 30,more than 30,1,more than 7,41 to 50,No,No,External,none,no change,1 vehicle,1994,All Perils
3,2,3,Chevrolet,Urban,3,3,2,Female,Married,55,Policy Holder,Sedan - Liability,Sport,20000 to 29000,0,357,8,400,3,more than 30,more than 30,none,more than 7,41 to 50,No,No,Internal,more than 5,no change,1 vehicle,1994,Liability
3,1,5,Toyota,Rural,7,3,1,Male,Married,36,Policy Holder,Sedan - All Perils,Sedan,less than 20000,0,358,14,500,4,more than 30,more than 30,1,7 years,36 to 40,No,No,External,1 to 2,2 to 3 years,2 vehicles,1994,All Perils
8,1,2,VW,Urban,3,8,1,Male,Single,31,Policy Holder,Sedan - Collision,Sedan,more than 69000,0,359,8,400,4,more than 30,more than 30,none,6 years,31 to 35,No,No,External,none,no change,1 vehicle,1994,Collision
9,1,1,Honda,Urban,4,9,2,Male,Single,23,Policy Holder,Sedan - Collision,Sedan,20000 to 29000,0,360,13,400,3,more than 30,more than 30,1,5 years,26 to 30,No,No,External,more than 5,no change,1 vehicle,1994,Collision
1,1,1,Mazda,Urban,2,1,1,Male,Married,34,Third Party,Sedan - Collision,Sedan,20000 to 29000,0,361,14,400,3,more than 30,more than 30,none,7 years,31 to 35,No,No,External,none,no change,1 vehicle,1994,Collision
5,3,6,Pontiac,Urban,1,5,3,Male,Married,30,Policy Holder,Sedan - Collision,Sedan,30000 to 39000,0,362,1,400,4,more than 30,more than 30,none,6 years,31 to 35,No,No,External,3 to 5,no change,1 vehicle,1994,Collision
2,2,5,Toyota,Rural,5,2,2,Female,Married,45,Third Party,Sedan - Collision,Sedan,20000 to 29000,0,363,8,400,3,more than 30,more than 30,2 to 4,6 years,36 to 40,No,No,External,none,no change,1 vehicle,1994,Collision
6,3,1,Pontiac,Urban,1,10,1,Male,Married,37,Policy Holder,Utility - All Perils,Utility,more than 69000,0,364,11,400,3,more than 30,more than 30,2 to 4,more than 7,36 to 40,No,No,External,1 to 2,no change,1 vehicle,1994,All Perils
6,3,1,Toyota,Urban,3,6,5,Female,Married,35,Third Party,Sedan - Liability,Sport,more than 69000,0,365,3,400,3,more than 30,more than 30,none,7 years,31 to 35,No,No,External,more than 5,1 year,1 vehicle,1994,Liability
4,1,3,Chevrolet,Urban,1,4,2,Male,Married,30,Policy Holder,Utility - All Perils,Utility,more than 69000,0,366,14,400,1,more than 30,more than 30,2 to 4,5 years,31 to 35,No,No,External,none,no change,1 vehicle,1994,All Perils
1,1,1,Pontiac,Urban,3,1,1,Male,Married,50,Policy Holder,Sedan - All Perils,Sedan,20000 to 29000,1,367,8,400,2,more than 30,more than 30,none,7 years,41 to 50,No,No,External,none,under 6 months,1 vehicle,1994,All Perils
5,5,6,Honda,Urban,3,6,3,Male,Married,47,Third Party,Sedan - Collision,Sedan,20000 to 29000,0,368,13,400,1,more than 30,more than 30,1,more than 7,41 to 50,No,No,External,1 to 2,no change,1 vehicle,1994,Collision
6,3,4,Honda,Urban,5,6,3,Female,Single,26,Third Party,Sedan - All Perils,Sedan,less than 20000,0,369,6,400,3,more than 30,more than 30,none,5 years,31 to 35,No,No,External,3 to 5,no change,1 vehicle,1994,All Perils
6,2,1,Honda,Urban,4,6,3,Male,Married,59,Policy Holder,Sedan - Collision,Sedan,20000 to 29000,0,370,8,400,1,more than 30,more than 30,1,more than 7,51 to 65,No,No,External,more than 5,no change,3 to 4,1994,Collision
1,5,1,Mazda,Urban,3,2,1,Male,Married,26,Policy Holder,Sedan - Liability,Sport,30000 to 39000,0,371,14,400,2,more than 30,more than 30,2 to 4,6 years,31 to 35,No,No,External,none,no change,1 vehicle,1994,Liability
3,4,7,Toyota,Urban,5,4,2,Male,Married,51,Policy Holder,Sedan - Collision,Sedan,20000 to 29000,0,372,12,400,2,more than 30,more than 30,2 to 4,more than 7,41 to 50,No,No,External,more than 5,no change,1 vehicle,1994,Collision
9,2,2,Chevrolet,Rural,3,9,3,Male,Married,42,Policy Holder,Sedan - Collision,Sedan,30000 to 39000,0,373,12,700,2,more than 30,more than 30,none,7 years,36 to 40,No,No,External,1 to 2,no change,1 vehicle,1994,Collision
5,4,5,Mazda,Urban,5,5,4,Male,Married,37,Third Party,Sedan - Liability,Sport,20000 to 29000,0,374,14,400,4,more than 30,more than 30,1,7 years,36 to 40,No,No,External,3 to 5,no change,1 vehicle,1994,Liability
3,3,6,Honda,Urban,1,3,3,Male,Single,31,Policy Holder,Sedan - All Perils,Sedan,more than 69000,0,375,10,400,4,more than 30,more than 30,none,6 years,31 to 35,No,No,External,more than 5,no change,1 vehicle,1994,All Perils
3,3,5,Honda,Urban,1,3,4,Female,Single,31,Policy Holder,Sedan - All Perils,Sedan,20000 to 29000,0,376,3,400,3,more than 30,more than 30,none,4 years,31 to 35,No,No,External,none,no change,1 vehicle,1994,All Perils
7,2,5,Mazda,Urban,1,7,2,Male,Single,35,Policy Holder,Sedan - All Perils,Sedan,20000 to 29000,0,377,12,400,4,more than 30,more than 30,none,6 years,31 to 35,No,No,External,more than 5,no change,1 vehicle,1994,All Perils
7,2,7,Toyota,Urban,3,8,5,Female,Single,28,Policy Holder,Sedan - Liability,Sport,20000 to 29000,0,378,12,400,4,more than 30,more than 30,2 to 4,6 years,31 to 35,No,No,External,1 to 2,no change,1 vehicle,1994,Liability
7,1,2,Chevrolet,Urban,2,7,1,Male,Married,26,Policy Holder,Sedan - Liability,Sport,40000 to 59000,0,379,8,400,3,more than 30,more than 30,2 to 4,7 years,31 to 35,No,No,External,none,4 to 8 years,2 vehicles,1994,Liability
8,3,2,Honda,Urban,4,8,3,Male,Married,31,Policy Holder,Sedan - Liability,Sport,30000 to 39000,0,380,3,400,3,more than 30,more than 30,1,6 years,31 to 35,No,No,External,more than 5,no change,1 vehicle,1994,Liability
1,1,1,Ford,Urban,1,1,2,Male,Married,61,Policy Holder,Sedan - Collision,Sedan,40000 to 59000,1,381,6,400,2,more than 30,more than 30,2 to 4,more than 7,51 to 65,No,No,External,3 to 5,no change,1 vehicle,1994,Collision
2,3,3,Honda,Urban,5,2,4,Female,Single,35,Third Party,Sedan - Liability,Sport,20000 to 29000,0,382,4,400,4,more than 30,more than 30,2 to 4,5 years,31 to 35,No,No,External,none,no change,1 vehicle,1994,Liability
11,1,7,Chevrolet,Urban,1,11,1,Female,Single,31,Policy Holder,Sedan - Collision,Sedan,20000 to 29000,0,383,10,400,1,more than 30,more than 30,2 to 4,4 years,31 to 35,No,No,External,1 to 2,no change,1 vehicle,1994,Collision
10,5,5,VW,Urban,5,10,5,Male,Married,69,Third Party,Sedan - All Perils,Sedan,60000 to 69000,0,384,11,400,1,more than 30,more than 30,none,more than 7,over 65,No,No,External,none,no change,1 vehicle,1994,All Perils
10,5,5,Honda,Urban,1,11,2,Male,Married,40,Policy Holder,Sedan - All Perils,Sedan,less than 20000,0,385,7,400,4,1 to 7,more than 30,none,7 years,36 to 40,No,No,External,3 to 5,no change,1 vehicle,1994,All Perils
1,1,2,Honda,Urban,3,1,4,Male,Single,28,Policy Holder,Sedan - All Perils,Sedan,more than 69000,1,386,7,400,3,more than 30,more than 30,none,new,31 to 35,No,No,External,none,no change,1 vehicle,1994,All Perils
1,1,2,VW,Urban,3,3,4,Male,Married,44,Third Party,Sedan - All Perils,Sedan,60000 to 69000,0,387,12,400,2,more than 30,more than 30,1,7 years,36 to 40,No,No,External,none,no change,1 vehicle,1994,All Perils
2,4,7,Toyota,Urban,1,2,4,Male,Married,77,Policy Holder,Sedan - Collision,Sedan,more than 69000,0,388,10,400,3,more than 30,more than 30,none,more than 7,over 65,No,No,External,more than 5,no change,1 vehicle,1994,Collision
1,1,2,Honda,Urban,2,1,1,Male,Single,0,Policy Holder,Sedan - Liability,Sport,more than 69000,0,389,15,400,3,more than 30,more than 30,2 to 4,new,16 to 17,No,No,External,none,no change,1 vehicle,1994,Liability
2,4,6,Pontiac,Urban,1,2,4,Male,Single,29,Policy Holder,Sedan - Liability,Sport,30000 to 39000,0,390,10,400,2,more than 30,more than 30,2 to 4,7 years,31 to 35,No,No,External,1 to 2,no change,1 vehicle,1994,Liability
6,5,3,Chevrolet,Urban,6,7,1,Male,Married,53,Third Party,Sedan - Liability,Sport,60000 to 69000,0,391,8,400,2,more than 30,more than 30,2 to 4,7 years,41 to 50,No,No,External,3 to 5,no change,1 vehicle,1994,Liability
5,1,5,Ford,Rural,1,5,2,Male,Single,29,Third Party,Sedan - Liability,Sport,20000 to 29000,0,392,11,400,3,more than 30,more than 30,2 to 4,6 years,31 to 35,No,No,Internal,1 to 2,no change,1 vehicle,1994,Liability
10,3,4,Chevrolet,Urban,2,10,4,Male,Single,25,Policy Holder,Sedan - Collision,Sedan,20000 to 29000,0,393,15,400,4,more than 30,more than 30,none,4 years,26 to 30,No,No,External,none,no change,1 vehicle,1994,Collision
7,2,4,Chevrolet,Urban,5,7,2,Male,Single,22,Third Party,Sedan - All Perils,Sedan,20000 to 29000,0,394,6,400,2,more than 30,more than 30,2 to 4,4 years,26 to 30,No,No,External,none,no change,1 vehicle,1994,All Perils
4,3,3,Mazda,Urban,4,4,4,Male,Single,28,Policy Holder,Sedan - Collision,Sedan,20000 to 29000,0,395,8,400,3,more than 30,more than 30,1,6 years,31 to 35,No,No,External,1 to 2,no change,1 vehicle,1994,Collision
11,4,2,Honda,Urban,3,11,4,Male,Single,22,Third Party,Sedan - Collision,Sedan,20000 to 29000,0,396,10,400,1,more than 30,more than 30,1,5 years,26 to 30,No,No,External,none,no change,1 vehicle,1994,Collision
8,2,2,Pontiac,Urban,5,8,2,Male,Married,34,Third Party,Sedan - Liability,Sport,20000 to 29000,0,397,7,400,4,more than 30,more than 30,2 to 4,6 years,31 to 35,No,No,External,more than 5,no change,1 vehicle,1994,Liability
8,2,1,Toyota,Urban,4,8,2,Male,Married,30,Policy Holder,Sedan - Liability,Sport,20000 to 29000,0,398,5,400,1,more than 30,more than 30,none,7 years,31 to 35,No,No,External,none,no change,1 vehicle,1994,Liability
3,1,4,Honda,Urban,5,3,1,Male,Married,59,Third Party,Sedan - All Perils,Sedan,20000 to 29000,0,399,5,400,3,more than 30,more than 30,1,more than 7,51 to 65,No,No,External,more than 5,no change,1 vehicle,1994,All Perils
3,1,5,Mazda,Urban,3,3,2,Male,Married,46,Policy Holder,Sedan - Liability,Sport,20000 to 29000,0,400,5,400,4,more than 30,more than 30,more than 4,7 years,41 to 50,No,No,External,none,4 to 8 years,2 vehicles,1994,Liability
3,1,5,Honda,Urban,1,3,2,Female,Married,39,Policy Holder,Sedan - Collision,Sedan,40000 to 59000,0,401,12,400,4,more than 30,more than 30,none,7 years,36 to 40,No,No,External,none,no change,1 vehicle,1994,Collision
6,1,4,Pontiac,Urban,4,6,1,Male,Single,34,Policy Holder,Sedan - Liability,Sport,30000 to 39000,0,402,15,400,2,more than 30,more than 30,more than 4,7 years,31 to 35,No,No,External,none,no change,1 vehicle,1994,Liability
1,1,3,VW,Urban,2,1,3,Male,Married,52,Third Party,Sedan - All Perils,Sedan,more than 69000,0,403,8,400,4,more than 30,more than 30,none,more than 7,41 to 50,No,No,External,none,no change,1 vehicle,1994,All Perils
12,3,4,Honda,Rural,5,12,3,Male,Married,47,Policy Holder,Sedan - All Perils,Sedan,20000 to 29000,0,404,1,700,3,more than 30,more than 30,none,more than 7,41 to 50,No,No,External,1 to 2,no change,1 vehicle,1994,All Perils
7,1,7,Mazda,Urban,1,7,1,Female,Single,26,Policy Holder,Sedan - Collision,Sedan,30000 to 39000,0,405,12,400,2,more than 30,more than 30,none,6 years,31 to 35,No,No,External,3 to 5,no change,1 vehicle,1994,Collision
1,1,3,Accura,Urban,1,1,3,Male,Married,54,Policy Holder,Sedan - All Perils,Sedan,more than 69000,1,406,7,400,4,more than 30,more than 30,more than 4,more than 7,41 to 50,No,No,External,3 to 5,no change,1 vehicle,1994,All Perils
7,1,1,Chevrolet,Urban,4,7,1,Male,Married,32,Policy Holder,Sedan - Liability,Sport,more than 69000,0,407,4,400,3,more than 30,more than 30,more than 4,6 years,31 to 35,No,No,External,1 to 2,no change,1 vehicle,1994,Liability
11,3,4,Pontiac,Urban,1,11,5,Male,Married,28,Policy Holder,Sedan - Collision,Sedan,20000 to 29000,0,408,15,400,2,more than 30,more than 30,more than 4,6 years,31 to 35,Yes,No,External,none,no change,1 vehicle,1994,Collision
11,2,3,Pontiac,Urban,2,11,3,Female,Married,29,Third Party,Sedan - Collision,Sedan,30000 to 39000,1,409,10,500,2,more than 30,more than 30,2 to 4,6 years,31 to 35,No,No,External,none,2 to 3 years,1 vehicle,1994,Collision
5,4,6,Pontiac,Urban,1,5,4,Male,Married,27,Policy Holder,Sedan - Liability,Sport,20000 to 29000,0,410,12,400,1,more than 30,more than 30,2 to 4,6 years,31 to 35,No,No,External,none,no change,1 vehicle,1994,Liability
5,3,5,Pontiac,Urban,5,6,2,Male,Single,36,Policy Holder,Sedan - Liability,Sport,20000 to 29000,0,411,9,400,1,more than 30,more than 30,more than 4,7 years,36 to 40,No,No,External,more than 5,no change,3 to 4,1994,Liability
10,4,1,Mazda,Rural,3,11,2,Male,Married,49,Policy Holder,Utility - All Perils,Utility,more than 69000,0,412,14,400,2,more than 30,more than 30,1,7 years,41 to 50,No,No,External,1 to 2,no change,1 vehicle,1994,All Perils
5,2,4,Pontiac,Urban,5,5,2,Female,Married,33,Policy Holder,Sedan - All Perils,Sedan,less than 20000,0,413,3,400,4,more than 30,more than 30,none,6 years,31 to 35,No,No,External,none,no change,1 vehicle,1994,All Perils
9,2,2,Toyota,Urban,4,9,3,Male,Married,60,Policy Holder,Sedan - Collision,Sedan,20000 to 29000,0,414,7,400,1,more than 30,more than 30,none,7 years,51 to 65,No,No,External,3 to 5,no change,1 vehicle,1994,Collision
9,2,1,Mazda,Urban,3,9,3,Male,Married,34,Third Party,Sedan - All Perils,Sedan,20000 to 29000,0,415,11,400,2,more than 30,more than 30,1,6 years,31 to 35,No,No,External,1 to 2,no change,1 vehicle,1994,All Perils
10,3,5,Pontiac,Urban,5,10,4,Male,Married,32,Policy Holder,Sedan - Collision,Sedan,20000 to 29000,0,416,6,400,1,more than 30,more than 30,2 to 4,6 years,31 to 35,No,No,External,3 to 5,no change,1 vehicle,1994,Collision
10,3,5,Honda,Urban,2,10,3,Male,Single,45,Third Party,Sport - Collision,Sport,more than 69000,0,417,2,400,3,more than 30,more than 30,1,5 years,36 to 40,No,No,External,none,no change,1 vehicle,1994,Collision
5,1,2,Ford,Urban,2,5,1,Male,Married,46,Policy Holder,Sedan - Collision,Sedan,40000 to 59000,0,418,13,400,4,more than 30,more than 30,2 to 4,more than 7,41 to 50,No,No,External,none,no change,1 vehicle,1994,Collision
11,1,3,Toyota,Urban,3,11,4,Male,Single,38,Policy Holder,Sedan - Collision,Sedan,20000 to 29000,0,419,6,400,4,more than 30,more than 30,1,5 years,36 to 40,No,No,External,3 to 5,no change,1 vehicle,1994,Collision
10,3,6,Pontiac,Urban,1,10,3,Female,Single,33,Policy Holder,Sedan - Liability,Sport,20000 to 29000,0,420,2,400,4,more than 30,more than 30,2 to 4,5 years,31 to 35,No,No,External,none,no change,1 vehicle,1994,Liability
2,4,4,Chevrolet,Urban,3,3,1,Female,Married,44,Policy Holder,Sedan - Collision,Sedan,20000 to 29000,0,421,2,400,3,more than 30,more than 30,none,more than 7,36 to 40,No,No,External,none,4 to 8 years,2 vehicles,1994,Collision
12,1,4,Chevrolet,Urban,4,4,4,Male,Married,80,Policy Holder,Utility - Collision,Utility,more than 69000,0,422,3,400,4,more than 30,more than 30,1,more than 7,over 65,No,No,External,none,no change,1 vehicle,1994,Collision
10,4,4,Pontiac,Urban,5,10,4,Male,Married,44,Third Party,Sedan - All Perils,Sedan,20000 to 29000,0,423,15,400,2,more than 30,more than 30,1,6 years,36 to 40,No,No,External,none,no change,1 vehicle,1994,All Perils
1,5,6,Toyota,Urban,2,1,5,Male,Married,33,Policy Holder,Sedan - Collision,Sedan,20000 to 29000,0,424,2,400,2,more than 30,more than 30,2 to 4,6 years,31 to 35,No,No,External,none,no change,1 vehicle,1994,Collision
1,4,5,Honda,Urban,1,2,1,Male,Single,29,Third Party,Sedan - All Perils,Sedan,30000 to 39000,0,425,3,400,3,more than 30,more than 30,1,6 years,31 to 35,No,No,External,none,no change,1 vehicle,1994,All Perils
10,2,2,Ford,Urban,2,10,3,Male,Married,47,Policy Holder,Sedan - Collision,Sedan,30000 to 39000,0,426,9,400,2,more than 30,more than 30,2 to 4,more than 7,41 to 50,No,No,External,more than 5,no change,1 vehicle,1994,Collision
12,2,4,Toyota,Urban,5,12,2,Male,Married,51,Third Party,Sedan - Collision,Sedan,less than 20000,0,427,13,400,3,more than 30,more than 30,1,more than 7,41 to 50,Yes,No,External,more than 5,no change,1 vehicle,1994,Collision
9,1,6,Honda,Urban,1,9,3,Male,Married,43,Policy Holder,Sedan - Liability,Sport,20000 to 29000,0,428,7,400,2,more than 30,more than 30,1,7 years,36 to 40,No,No,External,3 to 5,no change,1 vehicle,1994,Liability
3,4,6,Toyota,Urban,5,4,1,Female,Single,29,Policy Holder,Sedan - All Perils,Sedan,less than 20000,0,429,11,400,1,more than 30,more than 30,none,6 years,31 to 35,No,No,External,1 to 2,no change,more than 8,1994,All Perils
12,4,7,Pontiac,Urban,3,12,5,Male,Single,28,Policy Holder,Sedan - Liability,Sport,20000 to 29000,0,430,11,400,4,more than 30,more than 30,2 to 4,6 years,31 to 35,No,No,External,3 to 5,no change,1 vehicle,1994,Liability
2,1,5,Chevrolet,Urban,2,2,2,Male,Married,48,Policy Holder,Sedan - Collision,Sedan,20000 to 29000,0,431,5,400,1,more than 30,more than 30,none,more than 7,41 to 50,No,No,External,3 to 5,no change,1 vehicle,1994,Collision
7,4,5,Mercury,Rural,1,8,2,Male,Married,41,Policy Holder,Sedan - Collision,Sedan,more than 69000,0,432,7,400,3,more than 30,more than 30,2 to 4,3 years,36 to 40,No,No,External,1 to 2,no change,1 vehicle,1994,Collision
6,3,2,Toyota,Rural,3,6,4,Male,Married,28,Policy Holder,Sedan - Liability,Sport,30000 to 39000,0,433,7,400,2,more than 30,more than 30,more than 4,7 years,31 to 35,No,No,External,more than 5,no change,1 vehicle,1994,Liability
6,3,7,Toyota,Rural,3,7,2,Male,Married,50,Policy Holder,Sedan - Collision,Sedan,20000 to 29000,0,434,2,400,2,more than 30,more than 30,none,more than 7,41 to 50,No,No,External,none,no change,1 vehicle,1994,Collision
4,3,2,Honda,Urban,2,4,3,Male,Single,0,Policy Holder,Sedan - Liability,Sport,more than 69000,0,435,4,400,2,more than 30,more than 30,2 to 4,new,16 to 17,No,No,External,none,no change,1 vehicle,1994,Liability
4,3,2,Pontiac,Rural,2,5,1,Male,Married,46,Policy Holder,Sedan - All Perils,Sedan,30000 to 39000,0,436,1,400,2,more than 30,more than 30,2 to 4,more than 7,41 to 50,No,No,External,none,no change,1 vehicle,1994,All Perils
4,3,5,Pontiac,Urban,4,4,4,Male,Married,45,Policy Holder,Sedan - All Perils,Sedan,30000 to 39000,0,437,6,400,4,more than 30,more than 30,2 to 4,7 years,36 to 40,No,No,External,3 to 5,no change,1 vehicle,1994,All Perils
4,3,4,Chevrolet,Urban,4,4,3,Male,Married,65,Policy Holder,Sedan - All Perils,Sedan,30000 to 39000,0,438,9,400,3,more than 30,more than 30,none,more than 7,51 to 65,No,No,External,1 to 2,no change,1 vehicle,1994,All Perils
4,2,2,Honda,Urban,3,4,2,Male,Married,28,Policy Holder,Sedan - Liability,Sport,20000 to 29000,0,439,1,400,1,more than 30,more than 30,more than 4,7 years,31 to 35,No,No,External,1 to 2,no change,1 vehicle,1994,Liability
2,2,4,Honda,Urban,5,3,1,Male,Married,67,Policy Holder,Sedan - Collision,Sedan,20000 to 29000,0,440,16,400,4,more than 30,more than 30,none,more than 7,over 65,No,No,External,none,no change,1 vehicle,1994,Collision
8,1,6,Pontiac,Urban,4,8,2,Male,Single,30,Third Party,Sedan - Collision,Sedan,20000 to 29000,0,441,14,400,1,more than 30,more than 30,2 to 4,5 years,31 to 35,No,No,External,more than 5,no change,1 vehicle,1994,Collision
1,1,4,Honda,Urban,2,1,2,Male,Single,0,Third Party,Sedan - Collision,Sedan,more than 69000,0,442,10,400,4,more than 30,more than 30,none,new,16 to 17,No,No,External,none,4 to 8 years,2 vehicles,1994,Collision
11,1,6,Chevrolet,Urban,5,11,2,Female,Single,50,Third Party,Sedan - Collision,Sedan,20000 to 29000,0,443,2,400,2,more than 30,more than 30,2 to 4,7 years,41 to 50,No,No,External,more than 5,no change,1 vehicle,1994,Collision
7,3,2,Mazda,Urban,3,8,1,Male,Single,29,Third Party,Sedan - All Perils,Sedan,less than 20000,0,444,15,400,1,more than 30,more than 30,none,6 years,31 to 35,No,No,External,none,no change,1 vehicle,1994,All Perils
5,3,3,Toyota,Urban,1,6,1,Male,Single,39,Policy Holder,Sedan - Liability,Sport,20000 to 29000,0,445,15,400,3,more than 30,more than 30,none,7 years,36 to 40,No,No,External,1 to 2,no change,1 vehicle,1994,Liability
2,4,7,Pontiac,Urban,5,3,1,Female,Married,47,Third Party,Sedan - Collision,Sedan,30000 to 39000,0,446,16,400,2,more than 30,more than 30,2 to 4,7 years,41 to 50,No,No,External,more than 5,no change,1 vehicle,1994,Collision
2,4,6,Honda,Urban,1,2,5,Male,Single,21,Third Party,Sedan - Liability,Sport,20000 to 29000,0,447,4,400,4,more than 30,more than 30,1,5 years,26 to 30,No,No,External,none,no change,1 vehicle,1994,Liability
2,4,4,Toyota,Urban,4,2,4,Female,Single,34,Policy Holder,Sedan - Liability,Sport,20000 to 29000,0,448,8,400,1,more than 30,more than 30,more than 4,6 years,31 to 35,No,No,External,3 to 5,no change,1 vehicle,1994,Liability
11,1,4,Toyota,Urban,4,11,1,Male,Married,32,Policy Holder,Sedan - All Perils,Sedan,20000 to 29000,0,449,13,400,2,more than 30,more than 30,none,6 years,31 to 35,No,No,External,none,no change,1 vehicle,1994,All Perils
1,2,5,Honda,Rural,3,1,2,Female,Single,31,Policy Holder,Sedan - All Perils,Sedan,less than 20000,1,450,4,400,1,more than 30,more than 30,1,5 years,31 to 35,No,No,External,none,no change,1 vehicle,1994,All Perils
11,1,3,Pontiac,Urban,5,11,2,Male,Married,29,Policy Holder,Sedan - Liability,Sport,20000 to 29000,0,451,8,400,1,more than 30,more than 30,2 to 4,7 years,31 to 35,No,No,External,3 to 5,no change,1 vehicle,1994,Liability
6,5,5,Mazda,Urban,3,7,1,Female,Single,32,Third Party,Sedan - All Perils,Sedan,20000 to 29000,0,452,13,400,3,more than 30,more than 30,none,6 years,31 to 35,No,No,External,3 to 5,no change,3 to 4,1994,All Perils
5,4,1,Mazda,Urban,1,5,4,Male,Married,43,Policy Holder,Sedan - Liability,Sport,30000 to 39000,0,453,3,400,2,more than 30,more than 30,more than 4,6 years,36 to 40,No,No,External,more than 5,no change,1 vehicle,1994,Liability
3,4,4,Chevrolet,Urban,4,3,4,Male,Single,60,Policy Holder,Sedan - Liability,Sport,40000 to 59000,0,454,3,400,4,more than 30,more than 30,2 to 4,more than 7,51 to 65,No,No,External,1 to 2,no change,1 vehicle,1994,Liability
9,4,2,Pontiac,Urban,4,9,5,Male,Married,35,Policy Holder,Sedan - All Perils,Sedan,30000 to 39000,0,455,6,400,1,more than 30,more than 30,2 to 4,6 years,31 to 35,No,No,External,none,no change,1 vehicle,1994,All Perils
9,5,3,Honda,Urban,3,10,1,Male,Married,30,Third Party,Sedan - Collision,Sedan,20000 to 29000,0,456,9,400,1,more than 30,more than 30,none,6 years,31 to 35,No,No,External,none,1 year,1 vehicle,1994,Collision
1,5,1,Pontiac,Urban,3,2,1,Male,Married,42,Policy Holder,Sedan - All Perils,Sedan,20000 to 29000,0,457,8,400,4,more than 30,more than 30,1,more than 7,36 to 40,No,No,External,none,no change,1 vehicle,1994,All Perils
1,2,5,Toyota,Urban,1,1,4,Male,Married,38,Third Party,Sedan - Collision,Sedan,20000 to 29000,0,458,8,400,1,more than 30,more than 30,more than 4,7 years,36 to 40,No,No,External,none,no change,1 vehicle,1994,Collision
10,5,1,Toyota,Urban,3,11,1,Male,Married,46,Policy Holder,Sedan - Collision,Sedan,20000 to 29000,0,459,3,400,2,more than 30,more than 30,more than 4,more than 7,41 to 50,No,No,External,more than 5,no change,1 vehicle,1994,Collision
3,4,7,Mazda,Urban,2,3,5,Male,Married,28,Policy Holder,Sedan - Collision,Sedan,20000 to 29000,0,460,15,500,4,more than 30,more than 30,more than 4,6 years,31 to 35,No,No,External,3 to 5,2 to 3 years,1 vehicle,1994,Collision
3,4,6,Honda,Urban,1,3,4,Female,Married,73,Policy Holder,Sedan - All Perils,Sedan,20000 to 29000,0,461,15,400,2,more than 30,more than 30,none,more than 7,over 65,No,No,External,more than 5,no change,1 vehicle,1994,All Perils
3,1,7,Toyota,Urban,2,3,2,Female,Married,25,Third Party,Sedan - Collision,Sedan,20000 to 29000,0,462,12,400,4,more than 30,more than 30,none,2 years,26 to 30,No,No,External,more than 5,no change,1 vehicle,1994,Collision
9,3,2,Accura,Urban,3,9,4,Male,Married,39,Policy Holder,Sedan - Liability,Sport,40000 to 59000,0,463,13,400,1,more than 30,more than 30,more than 4,7 years,36 to 40,No,No,External,none,4 to 8 years,2 vehicles,1994,Liability
6,2,5,VW,Urban,5,7,2,Male,Single,47,Policy Holder,Sedan - Liability,Sport,40000 to 59000,0,464,1,400,3,more than 30,more than 30,2 to 4,more than 7,41 to 50,No,No,External,more than 5,no change,1 vehicle,1994,Liability
5,5,2,Toyota,Rural,3,6,1,Male,Single,25,Third Party,Sedan - Collision,Sedan,20000 to 29000,0,465,11,400,1,more than 30,more than 30,1,5 years,26 to 30,No,No,External,none,no change,1 vehicle,1994,Collision
5,4,2,Honda,Urban,1,8,4,Female,Single,29,Third Party,Sedan - All Perils,Sedan,20000 to 29000,0,466,11,400,4,more than 30,more than 30,none,6 years,31 to 35,No,No,External,none,no change,1 vehicle,1994,All Perils
1,5,5,Mazda,Urban,2,2,3,Male,Single,37,Policy Holder,Sedan - Liability,Sport,20000 to 29000,0,467,11,400,2,more than 30,more than 30,2 to 4,7 years,36 to 40,No,No,External,3 to 5,no change,1 vehicle,1994,Liability
4,1,6,Honda,Urban,2,4,2,Male,Married,52,Policy Holder,Sedan - Collision,Sedan,20000 to 29000,0,468,12,400,3,more than 30,more than 30,none,more than 7,41 to 50,No,No,External,none,no change,1 vehicle,1994,Collision
2,1,6,Accura,Urban,1,2,2,Male,Married,26,Policy Holder,Sedan - All Perils,Sedan,more than 69000,0,469,1,400,2,more than 30,more than 30,2 to 4,7 years,31 to 35,No,No,External,1 to 2,no change,1 vehicle,1994,All Perils
3,2,5,Ford,Urban,5,3,2,Male,Married,64,Policy Holder,Sedan - All Perils,Sedan,less than 20000,0,470,6,400,4,more than 30,more than 30,2 to 4,7 years,51 to 65,No,No,External,1 to 2,no change,1 vehicle,1994,All Perils
3,1,6,Mazda,Urban,3,3,3,Male,Single,28,Policy Holder,Sedan - Liability,Sport,20000 to 29000,0,471,5,400,3,more than 30,more than 30,more than 4,6 years,31 to 35,No,No,External,1 to 2,no change,1 vehicle,1994,Liability
3,2,2,Pontiac,Urban,4,3,2,Male,Married,50,Policy Holder,Sedan - Liability,Sport,20000 to 29000,0,472,11,400,4,more than 30,more than 30,2 to 4,more than 7,41 to 50,No,No,External,more than 5,no change,1 vehicle,1994,Liability
2,4,3,Chevrolet,Urban,1,3,2,Male,Married,52,Policy Holder,Utility - All Perils,Utility,more than 69000,0,473,11,400,1,more than 30,more than 30,2 to 4,more than 7,41 to 50,No,No,External,more than 5,no change,1 vehicle,1994,All Perils
2,4,2,Toyota,Urban,5,3,3,Male,Single,30,Policy Holder,Sedan - All Perils,Sedan,20000 to 29000,0,474,13,400,3,more than 30,more than 30,2 to 4,5 years,31 to 35,No,No,External,3 to 5,no change,1 vehicle,1994,All Perils
2,3,1,Mazda,Urban,5,2,4,Male,Married,41,Policy Holder,Sedan - Liability,Sport,30000 to 39000,0,475,13,400,3,more than 30,more than 30,2 to 4,7 years,36 to 40,No,No,External,none,no change,1 vehicle,1994,Liability
9,5,5,Ford,Urban,2,10,2,Male,Married,51,Third Party,Sedan - Collision,Sedan,40000 to 59000,0,476,5,400,4,more than 30,more than 30,2 to 4,more than 7,41 to 50,No,No,External,none,no change,1 vehicle,1994,Collision
5,1,3,Pontiac,Urban,3,5,2,Male,Single,22,Third Party,Sedan - Collision,Sedan,20000 to 29000,0,477,5,400,3,more than 30,more than 30,2 to 4,5 years,26 to 30,No,No,External,none,no change,1 vehicle,1994,Collision
4,5,7,Ford,Urban,4,5,4,Male,Married,37,Third Party,Sedan - All Perils,Sedan,40000 to 59000,0,478,15,400,3,more than 30,more than 30,2 to 4,7 years,36 to 40,No,No,External,none,no change,1 vehicle,1994,All Perils
4,3,6,Mazda,Urban,2,4,3,Male,Married,57,Policy Holder,Sedan - Liability,Sport,30000 to 39000,0,479,6,400,3,more than 30,more than 30,more than 4,more than 7,51 to 65,No,No,External,none,no change,1 vehicle,1994,Liability
8,3,3,Pontiac,Urban,4,8,3,Male,Married,33,Policy Holder,Sedan - Collision,Sedan,30000 to 39000,0,480,11,400,3,more than 30,more than 30,2 to 4,7 years,31 to 35,No,No,External,more than 5,no change,1 vehicle,1994,Collision
10,4,2,Pontiac,Rural,3,11,1,Male,Married,55,Policy Holder,Sedan - Collision,Sedan,30000 to 39000,0,481,10,400,1,more than 30,more than 30,2 to 4,more than 7,41 to 50,No,No,External,none,no change,1 vehicle,1994,Collision
10,3,1,VW,Urban,2,10,3,Female,Married,51,Policy Holder,Sedan - Collision,Sedan,40000 to 59000,0,482,5,400,1,more than 30,more than 30,1,more than 7,41 to 50,No,No,External,none,no change,1 vehicle,1994,Collision
1,2,5,Pontiac,Urban,2,1,3,Male,Married,27,Third Party,Sedan - All Perils,Sedan,30000 to 39000,0,483,2,400,1,more than 30,more than 30,none,5 years,31 to 35,No,No,External,none,no change,1 vehicle,1994,All Perils
2,4,4,Chevrolet,Urban,3,3,2,Male,Single,27,Third Party,Sedan - Liability,Sport,30000 to 39000,0,484,8,400,3,more than 30,more than 30,none,6 years,31 to 35,No,No,External,more than 5,4 to 8 years,2 vehicles,1994,Liability
7,5,5,Pontiac,Urban,3,8,1,Male,Married,30,Third Party,Sedan - Collision,Sedan,20000 to 29000,0,485,5,400,1,more than 30,more than 30,none,6 years,31 to 35,No,No,External,none,no change,1 vehicle,1994,Collision
6,5,3,Chevrolet,Rural,1,7,1,Male,Married,37,Third Party,Sedan - All Perils,Sedan,40000 to 59000,0,486,3,400,4,more than 30,more than 30,2 to 4,more than 7,36 to 40,No,No,External,1 to 2,no change,1 vehicle,1994,All Perils
6,4,6,Pontiac,Urban,5,7,3,Male,Married,53,Policy Holder,Sedan - All Perils,Sedan,less than 20000,0,487,6,400,3,more than 30,more than 30,1,more than 7,41 to 50,No,No,External,none,no change,1 vehicle,1994,All Perils
6,1,6,Toyota,Rural,2,6,2,Male,Single,23,Policy Holder,Sedan - Collision,Sedan,30000 to 39000,0,488,1,400,2,more than 30,more than 30,1,6 years,26 to 30,No,No,External,1 to 2,no change,1 vehicle,1994,Collision
1,2,5,Honda,Urban,4,1,2,Male,Single,0,Third Party,Sedan - All Perils,Sedan,more than 69000,0,489,16,400,4,more than 30,more than 30,1,new,16 to 17,No,No,External,none,no change,1 vehicle,1994,All Perils
10,2,1,Accura,Urban,2,10,2,Male,Married,45,Policy Holder,Sedan - Collision,Sedan,20000 to 29000,0,490,5,400,4,more than 30,more than 30,none,7 years,36 to 40,No,No,External,none,no change,1 vehicle,1994,Collision
6,3,4,Honda,Urban,4,6,4,Male,Single,24,Policy Holder,Sedan - Collision,Sedan,20000 to 29000,0,491,5,400,4,more than 30,more than 30,2 to 4,4 years,26 to 30,No,No,External,none,no change,1 vehicle,1994,Collision
6,3,3,Mazda,Urban,6,7,1,Male,Single,28,Third Party,Sedan - Collision,Sedan,20000 to 29000,0,492,5,400,3,more than 30,more than 30,none,6 years,31 to 35,No,No,External,none,no change,1 vehicle,1994,Collision
5,2,1,Toyota,Urban,2,11,2,Male,Married,55,Policy Holder,Sedan - Collision,Sedan,20000 to 29000,0,493,2,400,2,more than 30,more than 30,2 to 4,7 years,41 to 50,Yes,No,External,more than 5,no change,1 vehicle,1994,Collision
3,3,2,Honda,Urban,3,3,3,Male,Single,0,Third Party,Sedan - All Perils,Sedan,more than 69000,0,494,7,400,4,more than 30,more than 30,none,new,16 to 17,No,No,External,none,no change,1 vehicle,1994,All Perils
10,1,1,Honda,Urban,1,10,4,Male,Married,32,Policy Holder,Sedan - Liability,Sport,20000 to 29000,0,495,13,400,4,more than 30,more than 30,2 to 4,7 years,31 to 35,No,No,External,1 to 2,no change,1 vehicle,1994,Liability
6,2,7,Honda,Urban,1,6,2,Male,Single,21,Third Party,Sedan - All Perils,Sedan,20000 to 29000,0,496,4,400,3,more than 30,more than 30,2 to 4,5 years,26 to 30,No,No,External,1 to 2,no change,1 vehicle,1994,All Perils
3,4,2,Mazda,Rural,2,3,5,Male,Married,46,Policy Holder,Sedan - Liability,Sport,20000 to 29000,0,497,3,400,4,more than 30,more than 30,more than 4,6 years,41 to 50,No,No,External,none,no change,1 vehicle,1994,Liability
10,3,4,Mazda,Urban,1,10,4,Male,Married,49,Policy Holder,Sedan - Collision,Sedan,30000 to 39000,0,498,15,400,4,more than 30,more than 30,2 to 4,more than 7,41 to 50,No,No,External,none,no change,1 vehicle,1994,Collision
10,3,3,Pontiac,Urban,4,10,3,Male,Married,45,Policy Holder,Sedan - Collision,Sedan,less than 20000,0,499,11,400,3,more than 30,more than 30,1,7 years,36 to 40,No,No,External,none,no change,1 vehicle,1994,Collision
10,3,3,Mazda,Urban,3,10,3,Male,Married,45,Policy Holder,Sedan - Collision,Sedan,20000 to 29000,0,500,12,400,1,more than 30,more than 30,none,more than 7,36 to 40,No,No,External,none,no change,1 vehicle,1994,Collision
8,3,2,Pontiac,Urban,5,8,3,Male,Married,48,Third Party,Sedan - Collision,Sedan,20000 to 29000,0,501,3,400,1,more than 30,more than 30,none,7 years,41 to 50,No,No,External,more than 5,no change,1 vehicle,1994,Collision
4,2,5,Chevrolet,Urban,3,4,2,Male,Married,43,Policy Holder,Sedan - Collision,Sedan,20000 to 29000,0,502,2,400,3,more than 30,more than 30,none,more than 7,36 to 40,No,No,External,1 to 2,no change,1 vehicle,1994,Collision
4,2,6,Honda,Urban,1,4,3,Male,Single,35,Policy Holder,Sport - Collision,Sport,more than 69000,0,503,9,400,4,more than 30,more than 30,none,7 years,31 to 35,No,No,External,none,no change,1 vehicle,1994,Collision
1,2,6,Pontiac,Rural,4,1,2,Male,Married,74,Policy Holder,Sedan - All Perils,Sedan,20000 to 29000,1,504,10,400,1,more than 30,more than 30,none,more than 7,over 65,No,No,External,none,no change,1 vehicle,1994,All Perils
3,2,7,Toyota,Urban,1,3,3,Male,Married,32,Third Party,Sedan - Collision,Sedan,more than 69000,0,505,3,400,2,more than 30,more than 30,none,7 years,31 to 35,No,No,External,1 to 2,4 to 8 years,2 vehicles,1994,Collision
3,2,7,Toyota,Urban,1,3,3,Male,Single,24,Policy Holder,Sedan - Liability,Sport,20000 to 29000,0,506,2,400,2,more than 30,more than 30,1,5 years,26 to 30,No,No,External,3 to 5,no change,1 vehicle,1994,Liability
3,1,4,Toyota,Urban,4,3,1,Male,Single,30,Third Party,Sedan - Liability,Sport,30000 to 39000,0,507,13,400,1,more than 30,more than 30,2 to 4,6 years,31 to 35,No,No,External,more than 5,no change,1 vehicle,1994,Liability
3,1,2,Toyota,Urban,4,3,1,Male,Married,42,Third Party,Sedan - All Perils,Sedan,less than 20000,0,508,5,400,2,more than 30,more than 30,none,more than 7,36 to 40,No,No,External,none,no change,1 vehicle,1994,All Perils
1,2,7,Toyota,Rural,4,1,3,Male,Single,36,Policy Holder,Sedan - All Perils,Sedan,less than 20000,1,509,1,400,4,more than 30,more than 30,none,6 years,36 to 40,No,No,External,none,no change,1 vehicle,1994,All Perils
1,2,7,Ford,Rural,2,1,2,Male,Married,39,Third Party,Sedan - Liability,Sport,40000 to 59000,0,510,12,400,3,more than 30,more than 30,more than 4,more than 7,36 to 40,No,No,Internal,3 to 5,no change,1 vehicle,1994,Liability
2,3,6,Toyota,Urban,1,2,3,Male,Single,22,Policy Holder,Sedan - All Perils,Sedan,20000 to 29000,0,511,12,400,2,more than 30,more than 30,more than 4,3 years,26 to 30,No,No,External,1 to 2,2 to 3 years,1 vehicle,1994,All Perils
2,3,5,Toyota,Urban,3,2,4,Female,Married,46,Policy Holder,Sedan - Liability,Sport,30000 to 39000,0,512,13,400,1,more than 30,more than 30,2 to 4,more than 7,41 to 50,No,No,External,more than 5,no change,1 vehicle,1994,Liability
2,3,4,Pontiac,Rural,5,2,3,Male,Married,30,Third Party,Sedan - Collision,Sedan,20000 to 29000,0,513,2,400,3,more than 30,more than 30,2 to 4,6 years,31 to 35,No,No,External,3 to 5,no change,1 vehicle,1994,Collision
2,3,5,Toyota,Urban,5,2,3,Male,Married,58,Policy Holder,Sedan - Liability,Sport,30000 to 39000,0,514,7,400,4,more than 30,more than 30,more than 4,more than 7,51 to 65,No,No,External,3 to 5,no change,1 vehicle,1994,Liability
4,1,6,Honda,Urban,1,4,1,Male,Married,46,Third Party,Sedan - Liability,Sport,20000 to 29000,0,515,14,400,1,more than 30,more than 30,more than 4,7 years,41 to 50,No,No,External,1 to 2,no change,1 vehicle,1994,Liability
4,1,6,Pontiac,Urban,3,4,1,Male,Married,71,Policy Holder,Sedan - All Perils,Sedan,20000 to 29000,0,516,12,400,4,more than 30,more than 30,2 to 4,7 years,over 65,No,No,External,more than 5,no change,1 vehicle,1994,All Perils
2,4,1,Pontiac,Urban,2,2,4,Male,Single,42,Policy Holder,Sedan - Collision,Sedan,30000 to 39000,0,517,11,400,1,more than 30,more than 30,2 to 4,6 years,36 to 40,No,No,External,none,no change,1 vehicle,1994,Collision
2,1,4,Pontiac,Rural,5,2,1,Male,Married,52,Policy Holder,Sedan - Collision,Sedan,20000 to 29000,0,518,13,400,4,more than 30,more than 30,none,more than 7,41 to 50,No,No,External,more than 5,no change,1 vehicle,1994,Collision
2,1,2,Pontiac,Urban,2,2,1,Male,Married,53,Policy Holder,Sedan - Liability,Sport,20000 to 29000,0,519,3,400,3,more than 30,more than 30,2 to 4,more than 7,41 to 50,No,No,External,none,no change,1 vehicle,1994,Liability
1,4,1,Toyota,Rural,4,2,4,Male,Married,58,Policy Holder,Sedan - Collision,Sedan,less than 20000,0,520,8,400,4,more than 30,more than 30,1,more than 7,51 to 65,No,No,External,none,no change,1 vehicle,1994,Collision
1,4,4,Pontiac,Urban,5,1,5,Male,Married,33,Third Party,Sedan - All Perils,Sedan,less than 20000,0,521,5,400,1,more than 30,more than 30,none,7 years,31 to 35,No,No,External,more than 5,no change,1 vehicle,1994,All Perils
1,5,5,Honda,Urban,5,1,5,Male,Single,0,Policy Holder,Sedan - Liability,Sport,more than 69000,0,522,15,400,2,more than 30,more than 30,none,new,16 to 17,No,No,External,none,no change,1 vehicle,1994,Liability
1,2,1,Chevrolet,Urban,2,1,4,Male,Married,37,Policy Holder,Sedan - Liability,Sport,20000 to 29000,1,523,13,400,2,more than 30,more than 30,2 to 4,more than 7,36 to 40,No,No,External,1 to 2,no change,1 vehicle,1994,Liability
2,1,3,Chevrolet,Urban,3,2,1,Male,Married,53,Policy Holder,Sedan - Collision,Sedan,30000 to 39000,0,524,14,400,3,more than 30,more than 30,1,more than 7,41 to 50,No,No,External,none,no change,1 vehicle,1994,Collision
2,1,5,Mazda,Urban,5,2,1,Female,Married,41,Policy Holder,Sedan - Liability,Sport,20000 to 29000,0,525,3,400,2,more than 30,more than 30,none,7 years,36 to 40,No,No,External,more than 5,no change,1 vehicle,1994,Liability
2,2,1,Mazda,Urban,2,2,2,Male,Married,51,Policy Holder,Sedan - Collision,Sedan,less than 20000,0,526,11,400,2,more than 30,more than 30,none,more than 7,41 to 50,No,No,External,1 to 2,4 to 8 years,2 vehicles,1994,Collision
2,2,3,Honda,Urban,5,2,2,Male,Married,41,Third Party,Sedan - Collision,Sedan,less than 20000,0,527,10,400,1,more than 30,more than 30,none,7 years,36 to 40,No,No,External,none,no change,1 vehicle,1994,Collision
2,2,6,Honda,Urban,3,2,3,Male,Married,34,Third Party,Sedan - All Perils,Sedan,20000 to 29000,0,528,13,400,1,more than 30,more than 30,1,5 years,31 to 35,No,No,External,none,no change,1 vehicle,1994,All Perils
1,2,1,Mazda,Rural,2,1,2,Male,Married,39,Policy Holder,Sedan - Collision,Sedan,40000 to 59000,1,529,15,400,4,more than 30,more than 30,1,7 years,36 to 40,No,No,External,3 to 5,no change,1 vehicle,1994,Collision
1,2,4,Ford,Urban,4,1,4,Male,Married,49,Policy Holder,Sedan - Liability,Sport,40000 to 59000,0,530,16,400,4,more than 30,more than 30,more than 4,more than 7,41 to 50,No,No,External,none,no change,1 vehicle,1994,Liability
2,1,5,Pontiac,Urban,2,2,2,Male,Single,30,Policy Holder,Sedan - Liability,Sport,30000 to 39000,0,531,7,400,4,more than 30,more than 30,1,6 years,31 to 35,No,No,External,more than 5,no change,1 vehicle,1994,Liability
2,1,6,Toyota,Urban,2,2,2,Male,Married,61,Policy Holder,Sedan - Collision,Sedan,20000 to 29000,0,532,2,400,1,more than 30,more than 30,none,more than 7,51 to 65,No,No,External,1 to 2,no change,1 vehicle,1994,Collision
2,2,3,Pontiac,Urban,5,2,3,Male,Married,51,Third Party,Sedan - All Perils,Sedan,20000 to 29000,0,533,1,400,4,more than 30,more than 30,none,more than 7,41 to 50,No,No,External,none,no change,1 vehicle,1994,All Perils
1,2,1,Pontiac,Urban,5,1,3,Male,Married,33,Policy Holder,Sedan - Collision,Sedan,20000 to 29000,1,534,7,400,3,more than 30,more than 30,2 to 4,5 years,31 to 35,No,No,External,1 to 2,no change,3 to 4,1994,Collision
2,2,7,Pontiac,Urban,1,2,2,Male,Married,80,Third Party,Sedan - All Perils,Sedan,less than 20000,0,535,8,400,2,more than 30,more than 30,1,more than 7,over 65,No,No,External,3 to 5,no change,1 vehicle,1994,All Perils
2,3,6,Pontiac,Urban,1,3,2,Male,Married,61,Policy Holder,Sedan - Collision,Sedan,20000 to 29000,0,536,1,400,4,more than 30,more than 30,2 to 4,more than 7,51 to 65,No,No,External,1 to 2,no change,1 vehicle,1994,Collision
1,2,1,Chevrolet,Urban,3,1,3,Male,Married,33,Policy Holder,Sedan - Collision,Sedan,20000 to 29000,1,537,13,400,1,more than 30,more than 30,none,7 years,31 to 35,No,No,External,none,no change,1 vehicle,1994,Collision
2,3,1,Saab,Urban,1,2,3,Male,Single,31,Policy Holder,Sedan - Collision,Sedan,30000 to 39000,0,538,13,400,4,more than 30,more than 30,none,7 years,31 to 35,No,No,External,1 to 2,no change,1 vehicle,1994,Collision
1,2,1,Honda,Urban,3,1,2,Male,Married,37,Policy Holder,Sedan - All Perils,Sedan,20000 to 29000,1,539,5,400,2,more than 30,more than 30,none,7 years,36 to 40,No,No,External,none,no change,1 vehicle,1994,All Perils
2,4,6,Chevrolet,Urban,3,3,2,Male,Married,57,Policy Holder,Sedan - Collision,Sedan,20000 to 29000,0,540,11,400,3,more than 30,more than 30,2 to 4,7 years,51 to 65,No,No,External,none,no change,1 vehicle,1994,Collision
2,4,1,Chevrolet,Urban,5,3,1,Female,Single,32,Policy Holder,Sedan - All Perils,Sedan,20000 to 29000,0,541,8,400,2,more than 30,more than 30,1,6 years,31 to 35,No,No,External,more than 5,no change,1 vehicle,1994,All Perils
2,4,5,Chevrolet,Urban,5,2,4,Male,Married,55,Policy Holder,Sedan - Collision,Sedan,30000 to 39000,0,542,4,400,3,more than 30,more than 30,2 to 4,7 years,41 to 50,No,No,External,1 to 2,no change,1 vehicle,1994,Collision
1,2,2,Honda,Urban,5,1,4,Male,Single,0,Policy Holder,Sedan - All Perils,Sedan,more than 69000,1,543,12,400,4,more than 30,more than 30,none,new,16 to 17,No,No,External,none,no change,1 vehicle,1994,All Perils
2,3,2,Pontiac,Urban,5,3,4,Male,Married,38,Policy Holder,Sedan - Liability,Sport,20000 to 29000,0,544,10,400,4,more than 30,more than 30,2 to 4,7 years,36 to 40,No,No,External,3 to 5,no change,1 vehicle,1994,Liability
1,5,2,Chevrolet,Urban,5,3,2,Male,Married,49,Policy Holder,Utility - All Perils,Utility,more than 69000,0,545,9,400,3,more than 30,more than 30,1,more than 7,41 to 50,No,No,External,more than 5,no change,1 vehicle,1994,All Perils
2,5,1,Toyota,Urban,4,3,2,Male,Married,50,Third Party,Sedan - Collision,Sedan,20000 to 29000,0,546,6,400,2,more than 30,more than 30,none,more than 7,41 to 50,No,No,External,none,no change,1 vehicle,1994,Collision
2,4,1,Chevrolet,Urban,4,3,1,Male,Married,48,Third Party,Sedan - Collision,Sedan,30000 to 39000,0,547,5,400,1,more than 30,more than 30,2 to 4,more than 7,41 to 50,No,No,External,none,1 year,2 vehicles,1994,Collision
2,3,6,Toyota,Urban,4,3,2,Male,Married,26,Policy Holder,Sedan - All Perils,Sedan,less than 20000,0,548,7,400,1,more than 30,more than 30,1,6 years,31 to 35,No,No,External,3 to 5,no change,1 vehicle,1994,All Perils
2,3,6,Toyota,Urban,5,4,1,Male,Married,46,Policy Holder,Sedan - Liability,Sport,30000 to 39000,0,549,8,400,1,more than 30,more than 30,2 to 4,more than 7,41 to 50,No,No,External,3 to 5,no change,1 vehicle,1994,Liability
2,4,1,Honda,Urban,3,2,4,Male,Single,0,Policy Holder,Sedan - Liability,Sport,more than 69000,0,550,6,400,2,more than 30,more than 30,none,new,16 to 17,No,No,External,none,no change,1 vehicle,1994,Liability
2,3,1,Chevrolet,Urban,2,2,4,Male,Married,64,Policy Holder,Sedan - All Perils,Sedan,20000 to 29000,0,551,7,400,4,8 to 15,15 to 30,none,more than 7,51 to 65,No,No,External,none,no change,1 vehicle,1994,All Perils
2,2,6,Pontiac,Rural,2,2,4,Male,Married,72,Third Party,Sedan - All Perils,Sedan,20000 to 29000,0,552,16,400,2,more than 30,more than 30,2 to 4,more than 7,over 65,No,No,External,more than 5,no change,1 vehicle,1994,All Perils
2,2,3,VW,Urban,4,2,2,Male,Married,51,Third Party,Sedan - Liability,Sport,more than 69000,0,553,13,400,2,more than 30,more than 30,more than 4,more than 7,41 to 50,No,No,External,3 to 5,no change,1 vehicle,1994,Liability
2,1,7,VW,Rural,3,2,2,Male,Single,64,Policy Holder,Sedan - All Perils,Sedan,more than 69000,0,554,7,400,3,more than 30,more than 30,none,more than 7,51 to 65,No,No,External,1 to 2,no change,1 vehicle,1994,All Perils
2,1,7,Mazda,Urban,2,2,2,Male,Married,47,Policy Holder,Sedan - Collision,Sedan,20000 to 29000,0,555,3,400,3,more than 30,more than 30,none,7 years,41 to 50,No,No,External,none,no change,1 vehicle,1994,Collision
2,1,2,Accura,Urban,2,2,3,Male,Married,26,Policy Holder,Sedan - All Perils,Sedan,30000 to 39000,0,556,16,400,2,more than 30,more than 30,2 to 4,7 years,31 to 35,No,No,External,none,no change,1 vehicle,1994,All Perils
1,2,3,Pontiac,Urban,1,1,4,Male,Married,29,Policy Holder,Sedan - All Perils,Sedan,20000 to 29000,1,557,5,400,3,more than 30,more than 30,none,6 years,31 to 35,No,No,External,none,no change,1 vehicle,1994,All Perils
1,5,1,Honda,Urban,2,2,1,Male,Married,31,Policy Holder,Sport - Collision,Sport,more than 69000,0,558,1,400,1,more than 30,more than 30,none,5 years,31 to 35,No,No,External,none,no change,1 vehicle,1994,Collision
1,4,4,Toyota,Urban,1,2,3,Female,Married,38,Policy Holder,Sedan - All Perils,Sedan,less than 20000,0,559,6,700,3,more than 30,more than 30,none,7 years,36 to 40,No,No,External,3 to 5,no change,1 vehicle,1994,All Perils
1,4,3,VW,Urban,1,2,2,Male,Married,42,Third Party,Sedan - Collision,Sedan,30000 to 39000,0,560,2,400,2,more than 30,more than 30,1,7 years,36 to 40,No,No,Internal,more than 5,no change,1 vehicle,1994,Collision
11,5,2,Mazda,Urban,2,2,1,Female,Married,38,Third Party,Sedan - All Perils,Sedan,less than 20000,0,561,13,400,4,more than 30,more than 30,none,7 years,36 to 40,No,No,External,1 to 2,no change,1 vehicle,1994,All Perils
4,1,6,Pontiac,Urban,3,5,1,Male,Single,28,Policy Holder,Sedan - Collision,Sedan,less than 20000,0,562,5,500,2,more than 30,more than 30,2 to 4,6 years,31 to 35,No,No,External,1 to 2,2 to 3 years,1 vehicle,1994,Collision
4,1,6,Pontiac,Urban,3,4,1,Male,Married,37,Third Party,Sedan - All Perils,Sedan,20000 to 29000,0,563,6,400,4,more than 30,more than 30,none,more than 7,36 to 40,No,No,External,none,no change,1 vehicle,1994,All Perils
8,3,5,Toyota,Urban,2,8,4,Male,Married,29,Policy Holder,Sedan - Collision,Sedan,30000 to 39000,0,564,13,400,4,more than 30,more than 30,1,7 years,31 to 35,No,No,External,more than 5,no change,1 vehicle,1994,Collision
1,2,4,Toyota,Urban,4,1,2,Male,Married,51,Policy Holder,Sedan - Collision,Sedan,20000 to 29000,1,565,9,400,1,more than 30,more than 30,2 to 4,more than 7,41 to 50,No,No,External,none,no change,1 vehicle,1994,Collision
7,1,5,Pontiac,Rural,1,7,1,Female,Widow,56,Policy Holder,Sedan - Collision,Sedan,20000 to 29000,0,566,5,400,1,more than 30,more than 30,1,7 years,51 to 65,No,No,External,more than 5,no change,1 vehicle,1994,Collision
12,1,1,Pontiac,Urban,1,12,2,Male,Married,27,Policy Holder,Sedan - All Perils,Sedan,20000 to 29000,0,567,4,400,2,more than 30,more than 30,none,7 years,31 to 35,No,No,External,none,no change,1 vehicle,1994,All Perils
10,1,7,Toyota,Urban,2,10,4,Male,Married,80,Policy Holder,Sedan - All Perils,Sedan,less than 20000,0,568,9,400,2,more than 30,more than 30,none,more than 7,over 65,No,No,External,more than 5,4 to 8 years,2 vehicles,1994,All Perils
8,4,2,Pontiac,Urban,5,8,4,Female,Single,33,Third Party,Sedan - All Perils,Sedan,20000 to 29000,0,569,5,400,2,more than 30,more than 30,none,6 years,31 to 35,No,No,External,1 to 2,no change,1 vehicle,1994,All Perils
3,2,4,Honda,Urban,4,3,2,Male,Married,50,Policy Holder,Sedan - Collision,Sedan,20000 to 29000,0,570,4,400,3,more than 30,more than 30,2 to 4,more than 7,41 to 50,No,No,External,1 to 2,no change,1 vehicle,1994,Collision
3,4,2,Pontiac,Urban,4,3,4,Female,Married,45,Third Party,Sedan - All Perils,Sedan,20000 to 29000,0,571,5,400,4,more than 30,more than 30,1,5 years,36 to 40,No,No,External,3 to 5,no change,1 vehicle,1994,All Perils
3,3,1,Pontiac,Urban,2,4,3,Male,Married,26,Policy Holder,Sedan - Collision,Sedan,20000 to 29000,0,572,15,400,3,more than 30,more than 30,none,6 years,31 to 35,No,No,External,none,no change,1 vehicle,1994,Collision
5,4,3,Mazda,Urban,2,5,5,Male,Married,33,Policy Holder,Sedan - All Perils,Sedan,30000 to 39000,0,573,11,400,4,more than 30,more than 30,none,6 years,31 to 35,No,No,External,none,no change,1 vehicle,1994,All Perils
4,4,2,Honda,Rural,2,4,4,Male,Married,64,Policy Holder,Sedan - All Perils,Sedan,20000 to 29000,0,574,2,400,2,more than 30,more than 30,1,7 years,51 to 65,No,No,External,1 to 2,no change,1 vehicle,1994,All Perils
10,3,4,Pontiac,Urban,1,10,4,Male,Married,27,Policy Holder,Sedan - Collision,Sedan,20000 to 29000,0,575,12,400,3,more than 30,more than 30,1,7 years,31 to 35,No,No,External,3 to 5,no change,3 to 4,1994,Collision
9,4,5,Mazda,Urban,5,9,4,Male,Single,33,Policy Holder,Sedan - All Perils,Sedan,20000 to 29000,0,576,8,400,3,more than 30,more than 30,none,6 years,31 to 35,No,No,External,none,no change,1 vehicle,1994,All Perils
8,3,1,Honda,Urban,2,8,3,Male,Single,23,Policy Holder,Sedan - Collision,Sedan,20000 to 29000,0,577,3,400,3,more than 30,more than 30,none,5 years,26 to 30,No,No,External,none,no change,1 vehicle,1994,Collision
4,2,1,Mazda,Urban,1,4,2,Male,Married,36,Policy Holder,Sedan - Liability,Sport,20000 to 29000,0,578,10,400,2,more than 30,more than 30,none,6 years,36 to 40,No,No,External,none,no change,1 vehicle,1994,Liability
6,2,5,Mazda,Rural,3,6,3,Male,Married,52,Policy Holder,Sedan - Collision,Sedan,20000 to 29000,0,579,7,400,3,more than 30,more than 30,1,more than 7,41 to 50,No,No,External,more than 5,no change,1 vehicle,1994,Collision
6,2,6,Toyota,Urban,3,6,5,Male,Married,44,Third Party,Sedan - All Perils,Sedan,less than 20000,0,580,5,400,4,more than 30,more than 30,none,7 years,36 to 40,No,No,External,none,no change,1 vehicle,1994,All Perils
6,1,3,Pontiac,Urban,5,6,1,Male,Married,65,Third Party,Sedan - Liability,Sport,20000 to 29000,0,581,7,400,3,more than 30,more than 30,2 to 4,6 years,51 to 65,No,No,External,none,no change,1 vehicle,1994,Liability
10,2,2,Pontiac,Urban,4,10,3,Male,Married,45,Third Party,Sedan - Liability,Sport,30000 to 39000,0,582,4,400,1,more than 30,more than 30,1,7 years,36 to 40,No,No,External,1 to 2,no change,1 vehicle,1994,Liability
10,2,2,Toyota,Urban,4,11,3,Male,Married,40,Policy Holder,Sedan - Collision,Sedan,30000 to 39000,0,583,14,400,2,more than 30,more than 30,none,7 years,36 to 40,No,No,External,none,no change,1 vehicle,1994,Collision
7,4,6,Pontiac,Urban,1,7,4,Male,Single,29,Policy Holder,Sedan - Collision,Sedan,20000 to 29000,0,584,5,400,1,more than 30,more than 30,2 to 4,6 years,31 to 35,No,No,External,none,no change,1 vehicle,1994,Collision
6,4,2,Chevrolet,Urban,5,6,4,Male,Single,24,Third Party,Sedan - Collision,Sedan,20000 to 29000,0,585,13,400,2,more than 30,more than 30,1,5 years,26 to 30,No,No,External,none,no change,1 vehicle,1994,Collision
4,4,6,Chevrolet,Urban,3,5,1,Female,Married,50,Policy Holder,Sedan - Liability,Sport,20000 to 29000,0,586,7,400,3,more than 30,more than 30,more than 4,more than 7,41 to 50,No,No,External,none,no change,1 vehicle,1994,Liability
8,2,6,Pontiac,Urban,7,8,4,Male,Married,38,Third Party,Sedan - All Perils,Sedan,20000 to 29000,0,587,13,400,4,more than 30,more than 30,1,7 years,36 to 40,No,No,External,more than 5,no change,1 vehicle,1994,All Perils
7,4,1,Pontiac,Urban,2,8,1,Male,Married,51,Policy Holder,Sedan - All Perils,Sedan,30000 to 39000,0,588,15,400,1,more than 30,more than 30,none,6 years,41 to 50,No,No,External,none,no change,1 vehicle,1994,All Perils
6,4,5,Mazda,Urban,4,6,5,Male,Single,35,Third Party,Sedan - Collision,Sedan,20000 to 29000,0,589,2,400,2,more than 30,more than 30,none,7 years,31 to 35,No,No,External,1 to 2,4 to 8 years,2 vehicles,1994,Collision
9,1,2,Toyota,Urban,4,9,2,Male,Married,41,Policy Holder,Sedan - Collision,Sedan,less than 20000,0,590,9,700,2,more than 30,more than 30,none,7 years,36 to 40,No,No,External,none,no change,1 vehicle,1994,Collision
9,4,6,Chevrolet,Urban,3,9,5,Male,Married,28,Third Party,Sedan - Collision,Sedan,20000 to 29000,0,591,14,400,4,more than 30,more than 30,2 to 4,6 years,31 to 35,No,No,External,more than 5,no change,1 vehicle,1994,Collision
9,2,5,Mazda,Urban,7,9,2,Male,Single,27,Third Party,Sport - Collision,Sport,more than 69000,0,592,10,400,3,more than 30,more than 30,none,2 years,31 to 35,No,No,External,none,no change,1 vehicle,1994,Collision
1,3,5,Toyota,Urban,2,1,4,Male,Single,26,Third Party,Sedan - All Perils,Sedan,20000 to 29000,0,593,12,400,1,more than 30,more than 30,1,7 years,31 to 35,No,No,External,none,no change,1 vehicle,1994,All Perils
11,3,1,Honda,Urban,2,11,3,Male,Married,44,Policy Holder,Sedan - Collision,Sedan,20000 to 29000,0,594,5,400,1,more than 30,more than 30,none,7 years,36 to 40,No,No,External,more than 5,no change,1 vehicle,1994,Collision
7,2,2,Mazda,Urban,3,7,2,Female,Married,26,Policy Holder,Sedan - Liability,Sport,20000 to 29000,0,595,5,400,3,more than 30,more than 30,none,6 years,31 to 35,No,No,External,1 to 2,no change,1 vehicle,1994,Liability
7,2,1,Ford,Urban,1,7,2,Male,Married,34,Policy Holder,Sedan - Collision,Sedan,30000 to 39000,0,596,5,400,1,more than 30,more than 30,2 to 4,7 years,31 to 35,No,No,External,1 to 2,no change,1 vehicle,1994,Collision
6,3,5,Mazda,Urban,1,6,3,Male,Married,30,Policy Holder,Sedan - Collision,Sedan,20000 to 29000,0,597,10,400,4,more than 30,more than 30,1,6 years,31 to 35,No,No,External,1 to 2,no change,1 vehicle,1994,Collision
6,3,5,Mazda,Urban,3,6,4,Male,Married,33,Third Party,Sedan - Collision,Sedan,20000 to 29000,0,598,12,400,1,more than 30,more than 30,1,6 years,31 to 35,No,No,External,more than 5,no change,1 vehicle,1994,Collision
8,4,5,Toyota,Urban,5,9,1,Male,Married,26,Policy Holder,Sedan - Collision,Sedan,20000 to 29000,0,599,16,400,4,more than 30,more than 30,none,7 years,31 to 35,No,No,External,none,no change,1 vehicle,1994,Collision
11,1,4,Pontiac,Rural,5,11,1,Female,Married,36,Policy Holder,Sedan - Collision,Sedan,20000 to 29000,0,600,2,400,3,more than 30,more than 30,2 to 4,more than 7,36 to 40,No,No,External,3 to 5,no change,1 vehicle,1994,Collision
9,5,5,Mazda,Rural,5,9,5,Male,Married,26,Policy Holder,Sedan - Liability,Sport,20000 to 29000,0,601,3,400,3,more than 30,more than 30,more than 4,7 years,31 to 35,No,No,External,none,no change,1 vehicle,1994,Liability
7,2,7,Toyota,Urban,1,7,2,Male,Single,30,Policy Holder,Sedan - Collision,Sedan,30000 to 39000,0,602,12,400,1,more than 30,more than 30,1,6 years,31 to 35,No,No,External,none,no change,1 vehicle,1994,Collision
6,4,6,Pontiac,Urban,3,6,5,Male,Married,46,Third Party,Sedan - All Perils,Sedan,30000 to 39000,0,603,13,400,2,more than 30,more than 30,2 to 4,more than 7,41 to 50,No,No,External,1 to 2,no change,1 vehicle,1994,All Perils
9,2,4,Chevrolet,Urban,5,9,2,Male,Married,32,Policy Holder,Sedan - Liability,Sport,more than 69000,0,604,14,400,4,more than 30,more than 30,none,7 years,31 to 35,No,No,External,none,no change,1 vehicle,1994,Liability
12,3,1,Accura,Urban,2,12,3,Male,Single,28,Policy Holder,Sedan - All Perils,Sedan,20000 to 29000,0,605,16,400,2,more than 30,more than 30,1,7 years,31 to 35,No,No,External,none,no change,1 vehicle,1994,All Perils
7,4,1,Mazda,Urban,2,7,4,Male,Married,64,Third Party,Sedan - All Perils,Sedan,20000 to 29000,0,606,8,400,2,more than 30,more than 30,1,more than 7,51 to 65,No,No,External,1 to 2,no change,1 vehicle,1994,All Perils
1,3,6,Pontiac,Urban,1,1,3,Male,Single,22,Policy Holder,Sedan - All Perils,Sedan,less than 20000,1,607,4,400,1,more than 30,more than 30,2 to 4,5 years,26 to 30,No,No,External,none,no change,1 vehicle,1994,All Perils
11,3,5,Honda,Urban,3,11,4,Male,Single,35,Policy Holder,Sedan - Liability,Sport,20000 to 29000,0,608,7,400,4,more than 30,more than 30,1,7 years,31 to 35,No,No,External,more than 5,no change,1 vehicle,1994,Liability
11,3,5,Pontiac,Urban,2,11,4,Male,Married,33,Third Party,Sedan - All Perils,Sedan,20000 to 29000,0,609,7,400,1,more than 30,more than 30,none,7 years,31 to 35,No,No,External,1 to 2,no change,1 vehicle,1994,All Perils
4,1,4,Pontiac,Rural,4,4,1,Male,Married,48,Policy Holder,Sedan - Collision,Sedan,30000 to 39000,0,610,3,400,2,more than 30,more than 30,more than 4,7 years,41 to 50,No,No,External,none,4 to 8 years,2 vehicles,1994,Collision
4,2,5,Pontiac,Urban,1,4,4,Male,Single,30,Third Party,Sedan - Liability,Sport,30000 to 39000,0,611,10,400,4,more than 30,more than 30,2 to 4,6 years,31 to 35,No,No,External,none,no change,1 vehicle,1994,Liability
5,5,7,Toyota,Rural,1,6,1,Male,Single,29,Third Party,Sedan - All Perils,Sedan,20000 to 29000,0,612,5,400,2,more than 30,more than 30,1,6 years,31 to 35,No,No,External,none,no change,1 vehicle,1994,All Perils
7,2,3,Pontiac,Urban,3,7,2,Male,Married,30,Policy Holder,Sedan - Liability,Sport,20000 to 29000,0,613,16,500,1,more than 30,more than 30,more than 4,6 years,31 to 35,No,No,External,1 to 2,2 to 3 years,1 vehicle,1994,Liability
6,2,5,Honda,Urban,2,6,3,Male,Single,0,Policy Holder,Sedan - Collision,Sedan,more than 69000,0,614,4,400,4,more than 30,more than 30,2 to 4,new,16 to 17,No,No,External,none,no change,1 vehicle,1994,Collision
6,2,3,Pontiac,Urban,3,6,3,Male,Married,34,Policy Holder,Sedan - Collision,Sedan,30000 to 39000,0,615,16,400,4,more than 30,more than 30,none,7 years,31 to 35,No,No,External,none,no change,1 vehicle,1994,Collision
6,2,2,Honda,Urban,2,6,2,Male,Married,41,Policy Holder,Sedan - Liability,Sport,30000 to 39000,0,616,10,400,2,more than 30,more than 30,1,7 years,36 to 40,No,No,External,more than 5,no change,3 to 4,1994,Liability
3,4,5,Honda,Urban,2,4,1,Male,Married,27,Policy Holder,Sedan - Liability,Sport,20000 to 29000,0,617,15,400,1,more than 30,more than 30,2 to 4,4 years,31 to 35,No,No,External,3 to 5,no change,1 vehicle,1994,Liability
1,3,6,Toyota,Urban,1,1,5,Male,Single,28,Policy Holder,Sedan - Collision,Sedan,less than 20000,1,618,8,400,3,more than 30,more than 30,2 to 4,5 years,31 to 35,No,No,External,3 to 5,no change,1 vehicle,1994,Collision
1,3,7,Ford,Urban,4,2,1,Female,Married,45,Third Party,Sedan - Collision,Sedan,40000 to 59000,0,619,6,400,4,more than 30,more than 30,more than 4,6 years,36 to 40,No,No,External,none,no change,1 vehicle,1994,Collision
3,1,6,Toyota,Urban,1,3,2,Male,Married,60,Policy Holder,Sedan - All Perils,Sedan,more than 69000,0,620,15,400,4,more than 30,more than 30,1,more than 7,51 to 65,No,No,External,more than 5,no change,1 vehicle,1994,All Perils
5,4,6,Mazda,Urban,2,6,3,Male,Married,52,Policy Holder,Sedan - Collision,Sedan,40000 to 59000,0,621,4,700,4,more than 30,more than 30,2 to 4,more than 7,41 to 50,No,No,External,none,no change,1 vehicle,1994,Collision
10,5,7,Mazda,Urban,1,10,5,Female,Married,47,Policy Holder,Sedan - Liability,Sport,20000 to 29000,0,622,9,400,2,more than 30,more than 30,2 to 4,7 years,41 to 50,No,No,External,none,no change,1 vehicle,1994,Liability
10,5,2,Honda,Urban,1,11,1,Male,Married,44,Policy Holder,Sedan - Collision,Sedan,20000 to 29000,0,623,16,400,4,more than 30,more than 30,none,7 years,36 to 40,No,No,External,1 to 2,no change,1 vehicle,1994,Collision
9,5,4,Honda,Urban,3,10,3,Male,Married,31,Policy Holder,Sedan - All Perils,Sedan,less than 20000,0,624,7,400,3,more than 30,more than 30,none,6 years,31 to 35,No,No,External,none,no change,1 vehicle,1994,All Perils
8,3,3,Chevrolet,Rural,1,9,3,Male,Married,52,Policy Holder,Sedan - All Perils,Sedan,30000 to 39000,0,625,4,400,4,more than 30,more than 30,2 to 4,more than 7,41 to 50,No,No,External,1 to 2,no change,1 vehicle,1994,All Perils
7,2,3,Pontiac,Urban,1,7,3,Male,Married,42,Policy Holder,Sedan - Collision,Sedan,30000 to 39000,0,626,7,400,2,more than 30,more than 30,none,6 years,36 to 40,No,No,External,none,no change,1 vehicle,1994,Collision
7,2,4,Toyota,Urban,2,7,3,Male,Married,33,Policy Holder,Sedan - Collision,Sedan,20000 to 29000,0,627,15,400,3,more than 30,more than 30,2 to 4,7 years,31 to 35,No,No,External,none,no change,1 vehicle,1994,Collision
11,1,7,Pontiac,Urban,1,11,2,Male,Married,33,Policy Holder,Sedan - Liability,Sport,20000 to 29000,0,628,4,400,1,more than 30,more than 30,more than 4,7 years,31 to 35,No,No,External,3 to 5,no change,1 vehicle,1994,Liability
11,1,7,Pontiac,Urban,5,11,2,Male,Married,55,Policy Holder,Sedan - All Perils,Sedan,20000 to 29000,0,629,13,400,3,more than 30,more than 30,none,7 years,41 to 50,No,No,External,none,no change,1 vehicle,1994,All Perils
6,4,1,Ford,Urban,1,6,4,Male,Married,33,Policy Holder,Sedan - Liability,Sport,30000 to 39000,0,630,2,400,2,more than 30,more than 30,2 to 4,6 years,31 to 35,No,No,External,none,no change,1 vehicle,1994,Liability
5,1,5,Pontiac,Rural,2,5,2,Male,Married,35,Policy Holder,Sedan - Collision,Sedan,30000 to 39000,0,631,2,400,2,more than 30,more than 30,2 to 4,6 years,31 to 35,No,No,External,none,4 to 8 years,2 vehicles,1994,Collision
4,1,1,Pontiac,Urban,4,4,1,Female,Married,45,Policy Holder,Sedan - All Perils,Sedan,20000 to 29000,0,632,10,400,4,more than 30,more than 30,none,7 years,36 to 40,No,No,External,1 to 2,no change,1 vehicle,1994,All Perils
11,3,4,Ford,Urban,4,11,3,Male,Married,59,Policy Holder,Sedan - Collision,Sedan,40000 to 59000,0,633,11,400,1,more than 30,more than 30,1,more than 7,51 to 65,No,No,Internal,3 to 5,no change,1 vehicle,1994,Collision
11,3,3,Mazda,Urban,5,11,3,Male,Single,29,Policy Holder,Sedan - Liability,Sport,30000 to 39000,0,634,3,400,1,more than 30,more than 30,2 to 4,6 years,31 to 35,No,No,External,3 to 5,no change,1 vehicle,1994,Liability
11,3,2,Mazda,Urban,3,11,3,Male,Single,46,Policy Holder,Sedan - Liability,Sport,20000 to 29000,0,635,9,400,3,more than 30,more than 30,2 to 4,7 years,41 to 50,No,No,External,1 to 2,no change,1 vehicle,1994,Liability
4,3,5,Pontiac,Urban,1,4,3,Male,Married,39,Third Party,Sedan - All Perils,Sedan,20000 to 29000,0,636,9,400,3,more than 30,more than 30,2 to 4,more than 7,36 to 40,No,No,External,none,no change,1 vehicle,1994,All Perils
11,3,7,Pontiac,Urban,2,11,4,Male,Single,35,Policy Holder,Sedan - Collision,Sedan,20000 to 29000,0,637,5,400,4,more than 30,more than 30,2 to 4,6 years,31 to 35,No,No,External,none,no change,1 vehicle,1994,Collision
11,4,1,Honda,Urban,3,12,2,Male,Single,24,Policy Holder,Sport - Collision,Sport,more than 69000,0,638,5,400,3,more than 30,more than 30,none,5 years,26 to 30,No,No,External,none,1 year,1 vehicle,1994,Collision
8,5,1,Toyota,Urban,3,8,5,Female,Married,40,Third Party,Sedan - Collision,Sedan,more than 69000,0,639,11,400,3,more than 30,more than 30,1,6 years,36 to 40,Yes,No,External,1 to 2,no change,1 vehicle,1994,Collision
8,5,3,Toyota,Urban,3,8,5,Male,Married,45,Policy Holder,Sedan - Collision,Sedan,20000 to 29000,0,640,3,400,2,more than 30,more than 30,2 to 4,more than 7,36 to 40,No,No,External,1 to 2,no change,1 vehicle,1994,Collision
6,3,2,Pontiac,Urban,1,7,3,Male,Married,76,Third Party,Sedan - Liability,Sport,20000 to 29000,0,641,4,400,4,more than 30,more than 30,none,more than 7,over 65,Yes,No,External,none,no change,1 vehicle,1994,Liability
4,4,2,Pontiac,Rural,4,4,4,Male,Married,49,Third Party,Sedan - All Perils,Sedan,20000 to 29000,0,642,11,400,2,more than 30,more than 30,1,more than 7,41 to 50,No,No,External,none,no change,1 vehicle,1994,All Perils
3,4,1,Toyota,Urban,2,3,4,Male,Married,31,Third Party,Sedan - All Perils,Sedan,30000 to 39000,0,643,14,400,3,more than 30,more than 30,2 to 4,7 years,31 to 35,No,No,External,3 to 5,no change,1 vehicle,1994,All Perils
1,3,1,Mazda,Urban,2,2,1,Male,Single,32,Third Party,Sport - Collision,Sport,more than 69000,0,644,9,400,4,more than 30,more than 30,1,6 years,31 to 35,No,No,External,none,no change,1 vehicle,1994,Collision
12,2,5,Toyota,Urban,1,12,2,Female,Married,44,Third Party,Sedan - All Perils,Sedan,20000 to 29000,0,645,15,400,3,more than 30,more than 30,none,3 years,36 to 40,No,No,External,more than 5,no change,1 vehicle,1994,All Perils
12,1,6,Pontiac,Rural,3,12,2,Male,Married,65,Third Party,Sedan - All Perils,Sedan,20000 to 29000,0,646,2,400,2,more than 30,more than 30,1,more than 7,51 to 65,No,No,External,3 to 5,no change,1 vehicle,1994,All Perils
1,3,1,Mazda,Urban,2,1,4,Male,Married,30,Policy Holder,Sedan - Collision,Sedan,30000 to 39000,1,647,13,400,2,more than 30,more than 30,2 to 4,6 years,31 to 35,No,No,External,more than 5,no change,1 vehicle,1994,Collision
11,3,6,Toyota,Urban,2,11,4,Male,Single,34,Policy Holder,Sedan - Liability,Sport,less than 20000,0,648,10,400,3,more than 30,more than 30,none,7 years,31 to 35,No,No,External,more than 5,no change,1 vehicle,1994,Liability
5,5,3,Pontiac,Urban,3,5,5,Male,Married,55,Third Party,Sedan - Collision,Sedan,20000 to 29000,0,649,7,400,2,more than 30,more than 30,more than 4,more than 7,41 to 50,No,No,External,more than 5,no change,1 vehicle,1994,Collision
1,3,1,Chevrolet,Rural,3,1,3,Male,Married,42,Policy Holder,Sedan - Liability,Sport,30000 to 39000,1,650,2,400,1,more than 30,more than 30,2 to 4,7 years,36 to 40,No,No,External,none,no change,1 vehicle,1994,Liability
5,3,5,Pontiac,Rural,1,5,4,Male,Married,28,Third Party,Sedan - All Perils,Sedan,20000 to 29000,0,651,14,400,3,more than 30,more than 30,1,7 years,31 to 35,No,No,External,none,no change,1 vehicle,1994,All Perils
9,4,6,Honda,Urban,4,9,5,Male,Married,38,Policy Holder,Sedan - All Perils,Sedan,30000 to 39000,0,652,16,700,2,more than 30,more than 30,more than 4,7 years,36 to 40,No,No,External,1 to 2,4 to 8 years,2 vehicles,1994,All Perils
10,5,6,Pontiac,Urban,3,11,1,Male,Married,26,Policy Holder,Sedan - All Perils,Sedan,20000 to 29000,0,653,2,400,3,more than 30,more than 30,none,6 years,31 to 35,No,No,External,none,no change,1 vehicle,1994,All Perils
10,5,1,Saturn,Rural,3,11,1,Male,Married,43,Policy Holder,Sedan - Liability,Sport,40000 to 59000,0,654,6,400,2,15 to 30,15 to 30,more than 4,7 years,36 to 40,No,No,External,none,no change,1 vehicle,1994,Liability
9,2,1,Toyota,Urban,2,9,2,Male,Married,38,Policy Holder,Sedan - Liability,Sport,20000 to 29000,0,655,6,400,1,more than 30,more than 30,more than 4,6 years,36 to 40,No,No,External,more than 5,no change,1 vehicle,1994,Liability
9,2,1,Honda,Urban,4,9,3,Male,Married,22,Policy Holder,Sedan - All Perils,Sedan,less than 20000,0,656,9,400,2,more than 30,more than 30,1,5 years,26 to 30,No,No,External,none,no change,1 vehicle,1994,All Perils
8,2,7,Pontiac,Urban,4,8,2,Male,Married,46,Policy Holder,Sedan - Liability,Sport,less than 20000,0,657,16,400,3,more than 30,more than 30,1,more than 7,41 to 50,No,No,External,3 to 5,no change,3 to 4,1994,Liability
10,3,6,Accura,Urban,3,10,4,Male,Married,43,Policy Holder,Sedan - Collision,Sedan,30000 to 39000,0,658,6,400,2,more than 30,more than 30,1,more than 7,36 to 40,No,No,External,more than 5,no change,1 vehicle,1994,Collision
10,3,5,Saturn,Urban,2,10,3,Male,Married,39,Third Party,Sedan - All Perils,Sedan,20000 to 29000,0,659,5,400,4,more than 30,more than 30,1,7 years,36 to 40,No,No,External,1 to 2,no change,1 vehicle,1994,All Perils
12,4,4,Pontiac,Urban,5,3,3,Male,Married,37,Third Party,Sedan - All Perils,Sedan,30000 to 39000,0,660,11,400,4,15 to 30,more than 30,2 to 4,7 years,36 to 40,No,No,External,none,no change,1 vehicle,1994,All Perils
1,3,5,Honda,Urban,4,4,2,Male,Single,0,Third Party,Sedan - Liability,Sport,more than 69000,0,661,3,400,3,more than 30,more than 30,1,new,16 to 17,No,No,External,none,no change,1 vehicle,1994,Liability
1,2,7,Pontiac,Urban,3,1,4,Male,Married,71,Third Party,Sedan - Collision,Sedan,less than 20000,0,662,2,400,3,more than 30,more than 30,2 to 4,7 years,over 65,No,No,External,1 to 2,no change,1 vehicle,1994,Collision
12,1,4,Honda,Urban,1,12,1,Female,Single,27,Policy Holder,Sedan - Collision,Sedan,20000 to 29000,0,663,7,400,1,more than 30,more than 30,1,5 years,31 to 35,No,No,External,3 to 5,no change,1 vehicle,1994,Collision
8,1,2,VW,Urban,5,8,1,Male,Married,35,Third Party,Sedan - All Perils,Sedan,60000 to 69000,1,664,2,500,4,more than 30,more than 30,1,7 years,31 to 35,No,No,External,none,2 to 3 years,1 vehicle,1994,All Perils
12,2,3,Mazda,Urban,2,12,3,Female,Married,47,Third Party,Sedan - Collision,Sedan,more than 69000,0,665,15,400,1,more than 30,more than 30,1,7 years,41 to 50,No,No,External,1 to 2,no change,1 vehicle,1994,Collision
5,2,4,Toyota,Urban,2,5,3,Male,Married,34,Third Party,Sedan - Collision,Sedan,20000 to 29000,0,666,6,400,3,more than 30,more than 30,1,6 years,31 to 35,No,No,External,3 to 5,no change,1 vehicle,1994,Collision
1,3,2,Chevrolet,Urban,3,1,3,Male,Married,78,Policy Holder,Sedan - Collision,Sedan,30000 to 39000,1,667,9,400,3,more than 30,more than 30,1,more than 7,over 65,No,No,External,none,no change,1 vehicle,1994,Collision
10,4,5,Pontiac,Urban,6,11,2,Male,Married,60,Policy Holder,Sedan - Collision,Sedan,20000 to 29000,0,668,8,400,3,more than 30,more than 30,none,more than 7,51 to 65,No,No,External,none,no change,1 vehicle,1994,Collision
8,5,7,Toyota,Rural,4,9,1,Female,Single,32,Policy Holder,Sedan - Collision,Sedan,20000 to 29000,0,669,12,400,2,more than 30,more than 30,none,7 years,31 to 35,No,No,External,more than 5,no change,1 vehicle,1994,Collision
9,5,4,Pontiac,Urban,4,10,1,Male,Married,57,Policy Holder,Sedan - Collision,Sedan,20000 to 29000,0,670,6,400,2,more than 30,more than 30,1,more than 7,51 to 65,No,No,External,more than 5,no change,1 vehicle,1994,Collision
11,3,2,Pontiac,Urban,2,11,3,Male,Married,41,Policy Holder,Sedan - Liability,Sport,30000 to 39000,0,671,12,400,3,more than 30,more than 30,more than 4,7 years,36 to 40,No,No,External,none,no change,1 vehicle,1994,Liability
7,1,6,Toyota,Urban,2,7,2,Male,Married,34,Policy Holder,Sedan - All Perils,Sedan,20000 to 29000,0,672,16,400,3,more than 30,more than 30,1,5 years,31 to 35,No,No,External,none,no change,1 vehicle,1994,All Perils
7,1,5,Mazda,Urban,2,7,1,Male,Single,31,Third Party,Sedan - Collision,Sedan,20000 to 29000,0,673,12,400,4,more than 30,more than 30,2 to 4,6 years,31 to 35,No,No,External,none,4 to 8 years,2 vehicles,1994,Collision
5,1,3,Toyota,Urban,3,5,1,Male,Married,47,Policy Holder,Sedan - Liability,Sport,30000 to 39000,0,674,1,400,1,more than 30,more than 30,2 to 4,more than 7,41 to 50,No,No,External,none,no change,1 vehicle,1994,Liability
5,2,3,Toyota,Urban,2,5,4,Male,Married,49,Policy Holder,Sedan - All Perils,Sedan,20000 to 29000,0,675,13,400,1,more than 30,more than 30,none,more than 7,41 to 50,No,No,External,none,no change,1 vehicle,1994,All Perils
1,3,2,Toyota,Urban,3,1,4,Male,Single,35,Third Party,Sedan - All Perils,Sedan,20000 to 29000,0,676,5,400,4,more than 30,more than 30,2 to 4,5 years,31 to 35,No,No,External,none,no change,1 vehicle,1994,All Perils
3,5,1,Toyota,Urban,2,4,1,Male,Married,28,Policy Holder,Sedan - All Perils,Sedan,less than 20000,0,677,6,400,2,more than 30,more than 30,1,7 years,31 to 35,No,No,External,1 to 2,no change,1 vehicle,1994,All Perils
4,5,5,Pontiac,Urban,3,5,3,Male,Married,60,Policy Holder,Sedan - All Perils,Sedan,20000 to 29000,0,678,4,400,3,more than 30,more than 30,1,more than 7,51 to 65,No,No,External,3 to 5,no change,1 vehicle,1994,All Perils
4,5,6,Accura,Urban,3,5,1,Male,Married,39,Policy Holder,Sedan - Liability,Sport,30000 to 39000,0,679,1,400,2,more than 30,more than 30,2 to 4,7 years,36 to 40,No,No,External,1 to 2,no change,1 vehicle,1994,Liability
7,1,3,Toyota,Urban,3,7,1,Male,Married,56,Policy Holder,Sedan - All Perils,Sedan,20000 to 29000,0,680,11,400,1,more than 30,more than 30,1,more than 7,51 to 65,No,No,External,none,no change,1 vehicle,1994,All Perils
4,3,2,Ford,Urban,4,4,5,Male,Married,62,Policy Holder,Sedan - Liability,Sport,40000 to 59000,0,681,3,400,4,more than 30,more than 30,2 to 4,more than 7,51 to 65,No,No,External,3 to 5,no change,1 vehicle,1994,Liability
4,3,3,Honda,Urban,1,4,4,Male,Single,0,Policy Holder,Sedan - Liability,Sport,more than 69000,0,682,2,400,2,more than 30,more than 30,2 to 4,new,16 to 17,No,No,External,none,no change,1 vehicle,1994,Liability
11,2,5,Pontiac,Urban,3,11,4,Male,Married,25,Policy Holder,Sedan - Collision,Sedan,30000 to 39000,0,683,6,400,3,more than 30,more than 30,none,2 years,26 to 30,No,No,External,none,no change,1 vehicle,1994,Collision
8,2,1,Honda,Urban,2,8,2,Male,Married,52,Policy Holder,Sedan - Collision,Sedan,20000 to 29000,0,684,10,400,1,more than 30,more than 30,none,more than 7,41 to 50,No,No,External,3 to 5,no change,1 vehicle,1994,Collision
7,3,3,Toyota,Urban,4,7,3,Male,Married,76,Third Party,Sedan - All Perils,Sedan,20000 to 29000,0,685,13,400,3,more than 30,more than 30,1,more than 7,over 65,No,No,External,more than 5,no change,1 vehicle,1994,All Perils
3,2,6,Toyota,Urban,2,3,3,Male,Married,77,Policy Holder,Sedan - All Perils,Sedan,less than 20000,0,686,3,400,4,more than 30,more than 30,none,more than 7,over 65,No,No,External,none,no change,1 vehicle,1994,All Perils
10,5,5,Pontiac,Urban,1,10,5,Male,Married,55,Third Party,Utility - All Perils,Utility,more than 69000,0,687,3,400,4,more than 30,more than 30,2 to 4,more than 7,41 to 50,Yes,No,External,1 to 2,no change,1 vehicle,1994,All Perils
10,4,7,Mazda,Urban,1,10,5,Male,Married,31,Policy Holder,Sedan - Collision,Sedan,more than 69000,0,688,11,400,1,more than 30,more than 30,2 to 4,6 years,31 to 35,No,No,External,more than 5,no change,1 vehicle,1994,Collision
5,3,2,Toyota,Urban,2,5,3,Female,Single,34,Third Party,Sedan - Collision,Sedan,20000 to 29000,0,689,2,400,1,more than 30,more than 30,none,5 years,31 to 35,No,No,Internal,none,no change,1 vehicle,1994,Collision
5,3,2,Mercury,Urban,2,8,5,Male,Married,47,Third Party,Sedan - All Perils,Sedan,more than 69000,0,690,5,400,3,more than 30,more than 30,1,more than 7,41 to 50,No,No,External,3 to 5,no change,1 vehicle,1994,All Perils
9,3,6,Ford,Urban,3,9,3,Male,Married,48,Third Party,Sedan - Liability,Sport,20000 to 29000,0,691,14,400,3,more than 30,more than 30,none,7 years,41 to 50,No,No,External,none,no change,1 vehicle,1994,Liability
8,4,5,Pontiac,Rural,1,8,5,Male,Married,45,Policy Holder,Sedan - All Perils,Sedan,20000 to 29000,0,692,3,400,1,more than 30,more than 30,none,7 years,36 to 40,No,No,External,none,no change,1 vehicle,1994,All Perils
7,1,4,Honda,Urban,3,7,3,Female,Single,26,Third Party,Sport - Collision,Sport,more than 69000,0,693,14,400,1,more than 30,more than 30,2 to 4,4 years,31 to 35,No,No,External,none,no change,1 vehicle,1994,Collision
3,4,2,Pontiac,Urban,2,3,4,Male,Married,64,Third Party,Sedan - All Perils,Sedan,30000 to 39000,0,694,15,400,1,more than 30,more than 30,1,more than 7,51 to 65,No,No,External,none,4 to 8 years,2 vehicles,1994,All Perils
7,3,6,Pontiac,Urban,4,9,2,Male,Married,37,Third Party,Sedan - Collision,Sedan,20000 to 29000,0,695,16,400,2,more than 30,more than 30,2 to 4,7 years,36 to 40,No,No,External,none,no change,1 vehicle,1994,Collision
9,2,2,Mazda,Urban,3,9,2,Male,Married,28,Third Party,Sedan - Collision,Sedan,20000 to 29000,0,696,11,400,3,more than 30,more than 30,none,6 years,31 to 35,No,No,External,none,no change,1 vehicle,1994,Collision
9,3,4,VW,Urban,5,9,3,Male,Married,50,Policy Holder,Sedan - Liability,Sport,30000 to 39000,0,697,16,400,4,more than 30,more than 30,2 to 4,more than 7,41 to 50,No,No,External,none,no change,1 vehicle,1994,Liability
5,3,6,Mazda,Urban,2,5,4,Female,Married,48,Policy Holder,Sedan - Liability,Sport,20000 to 29000,0,698,16,400,4,more than 30,more than 30,none,7 years,41 to 50,No,No,External,none,no change,3 to 4,1994,Liability
4,2,6,Toyota,Urban,3,4,2,Female,Married,42,Policy Holder,Sedan - Liability,Sport,20000 to 29000,0,699,16,400,4,more than 30,more than 30,2 to 4,6 years,36 to 40,No,No,External,more than 5,no change,1 vehicle,1994,Liability
3,4,1,Mazda,Rural,1,4,2,Female,Single,33,Policy Holder,Sedan - Collision,Sedan,20000 to 29000,0,700,15,400,3,more than 30,more than 30,1,6 years,31 to 35,No,No,External,none,no change,1 vehicle,1994,Collision
1,3,3,Mazda,Rural,2,2,1,Male,Single,33,Policy Holder,Sedan - All Perils,Sedan,20000 to 29000,1,701,8,400,1,more than 30,more than 30,1,6 years,31 to 35,No,No,External,none,no change,1 vehicle,1994,All Perils
6,2,6,Honda,Urban,1,6,2,Female,Married,42,Third Party,Sedan - Liability,Sport,20000 to 29000,0,702,2,400,2,more than 30,more than 30,2 to 4,7 years,36 to 40,No,No,External,more than 5,no change,1 vehicle,1994,Liability
5,4,1,Pontiac,Rural,4,5,4,Male,Married,35,Policy Holder,Sedan - All Perils,Sedan,less than 20000,0,703,13,400,4,more than 30,more than 30,none,7 years,31 to 35,No,No,External,none,no change,1 vehicle,1994,All Perils
5,4,1,Chevrolet,Urban,2,5,5,Male,Married,44,Third Party,Sedan - Collision,Sedan,30000 to 39000,0,704,4,400,3,more than 30,more than 30,2 to 4,7 years,36 to 40,No,No,External,none,no change,1 vehicle,1994,Collision
5,3,1,Toyota,Urban,3,5,3,Male,Single,34,Policy Holder,Sedan - Liability,Sport,30000 to 39000,0,705,4,400,4,more than 30,more than 30,2 to 4,6 years,31 to 35,No,No,External,none,no change,1 vehicle,1994,Liability
1,3,3,Mazda,Urban,4,1,3,Male,Single,47,Third Party,Sedan - Collision,Sedan,30000 to 39000,0,706,15,400,2,more than 30,more than 30,none,more than 7,41 to 50,No,No,External,none,no change,1 vehicle,1994,Collision
6,1,2,Toyota,Urban,3,6,2,Male,Married,29,Policy Holder,Sedan - Collision,Sedan,20000 to 29000,0,707,16,400,1,more than 30,more than 30,2 to 4,6 years,31 to 35,No,No,External,none,no change,1 vehicle,1994,Collision
4,4,7,Toyota,Urban,5,4,5,Female,Married,50,Policy Holder,Sedan - All Perils,Sedan,more than 69000,0,708,9,400,1,more than 30,more than 30,none,more than 7,41 to 50,No,No,External,more than 5,no change,1 vehicle,1994,All Perils
5,1,4,Toyota,Urban,2,5,2,Male,Married,31,Policy Holder,Sedan - Collision,Sedan,20000 to 29000,0,709,16,400,4,more than 30,more than 30,1,7 years,31 to 35,No,No,External,more than 5,no change,1 vehicle,1994,Collision
3,3,4,Pontiac,Urban,3,3,4,Male,Married,49,Third Party,Sedan - Collision,Sedan,20000 to 29000,0,710,15,400,3,more than 30,more than 30,2 to 4,7 years,41 to 50,No,No,External,more than 5,no change,1 vehicle,1994,Collision
4,3,1,Mazda,Rural,2,4,3,Male,Married,36,Policy Holder,Sedan - Collision,Sedan,20000 to 29000,0,711,1,400,4,more than 30,more than 30,1,7 years,36 to 40,No,No,External,more than 5,no change,1 vehicle,1994,Collision
4,3,1,Toyota,Urban,1,4,3,Male,Married,51,Policy Holder,Sedan - Liability,Sport,30000 to 39000,0,712,16,400,4,more than 30,more than 30,2 to 4,more than 7,41 to 50,No,No,External,more than 5,no change,1 vehicle,1994,Liability
9,4,2,Pontiac,Urban,1,10,3,Male,Married,40,Third Party,Sedan - All Perils,Sedan,20000 to 29000,0,713,13,400,4,more than 30,more than 30,2 to 4,7 years,36 to 40,No,No,External,3 to 5,no change,1 vehicle,1994,All Perils
1,3,4,Toyota,Urban,3,2,2,Female,Married,35,Policy Holder,Sedan - All Perils,Sedan,20000 to 29000,1,714,14,400,4,more than 30,more than 30,2 to 4,5 years,31 to 35,No,No,External,3 to 5,no change,1 vehicle,1994,All Perils
7,2,2,Toyota,Urban,3,7,2,Male,Married,36,Policy Holder,Sedan - Collision,Sedan,30000 to 39000,0,715,14,500,1,more than 30,more than 30,1,7 years,36 to 40,No,No,External,none,2 to 3 years,2 vehicles,1994,Collision
10,3,2,Honda,Urban,2,10,4,Male,Married,38,Policy Holder,Sedan - Liability,Sport,20000 to 29000,0,716,7,400,3,more than 30,more than 30,none,7 years,36 to 40,No,No,External,none,no change,1 vehicle,1994,Liability
10,2,4,Honda,Urban,5,10,3,Female,Married,37,Policy Holder,Sedan - Liability,Sport,20000 to 29000,0,717,2,400,4,more than 30,more than 30,2 to 4,6 years,36 to 40,No,No,External,3 to 5,no change,1 vehicle,1994,Liability
4,3,7,Saab,Urban,5,4,4,Male,Single,30,Third Party,Sedan - All Perils,Sedan,30000 to 39000,0,718,6,400,3,more than 30,more than 30,2 to 4,6 years,31 to 35,No,No,External,none,no change,1 vehicle,1994,All Perils
6,1,6,Toyota,Urban,1,6,3,Male,Married,45,Third Party,Sedan - Liability,Sport,20000 to 29000,0,719,13,400,3,more than 30,more than 30,1,7 years,36 to 40,No,No,External,none,no change,1 vehicle,1994,Liability
3,5,5,Toyota,Urban,3,4,1,Female,Married,29,Policy Holder,Sedan - Liability,Sport,30000 to 39000,0,720,11,400,2,more than 30,more than 30,1,7 years,31 to 35,No,No,External,none,no change,1 vehicle,1994,Liability
3,5,4,Ford,Rural,4,4,1,Male,Married,54,Third Party,Sedan - Collision,Sedan,60000 to 69000,0,721,10,400,2,more than 30,more than 30,none,more than 7,41 to 50,No,No,External,more than 5,no change,1 vehicle,1994,Collision
4,4,6,Mercury,Urban,2,5,1,Male,Single,28,Policy Holder,Sedan - Liability,Sport,20000 to 29000,0,722,3,400,1,more than 30,more than 30,more than 4,6 years,31 to 35,No,No,External,none,no change,1 vehicle,1994,Liability
11,3,1,Honda,Urban,1,12,1,Male,Single,28,Policy Holder,Sedan - Liability,Sport,20000 to 29000,0,723,16,400,2,more than 30,more than 30,more than 4,6 years,31 to 35,No,No,External,none,no change,1 vehicle,1994,Liability
11,4,3,Chevrolet,Urban,4,11,4,Male,Single,34,Policy Holder,Sedan - Collision,Sedan,20000 to 29000,0,724,1,400,3,more than 30,more than 30,1,7 years,31 to 35,No,No,External,more than 5,no change,1 vehicle,1994,Collision
1,3,4,Dodge,Urban,5,1,5,Female,Single,29,Third Party,Sedan - All Perils,Sedan,20000 to 29000,0,725,7,400,1,more than 30,more than 30,2 to 4,6 years,31 to 35,No,No,External,none,no change,1 vehicle,1994,All Perils
11,2,7,Honda,Urban,3,11,3,Male,Single,18,Third Party,Sedan - Collision,Sedan,20000 to 29000,0,726,3,400,1,more than 30,more than 30,none,4 years,21 to 25,No,No,External,none,no change,1 vehicle,1994,Collision
7,5,1,Pontiac,Urban,2,9,1,Male,Married,42,Policy Holder,Sedan - Collision,Sedan,more than 69000,0,727,4,400,1,more than 30,more than 30,1,7 years,36 to 40,No,No,External,more than 5,no change,1 vehicle,1994,Collision
4,4,5,Pontiac,Urban,4,4,4,Male,Married,38,Third Party,Sedan - Collision,Sedan,20000 to 29000,0,728,11,400,2,more than 30,more than 30,2 to 4,more than 7,36 to 40,No,No,External,more than 5,no change,1 vehicle,1994,Collision
3,3,2,Chevrolet,Urban,3,3,3,Male,Married,44,Policy Holder,Sedan - Collision,Sedan,20000 to 29000,0,729,7,400,2,more than 30,more than 30,1,7 years,36 to 40,No,No,External,none,1 year,1 vehicle,1994,Collision
3,3,3,Mazda,Rural,5,3,3,Male,Married,37,Policy Holder,Sedan - Liability,Sport,20000 to 29000,0,730,16,400,2,more than 30,more than 30,2 to 4,7 years,36 to 40,No,No,External,3 to 5,no change,1 vehicle,1994,Liability
7,5,5,Mazda,Rural,4,8,1,Male,Married,36,Policy Holder,Sedan - Collision,Sedan,30000 to 39000,0,731,14,400,2,more than 30,more than 30,2 to 4,7 years,36 to 40,No,No,External,none,no change,1 vehicle,1994,Collision
3,5,4,Pontiac,Urban,1,5,3,Male,Married,45,Policy Holder,Sedan - All Perils,Sedan,30000 to 39000,0,732,15,400,2,none,more than 30,2 to 4,7 years,36 to 40,No,No,External,none,no change,1 vehicle,1994,All Perils
3,5,3,Pontiac,Rural,5,4,2,Male,Married,39,Third Party,Sedan - All Perils,Sedan,30000 to 39000,0,733,5,400,4,more than 30,more than 30,none,7 years,36 to 40,No,No,External,none,no change,1 vehicle,1994,All Perils
1,4,5,Pontiac,Urban,1,1,4,Male,Married,55,Policy Holder,Sedan - Liability,Sport,20000 to 29000,0,734,12,400,1,more than 30,more than 30,2 to 4,7 years,41 to 50,No,No,External,none,no change,1 vehicle,1994,Liability
1,4,5,Chevrolet,Urban,2,2,1,Female,Single,35,Third Party,Sedan - Collision,Sedan,20000 to 29000,0,735,5,400,4,more than 30,more than 30,1,6 years,31 to 35,No,No,External,3 to 5,no change,1 vehicle,1994,Collision
10,1,2,Accura,Urban,1,4,3,Male,Married,33,Policy Holder,Sedan - All Perils,Sedan,30000 to 39000,0,736,14,400,3,more than 30,more than 30,more than 4,6 years,31 to 35,No,No,External,none,4 to 8 years,2 vehicles,1994,All Perils
1,4,5,Chevrolet,Urban,4,1,4,Male,Single,28,Third Party,Sedan - All Perils,Sedan,20000 to 29000,0,737,14,400,2,more than 30,more than 30,2 to 4,6 years,31 to 35,No,No,External,none,no change,1 vehicle,1994,All Perils
3,1,4,Mazda,Urban,2,3,2,Male,Married,42,Policy Holder,Utility - All Perils,Utility,more than 69000,0,738,3,400,4,more than 30,more than 30,1,7 years,36 to 40,No,No,External,more than 5,no change,1 vehicle,1994,All Perils
3,1,5,Saab,Urban,4,3,2,Male,Married,42,Policy Holder,Sedan - Liability,Sport,30000 to 39000,0,739,9,400,2,more than 30,more than 30,2 to 4,7 years,36 to 40,No,No,External,none,no change,3 to 4,1994,Liability
3,2,6,Pontiac,Urban,1,4,2,Male,Married,38,Third Party,Sedan - Collision,Sedan,20000 to 29000,0,740,5,400,1,more than 30,more than 30,2 to 4,more than 7,36 to 40,No,No,External,1 to 2,no change,1 vehicle,1994,Collision
3,3,2,Mazda,Urban,3,4,4,Male,Single,28,Policy Holder,Sedan - Collision,Sedan,20000 to 29000,0,741,12,400,2,more than 30,more than 30,2 to 4,7 years,31 to 35,No,No,External,more than 5,no change,1 vehicle,1994,Collision
3,3,6,Chevrolet,Urban,2,3,4,Male,Married,47,Third Party,Sedan - Collision,Sedan,30000 to 39000,0,742,9,400,1,more than 30,more than 30,none,more than 7,41 to 50,No,No,External,3 to 5,no change,1 vehicle,1994,Collision
3,4,4,Toyota,Urban,4,3,4,Male,Married,44,Policy Holder,Sedan - Liability,Sport,20000 to 29000,0,743,9,400,3,more than 30,more than 30,more than 4,7 years,36 to 40,No,No,External,more than 5,no change,1 vehicle,1994,Liability
4,1,5,Pontiac,Rural,4,5,3,Male,Married,62,Policy Holder,Sedan - All Perils,Sedan,20000 to 29000,0,744,5,400,1,more than 30,more than 30,more than 4,more than 7,51 to 65,No,No,External,1 to 2,no change,1 vehicle,1994,All Perils
4,2,4,Pontiac,Urban,3,5,2,Male,Married,57,Policy Holder,Sedan - All Perils,Sedan,less than 20000,0,745,3,700,1,more than 30,more than 30,none,more than 7,51 to 65,No,No,External,1 to 2,no change,1 vehicle,1994,All Perils
3,1,4,Ford,Urban,4,3,1,Female,Married,45,Policy Holder,Sedan - All Perils,Sedan,more than 69000,0,746,16,400,2,more than 30,more than 30,none,7 years,36 to 40,No,No,External,none,no change,1 vehicle,1994,All Perils
3,1,6,Toyota,Urban,1,3,1,Male,Single,32,Third Party,Sedan - Collision,Sedan,20000 to 29000,0,747,15,400,2,more than 30,more than 30,1,6 years,31 to 35,No,No,External,3 to 5,no change,1 vehicle,1994,Collision
3,1,1,Mazda,Urban,1,3,4,Male,Married,49,Third Party,Sedan - All Perils,Sedan,30000 to 39000,0,748,1,400,3,more than 30,more than 30,1,more than 7,41 to 50,No,No,External,none,no change,1 vehicle,1994,All Perils
3,2,5,Mazda,Urban,2,3,3,Male,Married,35,Policy Holder,Sedan - Liability,Sport,more than 69000,0,749,11,400,4,more than 30,more than 30,2 to 4,6 years,31 to 35,No,No,External,3 to 5,no change,1 vehicle,1994,Liability
3,4,2,Toyota,Rural,4,3,4,Male,Married,26,Policy Holder,Sedan - All Perils,Sedan,less than 20000,0,750,14,400,2,more than 30,more than 30,none,6 years,31 to 35,No,No,External,3 to 5,no change,1 vehicle,1994,All Perils
6,4,4,Chevrolet,Rural,4,6,5,Female,Single,36,Policy Holder,Sedan - Liability,Sport,20000 to 29000,0,751,1,400,2,more than 30,more than 30,2 to 4,7 years,36 to 40,No,No,External,3 to 5,no change,1 vehicle,1994,Liability
11,1,1,Honda,Urban,2,11,2,Male,Single,16,Policy Holder,Sport - Collision,Sport,more than 69000,0,752,11,400,3,more than 30,more than 30,none,2 years,18 to 20,No,No,External,1 to 2,no change,1 vehicle,1994,Collision
10,4,3,Toyota,Urban,2,11,2,Male,Single,31,Third Party,Sedan - Liability,Sport,20000 to 29000,0,753,9,400,4,more than 30,more than 30,none,6 years,31 to 35,Yes,No,External,none,no change,1 vehicle,1994,Liability
6,5,4,Chevrolet,Urban,2,7,1,Male,Married,30,Policy Holder,Sedan - All Perils,Sedan,30000 to 39000,0,754,3,400,4,more than 30,more than 30,none,5 years,31 to 35,No,No,External,none,no change,1 vehicle,1994,All Perils
6,4,2,Pontiac,Urban,3,6,5,Female,Single,30,Policy Holder,Sedan - Liability,Sport,30000 to 39000,0,755,13,400,4,more than 30,more than 30,2 to 4,6 years,31 to 35,No,No,External,none,no change,1 vehicle,1994,Liability
4,2,5,Mazda,Urban,1,4,2,Male,Single,42,Third Party,Sedan - Collision,Sedan,30000 to 39000,0,756,13,400,3,more than 30,more than 30,1,more than 7,36 to 40,No,No,External,more than 5,no change,1 vehicle,1994,Collision
3,3,7,Toyota,Urban,1,3,3,Male,Single,78,Policy Holder,Sedan - All Perils,Sedan,less than 20000,0,757,8,400,2,more than 30,more than 30,none,more than 7,over 65,No,No,External,more than 5,4 to 8 years,2 vehicles,1994,All Perils
1,4,5,Dodge,Urban,2,2,1,Male,Single,33,Policy Holder,Sedan - All Perils,Sedan,30000 to 39000,1,758,16,400,2,more than 30,more than 30,2 to 4,6 years,31 to 35,No,No,External,none,no change,1 vehicle,1994,All Perils
3,2,5,Honda,Urban,2,3,3,Male,Single,40,Policy Holder,Sedan - Collision,Sedan,20000 to 29000,0,759,15,400,1,more than 30,more than 30,1,more than 7,36 to 40,No,No,External,none,no change,1 vehicle,1994,Collision
3,1,5,Chevrolet,Urban,1,3,1,Female,Single,36,Third Party,Sedan - Collision,Sedan,30000 to 39000,0,760,13,400,4,more than 30,more than 30,more than 4,5 years,36 to 40,No,No,External,none,no change,1 vehicle,1994,Collision
1,3,4,Pontiac,Urban,4,1,3,Male,Single,43,Policy Holder,Sedan - Liability,Sport,20000 to 29000,0,761,7,400,4,more than 30,more than 30,2 to 4,7 years,36 to 40,No,No,External,more than 5,no change,1 vehicle,1994,Liability
1,4,5,Mazda,Urban,2,3,1,Male,Married,36,Third Party,Sport - Collision,Sport,more than 69000,0,762,2,400,1,more than 30,more than 30,none,7 years,36 to 40,No,No,External,none,no change,1 vehicle,1994,Collision
4,2,6,Toyota,Urban,4,4,3,Male,Single,41,Policy Holder,Sedan - Liability,Sport,more than 69000,0,763,10,400,2,more than 30,more than 30,more than 4,more than 7,36 to 40,No,No,External,more than 5,no change,1 vehicle,1994,Liability
4,2,5,Mazda,Urban,1,4,2,Male,Married,36,Third Party,Sedan - All Perils,Sedan,less than 20000,0,764,7,400,2,more than 30,more than 30,none,more than 7,36 to 40,No,No,External,3 to 5,no change,1 vehicle,1994,All Perils
4,1,1,Chevrolet,Rural,1,4,1,Female,Married,41,Third Party,Sedan - Collision,Sedan,30000 to 39000,0,765,1,400,4,more than 30,more than 30,1,7 years,36 to 40,No,No,External,more than 5,no change,1 vehicle,1994,Collision
4,1,7,Pontiac,Urban,2,4,4,Male,Married,27,Policy Holder,Sedan - Collision,Sedan,20000 to 29000,0,766,10,500,2,more than 30,more than 30,1,6 years,31 to 35,No,No,External,none,2 to 3 years,1 vehicle,1994,Collision
3,4,5,Pontiac,Urban,4,4,2,Male,Married,32,Third Party,Sedan - All Perils,Sedan,less than 20000,0,767,11,400,2,more than 30,more than 30,1,5 years,31 to 35,No,No,External,none,no change,1 vehicle,1994,All Perils
1,4,6,Toyota,Urban,3,1,4,Male,Married,53,Policy Holder,Sedan - Collision,Sedan,20000 to 29000,1,768,4,400,4,more than 30,more than 30,none,more than 7,41 to 50,No,No,External,none,no change,1 vehicle,1994,Collision
3,3,4,Honda,Urban,4,3,3,Male,Single,0,Policy Holder,Sedan - Liability,Sport,more than 69000,0,769,16,400,4,more than 30,more than 30,none,new,16 to 17,No,No,External,none,no change,1 vehicle,1994,Liability
3,2,7,Saturn,Urban,5,3,3,Male,Married,39,Policy Holder,Sedan - All Perils,Sedan,20000 to 29000,0,770,7,400,1,more than 30,more than 30,2 to 4,7 years,36 to 40,No,No,External,none,no change,1 vehicle,1994,All Perils
3,2,1,Toyota,Urban,1,5,2,Male,Married,40,Policy Holder,Sedan - Collision,Sedan,20000 to 29000,0,771,15,400,1,more than 30,more than 30,2 to 4,7 years,36 to 40,No,No,External,1 to 2,no change,1 vehicle,1994,Collision
3,2,1,Chevrolet,Urban,1,3,2,Male,Married,48,Third Party,Sedan - Collision,Sedan,20000 to 29000,0,772,2,400,2,more than 30,more than 30,2 to 4,7 years,41 to 50,No,No,External,none,no change,1 vehicle,1994,Collision
3,2,1,Toyota,Urban,3,3,2,Male,Married,43,Policy Holder,Sedan - All Perils,Sedan,20000 to 29000,0,773,14,400,1,more than 30,more than 30,1,7 years,36 to 40,No,No,External,none,no change,1 vehicle,1994,All Perils
3,1,3,Pontiac,Urban,5,3,1,Male,Married,61,Policy Holder,Sedan - Liability,Sport,20000 to 29000,0,774,15,400,4,more than 30,more than 30,2 to 4,more than 7,51 to 65,No,No,External,none,no change,1 vehicle,1994,Liability
2,4,5,Accura,Urban,5,2,4,Male,Married,29,Policy Holder,Sedan - Collision,Sedan,more than 69000,0,775,10,400,2,more than 30,more than 30,more than 4,7 years,31 to 35,No,No,External,more than 5,no change,1 vehicle,1994,Collision
9,4,2,Mazda,Rural,4,2,4,Male,Married,51,Policy Holder,Utility - All Perils,Utility,more than 69000,0,776,8,700,4,more than 30,more than 30,1,more than 7,41 to 50,No,No,External,none,no change,1 vehicle,1994,All Perils
1,3,7,Toyota,Urban,1,7,4,Male,Married,60,Third Party,Sedan - All Perils,Sedan,more than 69000,0,777,12,400,2,more than 30,more than 30,2 to 4,5 years,51 to 65,No,No,External,none,no change,1 vehicle,1994,All Perils
9,2,1,Honda,Rural,3,9,5,Male,Single,0,Policy Holder,Sport - Collision,Sport,more than 69000,0,778,11,400,3,more than 30,more than 30,none,new,16 to 17,No,No,External,none,4 to 8 years,2 vehicles,1994,Collision
1,4,6,Honda,Urban,1,1,4,Female,Single,27,Third Party,Sedan - All Perils,Sedan,more than 69000,0,779,8,400,4,more than 30,more than 30,more than 4,new,31 to 35,No,No,External,none,no change,1 vehicle,1994,All Perils
4,4,2,Toyota,Urban,2,4,4,Male,Married,32,Policy Holder,Sedan - Collision,Sedan,20000 to 29000,0,780,10,400,4,more than 30,more than 30,1,7 years,31 to 35,No,No,External,3 to 5,no change,3 to 4,1994,Collision
4,4,3,Mazda,Urban,4,5,1,Female,Married,27,Policy Holder,Sedan - Liability,Sport,20000 to 29000,0,781,5,400,3,more than 30,more than 30,1,7 years,31 to 35,No,No,External,none,no change,1 vehicle,1994,Liability
8,3,7,Honda,Urban,2,8,3,Male,Married,43,Policy Holder,Sedan - Collision,Sedan,30000 to 39000,0,782,11,400,1,more than 30,more than 30,1,7 years,36 to 40,No,No,External,more than 5,no change,1 vehicle,1994,Collision
10,4,5,Pontiac,Urban,5,10,4,Female,Married,35,Policy Holder,Sedan - Collision,Sedan,20000 to 29000,0,783,8,400,3,more than 30,more than 30,2 to 4,7 years,31 to 35,No,No,External,more than 5,no change,1 vehicle,1994,Collision
4,4,5,Pontiac,Rural,1,5,4,Male,Married,45,Policy Holder,Sedan - Collision,Sedan,more than 69000,0,784,14,400,2,more than 30,more than 30,2 to 4,7 years,36 to 40,No,No,External,none,no change,1 vehicle,1994,Collision
10,1,3,Chevrolet,Rural,4,10,1,Female,Married,34,Policy Holder,Sedan - Collision,Sedan,30000 to 39000,0,785,15,400,3,more than 30,more than 30,none,6 years,31 to 35,No,No,External,none,no change,1 vehicle,1994,Collision
9,2,2,Pontiac,Urban,2,9,2,Male,Married,54,Third Party,Sedan - All Perils,Sedan,30000 to 39000,0,786,8,400,2,more than 30,more than 30,none,more than 7,41 to 50,No,No,External,1 to 2,no change,1 vehicle,1994,All Perils
1,4,7,Honda,Urban,1,2,2,Male,Married,24,Policy Holder,Sedan - Liability,Sport,20000 to 29000,0,787,9,400,2,more than 30,more than 30,more than 4,5 years,26 to 30,No,No,External,none,no change,1 vehicle,1994,Liability
6,4,4,Pontiac,Urban,1,7,2,Female,Single,18,Policy Holder,Sedan - Collision,Sedan,20000 to 29000,0,788,13,400,2,15 to 30,more than 30,none,2 years,21 to 25,No,No,External,none,no change,1 vehicle,1994,Collision
6,4,3,Pontiac,Urban,3,7,4,Male,Married,49,Policy Holder,Sedan - All Perils,Sedan,30000 to 39000,0,789,3,400,3,more than 30,more than 30,more than 4,more than 7,41 to 50,No,No,External,none,no change,1 vehicle,1994,All Perils
1,4,7,Pontiac,Urban,3,1,4,Male,Married,39,Policy Holder,Sedan - All Perils,Sedan,20000 to 29000,1,790,11,400,2,more than 30,more than 30,none,6 years,36 to 40,No,No,External,none,no change,1 vehicle,1994,All Perils
12,4,5,Toyota,Urban,5,12,4,Male,Single,36,Policy Holder,Sedan - Collision,Sedan,20000 to 29000,0,791,1,400,3,more than 30,more than 30,1,7 years,36 to 40,No,No,External,more than 5,no change,1 vehicle,1994,Collision
8,2,7,Honda,Urban,1,11,4,Male,Married,46,Policy Holder,Sedan - All Perils,Sedan,less than 20000,0,792,2,400,3,more than 30,more than 30,none,more than 7,41 to 50,No,No,External,more than 5,no change,1 vehicle,1994,All Perils
10,4,3,Pontiac,Urban,3,10,4,Male,Married,37,Policy Holder,Sedan - Liability,Sport,20000 to 29000,0,793,1,400,4,more than 30,more than 30,2 to 4,7 years,36 to 40,No,No,External,more than 5,no change,1 vehicle,1994,Liability
1,4,7,Honda,Urban,5,1,5,Male,Married,32,Third Party,Sedan - All Perils,Sedan,20000 to 29000,0,794,13,400,3,more than 30,more than 30,none,7 years,31 to 35,No,No,External,none,no change,1 vehicle,1994,All Perils
9,4,7,Mazda,Urban,4,9,5,Female,Married,27,Policy Holder,Sedan - All Perils,Sedan,20000 to 29000,0,795,1,400,4,more than 30,more than 30,1,6 years,31 to 35,No,No,External,none,no change,1 vehicle,1994,All Perils
9,4,6,Honda,Urban,1,9,4,Male,Married,30,Policy Holder,Sedan - Liability,Sport,more than 69000,0,796,12,400,3,more than 30,more than 30,2 to 4,new,31 to 35,No,No,External,none,no change,1 vehicle,1994,Liability
1,4,7,Mazda,Urban,3,1,4,Male,Married,32,Policy Holder,Sedan - Collision,Sedan,20000 to 29000,1,797,6,400,4,more than 30,more than 30,1,7 years,31 to 35,No,No,External,none,no change,1 vehicle,1994,Collision
6,3,5,Honda,Urban,4,7,2,Male,Single,28,Policy Holder,Sedan - All Perils,Sedan,20000 to 29000,0,798,7,400,3,more than 30,more than 30,none,6 years,31 to 35,No,No,External,more than 5,no change,1 vehicle,1994,All Perils
1,4,1,Chevrolet,Urban,3,2,1,Female,Single,27,Policy Holder,Sedan - All Perils,Sedan,more than 69000,1,799,6,400,2,more than 30,more than 30,1,7 years,31 to 35,No,No,External,1 to 2,4 to 8 years,2 vehicles,1994,All Perils
8,4,2,Pontiac,Urban,3,8,5,Male,Married,43,Third Party,Sedan - Collision,Sedan,30000 to 39000,0,800,9,400,4,more than 30,more than 30,1,7 years,36 to 40,No,No,External,more than 5,no change,1 vehicle,1994,Collision
5,1,1,Toyota,Urban,4,5,1,Male,Married,65,Policy Holder,Sedan - Liability,Sport,20000 to 29000,0,801,1,400,2,more than 30,more than 30,2 to 4,more than 7,51 to 65,No,No,External,1 to 2,no change,1 vehicle,1994,Liability
9,5,4,Honda,Urban,3,10,1,Male,Married,43,Third Party,Sedan - All Perils,Sedan,less than 20000,0,802,11,400,4,more than 30,more than 30,none,more than 7,36 to 40,No,No,External,1 to 2,no change,1 vehicle,1994,All Perils
6,4,6,Honda,Urban,2,7,1,Male,Married,44,Third Party,Sedan - All Perils,Sedan,20000 to 29000,0,803,2,400,4,more than 30,more than 30,none,6 years,36 to 40,No,No,External,none,no change,1 vehicle,1994,All Perils
6,3,1,Honda,Urban,1,6,3,Male,Married,32,Policy Holder,Sedan - Liability,Sport,20000 to 29000,0,804,9,400,1,more than 30,more than 30,2 to 4,7 years,31 to 35,No,No,External,more than 5,no change,1 vehicle,1994,Liability
4,1,6,Mazda,Urban,4,11,4,Male,Married,32,Policy Holder,Sedan - Collision,Sedan,20000 to 29000,0,805,5,400,4,8 to 15,more than 30,1,6 years,31 to 35,No,No,External,none,no change,1 vehicle,1994,Collision
6,2,3,Pontiac,Urban,5,6,2,Male,Single,34,Policy Holder,Sedan - All Perils,Sedan,less than 20000,0,806,15,400,4,more than 30,more than 30,2 to 4,6 years,31 to 35,No,No,External,1 to 2,no change,1 vehicle,1994,All Perils
6,2,3,Toyota,Urban,2,6,3,Male,Married,29,Policy Holder,Sedan - Liability,Sport,20000 to 29000,0,807,5,400,1,more than 30,more than 30,more than 4,6 years,31 to 35,No,No,External,none,no change,1 vehicle,1994,Liability
9,4,3,Toyota,Urban,3,9,4,Male,Married,54,Policy Holder,Sedan - Liability,Sport,more than 69000,0,808,11,400,4,more than 30,more than 30,more than 4,7 years,41 to 50,No,No,External,more than 5,no change,1 vehicle,1994,Liability
6,3,3,Pontiac,Rural,4,6,3,Male,Married,54,Policy Holder,Sedan - Liability,Sport,20000 to 29000,0,809,3,400,4,more than 30,more than 30,more than 4,7 years,41 to 50,No,No,External,more than 5,no change,1 vehicle,1994,Liability
5,3,3,Mazda,Urban,3,5,3,Male,Married,37,Policy Holder,Sedan - Collision,Sedan,30000 to 39000,0,810,14,400,4,more than 30,more than 30,1,7 years,36 to 40,No,No,External,none,no change,1 vehicle,1994,Collision
5,2,3,Toyota,Urban,1,5,3,Male,Married,31,Policy Holder,Sedan - Liability,Sport,20000 to 29000,0,811,8,400,1,more than 30,more than 30,2 to 4,7 years,31 to 35,No,No,External,none,no change,1 vehicle,1994,Liability
9,2,3,Honda,Urban,1,9,3,Male,Single,27,Policy Holder,Sedan - Collision,Sedan,20000 to 29000,0,812,11,400,2,more than 30,more than 30,none,6 years,31 to 35,No,No,External,1 to 2,no change,1 vehicle,1994,Collision
5,4,5,Chevrolet,Urban,2,7,3,Male,Married,60,Policy Holder,Sedan - Collision,Sedan,20000 to 29000,0,813,5,400,3,more than 30,more than 30,1,more than 7,51 to 65,No,No,External,none,no change,1 vehicle,1994,Collision
1,4,1,Mazda,Urban,1,2,4,Male,Married,43,Policy Holder,Sedan - Collision,Sedan,20000 to 29000,1,814,3,400,1,more than 30,more than 30,2 to 4,7 years,36 to 40,Yes,No,External,none,no change,1 vehicle,1994,Collision
3,4,4,Mazda,Urban,4,3,4,Male,Married,55,Third Party,Sedan - All Perils,Sedan,30000 to 39000,0,815,8,400,2,more than 30,more than 30,none,more than 7,41 to 50,No,No,External,more than 5,no change,1 vehicle,1994,All Perils
6,2,4,Mazda,Urban,4,6,2,Female,Single,33,Policy Holder,Sedan - All Perils,Sedan,20000 to 29000,0,816,11,400,1,more than 30,more than 30,2 to 4,6 years,31 to 35,No,No,External,more than 5,no change,1 vehicle,1994,All Perils
9,3,6,Honda,Urban,3,9,4,Male,Single,24,Third Party,Sedan - Collision,Sedan,20000 to 29000,0,817,5,400,1,more than 30,more than 30,1,3 years,26 to 30,No,No,External,none,2 to 3 years,1 vehicle,1994,Collision
6,4,1,Honda,Urban,2,6,5,Male,Single,40,Policy Holder,Sedan - All Perils,Sedan,20000 to 29000,0,818,3,400,1,more than 30,more than 30,none,7 years,36 to 40,No,No,External,3 to 5,no change,1 vehicle,1994,All Perils
12,4,4,Dodge,Urban,4,1,1,Male,Married,44,Policy Holder,Sedan - Liability,Sport,30000 to 39000,0,819,15,400,2,more than 30,more than 30,1,7 years,36 to 40,No,No,External,none,no change,1 vehicle,1994,Liability
8,2,4,Ford,Rural,4,8,3,Male,Married,45,Third Party,Sedan - Collision,Sedan,30000 to 39000,0,820,10,400,1,more than 30,more than 30,2 to 4,6 years,36 to 40,No,No,External,more than 5,1 year,2 vehicles,1994,Collision
11,2,5,Toyota,Urban,1,11,3,Male,Married,53,Policy Holder,Sedan - Collision,Sedan,30000 to 39000,0,821,5,400,3,more than 30,more than 30,2 to 4,more than 7,41 to 50,No,No,External,1 to 2,no change,3 to 4,1994,Collision
9,5,6,Ford,Rural,1,10,1,Male,Married,44,Policy Holder,Sedan - Collision,Sedan,30000 to 39000,0,822,10,400,4,more than 30,more than 30,none,more than 7,36 to 40,No,No,External,3 to 5,no change,1 vehicle,1994,Collision
11,3,5,Pontiac,Urban,3,11,4,Male,Married,35,Policy Holder,Utility - All Perils,Utility,40000 to 59000,0,823,12,400,3,more than 30,more than 30,more than 4,6 years,31 to 35,No,No,External,more than 5,no change,1 vehicle,1994,All Perils
1,4,1,Honda,Urban,2,2,1,Male,Single,33,Policy Holder,Sedan - Collision,Sedan,20000 to 29000,1,824,6,400,4,more than 30,more than 30,none,5 years,31 to 35,No,No,External,1 to 2,no change,1 vehicle,1994,Collision
11,3,7,Ford,Urban,2,11,4,Male,Married,48,Policy Holder,Sedan - All Perils,Sedan,20000 to 29000,0,825,5,400,2,more than 30,more than 30,2 to 4,more than 7,41 to 50,No,No,External,none,no change,1 vehicle,1994,All Perils
4,4,2,Mazda,Urban,2,5,1,Female,Married,52,Third Party,Sedan - Collision,Sedan,20000 to 29000,0,826,16,400,4,more than 30,more than 30,1,7 years,41 to 50,No,No,External,none,no change,1 vehicle,1994,Collision
1,4,1,Honda,Urban,4,2,1,Male,Single,22,Third Party,Sport - Collision,Sport,more than 69000,0,827,2,400,4,1 to 7,15 to 30,none,6 years,26 to 30,No,No,External,none,no change,1 vehicle,1994,Collision
1,4,2,Pontiac,Urban,2,4,1,Male,Married,27,Policy Holder,Sedan - Collision,Sedan,30000 to 39000,1,828,14,400,1,more than 30,more than 30,1,7 years,31 to 35,No,No,External,none,no change,1 vehicle,1994,Collision
5,1,7,Dodge,Urban,1,5,3,Male,Married,40,Policy Holder,Sedan - Liability,Sport,30000 to 39000,0,829,16,400,2,more than 30,more than 30,more than 4,7 years,36 to 40,No,No,External,more than 5,no change,1 vehicle,1994,Liability
11,3,7,Toyota,Urban,1,11,3,Male,Married,50,Policy Holder,Sedan - Collision,Sedan,20000 to 29000,0,830,13,400,4,more than 30,more than 30,none,more than 7,41 to 50,No,No,External,3 to 5,no change,1 vehicle,1994,Collision
1,4,2,Chevrolet,Urban,2,1,4,Male,Married,39,Policy Holder,Sedan - Liability,Sport,30000 to 39000,1,831,6,400,3,more than 30,more than 30,more than 4,7 years,36 to 40,No,No,External,none,no change,1 vehicle,1994,Liability
6,1,4,Honda,Urban,5,6,1,Male,Married,49,Policy Holder,Sedan - Liability,Sport,30000 to 39000,0,832,14,400,3,more than 30,more than 30,more than 4,7 years,41 to 50,No,No,External,more than 5,no change,1 vehicle,1994,Liability
11,4,7,Pontiac,Urban,1,11,4,Male,Single,27,Policy Holder,Sedan - Collision,Sedan,20000 to 29000,0,833,10,400,4,more than 30,more than 30,2 to 4,6 years,31 to 35,No,No,External,none,no change,1 vehicle,1994,Collision
11,4,5,Pontiac,Urban,1,11,4,Male,Married,57,Policy Holder,Sedan - Collision,Sedan,30000 to 39000,0,834,2,400,2,more than 30,more than 30,none,more than 7,51 to 65,No,No,External,none,no change,1 vehicle,1994,Collision
7,5,7,Toyota,Urban,1,8,1,Female,Single,21,Policy Holder,Sedan - Collision,Sedan,20000 to 29000,0,835,14,400,4,more than 30,more than 30,1,3 years,26 to 30,No,No,External,more than 5,no change,1 vehicle,1994,Collision
8,1,2,Pontiac,Urban,3,8,3,Male,Married,27,Policy Holder,Sedan - All Perils,Sedan,less than 20000,0,836,8,400,3,more than 30,more than 30,none,7 years,31 to 35,No,No,External,1 to 2,no change,1 vehicle,1994,All Perils
7,1,1,Toyota,Urban,2,7,1,Female,Married,30,Policy Holder,Sedan - Collision,Sedan,20000 to 29000,0,837,16,400,4,more than 30,more than 30,1,4 years,31 to 35,No,No,Internal,none,no change,1 vehicle,1994,Collision
7,1,7,Honda,Urban,4,7,2,Female,Single,29,Third Party,Sport - Collision,Sport,more than 69000,0,838,6,400,2,more than 30,more than 30,none,5 years,31 to 35,No,No,External,none,no change,1 vehicle,1994,Collision
5,2,5,Chevrolet,Urban,3,5,4,Male,Married,43,Third Party,Sedan - Liability,Sport,30000 to 39000,0,839,15,400,4,more than 30,more than 30,1,more than 7,36 to 40,No,No,External,more than 5,no change,1 vehicle,1994,Liability
5,1,2,Ford,Urban,2,5,1,Male,Married,47,Policy Holder,Sedan - Collision,Sedan,30000 to 39000,0,840,1,400,4,more than 30,more than 30,2 to 4,more than 7,41 to 50,No,No,External,1 to 2,no change,1 vehicle,1994,Collision
1,3,5,Pontiac,Rural,1,2,2,Male,Married,43,Policy Holder,Sedan - Liability,Sport,20000 to 29000,0,841,2,400,2,more than 30,more than 30,2 to 4,7 years,36 to 40,No,No,External,none,4 to 8 years,2 vehicles,1994,Liability
5,3,5,Pontiac,Urban,4,6,2,Male,Married,54,Third Party,Sedan - All Perils,Sedan,20000 to 29000,0,842,5,400,3,more than 30,more than 30,none,more than 7,41 to 50,No,No,External,none,no change,1 vehicle,1994,All Perils
5,2,5,Pontiac,Urban,1,5,3,Male,Married,42,Policy Holder,Sedan - All Perils,Sedan,20000 to 29000,0,843,11,400,3,more than 30,more than 30,2 to 4,more than 7,36 to 40,No,No,External,none,no change,1 vehicle,1994,All Perils
12,3,7,Saab,Rural,3,6,3,Male,Married,33,Policy Holder,Sedan - Collision,Sedan,30000 to 39000,0,844,15,400,4,more than 30,more than 30,2 to 4,6 years,31 to 35,No,No,External,none,no change,1 vehicle,1994,Collision
1,4,2,Honda,Urban,3,2,2,Male,Single,0,Policy Holder,Sedan - All Perils,Sedan,more than 69000,1,845,15,400,3,more than 30,more than 30,none,new,16 to 17,No,No,External,none,no change,1 vehicle,1994,All Perils
10,1,4,Toyota,Urban,3,10,3,Male,Married,32,Policy Holder,Sedan - Collision,Sedan,20000 to 29000,0,846,5,400,4,more than 30,more than 30,1,6 years,31 to 35,No,No,External,none,no change,1 vehicle,1994,Collision
2,1,4,Ford,Urban,4,3,2,Male,Married,43,Policy Holder,Sedan - Collision,Sedan,30000 to 39000,0,847,13,400,2,more than 30,more than 30,1,7 years,36 to 40,No,No,External,none,no change,1 vehicle,1994,Collision
2,3,4,Mazda,Rural,4,2,4,Male,Married,48,Third Party,Sedan - Collision,Sedan,20000 to 29000,0,848,3,400,2,more than 30,more than 30,1,7 years,41 to 50,No,No,External,none,no change,1 vehicle,1994,Collision
1,4,2,Saab,Urban,5,2,1,Male,Married,65,Policy Holder,Sedan - All Perils,Sedan,30000 to 39000,1,849,2,400,3,more than 30,more than 30,2 to 4,more than 7,51 to 65,No,No,External,none,no change,1 vehicle,1994,All Perils
1,2,4,Pontiac,Urban,1,3,4,Male,Widow,63,Policy Holder,Sedan - Liability,Sport,20000 to 29000,0,850,14,400,2,more than 30,more than 30,2 to 4,more than 7,51 to 65,No,No,External,none,no change,1 vehicle,1994,Liability
1,5,7,Honda,Urban,4,2,1,Male,Married,31,Policy Holder,Sedan - Liability,Sport,30000 to 39000,0,851,1,400,4,more than 30,more than 30,2 to 4,7 years,31 to 35,No,No,External,none,no change,1 vehicle,1994,Liability
3,1,3,Mazda,Urban,3,3,1,Male,Single,35,Policy Holder,Sedan - Collision,Sedan,20000 to 29000,0,852,1,400,2,more than 30,more than 30,2 to 4,4 years,31 to 35,No,No,External,none,no change,1 vehicle,1994,Collision
2,3,6,Pontiac,Urban,1,2,4,Male,Married,54,Third Party,Sedan - All Perils,Sedan,20000 to 29000,0,853,11,400,4,more than 30,more than 30,1,more than 7,41 to 50,No,No,External,none,no change,5 to 8,1994,All Perils
2,3,7,Pontiac,Urban,1,2,4,Male,Married,34,Policy Holder,Sedan - Liability,Sport,30000 to 39000,0,854,7,400,1,more than 30,more than 30,2 to 4,7 years,31 to 35,No,No,External,1 to 2,no change,1 vehicle,1994,Liability
2,2,6,Ford,Urban,3,2,3,Male,Married,49,Third Party,Sedan - All Perils,Sedan,40000 to 59000,0,855,11,400,4,more than 30,more than 30,more than 4,5 years,41 to 50,No,No,External,more than 5,no change,1 vehicle,1994,All Perils
2,2,1,Accura,Rural,1,2,5,Male,Married,44,Policy Holder,Utility - All Perils,Utility,more than 69000,0,856,6,400,1,more than 30,more than 30,none,more than 7,36 to 40,No,No,External,none,no change,1 vehicle,1994,All Perils
1,4,2,Mazda,Rural,2,2,1,Female,Married,28,Third Party,Sedan - All Perils,Sedan,more than 69000,0,857,3,400,4,more than 30,more than 30,1,7 years,31 to 35,No,No,External,none,no change,1 vehicle,1994,All Perils
1,4,7,Honda,Urban,2,2,2,Male,Married,62,Policy Holder,Sedan - Collision,Sedan,20000 to 29000,0,858,3,400,4,more than 30,more than 30,more than 4,more than 7,51 to 65,No,No,External,more than 5,no change,1 vehicle,1994,Collision
8,4,1,Pontiac,Urban,2,8,4,Male,Single,49,Policy Holder,Utility - All Perils,Utility,more than 69000,0,859,8,400,1,more than 30,more than 30,2 to 4,more than 7,41 to 50,No,No,External,more than 5,no change,1 vehicle,1994,All Perils
8,1,2,Chevrolet,Urban,2,8,1,Male,Single,31,Policy Holder,Sedan - Collision,Sedan,30000 to 39000,0,860,2,400,1,more than 30,more than 30,1,6 years,31 to 35,No,No,External,more than 5,no change,1 vehicle,1994,Collision
4,1,3,Honda,Urban,5,4,2,Male,Married,47,Policy Holder,Sedan - Liability,Sport,20000 to 29000,0,861,6,400,4,more than 30,more than 30,1,more than 7,41 to 50,No,No,External,none,no change,1 vehicle,1994,Liability
8,1,4,Honda,Rural,3,8,2,Male,Married,40,Policy Holder,Sedan - All Perils,Sedan,less than 20000,0,862,9,400,3,more than 30,more than 30,2 to 4,more than 7,36 to 40,No,No,External,none,4 to 8 years,3 to 4,1994,All Perils
8,1,3,Mazda,Urban,5,8,1,Male,Married,34,Policy Holder,Sedan - Liability,Sport,20000 to 29000,0,863,8,400,2,more than 30,more than 30,1,6 years,31 to 35,No,No,External,3 to 5,no change,1 vehicle,1994,Liability
1,1,1,Honda,Urban,1,1,2,Female,Married,38,Policy Holder,Sedan - Liability,Sport,20000 to 29000,0,864,10,400,1,more than 30,more than 30,none,5 years,36 to 40,No,No,External,1 to 2,no change,1 vehicle,1994,Liability
12,5,5,Pontiac,Urban,3,1,1,Male,Single,31,Policy Holder,Sedan - Liability,Sport,20000 to 29000,0,865,2,400,2,more than 30,more than 30,2 to 4,7 years,31 to 35,No,No,External,1 to 2,no change,1 vehicle,1994,Liability
9,5,4,Honda,Urban,1,10,1,Female,Married,33,Policy Holder,Sedan - All Perils,Sedan,less than 20000,0,866,5,400,2,more than 30,more than 30,none,7 years,31 to 35,No,No,External,none,no change,1 vehicle,1994,All Perils
11,2,3,Pontiac,Urban,3,11,3,Male,Single,30,Policy Holder,Sedan - Collision,Sedan,20000 to 29000,0,867,13,400,3,more than 30,more than 30,2 to 4,5 years,31 to 35,No,No,External,3 to 5,no change,1 vehicle,1994,Collision
11,2,3,Toyota,Rural,2,11,4,Male,Married,58,Third Party,Sedan - Collision,Sedan,30000 to 39000,0,868,2,500,2,more than 30,more than 30,2 to 4,more than 7,51 to 65,No,No,External,3 to 5,2 to 3 years,1 vehicle,1994,Collision
7,1,5,Mazda,Urban,1,7,1,Male,Married,26,Third Party,Sport - Collision,Sport,more than 69000,0,869,3,400,2,more than 30,more than 30,1,6 years,31 to 35,No,No,External,none,no change,1 vehicle,1994,Collision
5,1,3,Honda,Urban,5,5,1,Female,Single,34,Third Party,Sport - Collision,Sport,more than 69000,0,870,12,400,2,more than 30,more than 30,none,5 years,31 to 35,No,No,External,none,no change,1 vehicle,1994,Collision
5,1,3,Toyota,Urban,5,5,2,Male,Married,44,Third Party,Sedan - All Perils,Sedan,20000 to 29000,0,871,16,400,4,more than 30,more than 30,2 to 4,more than 7,36 to 40,No,No,External,more than 5,no change,1 vehicle,1994,All Perils
5,2,2,Toyota,Urban,3,5,3,Male,Married,41,Third Party,Sedan - Liability,Sport,30000 to 39000,0,872,11,400,4,more than 30,more than 30,2 to 4,7 years,36 to 40,No,No,External,more than 5,no change,1 vehicle,1994,Liability
12,4,2,Mazda,Urban,2,12,4,Male,Married,64,Policy Holder,Sedan - Liability,Sport,30000 to 39000,0,873,13,400,1,more than 30,more than 30,more than 4,7 years,51 to 65,No,No,External,1 to 2,no change,1 vehicle,1994,Liability
12,3,3,Mazda,Urban,4,12,3,Male,Married,45,Policy Holder,Sedan - Collision,Sedan,30000 to 39000,0,874,10,400,4,more than 30,more than 30,2 to 4,more than 7,36 to 40,No,No,External,none,no change,1 vehicle,1994,Collision
5,1,7,Mazda,Rural,7,5,1,Male,Single,31,Third Party,Sedan - Collision,Sedan,20000 to 29000,0,875,7,400,4,more than 30,more than 30,1,6 years,31 to 35,No,No,Internal,none,no change,1 vehicle,1994,Collision
11,2,5,Honda,Urban,5,11,2,Male,Married,45,Third Party,Sport - Collision,Sport,more than 69000,0,876,1,400,2,more than 30,more than 30,2 to 4,7 years,36 to 40,No,No,External,more than 5,no change,1 vehicle,1994,Collision
10,2,5,Dodge,Urban,5,10,3,Male,Married,47,Third Party,Sedan - Collision,Sedan,30000 to 39000,0,877,12,400,3,more than 30,more than 30,2 to 4,more than 7,41 to 50,No,No,External,more than 5,no change,1 vehicle,1994,Collision
8,2,3,Honda,Urban,4,9,2,Male,Single,27,Third Party,Sedan - Collision,Sedan,20000 to 29000,0,878,16,400,1,more than 30,more than 30,2 to 4,6 years,31 to 35,No,No,External,none,no change,1 vehicle,1994,Collision
8,2,1,Honda,Urban,1,8,2,Female,Single,31,Policy Holder,Sedan - Liability,Sport,20000 to 29000,0,879,6,400,3,more than 30,more than 30,2 to 4,6 years,31 to 35,No,No,External,more than 5,no change,1 vehicle,1994,Liability
7,3,4,Pontiac,Urban,3,8,1,Female,Married,50,Policy Holder,Sedan - Liability,Sport,30000 to 39000,0,880,3,400,3,more than 30,more than 30,more than 4,7 years,41 to 50,No,No,External,more than 5,no change,1 vehicle,1994,Liability
10,4,4,Honda,Urban,3,11,3,Male,Married,32,Policy Holder,Sedan - All Perils,Sedan,more than 69000,0,881,11,400,2,more than 30,more than 30,1,new,31 to 35,No,No,External,none,no change,1 vehicle,1994,All Perils
1,4,4,Mazda,Urban,3,2,1,Female,Single,38,Policy Holder,Sedan - Collision,Sedan,20000 to 29000,1,882,9,400,4,more than 30,more than 30,1,7 years,36 to 40,No,No,External,none,no change,1 vehicle,1994,Collision
8,4,5,Honda,Urban,1,8,5,Male,Married,41,Policy Holder,Sedan - All Perils,Sedan,30000 to 39000,0,883,7,400,4,more than 30,more than 30,1,7 years,36 to 40,No,No,External,1 to 2,4 to 8 years,2 vehicles,1994,All Perils
5,5,7,Honda,Urban,3,5,5,Female,Single,26,Policy Holder,Sedan - Collision,Sedan,20000 to 29000,0,884,12,400,1,more than 30,more than 30,2 to 4,6 years,31 to 35,No,No,External,more than 5,no change,1 vehicle,1994,Collision
5,3,4,Toyota,Rural,1,5,4,Male,Married,33,Policy Holder,Sedan - Liability,Sport,30000 to 39000,0,885,7,400,2,more than 30,more than 30,more than 4,6 years,31 to 35,No,No,External,1 to 2,no change,1 vehicle,1994,Liability
7,4,1,Toyota,Urban,3,7,4,Female,Single,31,Policy Holder,Sedan - Liability,Sport,20000 to 29000,0,886,10,400,3,more than 30,more than 30,2 to 4,7 years,31 to 35,Yes,No,External,1 to 2,no change,1 vehicle,1994,Liability
9,3,5,Pontiac,Urban,2,9,3,Female,Married,41,Policy Holder,Sedan - All Perils,Sedan,30000 to 39000,0,887,13,400,2,more than 30,more than 30,none,7 years,36 to 40,No,No,External,none,no change,1 vehicle,1994,All Perils
9,3,4,Ford,Rural,4,9,3,Male,Married,36,Third Party,Sedan - Liability,Sport,40000 to 59000,0,888,6,400,3,more than 30,more than 30,1,7 years,36 to 40,No,No,External,1 to 2,no change,1 vehicle,1994,Liability
7,2,1,Honda,Urban,2,7,2,Male,Married,39,Policy Holder,Sedan - Liability,Sport,more than 69000,0,889,3,400,3,more than 30,more than 30,2 to 4,7 years,36 to 40,No,No,External,3 to 5,no change,1 vehicle,1994,Liability
7,2,7,Chevrolet,Urban,2,7,2,Male,Married,53,Policy Holder,Sedan - Liability,Sport,30000 to 39000,0,890,6,400,4,more than 30,more than 30,more than 4,7 years,41 to 50,No,No,External,more than 5,no change,1 vehicle,1994,Liability
1,4,4,Pontiac,Urban,3,4,2,Male,Married,48,Policy Holder,Sedan - Collision,Sedan,20000 to 29000,1,891,6,400,4,more than 30,more than 30,none,7 years,41 to 50,No,No,External,none,no change,1 vehicle,1994,Collision
4,3,1,Honda,Urban,4,4,3,Male,Married,31,Third Party,Sedan - All Perils,Sedan,20000 to 29000,0,892,5,400,2,more than 30,more than 30,none,5 years,31 to 35,No,No,External,none,no change,1 vehicle,1994,All Perils
12,1,1,Honda,Urban,4,12,4,Female,Married,51,Third Party,Sedan - Collision,Sedan,less than 20000,0,893,8,400,2,more than 30,more than 30,none,6 years,41 to 50,No,No,External,more than 5,no change,1 vehicle,1994,Collision
11,2,6,Mazda,Urban,5,11,3,Female,Married,45,Third Party,Sedan - All Perils,Sedan,20000 to 29000,0,894,13,400,2,more than 30,more than 30,none,6 years,36 to 40,No,No,External,1 to 2,no change,1 vehicle,1994,All Perils
1,4,4,Nisson,Rural,4,2,1,Male,Married,24,Policy Holder,Sedan - Collision,Sedan,30000 to 39000,1,895,12,400,1,more than 30,more than 30,2 to 4,5 years,26 to 30,No,No,External,more than 5,no change,1 vehicle,1994,Collision
11,3,2,Honda,Urban,3,12,3,Male,Married,29,Third Party,Sedan - Collision,Sedan,less than 20000,0,896,16,400,2,more than 30,more than 30,none,7 years,31 to 35,No,No,External,none,no change,1 vehicle,1994,Collision
7,5,5,Pontiac,Urban,2,8,1,Male,Single,31,Policy Holder,Sedan - Liability,Sport,20000 to 29000,0,897,13,400,3,more than 30,more than 30,more than 4,6 years,31 to 35,No,No,External,1 to 2,no change,1 vehicle,1994,Liability
8,2,6,Pontiac,Urban,2,8,3,Male,Single,30,Third Party,Sedan - All Perils,Sedan,20000 to 29000,0,898,2,400,1,more than 30,more than 30,none,6 years,31 to 35,No,No,External,3 to 5,no change,1 vehicle,1994,All Perils
8,3,7,VW,Urban,1,8,4,Male,Married,50,Third Party,Sedan - Collision,Sedan,40000 to 59000,0,899,6,400,1,more than 30,more than 30,2 to 4,more than 7,41 to 50,No,No,External,none,no change,1 vehicle,1994,Collision
7,4,4,Mazda,Rural,5,7,4,Female,Married,26,Policy Holder,Sedan - Collision,Sedan,20000 to 29000,0,900,5,400,1,more than 30,more than 30,2 to 4,5 years,31 to 35,No,No,External,none,no change,1 vehicle,1994,Collision
1,5,5,Pontiac,Rural,1,1,5,Male,Single,26,Policy Holder,Sedan - All Perils,Sedan,40000 to 59000,1,901,7,400,1,more than 30,more than 30,none,6 years,31 to 35,No,No,External,none,no change,1 vehicle,1994,All Perils
1,5,5,Toyota,Urban,3,2,1,Male,Married,49,Third Party,Sedan - Collision,Sedan,20000 to 29000,0,902,16,400,2,more than 30,more than 30,2 to 4,7 years,41 to 50,No,No,External,none,no change,1 vehicle,1994,Collision
5,2,7,Toyota,Urban,5,5,2,Female,Married,41,Third Party,Sedan - Collision,Sedan,20000 to 29000,0,903,11,400,3,more than 30,more than 30,1,6 years,36 to 40,No,No,External,none,no change,3 to 4,1994,Collision
7,2,3,Pontiac,Urban,3,7,2,Male,Single,30,Policy Holder,Sedan - Collision,Sedan,20000 to 29000,0,904,2,400,3,more than 30,more than 30,more than 4,7 years,31 to 35,No,No,External,more than 5,4 to 8 years,2 vehicles,1994,Collision
7,5,7,Honda,Urban,3,8,1,Male,Single,34,Policy Holder,Sedan - Liability,Sport,20000 to 29000,0,905,3,400,1,more than 30,more than 30,more than 4,6 years,31 to 35,No,No,External,none,no change,1 vehicle,1994,Liability
1,5,5,Toyota,Urban,5,2,2,Male,Married,61,Policy Holder,Sedan - All Perils,Sedan,20000 to 29000,1,906,13,400,1,more than 30,more than 30,2 to 4,more than 7,51 to 65,No,No,External,none,no change,1 vehicle,1994,All Perils
10,1,7,Mazda,Urban,5,11,3,Male,Single,28,Policy Holder,Sedan - Collision,Sedan,20000 to 29000,0,907,11,400,2,more than 30,more than 30,more than 4,7 years,31 to 35,No,No,External,none,no change,1 vehicle,1994,Collision
8,4,5,Mazda,Rural,2,8,5,Male,Married,44,Third Party,Sedan - All Perils,Sedan,30000 to 39000,0,908,7,400,2,more than 30,more than 30,none,7 years,36 to 40,No,No,External,more than 5,no change,1 vehicle,1994,All Perils
8,3,5,Honda,Urban,5,8,3,Male,Married,43,Policy Holder,Sedan - Collision,Sedan,30000 to 39000,0,909,12,400,1,more than 30,more than 30,2 to 4,7 years,36 to 40,No,No,External,none,no change,1 vehicle,1994,Collision
4,3,4,Chevrolet,Urban,3,5,1,Male,Married,41,Policy Holder,Utility - All Perils,Utility,more than 69000,0,910,11,400,1,more than 30,more than 30,2 to 4,7 years,36 to 40,No,No,External,3 to 5,no change,1 vehicle,1994,All Perils
1,5,5,Toyota,Urban,2,2,1,Male,Married,57,Policy Holder,Sedan - All Perils,Sedan,20000 to 29000,1,911,16,400,2,more than 30,more than 30,2 to 4,more than 7,51 to 65,No,No,External,more than 5,1 year,1 vehicle,1994,All Perils
4,3,3,Mazda,Urban,2,5,3,Female,Married,37,Policy Holder,Sedan - Liability,Sport,20000 to 29000,0,912,2,400,1,more than 30,more than 30,2 to 4,7 years,36 to 40,No,No,External,none,no change,1 vehicle,1994,Liability
4,3,2,Chevrolet,Urban,2,4,3,Female,Divorced,41,Policy Holder,Sedan - Collision,Sedan,20000 to 29000,0,913,7,400,2,more than 30,more than 30,2 to 4,7 years,36 to 40,No,No,External,more than 5,no change,1 vehicle,1994,Collision
4,5,5,Chevrolet,Urban,5,4,5,Male,Single,31,Policy Holder,Sedan - Liability,Sport,more than 69000,0,914,6,400,3,more than 30,more than 30,more than 4,6 years,31 to 35,No,No,External,3 to 5,no change,1 vehicle,1994,Liability
5,2,1,Honda,Urban,1,5,2,Male,Married,44,Policy Holder,Sedan - Liability,Sport,30000 to 39000,0,915,9,400,2,more than 30,more than 30,more than 4,7 years,36 to 40,No,No,External,none,no change,1 vehicle,1994,Liability
5,2,4,Mazda,Urban,2,5,3,Female,Single,26,Policy Holder,Sedan - Liability,Sport,20000 to 29000,0,916,5,400,3,more than 30,more than 30,1,5 years,31 to 35,No,No,External,none,no change,1 vehicle,1994,Liability
5,3,7,Mazda,Urban,2,5,3,Male,Married,43,Third Party,Sedan - Collision,Sedan,30000 to 39000,0,917,2,400,1,more than 30,more than 30,1,more than 7,36 to 40,No,No,External,more than 5,no change,1 vehicle,1994,Collision
5,4,2,Honda,Urban,2,5,4,Male,Single,0,Policy Holder,Sedan - Liability,Sport,more than 69000,0,918,7,400,1,more than 30,more than 30,2 to 4,new,16 to 17,No,No,External,none,no change,1 vehicle,1994,Liability
5,4,5,Pontiac,Rural,2,6,2,Male,Married,62,Third Party,Sedan - Collision,Sedan,20000 to 29000,0,919,9,500,3,more than 30,more than 30,2 to 4,more than 7,51 to 65,No,No,External,none,2 to 3 years,1 vehicle,1994,Collision
5,5,2,Chevrolet,Urban,3,6,1,Male,Married,41,Policy Holder,Sedan - Liability,Sport,30000 to 39000,0,920,6,400,1,more than 30,more than 30,2 to 4,7 years,36 to 40,No,No,External,1 to 2,no change,1 vehicle,1994,Liability
6,1,3,Pontiac,Urban,5,6,1,Male,Married,60,Policy Holder,Sedan - All Perils,Sedan,20000 to 29000,0,921,14,400,2,more than 30,more than 30,2 to 4,more than 7,51 to 65,No,No,External,3 to 5,no change,1 vehicle,1994,All Perils
6,2,4,Honda,Urban,5,6,2,Male,Married,33,Policy Holder,Sedan - Liability,Sport,20000 to 29000,0,922,12,400,3,more than 30,more than 30,1,6 years,31 to 35,No,No,External,more than 5,no change,1 vehicle,1994,Liability
7,2,3,Pontiac,Urban,3,7,4,Male,Married,23,Policy Holder,Sedan - All Perils,Sedan,20000 to 29000,0,923,16,400,4,more than 30,more than 30,1,6 years,26 to 30,No,No,External,none,no change,1 vehicle,1994,All Perils
7,3,5,Honda,Urban,1,8,1,Female,Married,45,Third Party,Sport - Collision,Sport,more than 69000,0,924,11,400,4,more than 30,more than 30,1,5 years,36 to 40,No,No,External,none,no change,1 vehicle,1994,Collision
11,1,3,Honda,Urban,3,11,2,Male,Married,54,Policy Holder,Sedan - Liability,Sport,20000 to 29000,0,925,7,400,4,more than 30,more than 30,2 to 4,more than 7,41 to 50,No,No,External,none,4 to 8 years,2 vehicles,1994,Liability
11,1,4,Toyota,Urban,1,12,2,Male,Married,47,Third Party,Sedan - Collision,Sedan,20000 to 29000,0,926,14,400,2,more than 30,more than 30,2 to 4,7 years,41 to 50,No,No,External,1 to 2,no change,1 vehicle,1994,Collision
3,3,5,Chevrolet,Urban,5,3,3,Female,Married,30,Third Party,Sedan - Liability,Sport,20000 to 29000,0,927,4,400,1,more than 30,more than 30,2 to 4,5 years,31 to 35,No,No,External,none,no change,1 vehicle,1994,Liability
3,4,2,Toyota,Urban,5,3,4,Male,Married,58,Policy Holder,Sedan - Collision,Sedan,20000 to 29000,0,928,8,400,2,more than 30,more than 30,none,more than 7,51 to 65,No,No,External,none,no change,1 vehicle,1994,Collision
3,4,5,Pontiac,Urban,5,3,4,Male,Married,26,Policy Holder,Sedan - Collision,Sedan,20000 to 29000,0,929,7,400,1,more than 30,more than 30,1,7 years,31 to 35,No,No,External,1 to 2,no change,1 vehicle,1994,Collision
5,2,4,Pontiac,Urban,1,5,3,Male,Married,32,Policy Holder,Sedan - Collision,Sedan,20000 to 29000,0,930,14,400,3,more than 30,more than 30,none,6 years,31 to 35,No,No,External,3 to 5,no change,1 vehicle,1994,Collision
5,4,3,Toyota,Urban,1,5,5,Male,Married,44,Third Party,Sedan - Liability,Sport,more than 69000,0,931,12,700,2,more than 30,more than 30,2 to 4,7 years,36 to 40,No,No,External,more than 5,no change,1 vehicle,1994,Liability
6,3,7,Pontiac,Rural,2,7,3,Male,Married,64,Policy Holder,Sedan - All Perils,Sedan,less than 20000,0,932,5,400,4,more than 30,more than 30,none,more than 7,51 to 65,No,No,External,more than 5,no change,1 vehicle,1994,All Perils
6,4,5,Mazda,Urban,2,8,1,Male,Married,36,Third Party,Sedan - All Perils,Sedan,20000 to 29000,0,933,16,400,1,more than 30,more than 30,1,7 years,36 to 40,No,No,External,3 to 5,no change,1 vehicle,1994,All Perils
7,2,2,Toyota,Urban,3,7,2,Male,Married,64,Third Party,Sedan - Liability,Sport,30000 to 39000,0,934,3,400,2,more than 30,more than 30,none,more than 7,51 to 65,No,No,External,more than 5,no change,1 vehicle,1994,Liability
7,2,4,Pontiac,Urban,5,7,4,Female,Married,38,Third Party,Sedan - All Perils,Sedan,20000 to 29000,0,935,2,400,3,more than 30,more than 30,none,more than 7,36 to 40,No,No,External,none,no change,1 vehicle,1994,All Perils
7,4,2,Honda,Urban,3,7,4,Male,Married,34,Third Party,Sedan - Collision,Sedan,20000 to 29000,0,936,8,400,4,more than 30,more than 30,2 to 4,6 years,31 to 35,No,No,External,1 to 2,no change,1 vehicle,1994,Collision
1,5,6,Chevrolet,Urban,4,2,2,Male,Married,35,Policy Holder,Sedan - All Perils,Sedan,20000 to 29000,1,937,14,400,4,more than 30,more than 30,1,5 years,31 to 35,No,No,External,none,no change,1 vehicle,1994,All Perils
7,5,1,Toyota,Urban,3,8,1,Male,Single,28,Policy Holder,Sedan - Collision,Sedan,less than 20000,0,938,14,400,4,more than 30,more than 30,1,6 years,31 to 35,No,No,External,more than 5,no change,1 vehicle,1994,Collision
8,1,5,Chevrolet,Urban,3,8,3,Female,Married,39,Policy Holder,Sedan - Collision,Sedan,20000 to 29000,0,939,1,400,3,more than 30,more than 30,none,more than 7,36 to 40,No,No,External,none,no change,1 vehicle,1994,Collision
10,5,6,Mazda,Urban,3,11,2,Male,Married,41,Third Party,Sedan - All Perils,Sedan,20000 to 29000,0,940,8,400,4,more than 30,more than 30,2 to 4,7 years,36 to 40,No,No,External,1 to 2,no change,1 vehicle,1994,All Perils
11,1,5,Pontiac,Urban,6,11,1,Female,Married,30,Policy Holder,Sedan - Collision,Sedan,20000 to 29000,0,941,6,400,2,more than 30,more than 30,more than 4,4 years,31 to 35,No,No,External,more than 5,no change,1 vehicle,1994,Collision
11,2,6,Honda,Urban,6,11,3,Male,Single,19,Policy Holder,Sport - Collision,Sport,more than 69000,0,942,12,400,2,more than 30,more than 30,none,3 years,21 to 25,No,No,External,3 to 5,no change,1 vehicle,1994,Collision
11,2,1,Honda,Urban,1,11,4,Male,Married,34,Policy Holder,Sedan - Liability,Sport,20000 to 29000,0,943,7,400,2,more than 30,more than 30,more than 4,5 years,31 to 35,No,No,External,none,no change,1 vehicle,1994,Liability
1,5,7,Saab,Rural,2,2,2,Male,Married,59,Third Party,Sedan - All Perils,Sedan,30000 to 39000,0,944,3,400,4,more than 30,more than 30,2 to 4,more than 7,51 to 65,No,No,External,3 to 5,no change,3 to 4,1994,All Perils
11,4,2,Porche,Urban,4,11,4,Male,Married,50,Policy Holder,Sedan - Liability,Sport,more than 69000,0,945,8,400,1,more than 30,more than 30,1,more than 7,41 to 50,No,No,External,none,no change,1 vehicle,1994,Liability
1,5,7,Mazda,Rural,5,3,4,Male,Married,46,Policy Holder,Sedan - All Perils,Sedan,20000 to 29000,1,946,6,400,3,more than 30,more than 30,2 to 4,5 years,41 to 50,No,No,External,1 to 2,4 to 8 years,2 vehicles,1994,All Perils
11,1,5,Pontiac,Urban,3,11,2,Male,Single,18,Third Party,Sedan - All Perils,Sedan,20000 to 29000,0,947,6,400,2,more than 30,more than 30,more than 4,3 years,21 to 25,No,No,External,more than 5,no change,1 vehicle,1994,All Perils
11,1,3,Toyota,Urban,1,11,3,Male,Married,64,Policy Holder,Sedan - Liability,Sport,30000 to 39000,0,948,6,400,3,more than 30,more than 30,2 to 4,7 years,51 to 65,No,No,External,3 to 5,no change,1 vehicle,1994,Liability
10,4,1,Pontiac,Rural,2,10,4,Male,Married,46,Third Party,Sedan - All Perils,Sedan,30000 to 39000,0,949,16,400,1,more than 30,more than 30,none,more than 7,41 to 50,No,No,External,none,no change,1 vehicle,1994,All Perils
1,5,7,Pontiac,Rural,2,2,1,Male,Married,27,Policy Holder,Sedan - Collision,Sedan,30000 to 39000,1,950,15,400,3,more than 30,more than 30,2 to 4,7 years,31 to 35,No,No,External,none,no change,1 vehicle,1994,Collision
8,1,5,Toyota,Urban,1,8,2,Male,Single,42,Policy Holder,Sedan - Liability,Sport,20000 to 29000,0,951,7,400,3,more than 30,more than 30,2 to 4,7 years,36 to 40,No,No,External,1 to 2,no change,1 vehicle,1994,Liability
7,4,4,VW,Urban,3,8,1,Male,Married,43,Policy Holder,Sedan - Liability,Sport,more than 69000,0,952,9,400,3,more than 30,more than 30,1,7 years,36 to 40,No,No,External,more than 5,no change,1 vehicle,1994,Liability
7,4,2,Honda,Urban,4,7,4,Male,Single,24,Policy Holder,Sedan - Liability,Sport,20000 to 29000,0,953,8,400,3,more than 30,more than 30,none,5 years,26 to 30,No,No,External,more than 5,no change,1 vehicle,1994,Liability
7,4,1,Honda,Urban,3,7,4,Male,Married,59,Policy Holder,Sedan - Liability,Sport,20000 to 29000,0,954,1,400,3,more than 30,more than 30,none,more than 7,51 to 65,No,No,External,more than 5,no change,1 vehicle,1994,Liability
1,5,1,Honda,Urban,2,2,2,Male,Married,43,Policy Holder,Sedan - All Perils,Sedan,20000 to 29000,1,955,3,400,3,more than 30,more than 30,1,6 years,36 to 40,No,No,External,more than 5,no change,1 vehicle,1994,All Perils
7,3,1,Ford,Urban,3,7,3,Male,Married,46,Third Party,Sedan - Collision,Sedan,more than 69000,0,956,12,400,1,more than 30,more than 30,2 to 4,more than 7,41 to 50,No,No,External,more than 5,no change,1 vehicle,1994,Collision
7,3,5,Mazda,Rural,2,9,1,Male,Married,40,Policy Holder,Sedan - Collision,Sedan,20000 to 29000,0,957,9,400,2,more than 30,more than 30,1,7 years,36 to 40,No,No,External,more than 5,no change,1 vehicle,1994,Collision
6,3,5,Ford,Urban,4,6,4,Male,Married,49,Third Party,Sedan - Collision,Sedan,60000 to 69000,0,958,3,400,4,more than 30,more than 30,2 to 4,more than 7,41 to 50,No,No,External,more than 5,no change,1 vehicle,1994,Collision
6,3,4,Mazda,Urban,2,6,3,Male,Married,31,Third Party,Sport - Collision,Sport,more than 69000,0,959,1,400,1,more than 30,more than 30,none,6 years,31 to 35,No,Yes,External,none,no change,1 vehicle,1994,Collision
5,4,3,Honda,Urban,4,6,3,Female,Widow,44,Policy Holder,Sedan - Liability,Sport,20000 to 29000,0,960,2,400,1,more than 30,more than 30,none,7 years,36 to 40,No,No,External,none,no change,1 vehicle,1994,Liability
1,5,1,Toyota,Urban,2,2,1,Male,Married,35,Policy Holder,Sedan - All Perils,Sedan,20000 to 29000,1,961,7,400,3,1 to 7,8 to 15,none,7 years,31 to 35,No,No,External,none,no change,1 vehicle,1994,All Perils
5,3,2,Toyota,Urban,3,5,3,Male,Married,65,Third Party,Sedan - All Perils,Sedan,20000 to 29000,0,962,1,700,4,more than 30,more than 30,2 to 4,7 years,51 to 65,No,No,External,1 to 2,no change,1 vehicle,1994,All Perils
4,1,1,Pontiac,Urban,2,4,1,Male,Married,72,Policy Holder,Sedan - Collision,Sedan,30000 to 39000,0,963,9,400,2,more than 30,more than 30,1,more than 7,over 65,No,No,External,none,no change,1 vehicle,1994,Collision
1,5,1,Honda,Rural,2,2,1,Male,Single,18,Policy Holder,Sport - Collision,Sport,more than 69000,1,964,4,400,3,more than 30,more than 30,none,3 years,21 to 25,No,No,External,none,no change,1 vehicle,1994,Collision
2,1,2,Toyota,Urban,5,2,1,Male,Married,38,Third Party,Sedan - All Perils,Sedan,less than 20000,0,965,8,400,1,more than 30,more than 30,1,7 years,36 to 40,No,No,External,none,no change,1 vehicle,1994,All Perils
3,5,5,Honda,Urban,1,4,1,Male,Married,60,Third Party,Sedan - Liability,Sport,20000 to 29000,0,966,7,400,1,more than 30,more than 30,more than 4,7 years,51 to 65,No,No,External,none,no change,1 vehicle,1994,Liability
3,4,1,VW,Urban,4,3,5,Male,Married,56,Policy Holder,Sedan - All Perils,Sedan,more than 69000,0,967,16,400,2,more than 30,more than 30,1,more than 7,51 to 65,No,No,External,none,4 to 8 years,2 vehicles,1994,All Perils
2,1,2,Pontiac,Urban,3,2,1,Female,Married,76,Policy Holder,Sedan - All Perils,Sedan,less than 20000,1,968,14,400,3,more than 30,more than 30,none,more than 7,over 65,No,No,External,more than 5,no change,1 vehicle,1994,All Perils
3,4,4,Dodge,Rural,4,3,4,Male,Married,51,Third Party,Sedan - Collision,Sedan,30000 to 39000,0,969,16,400,4,more than 30,more than 30,none,more than 7,41 to 50,No,No,External,more than 5,no change,1 vehicle,1994,Collision
3,3,5,Pontiac,Urban,2,3,4,Male,Married,57,Third Party,Sedan - Liability,Sport,20000 to 29000,0,970,15,500,2,more than 30,more than 30,2 to 4,7 years,51 to 65,No,No,External,none,2 to 3 years,1 vehicle,1994,Liability
11,3,6,Mazda,Urban,3,11,4,Female,Single,33,Policy Holder,Sedan - Liability,Sport,20000 to 29000,0,971,8,400,1,more than 30,more than 30,1,5 years,31 to 35,No,No,External,more than 5,no change,1 vehicle,1994,Liability
11,2,3,Pontiac,Urban,5,11,2,Male,Married,65,Third Party,Sedan - All Perils,Sedan,20000 to 29000,0,972,5,400,3,more than 30,more than 30,none,more than 7,51 to 65,No,No,External,none,no change,1 vehicle,1994,All Perils
11,1,7,Accura,Urban,1,11,4,Male,Single,30,Policy Holder,Sedan - Collision,Sedan,30000 to 39000,0,973,7,400,4,more than 30,more than 30,none,6 years,31 to 35,No,No,External,none,no change,1 vehicle,1994,Collision
11,1,5,Pontiac,Urban,1,11,2,Male,Married,43,Third Party,Sedan - All Perils,Sedan,less than 20000,0,974,7,400,1,more than 30,more than 30,2 to 4,7 years,36 to 40,No,No,External,none,no change,1 vehicle,1994,All Perils
10,5,5,Ford,Urban,1,10,5,Male,Married,49,Policy Holder,Sedan - Collision,Sedan,30000 to 39000,0,975,3,400,3,more than 30,more than 30,more than 4,7 years,41 to 50,No,No,External,none,no change,1 vehicle,1994,Collision
10,4,2,Toyota,Urban,3,10,4,Male,Married,31,Policy Holder,Sedan - Liability,Sport,20000 to 29000,0,976,4,400,1,more than 30,more than 30,none,5 years,31 to 35,No,No,External,3 to 5,no change,1 vehicle,1994,Liability
10,2,4,Mazda,Rural,1,10,3,Male,Married,41,Third Party,Sedan - All Perils,Sedan,20000 to 29000,0,977,5,400,1,more than 30,more than 30,none,7 years,36 to 40,No,No,External,none,no change,1 vehicle,1994,All Perils
10,2,1,Honda,Rural,2,10,3,Male,Married,53,Policy Holder,Sedan - Liability,Sport,30000 to 39000,0,978,4,400,1,more than 30,more than 30,2 to 4,more than 7,41 to 50,No,No,External,3 to 5,no change,1 vehicle,1994,Liability
10,1,7,Pontiac,Urban,3,10,1,Male,Single,43,Policy Holder,Sedan - Collision,Sedan,20000 to 29000,0,979,6,400,1,more than 30,more than 30,1,more than 7,36 to 40,No,No,External,none,no change,1 vehicle,1994,Collision
9,4,5,Pontiac,Urban,5,9,4,Male,Married,39,Policy Holder,Sedan - All Perils,Sedan,20000 to 29000,0,980,11,400,4,more than 30,more than 30,none,more than 7,36 to 40,No,No,External,none,no change,1 vehicle,1994,All Perils
9,2,7,Honda,Urban,4,9,3,Female,Married,63,Policy Holder,Sedan - Liability,Sport,20000 to 29000,0,981,16,400,4,more than 30,more than 30,none,more than 7,51 to 65,No,No,External,3 to 5,no change,1 vehicle,1994,Liability
8,4,1,Accura,Rural,4,9,1,Male,Married,44,Policy Holder,Sedan - Collision,Sedan,30000 to 39000,0,982,15,400,1,more than 30,more than 30,none,7 years,36 to 40,No,No,External,none,no change,1 vehicle,1994,Collision
8,2,5,Mazda,Urban,2,9,3,Male,Married,38,Policy Holder,Sedan - Collision,Sedan,30000 to 39000,0,983,16,400,3,more than 30,more than 30,none,7 years,36 to 40,No,No,External,none,no change,1 vehicle,1994,Collision
8,2,3,Mazda,Rural,4,8,2,Male,Married,49,Policy Holder,Sedan - Liability,Sport,30000 to 39000,0,984,15,400,3,more than 30,more than 30,none,more than 7,41 to 50,No,No,External,more than 5,no change,1 vehicle,1994,Liability
2,1,3,Honda,Urban,2,2,3,Male,Single,29,Third Party,Sedan - All Perils,Sedan,more than 69000,0,985,13,400,4,more than 30,more than 30,none,new,31 to 35,No,No,External,none,no change,3 to 4,1994,All Perils
7,2,7,Pontiac,Urban,3,7,2,Male,Single,26,Policy Holder,Sedan - Liability,Sport,30000 to 39000,0,986,8,400,2,more than 30,more than 30,more than 4,6 years,31 to 35,No,No,External,none,no change,1 vehicle,1994,Liability
7,2,4,Toyota,Urban,2,7,2,Male,Married,40,Policy Holder,Sedan - Liability,Sport,20000 to 29000,0,987,1,400,1,more than 30,more than 30,none,7 years,36 to 40,No,No,External,more than 5,no change,1 vehicle,1994,Liability
6,4,6,Pontiac,Urban,1,6,4,Female,Single,33,Policy Holder,Sedan - Collision,Sedan,30000 to 39000,0,988,2,400,1,more than 30,more than 30,2 to 4,5 years,31 to 35,No,No,External,more than 5,4 to 8 years,2 vehicles,1994,Collision
6,3,5,Honda,Urban,1,7,1,Male,Married,63,Third Party,Sedan - All Perils,Sedan,less than 20000,0,989,7,400,2,more than 30,more than 30,more than 4,7 years,51 to 65,No,No,External,none,no change,1 vehicle,1994,All Perils
6,2,5,Chevrolet,Urban,5,6,2,Male,Married,39,Policy Holder,Sedan - Liability,Sport,30000 to 39000,0,990,6,400,1,more than 30,more than 30,1,7 years,36 to 40,No,No,External,none,no change,1 vehicle,1994,Liability
6,2,3,Honda,Urban,4,6,2,Male,Married,43,Policy Holder,Sedan - All Perils,Sedan,30000 to 39000,0,991,9,400,3,more than 30,more than 30,none,6 years,36 to 40,No,No,External,none,no change,1 vehicle,1994,All Perils
6,1,3,Pontiac,Urban,1,6,1,Male,Married,47,Policy Holder,Sedan - All Perils,Sedan,20000 to 29000,0,992,1,400,3,more than 30,more than 30,2 to 4,6 years,41 to 50,No,No,External,none,no change,1 vehicle,1994,All Perils
5,5,1,Pontiac,Urban,4,6,1,Male,Single,30,Third Party,Sedan - All Perils,Sedan,20000 to 29000,0,993,11,700,3,more than 30,more than 30,none,7 years,31 to 35,No,No,External,more than 5,no change,1 vehicle,1994,All Perils
5,5,1,Honda,Urban,1,6,1,Male,Single,0,Policy Holder,Sedan - Liability,Sport,more than 69000,0,994,1,400,4,more than 30,more than 30,2 to 4,new,16 to 17,No,No,External,none,no change,1 vehicle,1994,Liability
5,5,1,Toyota,Urban,4,6,1,Male,Married,40,Third Party,Sedan - Liability,Sport,30000 to 39000,0,995,11,400,1,more than 30,more than 30,1,7 years,36 to 40,No,No,External,3 to 5,no change,1 vehicle,1994,Liability
5,4,1,Chevrolet,Urban,2,5,4,Male,Single,58,Policy Holder,Sedan - All Perils,Sedan,more than 69000,0,996,12,400,2,more than 30,more than 30,1,more than 7,51 to 65,No,No,External,none,no change,1 vehicle,1994,All Perils
5,3,5,Pontiac,Urban,3,6,1,Male,Single,25,Policy Holder,Sedan - Collision,Sedan,20000 to 29000,0,997,15,400,4,more than 30,more than 30,1,5 years,26 to 30,No,No,External,1 to 2,no change,1 vehicle,1994,Collision
5,3,6,Pontiac,Urban,2,5,3,Male,Single,35,Policy Holder,Sedan - Collision,Sedan,20000 to 29000,0,998,3,400,3,more than 30,more than 30,2 to 4,6 years,31 to 35,No,No,External,none,no change,1 vehicle,1994,Collision
2,1,3,Pontiac,Rural,5,2,1,Male,Married,31,Policy Holder,Sedan - All Perils,Sedan,20000 to 29000,1,999,6,400,2,more than 30,more than 30,none,7 years,31 to 35,No,No,External,3 to 5,no change,1 vehicle,1994,All Perils
5,2,6,Mazda,Urban,2,5,2,Male,Single,38,Policy Holder,Sedan - Liability,Sport,20000 to 29000,0,1000,10,400,1,more than 30,more than 30,2 to 4,6 years,36 to 40,No,No,External,none,no change,1 vehicle,1994,Liability
5,2,7,Pontiac,Urban,2,5,2,Female,Married,37,Policy Holder,Sedan - All Perils,Sedan,20000 to 29000,0,1001,3,400,4,more than 30,more than 30,1,7 years,36 to 40,No,No,External,more than 5,no change,1 vehicle,1994,All Perils
5,1,3,Pontiac,Urban,1,5,2,Female,Single,40,Third Party,Sedan - Liability,Sport,less than 20000,0,1002,9,400,3,more than 30,more than 30,2 to 4,7 years,36 to 40,No,No,External,none,1 year,1 vehicle,1994,Liability
2,1,3,Accura,Urban,1,2,2,Male,Married,79,Policy Holder,Sedan - Liability,Sport,30000 to 39000,1,1003,7,400,4,more than 30,more than 30,more than 4,more than 7,over 65,No,No,External,more than 5,no change,1 vehicle,1994,Liability
4,4,4,Toyota,Urban,5,4,4,Male,Married,34,Policy Holder,Sedan - Collision,Sedan,20000 to 29000,0,1004,2,400,4,more than 30,more than 30,1,7 years,31 to 35,No,No,External,more than 5,no change,1 vehicle,1994,Collision
4,3,6,Mazda,Urban,4,4,4,Male,Single,23,Policy Holder,Sedan - Liability,Sport,20000 to 29000,0,1005,15,400,4,more than 30,more than 30,2 to 4,6 years,26 to 30,No,No,External,none,no change,1 vehicle,1994,Liability
4,3,4,Pontiac,Urban,4,4,4,Male,Married,45,Policy Holder,Sedan - Liability,Sport,20000 to 29000,0,1006,12,400,2,more than 30,more than 30,more than 4,more than 7,36 to 40,No,No,External,1 to 2,no change,1 vehicle,1994,Liability
9,2,1,Toyota,Urban,1,10,4,Male,Married,42,Third Party,Sedan - All Perils,Sedan,20000 to 29000,0,1007,6,400,2,more than 30,more than 30,none,more than 7,36 to 40,No,No,External,none,no change,1 vehicle,1994,All Perils
11,4,3,Toyota,Urban,4,11,4,Male,Single,40,Policy Holder,Sedan - All Perils,Sedan,more than 69000,0,1008,14,400,3,more than 30,more than 30,1,7 years,36 to 40,No,No,External,none,no change,1 vehicle,1994,All Perils
12,4,5,Toyota,Urban,4,12,5,Male,Married,50,Policy Holder,Sedan - Collision,Sedan,30000 to 39000,0,1009,10,400,1,more than 30,more than 30,none,7 years,41 to 50,No,No,External,more than 5,4 to 8 years,2 vehicles,1994,Collision
11,4,6,Honda,Urban,2,11,5,Male,Married,70,Third Party,Sedan - Collision,Sedan,20000 to 29000,0,1010,2,400,4,more than 30,more than 30,1,more than 7,over 65,No,No,External,none,no change,1 vehicle,1994,Collision
12,1,7,Honda,Urban,2,12,1,Female,Married,43,Third Party,Sedan - All Perils,Sedan,20000 to 29000,0,1011,16,400,4,more than 30,more than 30,none,7 years,36 to 40,No,No,External,more than 5,no change,1 vehicle,1994,All Perils
12,1,6,Honda,Urban,1,12,1,Male,Married,42,Third Party,Sedan - Collision,Sedan,more than 69000,0,1012,1,400,2,more than 30,more than 30,1,more than 7,36 to 40,No,No,External,more than 5,no change,1 vehicle,1994,Collision
8,5,3,Mazda,Urban,2,9,1,Male,Married,54,Third Party,Sedan - Liability,Sport,20000 to 29000,0,1013,15,400,3,more than 30,more than 30,2 to 4,more than 7,41 to 50,No,No,External,none,no change,1 vehicle,1994,Liability
2,1,3,Toyota,Urban,3,2,1,Male,Married,51,Third Party,Sedan - Liability,Sport,30000 to 39000,0,1014,6,400,3,more than 30,more than 30,more than 4,more than 7,41 to 50,No,No,External,more than 5,no change,1 vehicle,1994,Liability
12,4,2,Mazda,Urban,3,12,5,Male,Married,56,Policy Holder,Sedan - Liability,Sport,20000 to 29000,0,1015,7,400,3,more than 30,more than 30,2 to 4,more than 7,51 to 65,No,No,External,none,no change,1 vehicle,1994,Liability
9,2,3,Chevrolet,Urban,4,10,2,Male,Married,37,Policy Holder,Sedan - Liability,Sport,more than 69000,0,1016,9,400,4,more than 30,more than 30,none,more than 7,36 to 40,No,No,External,none,no change,1 vehicle,1994,Liability
10,1,5,Toyota,Urban,5,10,1,Male,Married,51,Third Party,Sedan - All Perils,Sedan,less than 20000,0,1017,13,400,2,more than 30,more than 30,none,more than 7,41 to 50,No,No,External,more than 5,no change,1 vehicle,1994,All Perils
8,3,3,Mazda,Urban,1,8,4,Male,Married,40,Policy Holder,Sedan - Collision,Sedan,20000 to 29000,0,1018,15,400,1,more than 30,more than 30,2 to 4,5 years,36 to 40,No,No,External,more than 5,no change,1 vehicle,1994,Collision
8,3,2,Honda,Rural,5,9,3,Male,Married,35,Policy Holder,Sedan - Collision,Sedan,less than 20000,0,1019,9,400,4,more than 30,more than 30,none,7 years,31 to 35,No,No,External,none,no change,1 vehicle,1994,Collision
7,3,1,Chevrolet,Urban,3,7,3,Male,Single,32,Policy Holder,Sedan - Liability,Sport,20000 to 29000,0,1020,5,400,1,more than 30,more than 30,more than 4,5 years,31 to 35,No,No,External,3 to 5,no change,1 vehicle,1994,Liability
11,2,5,Mazda,Urban,1,11,3,Male,Married,43,Third Party,Sedan - Collision,Sedan,30000 to 39000,1,1021,5,500,4,more than 30,more than 30,1,more than 7,36 to 40,No,No,External,none,2 to 3 years,1 vehicle,1994,Collision
12,4,7,Honda,Urban,2,12,4,Male,Married,72,Third Party,Sedan - All Perils,Sedan,30000 to 39000,0,1022,6,400,1,more than 30,more than 30,1,7 years,over 65,No,No,External,none,no change,1 vehicle,1994,All Perils
9,1,4,Chevrolet,Urban,3,9,2,Male,Married,39,Third Party,Sedan - All Perils,Sedan,30000 to 39000,0,1023,6,400,2,more than 30,more than 30,1,7 years,36 to 40,No,No,External,none,no change,1 vehicle,1994,All Perils
2,1,4,Accura,Urban,1,2,2,Male,Married,31,Policy Holder,Sedan - All Perils,Sedan,30000 to 39000,1,1024,1,700,1,more than 30,more than 30,2 to 4,7 years,31 to 35,No,No,External,1 to 2,no change,1 vehicle,1994,All Perils
12,3,6,Accura,Urban,7,1,1,Male,Married,41,Third Party,Sedan - All Perils,Sedan,more than 69000,0,1025,4,400,1,more than 30,more than 30,2 to 4,more than 7,36 to 40,No,No,External,more than 5,no change,1 vehicle,1994,All Perils
12,2,7,Toyota,Urban,1,12,2,Male,Married,36,Policy Holder,Sedan - Liability,Sport,30000 to 39000,0,1026,6,400,2,more than 30,more than 30,2 to 4,more than 7,36 to 40,No,No,External,1 to 2,no change,3 to 4,1994,Liability
9,5,4,Mazda,Urban,3,10,3,Male,Single,19,Policy Holder,Sedan - Collision,Sedan,20000 to 29000,0,1027,10,400,1,1 to 7,more than 30,2 to 4,2 years,21 to 25,No,No,External,none,no change,1 vehicle,1994,Collision
2,1,4,Chevrolet,Urban,6,4,1,Male,Married,36,Third Party,Sedan - All Perils,Sedan,20000 to 29000,0,1028,6,400,1,more than 30,more than 30,2 to 4,7 years,36 to 40,No,No,External,1 to 2,no change,1 vehicle,1994,All Perils
2,2,4,Toyota,Urban,1,2,3,Female,Married,39,Policy Holder,Sedan - Liability,Sport,20000 to 29000,0,1029,8,400,3,more than 30,more than 30,more than 4,7 years,36 to 40,No,No,External,none,no change,1 vehicle,1994,Liability
2,1,7,Pontiac,Urban,3,2,2,Male,Married,50,Policy Holder,Sedan - Liability,Sport,20000 to 29000,0,1030,2,400,4,more than 30,more than 30,none,7 years,41 to 50,No,No,External,none,4 to 8 years,2 vehicles,1994,Liability
1,2,5,Honda,Urban,5,1,2,Male,Single,63,Policy Holder,Sedan - All Perils,Sedan,30000 to 39000,0,1031,6,400,1,more than 30,more than 30,1,more than 7,51 to 65,No,No,External,none,no change,1 vehicle,1994,All Perils
1,5,6,Honda,Urban,2,1,5,Male,Married,32,Policy Holder,Sedan - Liability,Sport,more than 69000,0,1032,16,400,4,more than 30,more than 30,more than 4,new,31 to 35,No,No,External,none,no change,1 vehicle,1994,Liability
2,1,5,Mazda,Urban,6,2,1,Female,Married,26,Third Party,Sedan - Collision,Sedan,20000 to 29000,0,1033,9,400,3,more than 30,more than 30,1,6 years,31 to 35,No,No,External,none,no change,1 vehicle,1994,Collision
2,4,7,Toyota,Urban,5,3,2,Male,Married,59,Third Party,Sedan - All Perils,Sedan,20000 to 29000,0,1034,11,400,4,more than 30,more than 30,none,more than 7,51 to 65,No,No,External,1 to 2,no change,1 vehicle,1994,All Perils
12,3,2,Chevrolet,Urban,3,12,3,Male,Single,27,Third Party,Sedan - All Perils,Sedan,30000 to 39000,0,1035,13,400,1,more than 30,more than 30,1,6 years,31 to 35,No,No,External,none,no change,1 vehicle,1994,All Perils
5,4,3,Toyota,Rural,4,5,4,Male,Single,64,Policy Holder,Sedan - Collision,Sedan,20000 to 29000,0,1036,6,400,2,more than 30,more than 30,2 to 4,7 years,51 to 65,No,No,External,3 to 5,no change,1 vehicle,1994,Collision
3,3,1,Mazda,Urban,3,3,3,Male,Married,48,Third Party,Sedan - Collision,Sedan,20000 to 29000,0,1037,16,400,1,more than 30,more than 30,1,5 years,41 to 50,No,No,External,1 to 2,no change,1 vehicle,1994,Collision
3,2,4,Chevrolet,Urban,4,3,3,Male,Married,49,Policy Holder,Sedan - Liability,Sport,30000 to 39000,0,1038,1,400,4,more than 30,more than 30,2 to 4,more than 7,41 to 50,No,No,External,1 to 2,no change,1 vehicle,1994,Liability
3,2,1,Honda,Urban,2,3,2,Male,Single,0,Policy Holder,Sedan - Liability,Sport,more than 69000,0,1039,9,400,1,more than 30,more than 30,2 to 4,new,16 to 17,No,No,External,none,no change,1 vehicle,1994,Liability
3,4,4,Chevrolet,Urban,5,4,1,Female,Single,33,Policy Holder,Sedan - Collision,Sedan,20000 to 29000,0,1040,7,400,3,more than 30,more than 30,2 to 4,6 years,31 to 35,No,No,External,3 to 5,no change,1 vehicle,1994,Collision
3,4,1,Honda,Urban,4,3,4,Female,Single,43,Third Party,Sedan - Liability,Sport,20000 to 29000,0,1041,12,400,1,more than 30,more than 30,2 to 4,7 years,36 to 40,No,No,External,3 to 5,no change,1 vehicle,1994,Liability
3,3,6,Chevrolet,Rural,1,3,4,Male,Single,34,Policy Holder,Sedan - Collision,Sedan,30000 to 39000,0,1042,15,400,2,more than 30,more than 30,2 to 4,6 years,31 to 35,No,No,External,more than 5,no change,1 vehicle,1994,Collision
4,2,4,Pontiac,Rural,2,4,2,Male,Married,35,Policy Holder,Sedan - Collision,Sedan,20000 to 29000,0,1043,5,400,4,more than 30,more than 30,1,7 years,31 to 35,No,No,External,none,no change,1 vehicle,1994,Collision
4,1,1,Honda,Urban,1,4,1,Male,Single,0,Policy Holder,Sedan - Liability,Sport,more than 69000,0,1044,9,400,3,more than 30,more than 30,2 to 4,new,16 to 17,No,No,External,none,no change,1 vehicle,1994,Liability
3,2,3,Accura,Urban,3,3,4,Female,Single,26,Policy Holder,Sedan - Collision,Sedan,30000 to 39000,0,1045,12,400,1,more than 30,more than 30,1,6 years,31 to 35,No,No,External,none,no change,1 vehicle,1994,Collision
3,5,3,Chevrolet,Urban,4,4,1,Male,Single,35,Third Party,Sedan - All Perils,Sedan,20000 to 29000,0,1046,3,400,2,more than 30,more than 30,none,5 years,31 to 35,No,No,External,1 to 2,no change,1 vehicle,1994,All Perils
3,5,4,Pontiac,Urban,6,4,1,Female,Married,37,Policy Holder,Sedan - Liability,Sport,20000 to 29000,0,1047,3,400,2,more than 30,more than 30,2 to 4,4 years,36 to 40,No,No,External,more than 5,no change,1 vehicle,1994,Liability
7,2,7,Honda,Urban,1,8,3,Male,Married,55,Third Party,Sport - Collision,Sport,more than 69000,0,1048,9,400,1,more than 30,more than 30,1,more than 7,41 to 50,No,No,External,none,no change,1 vehicle,1994,Collision
6,4,2,Honda,Urban,5,7,2,Male,Married,48,Third Party,Sport - Collision,Sport,more than 69000,0,1049,5,400,3,more than 30,more than 30,1,7 years,41 to 50,No,No,External,none,no change,1 vehicle,1994,Collision
6,4,4,Honda,Urban,5,6,4,Male,Married,52,Policy Holder,Sedan - Liability,Sport,more than 69000,0,1050,5,400,3,more than 30,more than 30,more than 4,7 years,41 to 50,No,No,External,3 to 5,no change,1 vehicle,1994,Liability
3,2,1,Toyota,Urban,6,3,4,Male,Single,31,Third Party,Sedan - Collision,Sedan,30000 to 39000,0,1051,15,400,4,more than 30,more than 30,2 to 4,7 years,31 to 35,No,No,Internal,none,no change,1 vehicle,1994,Collision
4,1,5,Toyota,Urban,3,4,1,Male,Married,45,Policy Holder,Sedan - All Perils,Sedan,30000 to 39000,0,1052,15,400,2,more than 30,more than 30,none,7 years,36 to 40,No,No,External,none,no change,1 vehicle,1994,All Perils
3,5,2,Chevrolet,Urban,5,4,1,Male,Single,31,Policy Holder,Sedan - All Perils,Sedan,30000 to 39000,0,1053,14,400,3,more than 30,more than 30,2 to 4,6 years,31 to 35,No,No,External,more than 5,no change,1 vehicle,1994,All Perils
2,4,4,Honda,Urban,5,2,4,Male,Single,17,Policy Holder,Sport - Collision,Sport,more than 69000,0,1054,10,400,3,more than 30,more than 30,none,2 years,18 to 20,No,No,External,1 to 2,no change,1 vehicle,1994,Collision
2,1,5,Pontiac,Urban,5,2,2,Male,Single,35,Policy Holder,Sedan - All Perils,Sedan,20000 to 29000,1,1055,14,700,3,more than 30,more than 30,none,7 years,31 to 35,No,No,External,none,no change,1 vehicle,1994,All Perils
12,3,3,Honda,Urban,2,12,4,Male,Married,28,Policy Holder,Sedan - Collision,Sedan,30000 to 39000,0,1056,9,400,3,more than 30,more than 30,2 to 4,7 years,31 to 35,No,No,External,more than 5,no change,1 vehicle,1994,Collision
11,5,2,Pontiac,Urban,2,11,5,Female,Single,28,Policy Holder,Sedan - Liability,Sport,20000 to 29000,0,1057,2,400,1,more than 30,more than 30,more than 4,5 years,31 to 35,No,No,External,1 to 2,no change,1 vehicle,1994,Liability
10,2,1,Toyota,Rural,3,10,3,Male,Single,22,Policy Holder,Sedan - Collision,Sedan,30000 to 39000,0,1058,11,400,4,more than 30,more than 30,1,5 years,26 to 30,No,No,External,1 to 2,no change,1 vehicle,1994,Collision
9,2,5,Accura,Urban,1,10,1,Male,Married,50,Policy Holder,Utility - All Perils,Utility,more than 69000,0,1059,4,400,3,more than 30,more than 30,1,more than 7,41 to 50,No,No,External,none,no change,1 vehicle,1994,All Perils
11,3,7,Mazda,Urban,5,11,4,Male,Married,52,Policy Holder,Sedan - All Perils,Sedan,more than 69000,0,1060,1,400,2,more than 30,more than 30,2 to 4,more than 7,41 to 50,No,No,External,1 to 2,no change,1 vehicle,1994,All Perils
11,3,7,Toyota,Rural,2,11,4,Female,Married,35,Policy Holder,Sedan - All Perils,Sedan,less than 20000,0,1061,3,400,1,more than 30,more than 30,none,5 years,31 to 35,No,No,External,3 to 5,no change,1 vehicle,1994,All Perils
2,1,1,Pontiac,Urban,1,2,1,Male,Single,40,Policy Holder,Sedan - Collision,Sedan,20000 to 29000,0,1062,12,400,4,more than 30,more than 30,2 to 4,6 years,36 to 40,No,No,External,none,no change,1 vehicle,1994,Collision
2,1,6,Chevrolet,Urban,1,2,2,Male,Married,43,Policy Holder,Sedan - All Perils,Sedan,30000 to 39000,1,1063,6,400,3,more than 30,more than 30,2 to 4,7 years,36 to 40,No,No,External,more than 5,no change,1 vehicle,1994,All Perils
2,2,1,Chevrolet,Urban,4,2,2,Male,Married,50,Policy Holder,Sedan - Collision,Sedan,30000 to 39000,0,1064,7,400,3,more than 30,more than 30,1,more than 7,41 to 50,No,No,External,none,no change,1 vehicle,1994,Collision
1,5,5,Ford,Urban,1,1,5,Male,Married,49,Policy Holder,Sedan - All Perils,Sedan,less than 20000,0,1065,2,400,2,more than 30,more than 30,1,more than 7,41 to 50,No,No,External,1 to 2,no change,1 vehicle,1994,All Perils
11,4,5,Mazda,Urban,1,12,1,Male,Single,44,Third Party,Sedan - Liability,Sport,30000 to 39000,0,1066,6,400,4,more than 30,more than 30,1,more than 7,36 to 40,No,No,External,more than 5,no change,1 vehicle,1994,Liability
12,1,4,Mazda,Urban,5,12,2,Male,Married,41,Third Party,Sedan - All Perils,Sedan,20000 to 29000,0,1067,6,400,2,more than 30,more than 30,1,7 years,36 to 40,No,No,External,more than 5,no change,3 to 4,1994,All Perils
11,5,1,Pontiac,Urban,4,12,1,Male,Married,39,Policy Holder,Sedan - Liability,Sport,30000 to 39000,0,1068,15,400,3,more than 30,more than 30,2 to 4,more than 7,36 to 40,No,No,External,none,no change,1 vehicle,1994,Liability
11,5,1,Accura,Urban,4,12,1,Male,Married,36,Policy Holder,Sedan - Collision,Sedan,more than 69000,0,1069,11,400,2,more than 30,more than 30,2 to 4,7 years,36 to 40,No,No,External,more than 5,no change,1 vehicle,1994,Collision
9,4,1,Mazda,Urban,2,10,1,Male,Married,28,Policy Holder,Sedan - Collision,Sedan,20000 to 29000,0,1070,1,400,1,more than 30,more than 30,none,5 years,31 to 35,No,No,External,1 to 2,no change,1 vehicle,1994,Collision
6,3,7,Honda,Rural,5,7,2,Male,Single,0,Policy Holder,Sedan - All Perils,Sedan,more than 69000,0,1071,15,400,3,more than 30,more than 30,none,new,16 to 17,No,No,External,none,no change,1 vehicle,1994,All Perils
2,1,6,Honda,Rural,4,2,2,Male,Single,0,Policy Holder,Sedan - Collision,Sedan,more than 69000,1,1072,8,400,3,more than 30,more than 30,none,new,16 to 17,No,No,External,none,2 to 3 years,2 vehicles,1994,Collision
2,1,6,Honda,Urban,1,2,3,Male,Single,0,Policy Holder,Sedan - All Perils,Sedan,more than 69000,1,1073,3,400,1,more than 30,more than 30,more than 4,new,16 to 17,No,No,External,none,no change,1 vehicle,1994,All Perils
6,5,4,Honda,Urban,5,7,3,Male,Married,48,Policy Holder,Sedan - Collision,Sedan,more than 69000,0,1074,12,400,4,none,more than 30,1,more than 7,41 to 50,No,No,External,none,no change,1 vehicle,1994,Collision
7,1,1,Pontiac,Urban,1,7,2,Male,Married,51,Policy Holder,Sedan - Liability,Sport,30000 to 39000,0,1075,6,400,2,more than 30,more than 30,2 to 4,7 years,41 to 50,No,No,External,none,no change,1 vehicle,1994,Liability
7,4,2,Toyota,Urban,3,11,4,Male,Married,65,Policy Holder,Sedan - All Perils,Sedan,less than 20000,0,1076,2,400,4,more than 30,more than 30,none,more than 7,51 to 65,No,No,External,none,no change,1 vehicle,1994,All Perils
7,5,7,Honda,Urban,2,8,1,Female,Married,65,Policy Holder,Sedan - Liability,Sport,more than 69000,0,1077,7,400,3,more than 30,more than 30,2 to 4,7 years,51 to 65,No,No,External,more than 5,no change,1 vehicle,1994,Liability
8,1,4,Toyota,Urban,3,8,2,Female,Married,45,Policy Holder,Sedan - Collision,Sedan,20000 to 29000,0,1078,3,400,2,more than 30,more than 30,2 to 4,3 years,36 to 40,No,No,External,3 to 5,no change,1 vehicle,1994,Collision
8,3,3,Pontiac,Rural,5,8,3,Male,Married,32,Policy Holder,Sedan - Collision,Sedan,20000 to 29000,0,1079,1,400,2,more than 30,more than 30,2 to 4,7 years,31 to 35,No,No,External,3 to 5,no change,1 vehicle,1994,Collision
2,1,6,Chevrolet,Urban,2,2,2,Male,Married,31,Policy Holder,Sedan - Collision,Sedan,20000 to 29000,1,1080,4,400,2,more than 30,more than 30,2 to 4,6 years,31 to 35,No,No,External,none,no change,1 vehicle,1994,Collision
9,2,2,Pontiac,Urban,3,9,3,Male,Married,38,Third Party,Sedan - Liability,Sport,30000 to 39000,0,1081,1,400,4,more than 30,more than 30,2 to 4,more than 7,36 to 40,No,No,External,none,no change,1 vehicle,1994,Liability
9,4,7,Honda,Urban,2,9,4,Male,Single,30,Policy Holder,Sedan - Collision,Sedan,less than 20000,0,1082,12,400,1,more than 30,more than 30,1,6 years,31 to 35,No,No,External,more than 5,no change,1 vehicle,1994,Collision
9,5,3,Mazda,Urban,5,9,5,Male,Married,29,Policy Holder,Sedan - Liability,Sport,20000 to 29000,0,1083,7,400,2,more than 30,more than 30,2 to 4,7 years,31 to 35,No,No,External,1 to 2,no change,1 vehicle,1994,Liability
10,3,3,Honda,Urban,3,10,3,Male,Married,42,Policy Holder,Sedan - All Perils,Sedan,20000 to 29000,0,1084,10,400,1,more than 30,more than 30,none,7 years,36 to 40,No,No,External,1 to 2,no change,1 vehicle,1994,All Perils
10,4,1,Pontiac,Urban,5,11,4,Male,Married,40,Policy Holder,Sedan - Liability,Sport,20000 to 29000,0,1085,4,400,3,more than 30,more than 30,2 to 4,7 years,36 to 40,No,No,External,1 to 2,no change,1 vehicle,1994,Liability
2,1,7,Toyota,Urban,2,2,4,Male,Single,25,Third Party,Sedan - Collision,Sedan,more than 69000,0,1086,10,400,4,more than 30,more than 30,1,5 years,26 to 30,No,No,External,none,no change,1 vehicle,1994,Collision
11,3,1,Pontiac,Urban,5,11,3,Male,Married,31,Policy Holder,Sedan - Collision,Sedan,20000 to 29000,0,1087,6,400,3,more than 30,more than 30,more than 4,7 years,31 to 35,No,No,External,more than 5,no change,1 vehicle,1994,Collision
11,4,1,Pontiac,Urban,5,12,1,Male,Single,26,Policy Holder,Sedan - Collision,Sedan,20000 to 29000,0,1088,5,400,3,more than 30,more than 30,1,7 years,31 to 35,No,No,External,3 to 5,no change,1 vehicle,1994,Collision
2,1,7,Honda,Rural,1,2,2,Male,Married,29,Policy Holder,Sedan - All Perils,Sedan,20000 to 29000,1,1089,4,400,1,more than 30,more than 30,1,7 years,31 to 35,No,No,External,more than 5,no change,1 vehicle,1994,All Perils
11,4,5,VW,Urban,4,12,1,Male,Married,37,Policy Holder,Sedan - Collision,Sedan,30000 to 39000,0,1090,11,400,4,more than 30,more than 30,none,7 years,36 to 40,No,No,External,none,no change,1 vehicle,1994,Collision
11,4,5,Pontiac,Rural,2,11,5,Male,Single,44,Policy Holder,Sedan - Liability,Sport,20000 to 29000,0,1091,9,400,1,more than 30,more than 30,none,7 years,36 to 40,No,No,External,none,no change,1 vehicle,1994,Liability
11,5,1,Toyota,Urban,2,11,5,Male,Married,43,Policy Holder,Sedan - Collision,Sedan,20000 to 29000,0,1092,4,400,1,more than 30,more than 30,1,7 years,36 to 40,No,No,External,none,no change,1 vehicle,1994,Collision
12,4,7,Toyota,Urban,3,12,5,Male,Single,33,Policy Holder,Sedan - Liability,Sport,20000 to 29000,0,1093,9,400,2,more than 30,more than 30,2 to 4,7 years,31 to 35,No,No,External,none,1 year,2 vehicles,1994,Liability
4,4,2,Toyota,Urban,3,4,4,Male,Married,38,Policy Holder,Sedan - Liability,Sport,30000 to 39000,0,1094,11,400,1,more than 30,more than 30,2 to 4,7 years,36 to 40,No,No,External,more than 5,no change,1 vehicle,1994,Liability
5,3,4,Chevrolet,Urban,5,6,4,Male,Married,26,Policy Holder,Sedan - Collision,Sedan,20000 to 29000,0,1095,12,400,2,more than 30,more than 30,2 to 4,6 years,31 to 35,No,No,External,1 to 2,no change,1 vehicle,1994,Collision
5,4,6,Pontiac,Urban,1,6,1,Female,Single,28,Policy Holder,Sedan - Liability,Sport,20000 to 29000,0,1096,11,400,3,more than 30,more than 30,more than 4,7 years,31 to 35,No,No,External,none,no change,1 vehicle,1994,Liability
5,5,3,Toyota,Urban,4,6,1,Male,Married,54,Policy Holder,Sedan - Liability,Sport,20000 to 29000,0,1097,8,400,2,more than 30,more than 30,2 to 4,more than 7,41 to 50,No,No,External,none,no change,1 vehicle,1994,Liability
8,1,7,Pontiac,Urban,2,8,2,Male,Single,32,Third Party,Sedan - All Perils,Sedan,less than 20000,0,1098,5,400,4,more than 30,more than 30,none,7 years,31 to 35,No,No,External,none,no change,1 vehicle,1994,All Perils
8,3,3,Honda,Urban,4,8,3,Male,Single,28,Policy Holder,Sedan - Collision,Sedan,20000 to 29000,0,1099,14,400,4,more than 30,more than 30,2 to 4,6 years,31 to 35,No,No,External,more than 5,no change,1 vehicle,1994,Collision
8,3,3,Honda,Urban,5,8,4,Male,Single,43,Policy Holder,Sedan - Collision,Sedan,less than 20000,0,1100,12,400,1,more than 30,more than 30,2 to 4,6 years,36 to 40,No,No,External,more than 5,no change,1 vehicle,1994,Collision
2,2,1,Mazda,Urban,5,2,2,Male,Married,43,Third Party,Sedan - Collision,Sedan,30000 to 39000,0,1101,5,400,1,more than 30,more than 30,2 to 4,6 years,36 to 40,No,No,External,1 to 2,no change,1 vehicle,1994,Collision
9,2,2,Honda,Urban,1,9,3,Male,Married,60,Third Party,Sedan - Collision,Sedan,20000 to 29000,0,1102,8,400,3,more than 30,more than 30,none,6 years,51 to 65,No,No,External,none,no change,1 vehicle,1994,Collision
11,4,5,Mazda,Urban,4,11,5,Male,Single,45,Policy Holder,Sedan - Collision,Sedan,20000 to 29000,0,1103,2,400,3,more than 30,more than 30,2 to 4,6 years,36 to 40,Yes,No,External,1 to 2,no change,1 vehicle,1994,Collision
2,2,1,Mazda,Urban,1,2,2,Male,Married,37,Policy Holder,Sedan - Liability,Sport,20000 to 29000,0,1104,5,400,3,more than 30,more than 30,2 to 4,7 years,36 to 40,No,No,External,none,no change,1 vehicle,1994,Liability
11,4,7,Honda,Urban,4,11,5,Male,Married,42,Third Party,Sedan - All Perils,Sedan,20000 to 29000,0,1105,3,400,3,more than 30,more than 30,none,7 years,36 to 40,No,No,External,more than 5,no change,1 vehicle,1994,All Perils
11,5,2,Saab,Urban,5,12,1,Male,Married,47,Policy Holder,Sedan - All Perils,Sedan,40000 to 59000,0,1106,4,400,3,more than 30,more than 30,1,more than 7,41 to 50,No,No,External,1 to 2,no change,1 vehicle,1994,All Perils
11,5,3,Accura,Urban,2,12,1,Female,Married,36,Policy Holder,Sedan - All Perils,Sedan,20000 to 29000,0,1107,13,400,4,more than 30,more than 30,none,7 years,36 to 40,No,No,External,3 to 5,no change,1 vehicle,1994,All Perils
12,1,5,Toyota,Urban,1,12,1,Female,Single,27,Policy Holder,Sedan - Collision,Sedan,less than 20000,0,1108,2,400,4,more than 30,more than 30,none,5 years,31 to 35,No,No,External,3 to 5,no change,3 to 4,1994,Collision
11,4,6,Ford,Urban,4,12,4,Male,Married,53,Policy Holder,Sedan - Collision,Sedan,30000 to 39000,0,1109,14,400,4,more than 30,more than 30,1,more than 7,41 to 50,No,No,External,none,no change,1 vehicle,1994,Collision
10,2,3,Toyota,Urban,5,10,3,Female,Single,45,Third Party,Sedan - Collision,Sedan,20000 to 29000,0,1110,11,400,1,more than 30,more than 30,none,more than 7,36 to 40,No,No,External,none,no change,1 vehicle,1994,Collision
10,2,4,Chevrolet,Urban,1,10,4,Male,Married,26,Policy Holder,Sedan - Liability,Sport,more than 69000,0,1111,2,400,4,more than 30,more than 30,2 to 4,7 years,31 to 35,No,No,External,none,no change,1 vehicle,1994,Liability
9,2,7,Toyota,Rural,1,9,2,Male,Married,57,Policy Holder,Sedan - Collision,Sedan,20000 to 29000,0,1112,2,400,4,more than 30,more than 30,2 to 4,more than 7,51 to 65,No,No,External,none,no change,1 vehicle,1994,Collision
8,5,4,Chevrolet,Urban,1,9,1,Male,Married,55,Third Party,Sedan - All Perils,Sedan,more than 69000,0,1113,3,400,3,more than 30,more than 30,none,more than 7,41 to 50,No,No,External,3 to 5,no change,1 vehicle,1994,All Perils
8,5,2,Mazda,Urban,3,8,5,Male,Single,44,Policy Holder,Sedan - Collision,Sedan,20000 to 29000,0,1114,1,400,4,more than 30,more than 30,none,7 years,36 to 40,No,No,External,more than 5,4 to 8 years,2 vehicles,1994,Collision
2,2,2,Pontiac,Urban,1,2,4,Male,Married,40,Policy Holder,Sedan - Collision,Sedan,30000 to 39000,1,1115,7,400,1,more than 30,more than 30,2 to 4,5 years,36 to 40,No,No,External,none,no change,1 vehicle,1994,Collision
8,5,1,Pontiac,Urban,5,9,1,Male,Married,34,Policy Holder,Sedan - Collision,Sedan,20000 to 29000,0,1116,16,400,4,more than 30,more than 30,none,6 years,31 to 35,No,No,External,none,no change,1 vehicle,1994,Collision
8,4,5,Pontiac,Urban,1,8,5,Female,Married,26,Third Party,Sedan - Collision,Sedan,40000 to 59000,0,1117,7,400,1,more than 30,more than 30,2 to 4,6 years,31 to 35,No,No,Internal,3 to 5,no change,1 vehicle,1994,Collision
8,4,5,Honda,Urban,2,8,5,Male,Married,65,Third Party,Sedan - All Perils,Sedan,20000 to 29000,0,1118,6,400,3,more than 30,more than 30,2 to 4,more than 7,51 to 65,No,No,External,more than 5,no change,1 vehicle,1994,All Perils
8,4,1,Saab,Urban,5,9,3,Male,Married,45,Policy Holder,Sedan - Collision,Sedan,30000 to 39000,0,1119,1,400,4,more than 30,more than 30,none,more than 7,36 to 40,No,No,External,none,no change,1 vehicle,1994,Collision
8,3,4,VW,Urban,3,8,4,Male,Single,54,Policy Holder,Sedan - All Perils,Sedan,more than 69000,0,1120,9,400,3,more than 30,more than 30,2 to 4,more than 7,41 to 50,No,No,External,3 to 5,no change,1 vehicle,1994,All Perils
8,3,3,Pontiac,Urban,4,8,3,Male,Single,30,Policy Holder,Sedan - Collision,Sedan,20000 to 29000,0,1121,9,400,1,more than 30,more than 30,2 to 4,7 years,31 to 35,No,No,External,none,no change,1 vehicle,1994,Collision
8,3,2,Pontiac,Urban,5,8,3,Male,Single,30,Policy Holder,Sedan - Liability,Sport,20000 to 29000,0,1122,13,400,4,more than 30,more than 30,2 to 4,7 years,31 to 35,No,No,External,more than 5,no change,1 vehicle,1994,Liability
6,1,5,Chevrolet,Urban,4,6,2,Male,Married,46,Third Party,Sedan - Collision,Sedan,40000 to 59000,0,1123,14,500,2,more than 30,more than 30,more than 4,7 years,41 to 50,No,No,External,more than 5,2 to 3 years,1 vehicle,1994,Collision
5,5,3,Honda,Urban,3,5,5,Male,Married,36,Policy Holder,Sedan - Collision,Sedan,20000 to 29000,0,1124,16,400,4,more than 30,more than 30,2 to 4,7 years,36 to 40,No,No,External,more than 5,no change,1 vehicle,1994,Collision
4,4,6,Pontiac,Urban,3,5,2,Male,Married,27,Third Party,Sedan - Liability,Sport,20000 to 29000,0,1125,8,400,2,more than 30,more than 30,2 to 4,6 years,31 to 35,No,No,External,none,no change,1 vehicle,1994,Liability
4,2,3,Pontiac,Urban,1,4,4,Male,Married,40,Policy Holder,Sedan - Collision,Sedan,20000 to 29000,0,1126,1,400,3,more than 30,more than 30,2 to 4,more than 7,36 to 40,Yes,No,External,more than 5,no change,1 vehicle,1994,Collision
4,2,4,VW,Urban,4,4,2,Male,Single,22,Policy Holder,Sedan - All Perils,Sedan,more than 69000,0,1127,4,400,1,more than 30,more than 30,2 to 4,5 years,26 to 30,No,No,External,more than 5,no change,1 vehicle,1994,All Perils
12,2,1,Mazda,Urban,2,12,2,Male,Married,37,Third Party,Sedan - All Perils,Sedan,20000 to 29000,0,1128,6,400,1,more than 30,more than 30,1,7 years,36 to 40,Yes,No,External,none,no change,1 vehicle,1994,All Perils
12,2,1,Pontiac,Urban,1,12,2,Male,Married,51,Policy Holder,Sedan - Liability,Sport,30000 to 39000,0,1129,10,400,1,more than 30,more than 30,more than 4,more than 7,41 to 50,No,No,External,none,no change,1 vehicle,1994,Liability
12,2,6,Ford,Urban,3,12,3,Female,Married,49,Policy Holder,Sedan - All Perils,Sedan,less than 20000,0,1130,12,400,3,more than 30,more than 30,2 to 4,7 years,41 to 50,No,No,External,more than 5,no change,1 vehicle,1994,All Perils
12,2,5,Toyota,Urban,2,12,2,Male,Married,59,Policy Holder,Sedan - All Perils,Sedan,more than 69000,0,1131,9,400,2,more than 30,more than 30,more than 4,more than 7,51 to 65,No,No,External,none,no change,1 vehicle,1994,All Perils
11,5,3,Pontiac,Urban,4,12,1,Female,Married,43,Policy Holder,Sedan - Collision,Sedan,20000 to 29000,0,1132,8,400,3,more than 30,more than 30,none,7 years,36 to 40,No,No,External,1 to 2,no change,1 vehicle,1994,Collision
11,5,2,Toyota,Rural,2,11,5,Male,Married,63,Policy Holder,Sedan - All Perils,Sedan,20000 to 29000,0,1133,5,400,1,more than 30,more than 30,1,more than 7,51 to 65,No,No,External,none,no change,1 vehicle,1994,All Perils
11,3,3,Toyota,Urban,5,11,3,Female,Single,34,Policy Holder,Sedan - Collision,Sedan,20000 to 29000,0,1134,3,400,4,more than 30,more than 30,none,6 years,31 to 35,No,No,External,none,no change,1 vehicle,1994,Collision
11,3,1,Pontiac,Urban,3,11,4,Male,Married,29,Policy Holder,Sedan - All Perils,Sedan,20000 to 29000,0,1135,5,400,1,more than 30,more than 30,1,5 years,31 to 35,No,No,External,none,4 to 8 years,2 vehicles,1994,All Perils
10,4,5,Pontiac,Urban,5,10,5,Male,Married,34,Policy Holder,Sedan - All Perils,Sedan,30000 to 39000,0,1136,11,400,2,more than 30,more than 30,2 to 4,7 years,31 to 35,No,No,External,3 to 5,no change,1 vehicle,1994,All Perils
10,3,4,Mazda,Urban,4,10,4,Male,Single,32,Policy Holder,Sedan - Liability,Sport,20000 to 29000,0,1137,13,400,3,more than 30,more than 30,2 to 4,6 years,31 to 35,No,No,External,none,no change,1 vehicle,1994,Liability
10,2,6,Pontiac,Urban,1,10,2,Female,Married,55,Policy Holder,Sedan - Liability,Sport,20000 to 29000,0,1138,4,400,3,more than 30,more than 30,1,7 years,41 to 50,No,No,External,none,no change,1 vehicle,1994,Liability
9,3,3,Pontiac,Urban,5,9,3,Male,Married,27,Policy Holder,Sedan - Liability,Sport,20000 to 29000,0,1139,1,400,1,more than 30,more than 30,more than 4,5 years,31 to 35,No,No,External,3 to 5,no change,1 vehicle,1994,Liability
9,1,1,Pontiac,Urban,1,9,1,Male,Married,47,Policy Holder,Sedan - Liability,Sport,30000 to 39000,0,1140,10,400,2,more than 30,more than 30,2 to 4,more than 7,41 to 50,No,No,External,more than 5,no change,1 vehicle,1994,Liability
8,5,1,Chevrolet,Urban,2,8,5,Male,Single,21,Policy Holder,Sedan - Liability,Sport,20000 to 29000,0,1141,14,400,4,more than 30,more than 30,2 to 4,5 years,26 to 30,No,No,External,none,no change,1 vehicle,1994,Liability
8,3,3,Honda,Urban,2,8,4,Male,Single,39,Policy Holder,Sedan - Liability,Sport,30000 to 39000,0,1142,12,400,3,more than 30,more than 30,1,7 years,36 to 40,No,No,External,none,no change,1 vehicle,1994,Liability
8,3,7,Honda,Urban,4,8,3,Male,Married,47,Third Party,Sedan - All Perils,Sedan,20000 to 29000,0,1143,16,400,1,more than 30,more than 30,none,more than 7,41 to 50,No,No,External,none,no change,1 vehicle,1994,All Perils
2,2,3,Mazda,Rural,3,2,2,Female,Single,33,Third Party,Sedan - All Perils,Sedan,20000 to 29000,0,1144,16,400,1,more than 30,more than 30,none,7 years,31 to 35,No,No,External,more than 5,no change,1 vehicle,1994,All Perils
8,1,1,Pontiac,Urban,1,8,1,Male,Married,34,Policy Holder,Sedan - Liability,Sport,20000 to 29000,0,1145,1,400,2,more than 30,more than 30,2 to 4,7 years,31 to 35,No,No,External,more than 5,no change,1 vehicle,1994,Liability
8,1,1,Honda,Urban,2,8,2,Male,Married,40,Policy Holder,Sedan - Liability,Sport,20000 to 29000,0,1146,2,400,2,more than 30,more than 30,2 to 4,7 years,36 to 40,No,No,External,none,no change,1 vehicle,1994,Liability
7,5,4,Chevrolet,Urban,4,8,1,Male,Married,40,Policy Holder,Utility - All Perils,Utility,more than 69000,0,1147,3,400,4,more than 30,more than 30,2 to 4,more than 7,36 to 40,No,No,External,3 to 5,no change,1 vehicle,1994,All Perils
2,2,4,Honda,Urban,1,2,4,Male,Married,42,Policy Holder,Sedan - Collision,Sedan,30000 to 39000,1,1148,5,400,3,more than 30,more than 30,2 to 4,6 years,36 to 40,No,No,External,none,no change,1 vehicle,1994,Collision
7,4,1,Toyota,Urban,4,7,5,Male,Married,31,Policy Holder,Sedan - Collision,Sedan,20000 to 29000,0,1149,9,400,1,more than 30,more than 30,none,7 years,31 to 35,No,No,External,1 to 2,no change,3 to 4,1994,Collision
7,3,2,Honda,Urban,3,8,3,Male,Single,20,Policy Holder,Sedan - All Perils,Sedan,20000 to 29000,0,1150,1,400,3,more than 30,more than 30,none,2 years,21 to 25,No,No,External,1 to 2,no change,1 vehicle,1994,All Perils
7,2,3,Honda,Urban,5,7,3,Male,Married,53,Policy Holder,Sedan - All Perils,Sedan,30000 to 39000,0,1151,15,400,3,more than 30,more than 30,1,more than 7,41 to 50,No,No,External,more than 5,no change,1 vehicle,1994,All Perils
7,1,1,Chevrolet,Urban,1,7,1,Male,Married,39,Policy Holder,Sedan - Liability,Sport,40000 to 59000,0,1152,8,400,3,more than 30,more than 30,2 to 4,7 years,36 to 40,No,No,External,none,no change,1 vehicle,1994,Liability
6,5,4,Toyota,Urban,5,7,3,Female,Single,24,Policy Holder,Sedan - All Perils,Sedan,20000 to 29000,0,1153,16,400,2,more than 30,more than 30,none,5 years,26 to 30,No,No,External,none,no change,1 vehicle,1994,All Perils
6,5,3,Mazda,Urban,5,7,1,Male,Married,50,Policy Holder,Sedan - All Perils,Sedan,20000 to 29000,0,1154,3,400,1,more than 30,more than 30,2 to 4,more than 7,41 to 50,No,No,External,more than 5,no change,1 vehicle,1994,All Perils
6,5,2,Pontiac,Urban,1,7,1,Male,Single,23,Policy Holder,Sedan - All Perils,Sedan,less than 20000,0,1155,15,400,2,more than 30,more than 30,1,3 years,26 to 30,No,No,External,none,no change,1 vehicle,1994,All Perils
9,4,2,Chevrolet,Urban,4,10,1,Male,Single,34,Policy Holder,Sedan - Collision,Sedan,20000 to 29000,0,1156,5,400,1,more than 30,more than 30,1,6 years,31 to 35,No,No,External,3 to 5,4 to 8 years,2 vehicles,1994,Collision
12,2,2,Mazda,Urban,2,12,2,Male,Married,27,Policy Holder,Sedan - Collision,Sedan,20000 to 29000,0,1157,9,400,2,more than 30,more than 30,1,6 years,31 to 35,No,No,Internal,more than 5,no change,1 vehicle,1994,Collision
2,2,5,Honda,Urban,6,2,2,Male,Married,55,Policy Holder,Sedan - Collision,Sedan,20000 to 29000,0,1158,5,400,4,more than 30,more than 30,1,7 years,41 to 50,No,No,External,more than 5,no change,1 vehicle,1994,Collision
2,1,5,Chevrolet,Urban,2,2,2,Male,Single,53,Policy Holder,Sedan - All Perils,Sedan,more than 69000,0,1159,3,400,3,more than 30,more than 30,2 to 4,7 years,41 to 50,No,No,External,more than 5,no change,1 vehicle,1994,All Perils
1,2,2,Chevrolet,Rural,1,2,2,Male,Married,38,Policy Holder,Sedan - Collision,Sedan,30000 to 39000,0,1160,12,400,3,more than 30,more than 30,2 to 4,more than 7,36 to 40,No,No,External,none,no change,1 vehicle,1994,Collision
2,2,7,Pontiac,Urban,5,2,3,Male,Single,27,Third Party,Sedan - Liability,Sport,30000 to 39000,0,1161,6,400,1,more than 30,more than 30,more than 4,7 years,31 to 35,No,No,External,more than 5,no change,1 vehicle,1994,Liability
2,4,6,Chevrolet,Urban,2,2,5,Male,Married,53,Policy Holder,Sedan - Liability,Sport,40000 to 59000,0,1162,10,400,2,more than 30,more than 30,more than 4,more than 7,41 to 50,No,No,External,none,no change,1 vehicle,1994,Liability
10,1,7,Honda,Urban,4,10,3,Male,Married,37,Policy Holder,Sedan - Liability,Sport,20000 to 29000,0,1163,7,400,1,more than 30,more than 30,1,7 years,36 to 40,No,No,External,none,no change,1 vehicle,1994,Liability
3,2,1,Mazda,Urban,3,3,2,Male,Married,38,Policy Holder,Sedan - Liability,Sport,20000 to 29000,0,1164,6,400,2,8 to 15,15 to 30,1,7 years,36 to 40,No,No,External,none,no change,1 vehicle,1994,Liability
3,1,7,Mazda,Urban,1,3,2,Female,Married,39,Policy Holder,Sedan - Liability,Sport,20000 to 29000,0,1165,4,400,3,more than 30,more than 30,more than 4,7 years,36 to 40,No,No,External,more than 5,no change,1 vehicle,1994,Liability
4,1,3,Toyota,Urban,4,4,2,Male,Married,65,Third Party,Sedan - All Perils,Sedan,20000 to 29000,0,1166,9,400,1,more than 30,more than 30,2 to 4,7 years,51 to 65,No,No,External,3 to 5,no change,1 vehicle,1994,All Perils
4,2,2,Pontiac,Urban,3,4,2,Male,Single,32,Third Party,Sedan - Collision,Sedan,20000 to 29000,0,1167,11,400,3,more than 30,more than 30,none,7 years,31 to 35,No,No,External,more than 5,no change,1 vehicle,1994,Collision
2,2,5,Toyota,Urban,4,2,3,Male,Married,33,Policy Holder,Sedan - All Perils,Sedan,20000 to 29000,1,1168,4,400,3,more than 30,more than 30,1,6 years,31 to 35,No,No,External,3 to 5,no change,1 vehicle,1994,All Perils
4,2,5,Toyota,Urban,2,4,2,Female,Married,30,Policy Holder,Sedan - Collision,Sedan,less than 20000,0,1169,13,400,1,more than 30,more than 30,none,5 years,31 to 35,No,No,External,3 to 5,no change,1 vehicle,1994,Collision
3,4,4,Honda,Urban,5,4,1,Female,Single,23,Third Party,Sport - Collision,Sport,more than 69000,0,1170,3,400,1,more than 30,more than 30,none,6 years,26 to 30,No,No,External,none,no change,1 vehicle,1994,Collision
3,4,3,Chevrolet,Urban,4,3,4,Male,Married,55,Policy Holder,Sedan - All Perils,Sedan,30000 to 39000,0,1171,6,400,2,more than 30,more than 30,2 to 4,more than 7,41 to 50,No,No,External,none,no change,1 vehicle,1994,All Perils
12,1,1,Chevrolet,Urban,5,12,3,Male,Single,35,Policy Holder,Sedan - Collision,Sedan,20000 to 29000,0,1172,11,400,4,more than 30,more than 30,1,5 years,31 to 35,No,No,External,none,no change,1 vehicle,1994,Collision
4,4,3,Toyota,Rural,2,5,1,Male,Married,41,Policy Holder,Sedan - Liability,Sport,20000 to 29000,0,1173,14,400,4,more than 30,more than 30,2 to 4,7 years,36 to 40,No,No,External,more than 5,no change,1 vehicle,1994,Liability
4,5,4,Toyota,Rural,5,4,5,Female,Married,45,Policy Holder,Sedan - Liability,Sport,20000 to 29000,0,1174,15,500,2,more than 30,more than 30,1,7 years,36 to 40,No,No,External,none,2 to 3 years,1 vehicle,1994,Liability
5,2,1,Pontiac,Urban,5,6,2,Male,Single,43,Policy Holder,Sedan - Liability,Sport,20000 to 29000,0,1175,14,400,2,more than 30,more than 30,more than 4,7 years,36 to 40,No,No,External,none,no change,1 vehicle,1994,Liability
5,4,1,Toyota,Urban,4,6,1,Male,Married,42,Policy Holder,Sedan - Collision,Sedan,20000 to 29000,0,1176,9,400,3,more than 30,more than 30,1,7 years,36 to 40,No,No,External,none,no change,1 vehicle,1994,Collision
5,3,5,Pontiac,Rural,2,5,4,Male,Married,52,Policy Holder,Sedan - All Perils,Sedan,20000 to 29000,0,1177,11,400,2,more than 30,more than 30,1,more than 7,41 to 50,No,No,External,more than 5,4 to 8 years,2 vehicles,1994,All Perils
6,4,6,Toyota,Rural,1,6,4,Male,Single,43,Policy Holder,Sedan - All Perils,Sedan,20000 to 29000,0,1178,9,400,4,more than 30,more than 30,2 to 4,more than 7,36 to 40,No,No,External,more than 5,no change,1 vehicle,1994,All Perils
8,2,2,Honda,Urban,4,8,2,Female,Single,16,Third Party,Sport - Collision,Sport,more than 69000,0,1179,3,400,3,more than 30,more than 30,none,3 years,18 to 20,No,No,External,3 to 5,no change,1 vehicle,1994,Collision
9,2,6,Honda,Urban,2,9,2,Male,Married,47,Policy Holder,Sport - Collision,Sport,more than 69000,0,1180,16,400,1,more than 30,more than 30,none,5 years,41 to 50,No,No,External,none,no change,1 vehicle,1994,Collision
10,2,1,Pontiac,Urban,1,11,3,Male,Single,44,Policy Holder,Sedan - Liability,Sport,20000 to 29000,0,1181,5,400,2,more than 30,more than 30,more than 4,7 years,36 to 40,No,No,External,none,no change,1 vehicle,1994,Liability
10,1,1,Mazda,Urban,4,12,1,Male,Married,72,Policy Holder,Sedan - All Perils,Sedan,30000 to 39000,0,1182,10,400,2,more than 30,more than 30,none,more than 7,over 65,No,No,External,none,no change,1 vehicle,1994,All Perils
2,2,5,Mazda,Urban,3,3,1,Male,Single,18,Policy Holder,Sport - Collision,Sport,more than 69000,1,1183,2,400,2,more than 30,more than 30,none,5 years,21 to 25,No,No,External,more than 5,no change,1 vehicle,1994,Collision
2,2,5,Pontiac,Rural,1,2,3,Male,Married,27,Policy Holder,Sedan - Liability,Sport,30000 to 39000,0,1184,3,400,4,more than 30,more than 30,2 to 4,7 years,31 to 35,No,No,External,3 to 5,1 year,1 vehicle,1994,Liability
11,1,4,Chevrolet,Rural,1,11,2,Male,Married,59,Policy Holder,Sedan - All Perils,Sedan,30000 to 39000,0,1185,9,400,3,more than 30,more than 30,none,more than 7,51 to 65,No,No,External,3 to 5,no change,1 vehicle,1994,All Perils
4,4,6,Toyota,Urban,3,4,4,Female,Single,22,Third Party,Sedan - All Perils,Sedan,less than 20000,0,1186,9,400,1,more than 30,more than 30,none,3 years,26 to 30,No,No,External,more than 5,no change,1 vehicle,1994,All Perils
4,3,4,Ford,Urban,2,4,4,Male,Married,26,Policy Holder,Utility - All Perils,Utility,more than 69000,0,1187,5,400,4,more than 30,more than 30,none,7 years,31 to 35,No,No,External,1 to 2,no change,1 vehicle,1994,All Perils
4,3,3,Honda,Urban,1,4,4,Male,Married,47,Policy Holder,Sedan - All Perils,Sedan,30000 to 39000,0,1188,13,400,4,more than 30,more than 30,none,more than 7,41 to 50,No,No,External,none,no change,1 vehicle,1994,All Perils
5,4,1,Toyota,Urban,4,6,1,Male,Married,28,Policy Holder,Sedan - All Perils,Sedan,20000 to 29000,0,1189,3,400,3,more than 30,more than 30,1,6 years,31 to 35,No,No,External,none,no change,1 vehicle,1994,All Perils
6,4,7,VW,Rural,1,6,4,Male,Married,28,Third Party,Sedan - All Perils,Sedan,30000 to 39000,0,1190,3,400,1,more than 30,more than 30,none,6 years,31 to 35,No,No,External,none,no change,3 to 4,1994,All Perils
7,3,2,Honda,Urban,5,7,4,Male,Single,23,Policy Holder,Sedan - All Perils,Sedan,less than 20000,0,1191,9,400,2,more than 30,more than 30,1,5 years,26 to 30,No,No,External,1 to 2,no change,1 vehicle,1994,All Perils
2,2,5,Toyota,Urban,1,2,3,Male,Married,55,Policy Holder,Sedan - All Perils,Sedan,20000 to 29000,1,1192,6,400,4,more than 30,more than 30,1,more than 7,41 to 50,No,No,External,1 to 2,no change,1 vehicle,1994,All Perils
8,1,4,Toyota,Urban,5,8,2,Male,Married,45,Third Party,Sedan - All Perils,Sedan,20000 to 29000,0,1193,14,400,1,more than 30,more than 30,none,6 years,36 to 40,No,No,External,3 to 5,no change,1 vehicle,1994,All Perils
8,1,2,Mazda,Urban,5,8,4,Female,Married,39,Policy Holder,Sedan - Liability,Sport,20000 to 29000,0,1194,12,400,4,more than 30,more than 30,more than 4,6 years,36 to 40,No,No,External,none,no change,1 vehicle,1994,Liability
11,2,5,Toyota,Urban,1,11,3,Male,Divorced,44,Policy Holder,Sedan - Liability,Sport,30000 to 39000,0,1195,5,400,4,more than 30,more than 30,1,7 years,36 to 40,No,No,External,more than 5,no change,1 vehicle,1994,Liability
11,1,5,Mazda,Urban,1,11,1,Female,Married,42,Policy Holder,Sedan - Liability,Sport,30000 to 39000,0,1196,16,400,4,more than 30,more than 30,more than 4,7 years,36 to 40,No,No,External,none,no change,1 vehicle,1994,Liability
11,3,3,Ford,Urban,3,11,3,Male,Married,66,Policy Holder,Sedan - Collision,Sedan,40000 to 59000,0,1197,16,400,2,more than 30,more than 30,1,7 years,over 65,No,No,External,more than 5,no change,1 vehicle,1994,Collision
11,3,1,Pontiac,Urban,1,11,3,Male,Single,31,Policy Holder,Sedan - Liability,Sport,20000 to 29000,0,1198,10,400,4,more than 30,more than 30,2 to 4,7 years,31 to 35,No,No,External,more than 5,4 to 8 years,2 vehicles,1994,Liability
11,3,7,Chevrolet,Urban,1,11,3,Male,Married,37,Policy Holder,Sedan - Collision,Sedan,20000 to 29000,0,1199,4,400,1,more than 30,more than 30,1,7 years,36 to 40,No,No,External,none,no change,1 vehicle,1994,Collision
2,2,5,Pontiac,Rural,5,2,3,Male,Single,30,Policy Holder,Sedan - Collision,Sedan,30000 to 39000,1,1200,12,400,3,more than 30,more than 30,1,6 years,31 to 35,No,No,External,none,no change,1 vehicle,1994,Collision
7,4,2,Mazda,Urban,5,9,1,Male,Married,39,Policy Holder,Sedan - Collision,Sedan,20000 to 29000,0,1201,16,400,1,more than 30,more than 30,2 to 4,7 years,36 to 40,No,No,External,more than 5,no change,1 vehicle,1994,Collision
7,2,1,Honda,Urban,1,7,2,Male,Married,42,Policy Holder,Sedan - Liability,Sport,20000 to 29000,0,1202,9,400,3,more than 30,more than 30,1,7 years,36 to 40,No,No,External,more than 5,no change,1 vehicle,1994,Liability
6,2,1,Mazda,Urban,1,7,1,Male,Married,35,Policy Holder,Sedan - Liability,Sport,30000 to 39000,0,1203,3,400,1,more than 30,more than 30,2 to 4,6 years,31 to 35,No,No,External,1 to 2,no change,1 vehicle,1994,Liability
2,2,6,Honda,Urban,2,2,3,Male,Single,0,Policy Holder,Sedan - Liability,Sport,more than 69000,0,1204,16,400,2,more than 30,more than 30,2 to 4,new,16 to 17,No,No,External,none,no change,1 vehicle,1994,Liability
4,3,1,Chevrolet,Urban,2,4,3,Male,Married,29,Third Party,Sedan - Liability,Sport,more than 69000,0,1205,16,400,4,more than 30,more than 30,none,7 years,31 to 35,No,No,External,none,no change,1 vehicle,1994,Liability
4,2,2,Pontiac,Urban,2,4,3,Male,Married,48,Third Party,Sedan - Liability,Sport,20000 to 29000,0,1206,3,400,1,more than 30,more than 30,2 to 4,more than 7,41 to 50,No,No,External,none,no change,1 vehicle,1994,Liability
4,2,1,Toyota,Urban,2,4,2,Male,Single,23,Policy Holder,Sedan - Liability,Sport,20000 to 29000,0,1207,1,400,3,more than 30,more than 30,more than 4,5 years,26 to 30,No,No,External,none,no change,1 vehicle,1994,Liability
4,1,3,Pontiac,Urban,2,4,2,Female,Single,28,Policy Holder,Sedan - All Perils,Sedan,less than 20000,0,1208,3,400,3,more than 30,more than 30,none,6 years,31 to 35,No,No,External,none,no change,1 vehicle,1994,All Perils
3,5,5,Mazda,Urban,4,4,3,Male,Single,32,Third Party,Sedan - Collision,Sedan,20000 to 29000,0,1209,15,400,3,more than 30,more than 30,none,5 years,31 to 35,No,No,External,none,no change,1 vehicle,1994,Collision
3,5,2,Dodge,Urban,2,4,2,Male,Married,36,Policy Holder,Sedan - Liability,Sport,30000 to 39000,0,1210,2,700,2,more than 30,more than 30,more than 4,7 years,36 to 40,Yes,No,External,more than 5,no change,1 vehicle,1994,Liability
10,3,2,Toyota,Urban,4,11,1,Male,Married,27,Third Party,Sedan - Liability,Sport,20000 to 29000,0,1211,14,400,1,none,more than 30,2 to 4,7 years,31 to 35,No,No,External,none,no change,1 vehicle,1994,Liability
9,4,3,Honda,Urban,3,9,4,Male,Married,34,Policy Holder,Sedan - Liability,Sport,20000 to 29000,0,1212,4,400,4,more than 30,more than 30,2 to 4,6 years,31 to 35,No,No,External,1 to 2,no change,1 vehicle,1994,Liability
8,4,2,Honda,Urban,2,8,4,Male,Married,45,Policy Holder,Sedan - Liability,Sport,30000 to 39000,0,1213,15,400,1,more than 30,more than 30,more than 4,more than 7,36 to 40,No,No,External,none,no change,1 vehicle,1994,Liability
8,2,5,Toyota,Urban,5,8,2,Male,Single,26,Policy Holder,Sedan - Collision,Sedan,20000 to 29000,0,1214,1,400,1,more than 30,more than 30,2 to 4,6 years,31 to 35,No,No,External,1 to 2,no change,1 vehicle,1994,Collision
7,5,6,Pontiac,Urban,1,8,1,Male,Single,22,Policy Holder,Sedan - Liability,Sport,20000 to 29000,0,1215,6,400,2,more than 30,more than 30,2 to 4,5 years,26 to 30,No,No,External,none,no change,1 vehicle,1994,Liability
7,3,6,Honda,Urban,1,7,3,Male,Married,34,Policy Holder,Sedan - Liability,Sport,more than 69000,0,1216,14,400,4,more than 30,more than 30,2 to 4,new,31 to 35,No,No,External,none,no change,1 vehicle,1994,Liability
7,3,6,Pontiac,Urban,2,8,1,Male,Single,23,Policy Holder,Sedan - All Perils,Sedan,30000 to 39000,0,1217,1,400,2,more than 30,more than 30,1,5 years,26 to 30,No,No,External,none,no change,1 vehicle,1994,All Perils
7,2,1,Pontiac,Urban,2,7,2,Male,Single,35,Third Party,Sedan - All Perils,Sedan,20000 to 29000,0,1218,6,400,3,more than 30,more than 30,2 to 4,6 years,31 to 35,No,No,External,1 to 2,no change,1 vehicle,1994,All Perils
7,1,3,Pontiac,Urban,2,7,2,Male,Married,30,Third Party,Sedan - Collision,Sedan,20000 to 29000,0,1219,15,400,1,more than 30,more than 30,2 to 4,6 years,31 to 35,No,No,External,none,4 to 8 years,2 vehicles,1994,Collision
7,1,7,Pontiac,Urban,2,7,1,Male,Single,28,Policy Holder,Sedan - Collision,Sedan,20000 to 29000,0,1220,8,400,3,more than 30,more than 30,1,5 years,31 to 35,No,No,External,more than 5,no change,1 vehicle,1994,Collision
6,2,1,Mazda,Urban,3,6,3,Male,Single,33,Policy Holder,Sedan - Collision,Sedan,20000 to 29000,0,1221,6,400,1,more than 30,more than 30,2 to 4,6 years,31 to 35,No,No,External,more than 5,no change,1 vehicle,1994,Collision
5,5,1,Mazda,Urban,1,5,5,Male,Single,33,Policy Holder,Sedan - Collision,Sedan,20000 to 29000,0,1222,4,400,1,more than 30,more than 30,1,5 years,31 to 35,No,No,External,none,no change,1 vehicle,1994,Collision
5,5,6,Toyota,Urban,2,5,5,Male,Married,32,Third Party,Sedan - Collision,Sedan,20000 to 29000,0,1223,16,400,1,more than 30,more than 30,more than 4,6 years,31 to 35,No,No,External,1 to 2,no change,1 vehicle,1994,Collision
2,2,6,Mazda,Urban,1,2,3,Male,Married,57,Policy Holder,Sedan - Collision,Sedan,20000 to 29000,1,1224,9,400,1,more than 30,more than 30,2 to 4,7 years,51 to 65,No,No,External,none,no change,1 vehicle,1994,Collision
5,1,2,Mazda,Urban,3,12,2,Male,Married,37,Policy Holder,Sport - Collision,Sport,more than 69000,0,1225,12,500,3,more than 30,more than 30,1,6 years,36 to 40,No,No,External,1 to 2,2 to 3 years,1 vehicle,1994,Collision
4,3,1,Honda,Urban,2,4,3,Male,Married,56,Policy Holder,Sedan - Collision,Sedan,20000 to 29000,0,1226,15,400,2,more than 30,more than 30,none,more than 7,51 to 65,No,No,External,more than 5,no change,1 vehicle,1994,Collision
2,2,6,Ford,Urban,1,2,3,Male,Married,62,Third Party,Sedan - Collision,Sedan,40000 to 59000,0,1227,11,400,1,more than 30,more than 30,2 to 4,more than 7,51 to 65,No,No,External,none,no change,1 vehicle,1994,Collision
12,4,6,Accura,Rural,3,12,4,Male,Married,43,Policy Holder,Sedan - Collision,Sedan,20000 to 29000,0,1228,10,400,3,more than 30,more than 30,2 to 4,7 years,36 to 40,No,No,External,more than 5,no change,1 vehicle,1994,Collision
12,2,7,Pontiac,Urban,1,12,2,Male,Married,43,Policy Holder,Sedan - Collision,Sedan,20000 to 29000,0,1229,16,400,3,more than 30,more than 30,none,6 years,36 to 40,No,No,External,1 to 2,no change,1 vehicle,1994,Collision
1,3,5,Chevrolet,Rural,1,1,3,Male,Single,61,Third Party,Sedan - All Perils,Sedan,30000 to 39000,0,1230,12,400,4,more than 30,more than 30,1,more than 7,51 to 65,No,No,External,none,no change,1 vehicle,1994,All Perils
1,4,2,Toyota,Urban,5,4,2,Female,Single,34,Policy Holder,Sedan - Liability,Sport,20000 to 29000,0,1231,10,400,3,more than 30,more than 30,2 to 4,5 years,31 to 35,No,No,External,none,no change,3 to 4,1994,Liability
2,2,7,Mazda,Urban,4,2,3,Male,Married,52,Policy Holder,Sedan - All Perils,Sedan,20000 to 29000,1,1232,8,400,3,more than 30,more than 30,none,7 years,41 to 50,No,No,External,none,no change,1 vehicle,1994,All Perils
12,2,3,Honda,Urban,3,12,2,Female,Married,48,Policy Holder,Sedan - All Perils,Sedan,20000 to 29000,0,1233,14,400,4,more than 30,more than 30,none,5 years,41 to 50,No,No,External,none,no change,1 vehicle,1994,All Perils
11,1,1,Mazda,Urban,3,12,2,Male,Married,45,Policy Holder,Sedan - All Perils,Sedan,20000 to 29000,0,1234,3,400,2,more than 30,more than 30,none,7 years,36 to 40,No,No,External,none,no change,1 vehicle,1994,All Perils
6,5,3,Honda,Urban,3,7,3,Male,Married,39,Third Party,Sedan - All Perils,Sedan,20000 to 29000,0,1235,9,400,3,more than 30,more than 30,1,7 years,36 to 40,No,No,External,none,no change,1 vehicle,1994,All Perils
6,4,4,Pontiac,Urban,5,6,4,Male,Single,31,Policy Holder,Sedan - Liability,Sport,20000 to 29000,0,1236,12,400,1,more than 30,more than 30,2 to 4,6 years,31 to 35,No,No,External,1 to 2,no change,1 vehicle,1994,Liability
3,3,2,Pontiac,Urban,5,3,4,Male,Married,37,Third Party,Sedan - Collision,Sedan,30000 to 39000,0,1237,1,400,4,more than 30,more than 30,2 to 4,7 years,36 to 40,No,No,External,3 to 5,no change,1 vehicle,1994,Collision
4,1,6,Honda,Urban,1,4,1,Male,Single,38,Third Party,Sedan - Collision,Sedan,20000 to 29000,0,1238,13,400,4,more than 30,more than 30,none,7 years,36 to 40,No,No,External,more than 5,no change,1 vehicle,1994,Collision
3,5,1,Pontiac,Rural,2,4,3,Male,Married,59,Policy Holder,Sedan - Collision,Sedan,30000 to 39000,0,1239,6,400,2,more than 30,more than 30,none,more than 7,51 to 65,No,No,External,3 to 5,no change,1 vehicle,1994,Collision
3,4,7,Pontiac,Rural,2,4,2,Male,Single,27,Policy Holder,Sedan - All Perils,Sedan,less than 20000,0,1240,12,400,4,more than 30,more than 30,none,6 years,31 to 35,No,No,External,3 to 5,4 to 8 years,2 vehicles,1994,All Perils
3,3,4,Chevrolet,Urban,4,3,3,Male,Single,34,Policy Holder,Sedan - Liability,Sport,30000 to 39000,0,1241,14,700,1,more than 30,more than 30,2 to 4,7 years,31 to 35,No,No,External,more than 5,no change,1 vehicle,1994,Liability
3,3,7,Toyota,Urban,2,3,4,Male,Married,58,Third Party,Sedan - All Perils,Sedan,less than 20000,0,1242,10,400,2,more than 30,more than 30,none,more than 7,51 to 65,No,No,External,none,no change,1 vehicle,1994,All Perils
3,3,3,Nisson,Urban,4,3,3,Male,Married,58,Third Party,Sedan - All Perils,Sedan,30000 to 39000,0,1243,5,400,3,more than 30,more than 30,2 to 4,more than 7,51 to 65,No,No,External,3 to 5,no change,1 vehicle,1994,All Perils
9,2,6,Honda,Urban,1,4,3,Male,Single,0,Policy Holder,Sport - All Perils,Sport,more than 69000,0,1244,15,400,2,more than 30,more than 30,1,new,16 to 17,No,No,External,none,no change,1 vehicle,1994,All Perils
10,3,1,Honda,Urban,2,10,3,Male,Married,35,Policy Holder,Sedan - Collision,Sedan,30000 to 39000,0,1245,15,400,3,more than 30,more than 30,none,5 years,31 to 35,No,No,External,none,no change,1 vehicle,1994,Collision
1,4,3,Honda,Urban,1,1,5,Male,Married,36,Third Party,Sedan - All Perils,Sedan,20000 to 29000,0,1246,1,400,1,more than 30,more than 30,1,7 years,36 to 40,No,No,External,none,no change,1 vehicle,1994,All Perils
1,3,6,Toyota,Urban,1,1,4,Male,Married,43,Third Party,Sedan - All Perils,Sedan,20000 to 29000,0,1247,1,400,3,more than 30,more than 30,none,7 years,36 to 40,No,No,External,none,no change,1 vehicle,1994,All Perils
3,1,3,Accura,Urban,3,3,4,Male,Single,35,Policy Holder,Sedan - Liability,Sport,30000 to 39000,0,1248,2,400,2,more than 30,more than 30,more than 4,7 years,31 to 35,No,No,External,none,no change,1 vehicle,1994,Liability
2,3,5,Toyota,Urban,3,3,1,Male,Married,61,Policy Holder,Sedan - All Perils,Sedan,20000 to 29000,0,1249,12,400,1,more than 30,more than 30,none,7 years,51 to 65,No,No,External,none,no change,1 vehicle,1994,All Perils
2,3,1,Honda,Rural,4,2,3,Male,Married,49,Policy Holder,Sport - Collision,Sport,more than 69000,0,1250,15,400,3,more than 30,more than 30,1,more than 7,41 to 50,No,No,External,none,no change,1 vehicle,1994,Collision
1,4,3,Toyota,Urban,5,1,5,Male,Married,44,Policy Holder,Sedan - All Perils,Sedan,less than 20000,0,1251,4,400,4,more than 30,more than 30,none,7 years,36 to 40,No,No,External,3 to 5,no change,1 vehicle,1994,All Perils
1,1,7,Pontiac,Urban,1,1,2,Male,Single,30,Policy Holder,Sedan - Collision,Sedan,20000 to 29000,0,1252,4,400,2,more than 30,more than 30,1,6 years,31 to 35,No,No,External,none,no change,1 vehicle,1994,Collision
1,1,2,Honda,Urban,3,1,1,Male,Single,30,Policy Holder,Sedan - Liability,Sport,20000 to 29000,0,1253,5,400,4,more than 30,more than 30,more than 4,6 years,31 to 35,No,No,External,none,no change,1 vehicle,1994,Liability
8,5,3,Toyota,Urban,3,9,2,Male,Married,29,Policy Holder,Sedan - Collision,Sedan,20000 to 29000,0,1254,16,400,3,more than 30,more than 30,2 to 4,7 years,31 to 35,No,No,External,none,no change,1 vehicle,1994,Collision
12,1,4,Toyota,Urban,1,12,1,Male,Married,57,Policy Holder,Sedan - Liability,Sport,30000 to 39000,0,1255,8,400,3,more than 30,more than 30,2 to 4,7 years,51 to 65,No,No,External,none,no change,1 vehicle,1994,Liability
12,1,6,Chevrolet,Urban,3,12,2,Male,Single,29,Policy Holder,Sedan - All Perils,Sedan,30000 to 39000,0,1256,10,400,1,more than 30,more than 30,1,5 years,31 to 35,No,No,External,none,no change,1 vehicle,1994,All Perils
2,3,1,Honda,Urban,2,2,3,Male,Single,0,Third Party,Sedan - All Perils,Sedan,more than 69000,0,1257,5,400,3,more than 30,more than 30,none,new,16 to 17,No,No,External,none,no change,1 vehicle,1994,All Perils
12,2,2,Chevrolet,Urban,3,12,3,Female,Single,30,Third Party,Sedan - Collision,Sedan,20000 to 29000,0,1258,8,400,4,more than 30,more than 30,2 to 4,5 years,31 to 35,No,No,External,none,no change,1 vehicle,1994,Collision
12,2,2,Ford,Urban,1,12,3,Male,Married,60,Policy Holder,Utility - All Perils,Utility,30000 to 39000,0,1259,5,400,2,more than 30,more than 30,2 to 4,more than 7,51 to 65,No,No,External,none,no change,1 vehicle,1994,All Perils
8,4,5,Chevrolet,Urban,3,8,5,Male,Married,42,Policy Holder,Sedan - All Perils,Sedan,more than 69000,0,1260,13,400,1,more than 30,more than 30,none,7 years,36 to 40,No,No,External,none,no change,1 vehicle,1994,All Perils
8,4,5,Chevrolet,Urban,5,9,1,Female,Married,29,Third Party,Sedan - All Perils,Sedan,20000 to 29000,0,1261,7,400,4,more than 30,more than 30,1,6 years,31 to 35,No,No,External,3 to 5,4 to 8 years,2 vehicles,1994,All Perils
9,2,4,Pontiac,Urban,2,9,2,Male,Married,45,Third Party,Sedan - Collision,Sedan,20000 to 29000,0,1262,7,400,1,more than 30,more than 30,2 to 4,6 years,36 to 40,No,No,External,more than 5,no change,1 vehicle,1994,Collision
9,4,1,Honda,Urban,2,9,4,Male,Single,26,Policy Holder,Sedan - Liability,Sport,20000 to 29000,0,1263,5,400,1,more than 30,more than 30,2 to 4,6 years,31 to 35,No,No,External,1 to 2,no change,1 vehicle,1994,Liability
12,1,1,Toyota,Urban,2,12,2,Male,Married,37,Policy Holder,Sedan - Collision,Sedan,30000 to 39000,0,1264,1,400,4,more than 30,more than 30,2 to 4,7 years,36 to 40,No,No,External,none,no change,1 vehicle,1994,Collision
12,1,7,Mazda,Urban,1,12,3,Male,Married,34,Policy Holder,Sedan - Collision,Sedan,20000 to 29000,0,1265,3,400,4,more than 30,more than 30,1,6 years,31 to 35,No,No,External,1 to 2,no change,1 vehicle,1994,Collision
2,3,1,Pontiac,Urban,3,2,3,Male,Married,52,Third Party,Sedan - Collision,Sedan,20000 to 29000,0,1266,2,400,1,more than 30,more than 30,1,more than 7,41 to 50,No,No,External,none,no change,1 vehicle,1994,Collision
12,1,2,Toyota,Urban,1,12,2,Male,Single,24,Third Party,Sedan - Collision,Sedan,20000 to 29000,0,1267,3,400,4,more than 30,more than 30,none,4 years,26 to 30,No,No,External,none,no change,1 vehicle,1994,Collision
12,2,7,Honda,Urban,1,12,2,Male,Married,39,Third Party,Sedan - Collision,Sedan,20000 to 29000,0,1268,3,400,3,more than 30,more than 30,1,more than 7,36 to 40,No,No,External,more than 5,no change,1 vehicle,1994,Collision
12,3,4,Pontiac,Urban,2,12,3,Male,Married,43,Third Party,Utility - All Perils,Utility,more than 69000,0,1269,13,400,4,more than 30,more than 30,none,7 years,36 to 40,No,No,External,1 to 2,no change,1 vehicle,1994,All Perils
12,2,3,Pontiac,Urban,5,12,3,Female,Single,27,Third Party,Sedan - Collision,Sedan,20000 to 29000,0,1270,5,400,4,more than 30,more than 30,none,6 years,31 to 35,Yes,No,External,1 to 2,no change,1 vehicle,1994,Collision
12,2,2,Chevrolet,Urban,4,12,3,Male,Married,36,Policy Holder,Utility - All Perils,Utility,more than 69000,0,1271,16,400,1,more than 30,more than 30,2 to 4,7 years,36 to 40,No,No,External,more than 5,no change,1 vehicle,1994,All Perils
12,1,7,Pontiac,Urban,5,12,3,Male,Single,18,Third Party,Sedan - Collision,Sedan,30000 to 39000,0,1272,14,400,3,more than 30,more than 30,2 to 4,2 years,21 to 25,No,No,External,more than 5,no change,3 to 4,1994,Collision
12,1,6,Honda,Urban,2,12,3,Male,Married,27,Policy Holder,Sedan - All Perils,Sedan,30000 to 39000,0,1273,6,400,3,more than 30,more than 30,2 to 4,7 years,31 to 35,No,No,External,3 to 5,no change,1 vehicle,1994,All Perils
9,4,1,Pontiac,Urban,2,9,4,Male,Married,49,Policy Holder,Sedan - Collision,Sedan,20000 to 29000,0,1274,4,400,1,more than 30,more than 30,none,more than 7,41 to 50,No,No,External,none,no change,1 vehicle,1994,Collision
9,3,1,Chevrolet,Urban,3,9,4,Male,Married,42,Policy Holder,Sedan - Collision,Sedan,20000 to 29000,0,1275,8,400,3,more than 30,more than 30,more than 4,more than 7,36 to 40,No,No,External,1 to 2,1 year,1 vehicle,1994,Collision
9,2,5,VW,Urban,2,9,2,Male,Single,42,Policy Holder,Sedan - Collision,Sedan,more than 69000,0,1276,15,500,4,more than 30,more than 30,2 to 4,more than 7,36 to 40,No,No,Internal,more than 5,2 to 3 years,1 vehicle,1994,Collision
2,3,1,Toyota,Urban,4,2,3,Male,Single,29,Third Party,Sedan - Collision,Sedan,20000 to 29000,0,1277,14,400,2,more than 30,more than 30,2 to 4,6 years,31 to 35,No,No,External,1 to 2,no change,1 vehicle,1994,Collision
9,2,6,Honda,Urban,1,9,2,Female,Married,61,Third Party,Sedan - Collision,Sedan,20000 to 29000,0,1278,7,400,2,more than 30,more than 30,1,more than 7,51 to 65,No,No,External,more than 5,no change,1 vehicle,1994,Collision
9,1,2,Mazda,Urban,2,9,1,Female,Single,30,Policy Holder,Sedan - Collision,Sedan,20000 to 29000,0,1279,16,400,2,more than 30,more than 30,1,6 years,31 to 35,Yes,No,External,3 to 5,no change,1 vehicle,1994,Collision
9,1,6,Pontiac,Urban,1,9,1,Female,Married,44,Policy Holder,Sedan - Liability,Sport,20000 to 29000,0,1280,11,400,4,more than 30,more than 30,more than 4,more than 7,36 to 40,No,No,External,none,no change,1 vehicle,1994,Liability
9,1,2,Mazda,Urban,4,9,2,Male,Single,44,Policy Holder,Sedan - Liability,Sport,30000 to 39000,0,1281,3,400,3,more than 30,more than 30,2 to 4,7 years,36 to 40,No,No,External,none,no change,1 vehicle,1994,Liability
12,3,7,Mazda,Urban,1,12,3,Male,Single,21,Policy Holder,Sedan - Liability,Sport,30000 to 39000,0,1282,1,400,4,more than 30,more than 30,2 to 4,6 years,26 to 30,No,No,Internal,none,no change,1 vehicle,1994,Liability
12,3,6,VW,Urban,1,12,3,Male,Married,46,Policy Holder,Sedan - Liability,Sport,40000 to 59000,0,1283,5,400,3,more than 30,more than 30,1,more than 7,41 to 50,No,No,External,3 to 5,no change,1 vehicle,1994,Liability
12,3,5,Pontiac,Urban,1,12,3,Male,Married,31,Policy Holder,Sedan - Collision,Sedan,20000 to 29000,0,1284,3,400,2,more than 30,more than 30,2 to 4,6 years,31 to 35,No,No,External,1 to 2,no change,1 vehicle,1994,Collision
12,3,3,Accura,Urban,4,12,5,Male,Married,39,Third Party,Utility - All Perils,Utility,more than 69000,0,1285,12,400,4,more than 30,more than 30,1,7 years,36 to 40,No,No,External,none,no change,1 vehicle,1994,All Perils
12,2,3,Ford,Urban,2,12,4,Female,Single,36,Policy Holder,Sedan - Liability,Sport,30000 to 39000,0,1286,16,400,1,more than 30,more than 30,2 to 4,6 years,36 to 40,Yes,No,External,none,no change,1 vehicle,1994,Liability
12,1,4,Pontiac,Urban,4,12,5,Male,Married,42,Policy Holder,Utility - All Perils,Utility,40000 to 59000,0,1287,11,400,3,more than 30,more than 30,more than 4,7 years,36 to 40,No,No,External,more than 5,no change,1 vehicle,1994,All Perils
9,1,5,Pontiac,Rural,1,9,1,Male,Married,37,Policy Holder,Sedan - Liability,Sport,less than 20000,0,1288,11,400,1,more than 30,more than 30,2 to 4,7 years,36 to 40,No,No,External,1 to 2,no change,1 vehicle,1994,Liability
3,1,6,Mazda,Rural,4,3,4,Male,Single,31,Policy Holder,Sedan - All Perils,Sedan,20000 to 29000,0,1289,10,400,3,more than 30,more than 30,none,6 years,31 to 35,No,No,External,none,no change,1 vehicle,1994,All Perils
2,2,4,Chevrolet,Urban,1,2,3,Male,Married,44,Policy Holder,Sedan - Liability,Sport,40000 to 59000,0,1290,4,400,4,more than 30,more than 30,2 to 4,7 years,36 to 40,No,No,External,3 to 5,no change,1 vehicle,1994,Liability
2,5,1,Mercury,Urban,5,3,1,Male,Married,49,Policy Holder,Sedan - Liability,Sport,20000 to 29000,0,1291,14,400,4,more than 30,more than 30,more than 4,more than 7,41 to 50,No,No,External,none,no change,1 vehicle,1994,Liability
2,4,4,Toyota,Urban,5,2,4,Male,Married,30,Third Party,Sedan - Liability,Sport,20000 to 29000,0,1292,14,400,3,more than 30,more than 30,2 to 4,7 years,31 to 35,No,No,External,more than 5,no change,1 vehicle,1994,Liability
2,1,5,Pontiac,Urban,5,2,1,Female,Married,49,Policy Holder,Sedan - Liability,Sport,20000 to 29000,0,1293,14,400,2,more than 30,more than 30,more than 4,7 years,41 to 50,No,No,Internal,more than 5,no change,1 vehicle,1994,Liability
12,3,2,Pontiac,Urban,2,12,3,Male,Married,26,Policy Holder,Sedan - Collision,Sedan,20000 to 29000,0,1294,14,400,3,more than 30,more than 30,2 to 4,5 years,31 to 35,No,No,External,1 to 2,no change,1 vehicle,1994,Collision
3,1,4,Toyota,Urban,4,3,1,Female,Married,33,Policy Holder,Sedan - Liability,Sport,20000 to 29000,0,1295,13,400,2,more than 30,more than 30,2 to 4,5 years,31 to 35,No,No,External,none,no change,1 vehicle,1994,Liability
9,4,3,Pontiac,Urban,2,9,5,Female,Single,30,Policy Holder,Sedan - Collision,Sedan,20000 to 29000,0,1296,16,400,1,more than 30,more than 30,2 to 4,5 years,31 to 35,No,No,External,more than 5,no change,1 vehicle,1994,Collision
4,1,2,Pontiac,Urban,3,4,1,Male,Married,50,Policy Holder,Utility - All Perils,Utility,40000 to 59000,0,1297,12,400,3,more than 30,more than 30,2 to 4,more than 7,41 to 50,No,No,External,3 to 5,no change,1 vehicle,1994,All Perils
4,1,6,Accura,Urban,2,4,1,Male,Married,44,Policy Holder,Sedan - Collision,Sedan,more than 69000,0,1298,9,400,4,more than 30,more than 30,1,6 years,36 to 40,No,No,External,more than 5,no change,1 vehicle,1994,Collision
4,2,2,Honda,Urban,1,4,3,Male,Married,38,Policy Holder,Sedan - Liability,Sport,30000 to 39000,0,1299,8,400,2,more than 30,more than 30,more than 4,7 years,36 to 40,No,No,External,none,no change,1 vehicle,1994,Liability
4,1,3,Chevrolet,Urban,4,4,2,Male,Married,50,Policy Holder,Sedan - Collision,Sedan,20000 to 29000,0,1300,5,400,2,more than 30,more than 30,1,7 years,41 to 50,No,No,External,3 to 5,no change,1 vehicle,1994,Collision
6,3,1,Toyota,Urban,4,6,4,Male,Married,32,Third Party,Sedan - Collision,Sedan,20000 to 29000,0,1301,13,400,3,more than 30,more than 30,none,7 years,31 to 35,No,No,External,none,no change,1 vehicle,1994,Collision
10,4,2,Mazda,Urban,2,10,4,Male,Married,55,Policy Holder,Sedan - Liability,Sport,20000 to 29000,0,1302,13,400,4,more than 30,more than 30,more than 4,more than 7,41 to 50,No,No,External,1 to 2,no change,1 vehicle,1994,Liability
11,2,2,Mazda,Urban,2,11,2,Male,Married,43,Policy Holder,Sedan - Liability,Sport,30000 to 39000,0,1303,12,700,3,more than 30,more than 30,1,more than 7,36 to 40,No,No,External,none,4 to 8 years,2 vehicles,1994,Liability
1,4,2,Mazda,Urban,5,3,1,Male,Married,38,Policy Holder,Sedan - Liability,Sport,20000 to 29000,0,1304,2,400,2,more than 30,more than 30,2 to 4,7 years,36 to 40,No,No,External,3 to 5,no change,1 vehicle,1994,Liability
12,4,4,Toyota,Urban,4,12,4,Male,Married,55,Policy Holder,Sedan - Collision,Sedan,20000 to 29000,0,1305,14,400,2,more than 30,more than 30,2 to 4,more than 7,41 to 50,No,No,External,1 to 2,no change,1 vehicle,1994,Collision
5,1,4,Toyota,Urban,4,5,2,Male,Married,25,Policy Holder,Sedan - All Perils,Sedan,20000 to 29000,0,1306,14,400,4,more than 30,more than 30,1,4 years,26 to 30,No,No,External,1 to 2,no change,1 vehicle,1994,All Perils
6,3,4,Mazda,Urban,2,6,5,Male,Married,36,Third Party,Sedan - All Perils,Sedan,20000 to 29000,0,1307,9,400,3,more than 30,more than 30,none,7 years,36 to 40,No,No,External,more than 5,no change,1 vehicle,1994,All Perils
6,3,4,Pontiac,Rural,5,6,3,Male,Married,28,Third Party,Sedan - Collision,Sedan,20000 to 29000,0,1308,4,400,1,more than 30,more than 30,2 to 4,6 years,31 to 35,No,No,External,none,no change,1 vehicle,1994,Collision
7,3,1,Mazda,Urban,2,9,2,Female,Married,40,Third Party,Sedan - Liability,Sport,20000 to 29000,0,1309,7,400,3,none,more than 30,none,7 years,36 to 40,No,No,External,none,no change,1 vehicle,1994,Liability
10,1,2,Chevrolet,Urban,3,10,1,Male,Married,64,Third Party,Sedan - Collision,Sedan,30000 to 39000,0,1310,4,400,3,more than 30,more than 30,2 to 4,more than 7,51 to 65,No,No,External,none,no change,1 vehicle,1994,Collision
10,4,4,Chevrolet,Urban,1,11,3,Male,Married,34,Third Party,Sedan - Collision,Sedan,30000 to 39000,0,1311,11,400,1,more than 30,more than 30,none,7 years,31 to 35,No,No,External,1 to 2,no change,1 vehicle,1994,Collision
12,4,4,Ford,Urban,4,12,4,Female,Single,50,Policy Holder,Sedan - Liability,Sport,30000 to 39000,0,1312,1,400,3,more than 30,more than 30,2 to 4,more than 7,41 to 50,No,No,External,more than 5,no change,1 vehicle,1994,Liability
11,3,5,BMW,Urban,1,12,1,Male,Married,53,Policy Holder,Sedan - All Perils,Sedan,20000 to 29000,0,1313,4,400,4,more than 30,more than 30,none,7 years,41 to 50,No,No,External,none,no change,3 to 4,1994,All Perils
11,2,3,Pontiac,Urban,3,11,2,Male,Married,37,Policy Holder,Sedan - Liability,Sport,30000 to 39000,0,1314,2,400,1,more than 30,more than 30,2 to 4,7 years,36 to 40,No,No,External,3 to 5,no change,1 vehicle,1994,Liability
6,4,7,Honda,Urban,3,6,5,Female,Married,26,Policy Holder,Sedan - All Perils,Sedan,20000 to 29000,0,1315,12,400,3,more than 30,more than 30,1,3 years,31 to 35,No,No,External,more than 5,no change,1 vehicle,1994,All Perils
7,3,2,Toyota,Urban,2,7,3,Male,Married,54,Policy Holder,Sedan - Liability,Sport,20000 to 29000,0,1316,2,400,3,more than 30,more than 30,2 to 4,more than 7,41 to 50,No,No,External,3 to 5,no change,1 vehicle,1994,Liability
7,5,6,Chevrolet,Urban,1,7,5,Male,Single,26,Policy Holder,Sedan - Collision,Sedan,20000 to 29000,0,1317,10,400,3,more than 30,more than 30,1,7 years,31 to 35,Yes,No,External,1 to 2,no change,1 vehicle,1994,Collision
2,5,2,Honda,Urban,4,3,2,Male,Married,35,Policy Holder,Sedan - Liability,Sport,more than 69000,0,1318,1,400,3,more than 30,more than 30,more than 4,new,31 to 35,No,No,External,none,no change,1 vehicle,1994,Liability
11,2,1,Ford,Urban,1,11,2,Male,Single,30,Policy Holder,Sedan - Liability,Sport,40000 to 59000,0,1319,4,400,4,more than 30,more than 30,2 to 4,7 years,31 to 35,No,No,External,more than 5,no change,1 vehicle,1994,Liability
7,3,5,Pontiac,Urban,1,7,3,Male,Married,48,Policy Holder,Sedan - All Perils,Sedan,30000 to 39000,0,1320,2,400,4,more than 30,more than 30,more than 4,more than 7,41 to 50,No,No,External,1 to 2,no change,1 vehicle,1994,All Perils
2,3,3,Pontiac,Urban,4,2,3,Male,Married,42,Third Party,Sedan - All Perils,Sedan,20000 to 29000,0,1321,4,400,1,more than 30,more than 30,none,7 years,36 to 40,No,No,External,none,no change,1 vehicle,1994,All Perils
6,5,2,Honda,Urban,3,7,2,Male,Married,35,Policy Holder,Sedan - Liability,Sport,20000 to 29000,0,1322,12,400,2,more than 30,more than 30,more than 4,5 years,31 to 35,No,No,External,none,no change,1 vehicle,1994,Liability
8,1,1,Pontiac,Rural,2,8,1,Male,Married,52,Third Party,Sedan - All Perils,Sedan,30000 to 39000,0,1323,4,400,3,more than 30,more than 30,none,more than 7,41 to 50,No,No,External,more than 5,no change,1 vehicle,1994,All Perils
7,4,3,Pontiac,Urban,4,7,5,Male,Married,61,Policy Holder,Sedan - All Perils,Sedan,20000 to 29000,0,1324,12,400,2,more than 30,more than 30,2 to 4,more than 7,51 to 65,No,No,External,none,4 to 8 years,2 vehicles,1994,All Perils
7,4,1,Honda,Urban,2,7,4,Female,Married,44,Policy Holder,Sedan - Liability,Sport,20000 to 29000,0,1325,13,400,2,more than 30,more than 30,more than 4,7 years,36 to 40,No,No,External,1 to 2,no change,1 vehicle,1994,Liability
8,3,3,Honda,Urban,4,8,3,Male,Married,37,Policy Holder,Sedan - Liability,Sport,30000 to 39000,0,1326,12,400,3,more than 30,more than 30,more than 4,7 years,36 to 40,No,No,External,1 to 2,no change,1 vehicle,1994,Liability
8,3,4,Pontiac,Urban,4,8,3,Male,Married,55,Policy Holder,Sedan - Collision,Sedan,30000 to 39000,0,1327,14,500,4,more than 30,more than 30,more than 4,7 years,41 to 50,No,No,External,1 to 2,2 to 3 years,1 vehicle,1994,Collision
10,4,1,Mazda,Urban,2,10,4,Male,Married,54,Third Party,Sedan - All Perils,Sedan,20000 to 29000,0,1328,4,400,1,more than 30,more than 30,none,more than 7,41 to 50,No,No,External,none,no change,1 vehicle,1994,All Perils
2,3,3,Honda,Urban,2,2,4,Male,Married,43,Third Party,Sport - Collision,Sport,more than 69000,0,1329,9,400,1,more than 30,more than 30,none,6 years,36 to 40,No,No,External,more than 5,no change,1 vehicle,1994,Collision
11,4,2,Pontiac,Urban,3,11,4,Male,Married,35,Policy Holder,Sedan - Liability,Sport,20000 to 29000,0,1330,14,400,1,more than 30,more than 30,2 to 4,6 years,31 to 35,No,No,External,1 to 2,no change,1 vehicle,1994,Liability
11,3,4,Toyota,Urban,4,11,3,Male,Single,32,Policy Holder,Sedan - Collision,Sedan,20000 to 29000,0,1331,3,400,1,more than 30,more than 30,none,5 years,31 to 35,No,No,External,none,no change,1 vehicle,1994,Collision
5,1,5,Chevrolet,Urban,1,5,2,Male,Married,64,Policy Holder,Sedan - Collision,Sedan,30000 to 39000,0,1332,9,400,2,more than 30,more than 30,1,more than 7,51 to 65,No,No,External,1 to 2,no change,1 vehicle,1994,Collision
5,1,5,Mazda,Urban,1,5,2,Female,Married,27,Policy Holder,Sedan - Collision,Sedan,20000 to 29000,0,1333,12,400,1,more than 30,more than 30,2 to 4,6 years,31 to 35,No,No,External,more than 5,no change,1 vehicle,1994,Collision
2,3,4,Pontiac,Urban,1,2,4,Male,Married,48,Third Party,Sedan - Collision,Sedan,20000 to 29000,0,1334,2,700,1,more than 30,more than 30,1,more than 7,41 to 50,No,No,External,3 to 5,no change,1 vehicle,1994,Collision
8,2,4,Pontiac,Urban,5,8,2,Male,Married,31,Third Party,Sedan - Collision,Sedan,20000 to 29000,0,1335,15,400,1,more than 30,more than 30,2 to 4,6 years,31 to 35,No,No,External,more than 5,no change,1 vehicle,1994,Collision
8,5,2,Chevrolet,Urban,3,9,1,Male,Married,49,Third Party,Sedan - All Perils,Sedan,more than 69000,0,1336,2,400,2,more than 30,more than 30,2 to 4,7 years,41 to 50,No,No,External,more than 5,no change,1 vehicle,1994,All Perils
8,3,5,Pontiac,Rural,5,8,3,Female,Married,34,Policy Holder,Sedan - Collision,Sedan,20000 to 29000,0,1337,13,400,2,more than 30,more than 30,1,6 years,31 to 35,No,No,External,1 to 2,no change,1 vehicle,1994,Collision
10,1,1,Pontiac,Urban,1,10,1,Male,Married,42,Policy Holder,Sedan - Liability,Sport,20000 to 29000,0,1338,8,400,1,more than 30,more than 30,none,more than 7,36 to 40,No,No,External,1 to 2,no change,1 vehicle,1994,Liability
2,3,4,Honda,Urban,5,2,3,Male,Single,29,Policy Holder,Sedan - Collision,Sedan,20000 to 29000,1,1339,16,400,3,more than 30,more than 30,1,6 years,31 to 35,No,No,External,3 to 5,no change,1 vehicle,1994,Collision
11,5,2,Toyota,Urban,2,11,5,Male,Married,35,Policy Holder,Sedan - Liability,Sport,30000 to 39000,0,1340,14,400,1,more than 30,more than 30,2 to 4,6 years,31 to 35,No,No,External,none,no change,1 vehicle,1994,Liability
11,4,7,Pontiac,Urban,2,12,1,Male,Married,47,Policy Holder,Sedan - Liability,Sport,20000 to 29000,0,1341,12,400,3,more than 30,more than 30,2 to 4,more than 7,41 to 50,No,No,External,none,no change,1 vehicle,1994,Liability
9,3,6,Toyota,Urban,2,10,1,Male,Married,40,Policy Holder,Sedan - Collision,Sedan,20000 to 29000,0,1342,1,400,2,more than 30,more than 30,2 to 4,7 years,36 to 40,No,No,External,more than 5,no change,1 vehicle,1994,Collision
8,3,6,Pontiac,Urban,1,8,4,Male,Married,37,Policy Holder,Sedan - Liability,Sport,20000 to 29000,0,1343,1,400,1,more than 30,more than 30,2 to 4,7 years,36 to 40,No,No,External,more than 5,no change,1 vehicle,1994,Liability
5,5,2,Pontiac,Urban,4,6,1,Male,Single,29,Third Party,Sedan - All Perils,Sedan,20000 to 29000,0,1344,9,400,1,more than 30,more than 30,2 to 4,7 years,31 to 35,No,No,External,3 to 5,no change,1 vehicle,1994,All Perils
4,4,4,Honda,Urban,4,5,1,Male,Married,36,Third Party,Sedan - All Perils,Sedan,20000 to 29000,0,1345,1,400,2,1 to 7,15 to 30,none,7 years,36 to 40,No,No,External,none,4 to 8 years,2 vehicles,1994,All Perils
4,4,2,Honda,Urban,2,5,1,Male,Married,49,Third Party,Sport - Collision,Sport,more than 69000,0,1346,4,400,2,more than 30,more than 30,1,7 years,41 to 50,No,No,External,more than 5,no change,1 vehicle,1994,Collision
4,4,3,Chevrolet,Urban,4,4,4,Male,Married,56,Policy Holder,Sedan - Collision,Sedan,more than 69000,0,1347,2,400,3,more than 30,more than 30,more than 4,more than 7,51 to 65,No,No,External,more than 5,no change,1 vehicle,1994,Collision
4,2,3,Pontiac,Urban,5,4,4,Male,Married,43,Policy Holder,Sedan - Collision,Sedan,30000 to 39000,0,1348,11,400,1,more than 30,more than 30,2 to 4,7 years,36 to 40,No,No,External,3 to 5,no change,1 vehicle,1994,Collision
12,4,1,Mazda,Urban,2,12,4,Female,Single,26,Policy Holder,Sedan - Collision,Sedan,20000 to 29000,0,1349,15,400,3,more than 30,more than 30,none,5 years,31 to 35,No,No,External,none,no change,1 vehicle,1994,Collision
12,4,4,Mercury,Urban,4,12,4,Male,Married,53,Policy Holder,Sedan - Collision,Sedan,20000 to 29000,0,1350,15,400,1,more than 30,more than 30,more than 4,more than 7,41 to 50,No,No,External,1 to 2,no change,1 vehicle,1994,Collision
12,4,3,Chevrolet,Urban,4,12,4,Male,Married,50,Policy Holder,Sedan - Collision,Sedan,20000 to 29000,0,1351,15,400,2,more than 30,more than 30,2 to 4,more than 7,41 to 50,No,No,External,none,no change,1 vehicle,1994,Collision
12,2,6,Chevrolet,Urban,3,12,3,Female,Married,32,Third Party,Sedan - Liability,Sport,30000 to 39000,0,1352,15,400,4,more than 30,more than 30,2 to 4,3 years,31 to 35,No,No,External,1 to 2,no change,1 vehicle,1994,Liability
11,5,2,Pontiac,Urban,4,12,5,Male,Single,33,Third Party,Sedan - Collision,Sedan,20000 to 29000,0,1353,9,400,3,more than 30,more than 30,2 to 4,6 years,31 to 35,No,No,External,1 to 2,no change,1 vehicle,1994,Collision
11,2,6,Honda,Urban,1,11,3,Male,Married,43,Policy Holder,Sedan - All Perils,Sedan,less than 20000,0,1354,2,400,2,more than 30,more than 30,none,7 years,36 to 40,No,No,External,more than 5,no change,3 to 4,1994,All Perils
10,1,3,Toyota,Urban,2,10,2,Female,Single,37,Policy Holder,Sedan - Collision,Sedan,20000 to 29000,0,1355,14,400,1,more than 30,more than 30,none,7 years,36 to 40,No,No,External,more than 5,no change,1 vehicle,1994,Collision
9,4,1,Toyota,Urban,2,9,4,Male,Single,33,Third Party,Sedan - Collision,Sedan,20000 to 29000,0,1356,16,400,3,more than 30,more than 30,2 to 4,6 years,31 to 35,No,No,External,3 to 5,no change,1 vehicle,1994,Collision
9,3,7,Toyota,Urban,2,9,3,Female,Married,49,Policy Holder,Sedan - All Perils,Sedan,less than 20000,0,1357,13,400,3,more than 30,more than 30,none,6 years,41 to 50,No,No,External,none,no change,1 vehicle,1994,All Perils
9,3,1,Chevrolet,Urban,4,9,4,Male,Single,43,Policy Holder,Utility - All Perils,Utility,more than 69000,0,1358,13,400,3,more than 30,more than 30,2 to 4,6 years,36 to 40,No,No,External,1 to 2,no change,1 vehicle,1994,All Perils
9,3,4,Toyota,Urban,1,10,1,Male,Single,28,Third Party,Sedan - Collision,Sedan,20000 to 29000,0,1359,5,400,3,more than 30,more than 30,1,6 years,31 to 35,No,No,External,none,no change,1 vehicle,1994,Collision
9,2,2,Honda,Urban,2,9,2,Female,Single,30,Policy Holder,Sedan - Liability,Sport,20000 to 29000,0,1360,6,400,3,more than 30,more than 30,1,6 years,31 to 35,No,No,External,none,no change,1 vehicle,1994,Liability
9,1,1,Chevrolet,Urban,1,9,1,Female,Single,28,Policy Holder,Sedan - Liability,Sport,20000 to 29000,0,1361,5,400,3,more than 30,more than 30,more than 4,5 years,31 to 35,No,No,External,1 to 2,no change,1 vehicle,1994,Liability
8,1,5,Mazda,Urban,2,8,3,Male,Married,49,Policy Holder,Sedan - All Perils,Sedan,20000 to 29000,0,1362,15,400,4,more than 30,more than 30,2 to 4,7 years,41 to 50,No,No,External,more than 5,no change,1 vehicle,1994,All Perils
8,1,4,Mazda,Rural,5,8,1,Male,Married,51,Policy Holder,Sedan - Collision,Sedan,20000 to 29000,0,1363,10,400,2,more than 30,more than 30,2 to 4,more than 7,41 to 50,No,No,External,1 to 2,no change,1 vehicle,1994,Collision
7,4,6,Honda,Urban,4,8,2,Male,Married,39,Policy Holder,Sedan - Collision,Sedan,20000 to 29000,0,1364,10,400,1,more than 30,more than 30,2 to 4,more than 7,36 to 40,No,No,External,none,no change,1 vehicle,1994,Collision
6,4,3,Honda,Urban,4,6,5,Male,Single,0,Third Party,Sedan - All Perils,Sedan,more than 69000,0,1365,9,400,2,more than 30,more than 30,1,new,16 to 17,No,No,External,none,no change,1 vehicle,1994,All Perils
6,4,4,Honda,Urban,2,7,1,Male,Married,32,Policy Holder,Sedan - Collision,Sedan,20000 to 29000,0,1366,11,400,1,more than 30,more than 30,2 to 4,7 years,31 to 35,No,No,External,more than 5,1 year,2 vehicles,1994,Collision
2,3,5,Mazda,Urban,5,2,3,Male,Married,38,Third Party,Sedan - Collision,Sedan,20000 to 29000,0,1367,14,400,1,more than 30,more than 30,1,7 years,36 to 40,No,No,External,none,no change,1 vehicle,1994,Collision
11,4,2,Honda,Urban,2,11,4,Female,Single,26,Policy Holder,Sedan - Liability,Sport,20000 to 29000,0,1368,7,400,2,more than 30,more than 30,more than 4,6 years,31 to 35,No,No,External,none,no change,1 vehicle,1994,Liability
11,3,2,Toyota,Urban,2,11,4,Male,Married,31,Policy Holder,Sedan - Collision,Sedan,30000 to 39000,0,1369,14,400,4,more than 30,more than 30,1,7 years,31 to 35,No,No,External,more than 5,no change,1 vehicle,1994,Collision
11,2,3,Pontiac,Urban,3,11,2,Male,Married,63,Policy Holder,Sedan - Liability,Sport,30000 to 39000,0,1370,7,400,3,more than 30,more than 30,more than 4,7 years,51 to 65,No,No,External,none,no change,1 vehicle,1994,Liability
8,1,4,Pontiac,Urban,2,9,2,Female,Married,36,Policy Holder,Sedan - Collision,Sedan,30000 to 39000,0,1371,5,400,1,more than 30,more than 30,1,more than 7,36 to 40,No,No,External,more than 5,no change,1 vehicle,1994,Collision
7,4,4,Pontiac,Urban,5,8,1,Male,Married,35,Policy Holder,Sedan - Collision,Sedan,20000 to 29000,0,1372,9,400,1,more than 30,more than 30,1,6 years,31 to 35,No,No,External,1 to 2,no change,1 vehicle,1994,Collision
5,1,2,Pontiac,Urban,3,5,1,Male,Married,37,Third Party,Sedan - All Perils,Sedan,20000 to 29000,0,1373,6,400,3,more than 30,more than 30,1,7 years,36 to 40,No,No,External,1 to 2,no change,1 vehicle,1994,All Perils
5,1,3,Pontiac,Urban,1,5,2,Female,Married,40,Policy Holder,Sedan - All Perils,Sedan,less than 20000,0,1374,5,400,4,more than 30,more than 30,none,7 years,36 to 40,No,No,External,3 to 5,no change,1 vehicle,1994,All Perils
4,5,7,Toyota,Urban,4,5,1,Male,Married,47,Policy Holder,Sedan - Liability,Sport,30000 to 39000,0,1375,11,400,4,more than 30,more than 30,2 to 4,more than 7,41 to 50,Yes,No,External,none,no change,1 vehicle,1994,Liability
4,4,5,Toyota,Urban,3,7,1,Male,Single,49,Third Party,Sedan - Collision,Sedan,30000 to 39000,0,1376,15,400,2,more than 30,more than 30,2 to 4,7 years,41 to 50,No,No,External,more than 5,no change,1 vehicle,1994,Collision
4,3,7,Pontiac,Urban,5,4,4,Male,Married,63,Policy Holder,Sedan - Liability,Sport,20000 to 29000,0,1377,9,400,2,more than 30,more than 30,2 to 4,more than 7,51 to 65,No,No,External,3 to 5,no change,1 vehicle,1994,Liability
11,1,5,Honda,Urban,4,11,3,Male,Married,51,Policy Holder,Sedan - All Perils,Sedan,30000 to 39000,0,1378,16,500,3,more than 30,more than 30,none,more than 7,41 to 50,No,No,External,none,2 to 3 years,1 vehicle,1994,All Perils
10,5,7,Honda,Urban,3,11,1,Male,Married,32,Policy Holder,Sedan - Liability,Sport,20000 to 29000,0,1379,8,400,4,more than 30,more than 30,1,7 years,31 to 35,No,No,External,3 to 5,no change,1 vehicle,1994,Liability
10,4,3,Toyota,Urban,6,11,1,Male,Married,45,Policy Holder,Sedan - Liability,Sport,20000 to 29000,0,1380,16,400,1,more than 30,more than 30,1,7 years,36 to 40,No,No,External,none,no change,1 vehicle,1994,Liability
10,2,1,Pontiac,Urban,1,10,2,Male,Single,30,Policy Holder,Sedan - Liability,Sport,30000 to 39000,0,1381,14,400,2,more than 30,more than 30,more than 4,6 years,31 to 35,No,No,External,3 to 5,no change,1 vehicle,1994,Liability
9,2,7,Toyota,Urban,3,9,3,Male,Single,22,Policy Holder,Sedan - All Perils,Sedan,20000 to 29000,0,1382,3,400,4,more than 30,more than 30,2 to 4,3 years,26 to 30,No,No,External,1 to 2,no change,1 vehicle,1994,All Perils
9,2,1,Mazda,Urban,2,9,2,Male,Married,53,Policy Holder,Sport - Collision,Sport,more than 69000,0,1383,14,400,1,more than 30,more than 30,2 to 4,more than 7,41 to 50,No,No,External,more than 5,no change,1 vehicle,1994,Collision
8,2,5,Chevrolet,Rural,4,8,4,Male,Married,28,Third Party,Utility - All Perils,Utility,more than 69000,0,1384,1,400,3,more than 30,more than 30,more than 4,7 years,31 to 35,No,No,External,3 to 5,no change,1 vehicle,1994,All Perils
8,2,2,Honda,Urban,3,8,2,Male,Married,33,Policy Holder,Sport - Collision,Sport,more than 69000,0,1385,3,400,4,more than 30,more than 30,none,7 years,31 to 35,No,No,External,none,no change,1 vehicle,1994,Collision
7,2,5,Honda,Urban,5,7,4,Male,Single,28,Policy Holder,Sedan - Collision,Sedan,20000 to 29000,0,1386,14,400,4,more than 30,more than 30,none,4 years,31 to 35,No,No,External,none,no change,1 vehicle,1994,Collision
6,2,4,Toyota,Rural,5,6,2,Female,Married,40,Policy Holder,Sedan - Liability,Sport,20000 to 29000,0,1387,1,400,1,more than 30,more than 30,2 to 4,6 years,36 to 40,No,No,External,none,4 to 8 years,2 vehicles,1994,Liability
6,2,4,Toyota,Urban,3,6,4,Male,Married,49,Third Party,Sedan - Collision,Sedan,30000 to 39000,0,1388,11,400,2,more than 30,more than 30,2 to 4,more than 7,41 to 50,No,No,External,none,no change,1 vehicle,1994,Collision
5,4,1,Pontiac,Urban,1,5,4,Male,Single,20,Policy Holder,Sedan - Collision,Sedan,less than 20000,0,1389,8,400,2,more than 30,more than 30,1,3 years,21 to 25,No,No,External,none,no change,1 vehicle,1994,Collision
5,2,5,Mazda,Urban,7,5,3,Male,Married,46,Policy Holder,Sedan - Collision,Sedan,20000 to 29000,0,1390,4,400,4,more than 30,more than 30,none,more than 7,41 to 50,No,No,External,none,no change,1 vehicle,1994,Collision
5,2,1,Mazda,Urban,2,5,3,Female,Married,36,Policy Holder,Sedan - Collision,Sedan,20000 to 29000,0,1391,6,400,3,more than 30,more than 30,more than 4,7 years,36 to 40,No,No,External,more than 5,no change,1 vehicle,1994,Collision
5,2,1,Ford,Urban,2,7,3,Male,Married,43,Policy Holder,Sedan - Liability,Sport,30000 to 39000,0,1392,12,400,3,more than 30,more than 30,more than 4,more than 7,36 to 40,No,No,External,more than 5,no change,1 vehicle,1994,Liability
4,5,6,Pontiac,Urban,1,5,2,Male,Single,24,Policy Holder,Sedan - All Perils,Sedan,20000 to 29000,0,1393,2,400,3,more than 30,more than 30,1,5 years,26 to 30,No,No,External,none,no change,1 vehicle,1994,All Perils
4,4,2,Toyota,Urban,7,5,1,Male,Married,32,Third Party,Sedan - All Perils,Sedan,20000 to 29000,0,1394,10,400,2,more than 30,more than 30,2 to 4,6 years,31 to 35,No,No,External,none,no change,1 vehicle,1994,All Perils
2,3,6,Toyota,Rural,5,4,1,Male,Married,65,Policy Holder,Sedan - Collision,Sedan,20000 to 29000,1,1395,9,400,3,more than 30,more than 30,1,more than 7,51 to 65,No,No,External,more than 5,no change,3 to 4,1994,Collision
12,3,6,Honda,Urban,1,12,3,Male,Married,60,Policy Holder,Sedan - Collision,Sedan,20000 to 29000,0,1396,14,700,1,more than 30,more than 30,1,more than 7,51 to 65,No,No,External,1 to 2,no change,1 vehicle,1994,Collision
2,3,6,Pontiac,Urban,1,3,3,Male,Single,33,Policy Holder,Sedan - Collision,Sedan,30000 to 39000,1,1397,12,400,2,more than 30,more than 30,1,6 years,31 to 35,No,No,External,none,no change,1 vehicle,1994,Collision
3,1,4,Toyota,Urban,1,3,3,Male,Married,27,Policy Holder,Sedan - Liability,Sport,30000 to 39000,0,1398,14,400,3,more than 30,more than 30,none,7 years,31 to 35,No,No,External,none,no change,1 vehicle,1994,Liability
3,4,1,Toyota,Urban,3,3,4,Male,Married,28,Third Party,Sedan - All Perils,Sedan,20000 to 29000,0,1399,5,400,4,more than 30,more than 30,more than 4,6 years,31 to 35,No,No,External,more than 5,no change,1 vehicle,1994,All Perils
1,4,4,Toyota,Urban,2,1,5,Male,Single,18,Policy Holder,Sedan - Liability,Sport,20000 to 29000,0,1400,5,400,3,more than 30,more than 30,2 to 4,3 years,21 to 25,No,No,External,more than 5,no change,1 vehicle,1994,Liability
12,5,5,VW,Urban,1,1,1,Male,Single,34,Policy Holder,Sedan - Collision,Sedan,more than 69000,0,1401,6,400,2,more than 30,more than 30,2 to 4,5 years,31 to 35,No,No,External,3 to 5,no change,1 vehicle,1994,Collision
9,4,5,Mazda,Urban,3,9,4,Male,Married,63,Policy Holder,Sedan - Collision,Sedan,20000 to 29000,0,1402,15,400,4,more than 30,more than 30,1,more than 7,51 to 65,No,No,External,3 to 5,no change,1 vehicle,1994,Collision
12,3,5,Pontiac,Urban,5,12,4,Male,Single,48,Third Party,Utility - All Perils,Utility,more than 69000,0,1403,14,400,3,more than 30,more than 30,more than 4,7 years,41 to 50,No,No,External,1 to 2,no change,1 vehicle,1994,All Perils
12,3,6,Mazda,Urban,1,12,3,Female,Single,32,Third Party,Sedan - All Perils,Sedan,30000 to 39000,0,1404,2,400,3,more than 30,more than 30,none,5 years,31 to 35,No,No,External,more than 5,no change,1 vehicle,1994,All Perils
12,3,1,Pontiac,Urban,2,12,3,Female,Single,55,Policy Holder,Sedan - Liability,Sport,20000 to 29000,0,1405,8,400,1,more than 30,more than 30,none,7 years,41 to 50,No,No,External,3 to 5,no change,1 vehicle,1994,Liability
12,4,5,Honda,Urban,4,12,5,Female,Single,41,Third Party,Sedan - Liability,Sport,20000 to 29000,0,1406,14,400,3,more than 30,more than 30,2 to 4,7 years,36 to 40,No,No,External,none,no change,1 vehicle,1994,Liability
12,4,4,Honda,Urban,5,12,4,Male,Married,56,Third Party,Sedan - All Perils,Sedan,20000 to 29000,0,1407,1,400,4,more than 30,more than 30,1,7 years,51 to 65,No,No,External,more than 5,no change,1 vehicle,1994,All Perils
12,4,6,Honda,Urban,2,12,4,Male,Married,37,Policy Holder,Sedan - Collision,Sedan,30000 to 39000,0,1408,16,400,1,more than 30,more than 30,1,7 years,36 to 40,No,No,External,none,4 to 8 years,2 vehicles,1994,Collision
12,3,2,Pontiac,Urban,4,12,4,Male,Married,66,Policy Holder,Sedan - Collision,Sedan,20000 to 29000,0,1409,8,400,4,more than 30,more than 30,none,more than 7,over 65,No,No,External,more than 5,no change,1 vehicle,1994,Collision
9,4,5,Toyota,Urban,1,9,4,Female,Single,31,Third Party,Sedan - Collision,Sedan,20000 to 29000,0,1410,1,400,4,more than 30,more than 30,1,6 years,31 to 35,No,No,External,1 to 2,no change,1 vehicle,1994,Collision
3,4,3,Mazda,Urban,1,3,5,Female,Single,31,Policy Holder,Sedan - Liability,Sport,20000 to 29000,0,1411,9,400,3,more than 30,more than 30,2 to 4,6 years,31 to 35,No,No,External,none,no change,1 vehicle,1994,Liability
2,3,1,Honda,Urban,5,5,2,Female,Single,34,Policy Holder,Sedan - All Perils,Sedan,20000 to 29000,0,1412,4,400,1,more than 30,more than 30,none,6 years,31 to 35,No,No,External,none,no change,1 vehicle,1994,All Perils
1,2,1,Pontiac,Urban,1,1,2,Female,Single,61,Policy Holder,Sedan - Collision,Sedan,20000 to 29000,0,1413,3,400,3,more than 30,more than 30,1,7 years,51 to 65,No,No,External,more than 5,no change,1 vehicle,1994,Collision
1,1,4,Honda,Urban,4,1,1,Male,Married,42,Policy Holder,Sedan - Liability,Sport,30000 to 39000,0,1414,10,400,4,more than 30,more than 30,more than 4,more than 7,36 to 40,No,No,External,none,no change,1 vehicle,1994,Liability
1,1,4,Mazda,Urban,2,1,2,Male,Married,36,Policy Holder,Utility - All Perils,Utility,more than 69000,0,1415,11,400,2,more than 30,more than 30,2 to 4,6 years,36 to 40,No,No,External,none,no change,1 vehicle,1994,All Perils
1,1,4,Chevrolet,Urban,3,1,2,Male,Single,33,Policy Holder,Sedan - Collision,Sedan,20000 to 29000,0,1416,5,400,1,more than 30,more than 30,none,6 years,31 to 35,No,No,External,1 to 2,no change,1 vehicle,1994,Collision
3,5,1,Mazda,Urban,5,4,1,Male,Married,46,Policy Holder,Sedan - Liability,Sport,30000 to 39000,0,1417,11,400,3,more than 30,more than 30,2 to 4,more than 7,41 to 50,No,No,External,3 to 5,no change,1 vehicle,1994,Liability
3,3,4,Pontiac,Urban,5,3,3,Male,Married,33,Third Party,Sedan - Collision,Sedan,30000 to 39000,0,1418,6,400,4,more than 30,more than 30,2 to 4,6 years,31 to 35,No,No,External,3 to 5,no change,1 vehicle,1994,Collision
2,3,6,Pontiac,Urban,3,3,1,Female,Single,32,Policy Holder,Sedan - Liability,Sport,20000 to 29000,1,1419,16,400,3,more than 30,more than 30,1,5 years,31 to 35,No,No,External,none,no change,1 vehicle,1994,Liability
5,1,2,Honda,Urban,5,5,4,Male,Single,0,Policy Holder,Sedan - All Perils,Sedan,more than 69000,0,1420,7,400,2,more than 30,more than 30,none,new,16 to 17,No,No,External,none,no change,1 vehicle,1994,All Perils
5,1,2,Chevrolet,Urban,2,5,1,Male,Married,42,Policy Holder,Sedan - Liability,Sport,40000 to 59000,0,1421,1,400,2,more than 30,more than 30,more than 4,7 years,36 to 40,No,No,External,1 to 2,no change,1 vehicle,1994,Liability
2,3,6,Chevrolet,Urban,1,2,4,Male,Single,31,Third Party,Sedan - All Perils,Sedan,more than 69000,0,1422,3,400,4,more than 30,more than 30,1,6 years,31 to 35,No,No,External,1 to 2,no change,1 vehicle,1994,All Perils
5,3,7,Honda,Urban,2,5,3,Male,Single,26,Third Party,Sedan - Collision,Sedan,20000 to 29000,0,1423,8,400,4,more than 30,more than 30,1,6 years,31 to 35,No,No,External,none,no change,1 vehicle,1994,Collision
6,3,4,Toyota,Urban,3,6,4,Male,Married,33,Third Party,Sedan - All Perils,Sedan,20000 to 29000,0,1424,5,400,4,more than 30,more than 30,none,7 years,31 to 35,No,No,External,more than 5,no change,1 vehicle,1994,All Perils
2,3,7,Pontiac,Rural,3,3,1,Male,Married,54,Policy Holder,Sedan - All Perils,Sedan,less than 20000,1,1425,4,400,4,more than 30,more than 30,2 to 4,more than 7,41 to 50,No,No,External,none,no change,1 vehicle,1994,All Perils
7,2,6,Pontiac,Rural,1,7,2,Male,Married,63,Policy Holder,Sedan - All Perils,Sedan,less than 20000,0,1426,2,400,1,more than 30,more than 30,1,more than 7,51 to 65,Yes,No,External,none,no change,1 vehicle,1994,All Perils
2,3,7,Toyota,Urban,3,3,1,Male,Married,30,Policy Holder,Sedan - All Perils,Sedan,20000 to 29000,1,1427,9,700,3,more than 30,more than 30,1,7 years,31 to 35,No,No,External,none,no change,1 vehicle,1994,All Perils
9,5,5,Mazda,Urban,1,10,1,Male,Married,27,Policy Holder,Sedan - Liability,Sport,30000 to 39000,0,1428,10,400,4,more than 30,more than 30,none,7 years,31 to 35,No,No,External,none,no change,1 vehicle,1994,Liability
2,3,7,Toyota,Urban,5,3,3,Male,Single,31,Policy Holder,Sedan - All Perils,Sedan,20000 to 29000,1,1429,10,500,2,more than 30,more than 30,none,6 years,31 to 35,No,No,External,none,2 to 3 years,2 vehicles,1994,All Perils
10,3,1,Ford,Rural,2,10,3,Male,Married,47,Third Party,Sedan - All Perils,Sedan,40000 to 59000,0,1430,14,400,1,more than 30,more than 30,none,more than 7,41 to 50,No,Yes,External,more than 5,no change,1 vehicle,1994,All Perils
11,2,2,Honda,Urban,3,11,2,Male,Married,35,Policy Holder,Sedan - Liability,Sport,30000 to 39000,0,1431,9,400,1,more than 30,more than 30,2 to 4,6 years,31 to 35,No,No,External,none,no change,1 vehicle,1994,Liability
11,2,1,Honda,Urban,3,11,2,Male,Single,16,Third Party,Sport - Collision,Sport,more than 69000,0,1432,15,400,2,more than 30,more than 30,1,2 years,18 to 20,No,Yes,External,none,no change,1 vehicle,1994,Collision
7,3,6,Pontiac,Urban,1,7,3,Male,Married,38,Policy Holder,Sedan - Collision,Sedan,20000 to 29000,0,1433,16,400,2,more than 30,more than 30,1,6 years,36 to 40,No,No,External,none,no change,1 vehicle,1994,Collision
7,4,4,Pontiac,Urban,4,7,4,Male,Married,33,Third Party,Sedan - Liability,Sport,20000 to 29000,0,1434,5,400,2,more than 30,more than 30,1,5 years,31 to 35,No,No,External,none,no change,1 vehicle,1994,Liability
10,4,6,Chevrolet,Urban,2,10,5,Male,Married,43,Third Party,Sedan - All Perils,Sedan,20000 to 29000,0,1435,8,400,3,more than 30,more than 30,2 to 4,more than 7,36 to 40,No,No,External,none,no change,1 vehicle,1994,All Perils
12,5,4,Honda,Urban,4,12,5,Female,Married,39,Policy Holder,Sedan - Liability,Sport,20000 to 29000,0,1436,5,400,4,more than 30,more than 30,1,7 years,36 to 40,No,No,External,none,no change,3 to 4,1994,Liability
2,3,7,Chevrolet,Rural,2,10,2,Male,Married,50,Policy Holder,Sedan - All Perils,Sedan,more than 69000,1,1437,16,400,4,more than 30,more than 30,2 to 4,more than 7,41 to 50,No,No,External,more than 5,no change,1 vehicle,1994,All Perils
1,1,7,Honda,Urban,3,1,1,Female,Married,34,Policy Holder,Sedan - Collision,Sedan,20000 to 29000,0,1438,10,400,1,more than 30,more than 30,2 to 4,6 years,31 to 35,No,No,External,none,no change,1 vehicle,1994,Collision
7,1,2,Accura,Urban,4,7,2,Male,Married,60,Policy Holder,Utility - All Perils,Utility,more than 69000,0,1439,10,400,3,more than 30,more than 30,more than 4,more than 7,51 to 65,No,No,External,none,no change,1 vehicle,1994,All Perils
7,1,5,Pontiac,Urban,5,9,4,Female,Married,58,Policy Holder,Sedan - Liability,Sport,20000 to 29000,0,1440,15,400,2,more than 30,more than 30,none,more than 7,51 to 65,No,No,External,1 to 2,no change,1 vehicle,1994,Liability
6,5,2,Accura,Urban,5,11,3,Male,Married,43,Policy Holder,Sedan - Collision,Sedan,20000 to 29000,0,1441,5,400,4,more than 30,more than 30,2 to 4,7 years,36 to 40,No,No,External,3 to 5,no change,1 vehicle,1994,Collision
7,4,6,Saab,Rural,1,7,4,Male,Married,38,Policy Holder,Sedan - Collision,Sedan,30000 to 39000,0,1442,9,400,3,more than 30,more than 30,2 to 4,7 years,36 to 40,No,No,External,more than 5,no change,1 vehicle,1994,Collision
7,4,4,Mazda,Urban,4,7,4,Male,Single,28,Policy Holder,Sedan - Liability,Sport,30000 to 39000,0,1443,8,400,3,more than 30,more than 30,2 to 4,7 years,31 to 35,No,No,External,3 to 5,no change,1 vehicle,1994,Liability
8,3,1,Chevrolet,Urban,3,8,3,Male,Divorced,34,Policy Holder,Sedan - All Perils,Sedan,more than 69000,0,1444,4,400,1,more than 30,more than 30,2 to 4,7 years,31 to 35,No,No,External,none,no change,1 vehicle,1994,All Perils
10,1,4,Chevrolet,Rural,1,10,3,Female,Married,47,Policy Holder,Sedan - Collision,Sedan,20000 to 29000,0,1445,14,400,2,more than 30,more than 30,1,6 years,41 to 50,No,No,External,none,no change,1 vehicle,1994,Collision
10,1,3,Chevrolet,Urban,1,10,2,Male,Single,33,Policy Holder,Sedan - Liability,Sport,more than 69000,0,1446,5,400,2,more than 30,more than 30,1,6 years,31 to 35,No,No,External,more than 5,no change,1 vehicle,1994,Liability
12,4,3,Pontiac,Urban,1,1,2,Male,Single,31,Third Party,Sedan - Collision,Sedan,20000 to 29000,0,1447,10,400,1,more than 30,more than 30,2 to 4,7 years,31 to 35,Yes,No,External,3 to 5,no change,1 vehicle,1994,Collision
12,2,1,Porche,Urban,3,12,3,Male,Married,63,Policy Holder,Utility - All Perils,Utility,40000 to 59000,0,1448,8,400,2,more than 30,more than 30,more than 4,more than 7,51 to 65,No,No,External,1 to 2,no change,1 vehicle,1994,All Perils
4,4,3,Chevrolet,Urban,4,5,2,Male,Single,33,Third Party,Sedan - Collision,Sedan,20000 to 29000,0,1449,14,400,2,more than 30,more than 30,2 to 4,6 years,31 to 35,No,No,External,more than 5,no change,1 vehicle,1994,Collision
6,2,3,Toyota,Rural,4,6,2,Male,Married,39,Policy Holder,Sedan - All Perils,Sedan,more than 69000,0,1450,8,400,3,more than 30,more than 30,none,more than 7,36 to 40,No,No,External,3 to 5,4 to 8 years,2 vehicles,1994,All Perils
8,4,5,Honda,Urban,2,9,3,Male,Single,25,Policy Holder,Sedan - Collision,Sedan,20000 to 29000,0,1451,11,400,4,more than 30,more than 30,2 to 4,5 years,26 to 30,No,No,External,3 to 5,no change,1 vehicle,1994,Collision
2,4,1,Toyota,Urban,3,2,4,Male,Married,66,Third Party,Sedan - All Perils,Sedan,20000 to 29000,0,1452,7,400,2,more than 30,more than 30,1,more than 7,over 65,No,No,External,none,no change,1 vehicle,1994,All Perils
9,3,6,Honda,Urban,2,9,3,Female,Single,33,Policy Holder,Sedan - Liability,Sport,30000 to 39000,0,1453,14,400,3,more than 30,more than 30,more than 4,5 years,31 to 35,No,No,External,3 to 5,no change,1 vehicle,1994,Liability
5,4,5,Chevrolet,Urban,1,6,2,Male,Single,48,Policy Holder,Utility - All Perils,Utility,more than 69000,0,1454,1,400,1,none,more than 30,2 to 4,7 years,41 to 50,No,No,External,none,no change,1 vehicle,1994,All Perils
10,3,2,Honda,Urban,2,10,3,Male,Married,54,Third Party,Sport - Collision,Sport,more than 69000,0,1455,4,400,2,more than 30,more than 30,1,7 years,41 to 50,No,No,External,3 to 5,no change,1 vehicle,1994,Collision
2,4,4,Toyota,Urban,5,2,4,Male,Single,29,Third Party,Sedan - Collision,Sedan,20000 to 29000,0,1456,7,400,3,more than 30,more than 30,1,7 years,31 to 35,No,No,External,none,no change,1 vehicle,1994,Collision
2,4,1,Honda,Urban,2,2,4,Male,Single,0,Policy Holder,Sedan - All Perils,Sedan,more than 69000,1,1457,9,400,3,more than 30,more than 30,2 to 4,new,16 to 17,No,No,External,none,1 year,1 vehicle,1994,All Perils
2,1,4,Toyota,Urban,4,2,1,Male,Married,55,Policy Holder,Sedan - All Perils,Sedan,20000 to 29000,0,1458,2,700,4,more than 30,more than 30,2 to 4,7 years,41 to 50,No,No,External,1 to 2,no change,1 vehicle,1994,All Perils
8,5,2,Honda,Urban,4,9,1,Female,Married,42,Policy Holder,Sedan - Collision,Sedan,20000 to 29000,0,1459,7,400,3,more than 30,more than 30,none,7 years,36 to 40,No,No,External,1 to 2,no change,1 vehicle,1994,Collision
12,1,1,Mazda,Urban,1,12,1,Male,Married,28,Policy Holder,Sedan - Liability,Sport,20000 to 29000,0,1460,11,400,4,more than 30,more than 30,2 to 4,7 years,31 to 35,No,No,External,none,no change,1 vehicle,1994,Liability
12,1,4,Honda,Urban,2,12,4,Male,Married,32,Policy Holder,Sedan - All Perils,Sedan,less than 20000,0,1461,14,400,1,more than 30,more than 30,2 to 4,5 years,31 to 35,No,No,External,1 to 2,no change,1 vehicle,1994,All Perils
12,3,7,Toyota,Urban,3,12,5,Male,Single,26,Policy Holder,Sedan - All Perils,Sedan,20000 to 29000,0,1462,8,400,1,more than 30,more than 30,none,6 years,31 to 35,No,No,External,none,no change,1 vehicle,1994,All Perils
9,4,3,Mazda,Urban,4,9,5,Female,Married,26,Policy Holder,Sedan - Liability,Sport,20000 to 29000,0,1463,14,400,2,more than 30,more than 30,2 to 4,7 years,31 to 35,No,No,External,more than 5,no change,1 vehicle,1994,Liability
12,3,4,Pontiac,Urban,4,12,5,Male,Married,49,Policy Holder,Sedan - All Perils,Sedan,20000 to 29000,0,1464,6,400,2,more than 30,more than 30,none,more than 7,41 to 50,No,No,External,more than 5,no change,1 vehicle,1994,All Perils
12,2,3,Chevrolet,Urban,5,12,5,Male,Married,62,Policy Holder,Utility - All Perils,Utility,more than 69000,0,1465,9,400,2,more than 30,more than 30,1,more than 7,51 to 65,No,No,External,3 to 5,no change,1 vehicle,1994,All Perils
12,1,2,Pontiac,Urban,2,12,4,Male,Married,55,Third Party,Sedan - All Perils,Sedan,less than 20000,0,1466,10,400,3,more than 30,more than 30,1,more than 7,41 to 50,No,No,External,1 to 2,no change,1 vehicle,1994,All Perils
10,3,6,Toyota,Urban,2,11,3,Male,Married,38,Policy Holder,Sedan - All Perils,Sedan,20000 to 29000,0,1467,9,400,1,more than 30,more than 30,1,7 years,36 to 40,No,No,External,3 to 5,no change,1 vehicle,1994,All Perils
9,3,1,Pontiac,Urban,1,9,3,Male,Married,61,Policy Holder,Sedan - Collision,Sedan,20000 to 29000,0,1468,1,400,4,more than 30,more than 30,none,more than 7,51 to 65,No,No,External,none,no change,1 vehicle,1994,Collision
9,2,5,Mazda,Urban,2,9,3,Male,Married,47,Policy Holder,Sedan - Collision,Sedan,20000 to 29000,0,1469,2,400,4,more than 30,more than 30,none,7 years,41 to 50,No,No,External,none,no change,1 vehicle,1994,Collision
7,3,1,Chevrolet,Urban,2,7,4,Female,Single,26,Third Party,Sedan - Collision,Sedan,20000 to 29000,0,1470,10,400,4,more than 30,more than 30,none,6 years,31 to 35,Yes,No,External,none,no change,1 vehicle,1994,Collision
4,1,3,Pontiac,Urban,4,4,2,Male,Married,43,Policy Holder,Sedan - Collision,Sedan,20000 to 29000,0,1471,16,400,1,more than 30,more than 30,1,7 years,36 to 40,No,No,External,1 to 2,4 to 8 years,2 vehicles,1994,Collision
5,4,1,Mazda,Urban,3,5,4,Male,Married,51,Policy Holder,Sedan - Liability,Sport,20000 to 29000,0,1472,2,400,3,more than 30,more than 30,more than 4,6 years,41 to 50,No,No,External,none,no change,1 vehicle,1994,Liability
5,4,2,Pontiac,Urban,3,5,5,Female,Single,39,Policy Holder,Sedan - All Perils,Sedan,20000 to 29000,0,1473,16,400,2,more than 30,more than 30,none,7 years,36 to 40,No,No,External,none,no change,1 vehicle,1994,All Perils
11,4,7,Pontiac,Urban,1,11,4,Male,Single,22,Policy Holder,Sedan - Collision,Sedan,20000 to 29000,0,1474,10,400,1,more than 30,more than 30,2 to 4,6 years,26 to 30,No,No,Internal,more than 5,no change,1 vehicle,1994,Collision
8,5,3,Accura,Urban,3,9,4,Male,Married,43,Policy Holder,Sedan - All Perils,Sedan,30000 to 39000,0,1475,13,400,2,more than 30,more than 30,1,more than 7,36 to 40,No,No,External,3 to 5,no change,1 vehicle,1994,All Perils
5,5,3,Mazda,Urban,4,6,1,Female,Married,31,Policy Holder,Sedan - Collision,Sedan,20000 to 29000,0,1476,15,400,4,more than 30,more than 30,2 to 4,6 years,31 to 35,No,No,External,1 to 2,no change,1 vehicle,1994,Collision
5,3,7,Toyota,Urban,4,5,4,Male,Married,36,Policy Holder,Sedan - Liability,Sport,20000 to 29000,0,1477,2,400,2,more than 30,more than 30,1,7 years,36 to 40,No,No,External,more than 5,no change,3 to 4,1994,Liability
5,2,2,Chevrolet,Urban,3,5,3,Male,Married,55,Policy Holder,Sedan - Collision,Sedan,30000 to 39000,0,1478,9,400,4,more than 30,more than 30,2 to 4,more than 7,41 to 50,No,No,Internal,more than 5,no change,1 vehicle,1994,Collision
5,2,4,Mazda,Rural,6,6,3,Male,Single,34,Policy Holder,Sedan - Collision,Sedan,20000 to 29000,0,1479,14,400,3,more than 30,more than 30,2 to 4,6 years,31 to 35,No,No,External,1 to 2,no change,1 vehicle,1994,Collision
12,4,7,Pontiac,Urban,3,1,2,Male,Married,35,Policy Holder,Sedan - Collision,Sedan,20000 to 29000,0,1480,15,500,1,more than 30,more than 30,2 to 4,6 years,31 to 35,No,No,External,more than 5,2 to 3 years,1 vehicle,1994,Collision
11,4,4,Mazda,Urban,5,11,4,Male,Married,46,Third Party,Sedan - Liability,Sport,20000 to 29000,0,1481,15,400,1,more than 30,more than 30,1,7 years,41 to 50,No,No,External,1 to 2,no change,1 vehicle,1994,Liability
2,4,2,Accura,Urban,5,4,4,Male,Married,62,Policy Holder,Sedan - All Perils,Sedan,30000 to 39000,1,1482,10,400,4,more than 30,more than 30,2 to 4,more than 7,51 to 65,No,No,External,none,no change,1 vehicle,1994,All Perils
2,4,2,Dodge,Urban,4,3,1,Male,Married,42,Third Party,Sedan - Collision,Sedan,30000 to 39000,0,1483,11,400,1,more than 30,more than 30,none,7 years,36 to 40,No,No,External,3 to 5,no change,1 vehicle,1994,Collision
2,4,2,Honda,Urban,3,3,1,Male,Married,40,Policy Holder,Sedan - All Perils,Sedan,more than 69000,1,1484,7,400,1,more than 30,more than 30,2 to 4,7 years,36 to 40,No,No,External,none,no change,1 vehicle,1994,All Perils
10,2,7,Mazda,Urban,1,10,2,Female,Single,33,Third Party,Sedan - All Perils,Sedan,more than 69000,0,1485,3,400,2,more than 30,more than 30,1,5 years,31 to 35,No,No,External,none,no change,1 vehicle,1994,All Perils
9,3,1,Honda,Urban,1,9,3,Male,Married,44,Policy Holder,Sedan - Collision,Sedan,30000 to 39000,0,1486,8,400,3,more than 30,more than 30,2 to 4,7 years,36 to 40,No,No,External,none,no change,1 vehicle,1994,Collision
9,3,6,Pontiac,Urban,1,9,4,Male,Single,35,Policy Holder,Sedan - Liability,Sport,30000 to 39000,0,1487,15,400,1,more than 30,more than 30,more than 4,6 years,31 to 35,No,No,External,3 to 5,no change,1 vehicle,1994,Liability
9,1,1,Toyota,Urban,3,9,2,Male,Married,57,Policy Holder,Sedan - Liability,Sport,30000 to 39000,0,1488,14,400,2,more than 30,more than 30,1,more than 7,51 to 65,No,No,External,none,no change,1 vehicle,1994,Liability
9,1,1,Pontiac,Urban,4,9,2,Male,Married,38,Policy Holder,Sedan - All Perils,Sedan,20000 to 29000,0,1489,15,700,1,more than 30,more than 30,1,7 years,36 to 40,No,No,External,none,no change,1 vehicle,1994,All Perils
8,4,5,Mazda,Urban,3,8,5,Male,Married,30,Policy Holder,Utility - All Perils,Utility,more than 69000,0,1490,10,400,4,more than 30,more than 30,2 to 4,6 years,31 to 35,No,No,External,more than 5,no change,1 vehicle,1994,All Perils
7,3,2,Mazda,Urban,4,7,4,Female,Married,38,Policy Holder,Sedan - Liability,Sport,20000 to 29000,0,1491,2,400,1,more than 30,more than 30,2 to 4,5 years,36 to 40,No,No,External,none,no change,1 vehicle,1994,Liability
7,3,5,Pontiac,Urban,2,7,3,Male,Married,54,Policy Holder,Sedan - Liability,Sport,20000 to 29000,0,1492,1,400,3,more than 30,more than 30,more than 4,more than 7,41 to 50,No,No,External,none,4 to 8 years,2 vehicles,1994,Liability
11,2,3,Toyota,Urban,1,11,2,Male,Married,52,Third Party,Sedan - All Perils,Sedan,less than 20000,0,1493,11,400,4,more than 30,more than 30,1,5 years,41 to 50,No,No,External,none,no change,1 vehicle,1994,All Perils
8,1,2,Toyota,Urban,4,8,1,Female,Single,26,Policy Holder,Sedan - Collision,Sedan,20000 to 29000,0,1494,15,400,1,more than 30,more than 30,none,5 years,31 to 35,No,No,External,none,no change,1 vehicle,1994,Collision
7,3,1,Honda,Urban,1,7,3,Male,Married,39,Policy Holder,Sedan - Liability,Sport,20000 to 29000,0,1495,4,400,3,more than 30,more than 30,2 to 4,7 years,36 to 40,No,No,External,none,no change,1 vehicle,1994,Liability
6,3,3,Chevrolet,Urban,2,6,3,Male,Married,69,Policy Holder,Sedan - Collision,Sedan,30000 to 39000,0,1496,2,400,2,more than 30,more than 30,none,more than 7,over 65,No,No,External,1 to 2,no change,1 vehicle,1994,Collision
5,3,3,Toyota,Urban,4,5,3,Male,Single,35,Policy Holder,Sedan - Liability,Sport,30000 to 39000,0,1497,8,400,4,more than 30,more than 30,more than 4,7 years,31 to 35,No,No,External,more than 5,no change,1 vehicle,1994,Liability
5,2,5,Chevrolet,Urban,5,5,2,Male,Married,47,Policy Holder,Sedan - Liability,Sport,more than 69000,0,1498,14,400,2,more than 30,more than 30,more than 4,more than 7,41 to 50,No,No,External,none,no change,1 vehicle,1994,Liability
4,4,5,Pontiac,Urban,1,5,3,Male,Married,55,Policy Holder,Sedan - All Perils,Sedan,20000 to 29000,0,1499,12,400,2,more than 30,more than 30,2 to 4,more than 7,41 to 50,No,No,External,1 to 2,no change,1 vehicle,1994,All Perils
3,4,6,Mazda,Urban,1,3,4,Male,Married,26,Policy Holder,Sedan - Liability,Sport,20000 to 29000,0,1500,10,400,2,more than 30,more than 30,1,7 years,31 to 35,No,No,External,more than 5,no change,1 vehicle,1994,Liability
10,4,4,Mazda,Urban,5,11,1,Male,Married,25,Policy Holder,Sedan - Collision,Sedan,20000 to 29000,0,1501,14,400,1,more than 30,more than 30,1,5 years,26 to 30,No,No,External,3 to 5,no change,1 vehicle,1994,Collision
10,4,4,Chevrolet,Urban,1,11,2,Male,Married,30,Policy Holder,Sedan - Collision,Sedan,20000 to 29000,0,1502,1,400,3,more than 30,more than 30,2 to 4,6 years,31 to 35,No,No,External,none,no change,1 vehicle,1994,Collision
10,2,4,Honda,Urban,6,10,3,Male,Married,31,Policy Holder,Sedan - Liability,Sport,20000 to 29000,0,1503,2,400,2,more than 30,more than 30,2 to 4,6 years,31 to 35,No,No,External,more than 5,no change,1 vehicle,1994,Liability
10,2,1,Pontiac,Urban,4,10,4,Male,Married,28,Policy Holder,Sedan - Liability,Sport,30000 to 39000,0,1504,15,400,1,more than 30,more than 30,2 to 4,6 years,31 to 35,No,No,External,none,no change,1 vehicle,1994,Liability
9,2,1,Toyota,Urban,2,9,3,Male,Married,61,Third Party,Sedan - Liability,Sport,30000 to 39000,0,1505,12,400,2,more than 30,more than 30,none,more than 7,51 to 65,No,No,External,1 to 2,no change,1 vehicle,1994,Liability
8,4,4,Saab,Urban,6,9,2,Male,Married,63,Third Party,Sedan - All Perils,Sedan,30000 to 39000,0,1506,15,400,4,more than 30,more than 30,2 to 4,7 years,51 to 65,No,No,External,none,no change,1 vehicle,1994,All Perils
8,2,5,Mazda,Urban,2,9,1,Male,Married,43,Policy Holder,Sedan - Collision,Sedan,20000 to 29000,0,1507,9,400,1,more than 30,more than 30,more than 4,7 years,36 to 40,No,No,External,3 to 5,no change,1 vehicle,1994,Collision
6,2,2,Toyota,Urban,3,6,3,Female,Married,37,Policy Holder,Sedan - Liability,Sport,more than 69000,0,1508,7,400,3,more than 30,more than 30,none,7 years,36 to 40,No,No,External,none,no change,1 vehicle,1994,Liability
5,4,1,Pontiac,Urban,1,5,5,Male,Married,44,Third Party,Sedan - Liability,Sport,20000 to 29000,0,1509,3,400,4,more than 30,more than 30,2 to 4,7 years,36 to 40,No,No,External,more than 5,no change,1 vehicle,1994,Liability
5,3,4,Chevrolet,Urban,4,5,3,Male,Married,49,Policy Holder,Sedan - Liability,Sport,20000 to 29000,0,1510,1,400,2,more than 30,more than 30,2 to 4,7 years,41 to 50,No,No,External,1 to 2,no change,1 vehicle,1994,Liability
5,3,6,Pontiac,Urban,2,5,3,Male,Married,61,Policy Holder,Sedan - All Perils,Sedan,less than 20000,0,1511,9,400,3,more than 30,more than 30,1,more than 7,51 to 65,No,No,External,3 to 5,no change,1 vehicle,1994,All Perils
5,1,5,Pontiac,Urban,1,5,2,Female,Single,34,Third Party,Sedan - All Perils,Sedan,20000 to 29000,0,1512,14,400,4,more than 30,more than 30,none,6 years,31 to 35,No,No,External,none,no change,1 vehicle,1994,All Perils
3,2,3,Pontiac,Urban,5,3,2,Male,Single,34,Policy Holder,Sedan - Liability,Sport,less than 20000,0,1513,5,400,4,more than 30,more than 30,1,7 years,31 to 35,No,No,External,none,4 to 8 years,2 vehicles,1994,Liability
4,1,2,Pontiac,Urban,5,4,4,Female,Married,43,Policy Holder,Sedan - Collision,Sedan,20000 to 29000,0,1514,1,400,1,more than 30,more than 30,2 to 4,7 years,36 to 40,No,No,External,3 to 5,no change,1 vehicle,1994,Collision
4,1,2,Pontiac,Urban,2,4,2,Male,Married,44,Policy Holder,Sedan - Liability,Sport,30000 to 39000,0,1515,3,400,4,more than 30,more than 30,2 to 4,7 years,36 to 40,No,No,External,none,no change,1 vehicle,1994,Liability
12,5,5,Pontiac,Urban,1,1,1,Female,Single,21,Policy Holder,Sedan - Collision,Sedan,20000 to 29000,0,1516,10,400,4,more than 30,more than 30,more than 4,5 years,26 to 30,No,No,External,more than 5,no change,1 vehicle,1994,Collision
7,2,6,Honda,Rural,2,4,1,Male,Single,0,Policy Holder,Sedan - All Perils,Sedan,more than 69000,0,1517,15,400,2,more than 30,none,none,new,16 to 17,No,No,External,none,no change,1 vehicle,1994,All Perils
4,1,5,Mazda,Urban,2,1,1,Female,Single,26,Policy Holder,Sedan - Collision,Sedan,20000 to 29000,0,1518,16,400,3,more than 30,more than 30,2 to 4,6 years,31 to 35,No,No,External,none,no change,3 to 4,1994,Collision
12,4,1,Chevrolet,Urban,3,3,1,Female,Married,45,Policy Holder,Sedan - Collision,Sedan,20000 to 29000,0,1519,12,400,3,more than 30,more than 30,2 to 4,7 years,36 to 40,No,No,External,1 to 2,no change,1 vehicle,1994,Collision
3,3,4,Honda,Urban,1,4,4,Male,Married,26,Policy Holder,Sedan - Liability,Sport,20000 to 29000,0,1520,9,400,1,more than 30,more than 30,more than 4,6 years,31 to 35,No,No,External,1 to 2,no change,1 vehicle,1994,Liability
2,4,1,Pontiac,Urban,3,12,3,Male,Married,32,Policy Holder,Sedan - All Perils,Sedan,20000 to 29000,1,1521,15,400,3,more than 30,more than 30,none,7 years,31 to 35,No,No,External,none,no change,1 vehicle,1994,All Perils
12,4,2,Honda,Urban,2,12,4,Female,Single,26,Policy Holder,Sedan - Collision,Sedan,20000 to 29000,0,1522,7,400,2,more than 30,more than 30,1,7 years,31 to 35,No,No,External,more than 5,no change,1 vehicle,1994,Collision
12,4,3,Toyota,Urban,4,12,4,Male,Married,62,Policy Holder,Sedan - Collision,Sedan,30000 to 39000,0,1523,5,400,1,more than 30,more than 30,none,more than 7,51 to 65,No,No,External,3 to 5,no change,1 vehicle,1994,Collision
12,4,1,Accura,Urban,5,12,5,Female,Single,39,Policy Holder,Sedan - Liability,Sport,more than 69000,0,1524,8,400,2,more than 30,more than 30,2 to 4,7 years,36 to 40,No,No,External,none,no change,1 vehicle,1994,Liability
12,4,4,Mazda,Urban,5,9,5,Male,Single,21,Policy Holder,Sedan - Liability,Sport,20000 to 29000,0,1525,10,400,1,more than 30,more than 30,2 to 4,5 years,26 to 30,No,No,External,more than 5,no change,1 vehicle,1994,Liability
9,4,6,Pontiac,Urban,5,5,4,Male,Married,51,Third Party,Sedan - All Perils,Sedan,20000 to 29000,0,1526,13,400,1,more than 30,more than 30,2 to 4,more than 7,41 to 50,No,No,External,more than 5,no change,1 vehicle,1994,All Perils
4,4,7,Mazda,Urban,6,12,4,Male,Married,64,Policy Holder,Sedan - Liability,Sport,30000 to 39000,0,1527,5,400,4,more than 30,more than 30,more than 4,more than 7,51 to 65,Yes,No,External,more than 5,no change,1 vehicle,1994,Liability
11,4,4,Chevrolet,Urban,1,8,1,Male,Single,27,Third Party,Sedan - Liability,Sport,20000 to 29000,0,1528,4,400,1,more than 30,more than 30,1,6 years,31 to 35,No,No,External,none,no change,1 vehicle,1994,Liability
8,4,3,Pontiac,Urban,2,5,5,Female,Single,45,Policy Holder,Sedan - Liability,Sport,20000 to 29000,0,1529,1,400,4,more than 30,more than 30,more than 4,7 years,36 to 40,No,No,External,more than 5,no change,1 vehicle,1994,Liability
4,1,7,Ford,Urban,1,4,1,Male,Married,32,Policy Holder,Sedan - All Perils,Sedan,40000 to 59000,0,1530,14,400,3,more than 30,more than 30,more than 4,6 years,31 to 35,No,No,External,3 to 5,no change,1 vehicle,1994,All Perils
4,1,3,Honda,Urban,5,1,3,Male,Single,0,Policy Holder,Sedan - Liability,Sport,more than 69000,0,1531,13,400,2,more than 30,more than 30,2 to 4,new,16 to 17,No,No,External,none,2 to 3 years,1 vehicle,1994,Liability
11,3,7,Honda,Urban,4,1,2,Male,Single,0,Third Party,Sport - All Perils,Sport,more than 69000,0,1532,2,400,1,more than 30,more than 30,2 to 4,new,16 to 17,No,No,External,none,no change,1 vehicle,1994,All Perils
1,2,4,Chevrolet,Urban,4,1,2,Female,Single,27,Policy Holder,Sedan - Liability,Sport,40000 to 59000,0,1533,14,400,2,more than 30,more than 30,more than 4,7 years,31 to 35,No,No,External,more than 5,no change,1 vehicle,1994,Liability
1,3,6,Toyota,Urban,1,1,3,Male,Married,53,Policy Holder,Sedan - Liability,Sport,30000 to 39000,0,1534,9,400,1,more than 30,more than 30,more than 4,more than 7,41 to 50,No,No,External,3 to 5,4 to 8 years,2 vehicles,1994,Liability
1,4,1,Honda,Urban,1,1,4,Female,Married,44,Policy Holder,Sedan - Liability,Sport,30000 to 39000,0,1535,7,400,3,more than 30,more than 30,more than 4,7 years,36 to 40,No,No,External,more than 5,no change,1 vehicle,1994,Liability
1,4,3,Accura,Urban,4,5,4,Male,Married,61,Third Party,Utility - All Perils,Utility,more than 69000,0,1536,5,400,3,more than 30,more than 30,more than 4,more than 7,51 to 65,No,Yes,External,none,no change,1 vehicle,1994,All Perils
4,4,5,Toyota,Urban,1,4,2,Female,Single,34,Policy Holder,Sedan - Liability,Sport,20000 to 29000,0,1537,9,400,2,more than 30,more than 30,2 to 4,6 years,31 to 35,No,No,External,none,no change,1 vehicle,1994,Liability
4,4,4,Chevrolet,Urban,5,3,4,Female,Single,31,Third Party,Sedan - All Perils,Sedan,more than 69000,0,1538,1,400,1,more than 30,more than 30,none,6 years,31 to 35,No,No,External,none,no change,1 vehicle,1994,All Perils
2,4,6,Honda,Urban,2,5,1,Male,Single,0,Third Party,Sedan - All Perils,Sedan,more than 69000,0,1539,1,400,1,more than 30,more than 30,2 to 4,new,16 to 17,No,No,External,none,no change,1 vehicle,1994,All Perils
4,4,4,Toyota,Urban,1,2,1,Male,Single,25,Policy Holder,Sedan - Liability,Sport,20000 to 29000,0,1540,10,400,4,more than 30,more than 30,more than 4,5 years,26 to 30,No,No,External,1 to 2,no change,1 vehicle,1994,Liability
2,4,3,Honda,Urban,5,5,5,Male,Single,22,Third Party,Sport - Collision,Sport,more than 69000,0,1541,10,400,3,more than 30,more than 30,more than 4,5 years,26 to 30,No,No,External,3 to 5,no change,1 vehicle,1994,Collision
5,3,2,Mazda,Urban,2,5,3,Female,Married,42,Policy Holder,Sedan - Liability,Sport,more than 69000,0,1542,10,400,1,more than 30,more than 30,1,6 years,36 to 40,No,No,External,more than 5,no change,1 vehicle,1994,Liability
5,5,4,Mazda,Urban,4,8,5,Male,Single,36,Policy Holder,Sedan - Liability,Sport,20000 to 29000,0,1543,7,400,1,more than 30,more than 30,more than 4,7 years,36 to 40,No,No,External,none,no change,1 vehicle,1994,Liability
8,2,2,Toyota,Urban,2,8,2,Male,Married,28,Policy Holder,Sedan - Collision,Sedan,more than 69000,0,1544,10,400,1,more than 30,more than 30,1,7 years,31 to 35,No,No,External,none,no change,1 vehicle,1994,Collision
8,2,6,Mazda,Urban,5,10,2,Male,Married,78,Policy Holder,Sedan - Liability,Sport,20000 to 29000,0,1545,13,400,2,more than 30,more than 30,none,more than 7,over 65,No,No,External,none,no change,1 vehicle,1994,Liability
10,3,3,Saab,Urban,5,11,4,Female,Married,37,Policy Holder,Sedan - Liability,Sport,20000 to 29000,0,1546,14,400,2,more than 30,more than 30,1,7 years,36 to 40,No,No,External,more than 5,no change,1 vehicle,1994,Liability
11,1,5,Pontiac,Urban,4,11,1,Male,Single,27,Third Party,Sedan - Collision,Sedan,20000 to 29000,0,1547,16,400,4,more than 30,more than 30,1,6 years,31 to 35,No,No,External,none,no change,1 vehicle,1994,Collision
10,5,1,Honda,Urban,3,5,1,Male,Single,24,Third Party,Sedan - Collision,Sedan,20000 to 29000,0,1548,12,400,2,more than 30,more than 30,1,5 years,26 to 30,No,No,External,more than 5,1 year,1 vehicle,1994,Collision
5,4,6,Honda,Urban,1,5,4,Male,Married,43,Policy Holder,Sedan - Liability,Sport,more than 69000,0,1549,2,400,3,more than 30,more than 30,2 to 4,6 years,36 to 40,No,No,External,1 to 2,no change,1 vehicle,1994,Liability
5,3,4,Toyota,Urban,5,6,4,Male,Single,33,Third Party,Sedan - All Perils,Sedan,20000 to 29000,0,1550,10,400,3,more than 30,more than 30,none,6 years,31 to 35,No,No,External,none,no change,1 vehicle,1994,All Perils
6,3,5,Toyota,Urban,1,11,3,Female,Single,30,Policy Holder,Sedan - All Perils,Sedan,less than 20000,0,1551,9,400,1,more than 30,more than 30,2 to 4,5 years,31 to 35,No,No,External,none,no change,1 vehicle,1994,All Perils
11,1,4,Ford,Urban,1,8,1,Male,Married,43,Policy Holder,Utility - All Perils,Utility,more than 69000,0,1552,2,400,4,more than 30,more than 30,2 to 4,7 years,36 to 40,No,No,External,more than 5,no change,1 vehicle,1994,All Perils
6,5,4,Toyota,Urban,5,7,2,Male,Married,54,Policy Holder,Sedan - Collision,Sedan,20000 to 29000,0,1553,9,400,3,more than 30,more than 30,1,more than 7,41 to 50,No,No,External,more than 5,no change,1 vehicle,1994,Collision
7,3,4,Toyota,Urban,5,8,3,Male,Married,37,Policy Holder,Sedan - Collision,Sedan,30000 to 39000,0,1554,4,400,4,more than 30,more than 30,1,7 years,36 to 40,No,No,External,more than 5,no change,1 vehicle,1994,Collision
8,1,5,Pontiac,Rural,1,3,1,Male,Single,27,Policy Holder,Sedan - Liability,Sport,30000 to 39000,0,1555,2,400,4,more than 30,more than 30,2 to 4,7 years,31 to 35,No,No,External,more than 5,4 to 8 years,2 vehicles,1994,Liability
2,4,2,Honda,Urban,2,11,4,Male,Single,0,Policy Holder,Sedan - All Perils,Sedan,more than 69000,1,1556,10,400,2,more than 30,more than 30,none,new,16 to 17,Yes,No,External,none,no change,1 vehicle,1994,All Perils
11,3,2,Pontiac,Urban,4,12,4,Male,Single,18,Policy Holder,Sedan - Collision,Sedan,20000 to 29000,0,1557,12,400,4,more than 30,more than 30,more than 4,4 years,21 to 25,No,No,External,more than 5,no change,1 vehicle,1994,Collision
11,3,5,Accura,Urban,4,3,4,Male,Married,39,Policy Holder,Sedan - Liability,Sport,30000 to 39000,0,1558,6,400,4,more than 30,more than 30,more than 4,7 years,36 to 40,No,No,External,more than 5,no change,1 vehicle,1994,Liability
2,4,4,Pontiac,Urban,2,1,2,Male,Married,66,Policy Holder,Sedan - Collision,Sedan,20000 to 29000,1,1559,6,400,2,more than 30,more than 30,1,7 years,over 65,No,No,External,more than 5,no change,3 to 4,1994,Collision
12,5,2,Mazda,Urban,3,12,3,Male,Married,66,Third Party,Sedan - All Perils,Sedan,20000 to 29000,0,1560,5,400,2,more than 30,more than 30,1,more than 7,over 65,No,No,External,none,no change,1 vehicle,1994,All Perils
12,3,5,Honda,Urban,5,4,4,Male,Married,44,Third Party,Sedan - Collision,Sedan,more than 69000,0,1561,9,400,2,more than 30,more than 30,2 to 4,6 years,36 to 40,No,No,External,none,no change,1 vehicle,1994,Collision
2,4,5,Toyota,Urban,1,5,1,Female,Married,40,Third Party,Sedan - All Perils,Sedan,20000 to 29000,0,1562,9,400,3,more than 30,more than 30,none,7 years,36 to 40,No,No,External,none,no change,1 vehicle,1994,All Perils
5,4,5,Pontiac,Urban,5,9,5,Male,Married,51,Third Party,Sedan - Collision,Sedan,20000 to 29000,0,1563,6,400,2,more than 30,more than 30,none,5 years,41 to 50,No,No,External,none,no change,1 vehicle,1994,Collision
8,2,5,Accura,Urban,5,2,5,Male,Single,31,Policy Holder,Sedan - All Perils,Sedan,30000 to 39000,0,1564,12,400,2,more than 30,more than 30,none,6 years,31 to 35,No,No,External,1 to 2,no change,1 vehicle,1994,All Perils
2,4,5,Mazda,Urban,5,10,4,Male,Married,26,Third Party,Sedan - Liability,Sport,more than 69000,0,1565,4,400,4,more than 30,more than 30,2 to 4,7 years,31 to 35,No,No,External,none,no change,1 vehicle,1994,Liability
10,1,2,Accura,Urban,2,10,1,Male,Single,41,Policy Holder,Sedan - Liability,Sport,more than 69000,0,1566,1,400,2,more than 30,more than 30,more than 4,7 years,36 to 40,No,No,External,more than 5,no change,1 vehicle,1994,Liability
10,1,1,Mazda,Urban,3,1,1,Male,Single,40,Policy Holder,Sedan - Collision,Sedan,20000 to 29000,0,1567,15,400,3,more than 30,more than 30,more than 4,6 years,36 to 40,No,No,External,3 to 5,no change,1 vehicle,1994,Collision
1,3,6,Toyota,Urban,1,9,3,Male,Married,28,Third Party,Sedan - All Perils,Sedan,20000 to 29000,0,1568,6,400,3,more than 30,more than 30,none,5 years,31 to 35,No,No,External,none,no change,1 vehicle,1994,All Perils
9,1,4,Mazda,Rural,5,9,3,Male,Married,47,Policy Holder,Sedan - Liability,Sport,20000 to 29000,0,1569,9,400,4,more than 30,more than 30,2 to 4,6 years,41 to 50,Yes,Yes,External,more than 5,no change,1 vehicle,1994,Liability
9,1,4,Mazda,Urban,3,10,1,Male,Married,60,Third Party,Sedan - All Perils,Sedan,20000 to 29000,0,1570,3,400,3,more than 30,more than 30,1,more than 7,51 to 65,No,No,External,none,no change,1 vehicle,1994,All Perils
9,2,6,Honda,Urban,1,12,1,Male,Married,46,Third Party,Sport - Collision,Sport,more than 69000,0,1571,14,400,3,more than 30,more than 30,none,more than 7,41 to 50,No,No,External,none,no change,1 vehicle,1994,Collision
12,1,1,Pontiac,Urban,1,10,1,Male,Single,34,Policy Holder,Sedan - Liability,Sport,20000 to 29000,0,1572,8,400,2,more than 30,more than 30,more than 4,6 years,31 to 35,No,No,External,more than 5,no change,1 vehicle,1994,Liability
6,3,6,Mazda,Urban,1,10,1,Male,Single,24,Third Party,Sedan - Liability,Sport,30000 to 39000,0,1573,5,400,3,more than 30,more than 30,more than 4,5 years,26 to 30,No,No,External,1 to 2,no change,1 vehicle,1994,Liability
9,5,4,Toyota,Urban,5,12,1,Female,Married,34,Policy Holder,Sedan - All Perils,Sedan,less than 20000,0,1574,13,400,4,more than 30,more than 30,2 to 4,5 years,31 to 35,Yes,No,External,more than 5,no change,1 vehicle,1994,All Perils
12,4,1,Pontiac,Rural,4,12,4,Male,Married,43,Third Party,Sedan - Liability,Sport,more than 69000,0,1575,7,400,4,more than 30,more than 30,1,7 years,36 to 40,Yes,No,External,more than 5,no change,1 vehicle,1994,Liability
12,3,5,Honda,Urban,3,4,5,Female,Married,30,Policy Holder,Sedan - Collision,Sedan,20000 to 29000,0,1576,13,400,2,more than 30,more than 30,2 to 4,5 years,31 to 35,Yes,No,External,more than 5,4 to 8 years,2 vehicles,1994,Collision
3,4,2,Pontiac,Urban,2,3,2,Male,Single,45,Third Party,Sedan - Liability,Sport,20000 to 29000,0,1577,1,400,4,more than 30,more than 30,2 to 4,5 years,36 to 40,No,No,External,none,no change,1 vehicle,1994,Liability
3,3,1,Chevrolet,Urban,3,4,3,Male,Married,47,Policy Holder,Sedan - All Perils,Sedan,30000 to 39000,0,1578,1,400,3,more than 30,more than 30,none,more than 7,41 to 50,No,No,External,none,no change,1 vehicle,1994,All Perils
4,3,6,Toyota,Urban,6,11,3,Male,Married,59,Third Party,Sedan - Collision,Sedan,20000 to 29000,0,1579,6,400,2,more than 30,more than 30,none,6 years,51 to 65,No,No,External,none,no change,1 vehicle,1994,Collision
11,1,2,Chevrolet,Rural,3,7,2,Male,Married,55,Policy Holder,Utility - Collision,Utility,more than 69000,0,1580,8,400,1,more than 30,more than 30,2 to 4,7 years,41 to 50,No,No,External,none,no change,1 vehicle,1994,Collision
7,2,1,Chevrolet,Urban,2,12,2,Male,Married,52,Policy Holder,Sedan - Liability,Sport,20000 to 29000,0,1581,5,400,1,more than 30,more than 30,none,more than 7,41 to 50,No,No,External,more than 5,no change,1 vehicle,1994,Liability
12,2,4,Mercury,Urban,1,10,3,Female,Single,37,Policy Holder,Sedan - All Perils,Sedan,more than 69000,0,1582,7,700,1,more than 30,more than 30,1,7 years,36 to 40,No,No,External,3 to 5,2 to 3 years,1 vehicle,1994,All Perils
10,1,4,Chevrolet,Urban,3,10,2,Male,Married,37,Policy Holder,Sedan - Collision,Sedan,20000 to 29000,0,1583,4,400,1,more than 30,more than 30,none,5 years,36 to 40,No,No,External,1 to 2,no change,1 vehicle,1994,Collision
9,5,2,Accura,Urban,1,10,1,Male,Married,38,Third Party,Sedan - Liability,Sport,30000 to 39000,0,1584,10,400,2,more than 30,more than 30,2 to 4,7 years,36 to 40,No,No,External,3 to 5,no change,1 vehicle,1994,Liability
9,4,6,Mazda,Urban,2,3,1,Male,Single,27,Third Party,Sedan - All Perils,Sedan,more than 69000,0,1585,3,400,4,more than 30,more than 30,1,4 years,31 to 35,No,No,External,none,no change,1 vehicle,1994,All Perils
2,4,2,Mazda,Urban,3,12,2,Male,Married,33,Third Party,Sedan - All Perils,Sedan,30000 to 39000,0,1586,5,400,2,more than 30,more than 30,none,5 years,31 to 35,No,No,External,none,no change,1 vehicle,1994,All Perils
12,1,6,Toyota,Urban,1,2,4,Female,Single,32,Policy Holder,Sedan - All Perils,Sedan,less than 20000,0,1587,12,400,3,more than 30,more than 30,none,6 years,31 to 35,No,No,External,none,no change,1 vehicle,1994,All Perils
2,4,3,Pontiac,Urban,5,12,5,Male,Single,22,Policy Holder,Sedan - Collision,Sedan,30000 to 39000,1,1588,13,400,3,more than 30,more than 30,1,5 years,26 to 30,Yes,Yes,External,1 to 2,no change,1 vehicle,1994,Collision
12,2,6,Mazda,Urban,4,7,2,Male,Married,65,Policy Holder,Sedan - Collision,Sedan,30000 to 39000,0,1589,7,400,4,more than 30,more than 30,2 to 4,7 years,51 to 65,No,No,External,1 to 2,no change,1 vehicle,1994,Collision
5,3,1,Chevrolet,Urban,2,10,3,Male,Married,47,Policy Holder,Sedan - Collision,Sedan,30000 to 39000,0,1590,6,400,2,more than 30,more than 30,1,more than 7,41 to 50,No,No,External,none,no change,1 vehicle,1994,Collision
10,1,2,Pontiac,Urban,3,10,1,Male,Married,45,Policy Holder,Sedan - Collision,Sedan,20000 to 29000,0,1591,7,400,1,more than 30,more than 30,2 to 4,6 years,36 to 40,No,No,External,none,no change,1 vehicle,1994,Collision
10,1,6,Chevrolet,Urban,1,5,1,Male,Single,33,Third Party,Sedan - Collision,Sedan,30000 to 39000,0,1592,14,400,2,more than 30,more than 30,2 to 4,6 years,31 to 35,No,No,External,3 to 5,no change,1 vehicle,1994,Collision
5,3,6,Toyota,Urban,1,10,5,Female,Single,53,Policy Holder,Sedan - Liability,Sport,20000 to 29000,0,1593,11,400,2,more than 30,more than 30,more than 4,7 years,41 to 50,No,No,External,more than 5,no change,1 vehicle,1994,Liability
10,2,4,Chevrolet,Urban,5,10,2,Male,Married,51,Third Party,Sedan - All Perils,Sedan,more than 69000,0,1594,6,400,3,more than 30,more than 30,1,7 years,41 to 50,No,No,External,none,no change,1 vehicle,1994,All Perils
10,1,1,Ford,Urban,3,9,2,Male,Married,55,Third Party,Sedan - Collision,Sedan,more than 69000,0,1595,5,400,4,more than 30,more than 30,2 to 4,more than 7,41 to 50,No,No,External,more than 5,no change,1 vehicle,1994,Collision
9,1,3,Mazda,Urban,3,5,5,Male,Married,55,Policy Holder,Sedan - Liability,Sport,30000 to 39000,0,1596,16,400,3,more than 30,more than 30,2 to 4,7 years,41 to 50,No,No,External,1 to 2,no change,1 vehicle,1994,Liability
5,4,1,Toyota,Urban,2,10,4,Female,Single,26,Policy Holder,Sedan - Liability,Sport,20000 to 29000,0,1597,3,400,2,more than 30,more than 30,2 to 4,6 years,31 to 35,No,No,External,none,4 to 8 years,2 vehicles,1994,Liability
10,2,6,Toyota,Urban,2,3,2,Male,Married,64,Policy Holder,Sedan - All Perils,Sedan,more than 69000,0,1598,11,400,1,more than 30,more than 30,more than 4,more than 7,51 to 65,No,No,External,none,no change,1 vehicle,1994,All Perils
2,4,7,Honda,Urban,2,3,1,Male,Single,22,Policy Holder,Sport - Collision,Sport,more than 69000,1,1599,7,400,4,8 to 15,15 to 30,none,5 years,26 to 30,No,No,External,none,no change,1 vehicle,1994,Collision
2,4,5,Pontiac,Urban,5,9,2,Male,Married,58,Policy Holder,Sedan - All Perils,Sedan,30000 to 39000,1,1600,5,400,4,more than 30,more than 30,2 to 4,more than 7,51 to 65,No,No,External,more than 5,no change,3 to 4,1994,All Perils
9,5,5,Honda,Urban,5,1,5,Female,Single,28,Policy Holder,Sedan - Liability,Sport,20000 to 29000,0,1601,9,400,2,more than 30,more than 30,1,5 years,31 to 35,No,No,External,1 to 2,no change,1 vehicle,1994,Liability
1,2,4,Honda,Urban,4,1,3,Male,Married,48,Policy Holder,Sport - Collision,Sport,more than 69000,0,1602,6,400,1,more than 30,more than 30,1,more than 7,41 to 50,No,No,External,none,no change,1 vehicle,1994,Collision
1,2,1,Honda,Urban,5,10,2,Male,Married,36,Third Party,Sedan - All Perils,Sedan,20000 to 29000,0,1603,9,400,1,more than 30,more than 30,1,7 years,36 to 40,No,No,External,more than 5,no change,1 vehicle,1994,All Perils
4,2,1,Honda,Urban,1,6,2,Female,Married,40,Policy Holder,Sedan - All Perils,Sedan,less than 20000,0,1604,12,400,3,more than 30,more than 30,none,7 years,36 to 40,No,No,External,3 to 5,no change,1 vehicle,1994,All Perils
6,2,3,Mazda,Urban,5,6,2,Male,Married,36,Policy Holder,Sedan - Liability,Sport,20000 to 29000,0,1605,16,400,2,more than 30,more than 30,2 to 4,7 years,36 to 40,No,No,External,none,no change,1 vehicle,1994,Liability
6,3,3,Pontiac,Urban,1,10,3,Female,Married,39,Policy Holder,Sedan - Liability,Sport,less than 20000,0,1606,7,400,1,more than 30,more than 30,2 to 4,7 years,36 to 40,No,No,External,more than 5,no change,1 vehicle,1994,Liability
9,5,3,Pontiac,Urban,1,10,1,Male,Single,34,Third Party,Sedan - All Perils,Sedan,20000 to 29000,0,1607,8,400,4,more than 30,more than 30,none,6 years,31 to 35,No,No,External,more than 5,no change,1 vehicle,1994,All Perils
10,4,4,Chevrolet,Urban,2,11,5,Female,Married,31,Third Party,Sedan - Collision,Sedan,20000 to 29000,0,1608,12,400,3,more than 30,more than 30,none,6 years,31 to 35,No,No,External,none,no change,1 vehicle,1994,Collision
11,2,6,Pontiac,Urban,4,11,5,Female,Married,47,Policy Holder,Sedan - Collision,Sedan,30000 to 39000,0,1609,10,400,2,more than 30,more than 30,2 to 4,more than 7,41 to 50,No,No,External,more than 5,no change,1 vehicle,1994,Collision
11,3,7,Mazda,Urban,5,1,4,Female,Married,29,Policy Holder,Sedan - Liability,Sport,20000 to 29000,0,1610,16,400,3,more than 30,more than 30,2 to 4,6 years,31 to 35,No,No,External,3 to 5,no change,1 vehicle,1994,Liability
12,2,2,Mazda,Urban,1,1,2,Male,Married,54,Policy Holder,Sedan - All Perils,Sedan,30000 to 39000,0,1611,16,400,4,more than 30,more than 30,2 to 4,more than 7,41 to 50,No,No,External,none,no change,1 vehicle,1994,All Perils
12,4,2,Toyota,Urban,3,1,4,Female,Married,30,Policy Holder,Sedan - All Perils,Sedan,less than 20000,0,1612,10,400,1,more than 30,more than 30,none,6 years,31 to 35,No,No,External,none,no change,1 vehicle,1994,All Perils
1,1,2,Nisson,Urban,1,1,1,Male,Married,36,Policy Holder,Sedan - Liability,Sport,30000 to 39000,0,1613,6,400,2,more than 30,more than 30,more than 4,6 years,36 to 40,No,No,External,none,no change,1 vehicle,1994,Liability
1,2,4,Mazda,Urban,1,5,3,Female,Married,37,Policy Holder,Sedan - Liability,Sport,30000 to 39000,0,1614,12,400,4,more than 30,more than 30,more than 4,more than 7,36 to 40,No,No,External,3 to 5,no change,1 vehicle,1994,Liability
5,3,1,Pontiac,Urban,5,4,4,Male,Married,49,Policy Holder,Sedan - Collision,Sedan,20000 to 29000,0,1615,16,400,1,more than 30,more than 30,2 to 4,more than 7,41 to 50,No,No,External,more than 5,no change,1 vehicle,1994,Collision
2,5,5,VW,Urban,5,9,1,Male,Married,50,Policy Holder,Sedan - Liability,Sport,30000 to 39000,0,1616,7,400,2,more than 30,more than 30,2 to 4,more than 7,41 to 50,No,No,External,none,no change,1 vehicle,1994,Liability
8,3,1,VW,Urban,5,4,1,Male,Married,54,Third Party,Sedan - Collision,Sedan,30000 to 39000,0,1617,7,400,3,more than 30,more than 30,none,more than 7,41 to 50,No,No,External,none,no change,1 vehicle,1994,Collision
2,5,3,Honda,Urban,1,11,1,Male,Single,0,Third Party,Sedan - Collision,Sedan,more than 69000,0,1618,6,400,4,more than 30,more than 30,none,new,16 to 17,No,No,External,none,4 to 8 years,2 vehicles,1994,Collision
11,3,5,Honda,Urban,5,11,4,Male,Married,55,Third Party,Sedan - Collision,Sedan,20000 to 29000,0,1619,9,400,3,more than 30,more than 30,2 to 4,more than 7,41 to 50,No,No,External,3 to 5,no change,1 vehicle,1994,Collision
11,1,4,Toyota,Urban,5,10,1,Male,Married,47,Policy Holder,Sedan - Liability,Sport,less than 20000,0,1620,16,400,1,more than 30,more than 30,more than 4,more than 7,41 to 50,No,No,External,none,no change,1 vehicle,1994,Liability
9,5,5,Mazda,Urban,4,8,2,Male,Single,27,Third Party,Sedan - Collision,Sedan,20000 to 29000,0,1621,8,400,4,more than 30,more than 30,1,6 years,31 to 35,No,No,External,none,no change,1 vehicle,1994,Collision
8,4,2,Honda,Urban,5,7,5,Male,Married,60,Policy Holder,Sedan - Liability,Sport,20000 to 29000,0,1622,14,400,3,more than 30,more than 30,2 to 4,7 years,51 to 65,No,No,External,more than 5,no change,1 vehicle,1994,Liability
6,4,2,Chevrolet,Urban,2,6,2,Male,Married,53,Policy Holder,Utility - Collision,Utility,more than 69000,0,1623,15,400,1,more than 30,more than 30,more than 4,7 years,41 to 50,No,No,External,none,no change,1 vehicle,1994,Collision
6,2,2,Pontiac,Urban,2,4,2,Female,Single,33,Policy Holder,Sedan - Collision,Sedan,20000 to 29000,0,1624,1,400,1,more than 30,more than 30,1,5 years,31 to 35,No,No,External,none,no change,1 vehicle,1994,Collision
4,3,5,Mazda,Rural,1,3,3,Male,Married,28,Policy Holder,Sedan - Collision,Sedan,20000 to 29000,0,1625,12,400,2,more than 30,more than 30,2 to 4,7 years,31 to 35,No,No,External,none,no change,1 vehicle,1994,Collision
2,4,4,Honda,Urban,5,1,1,Male,Single,27,Third Party,Sport - Collision,Sport,more than 69000,0,1626,9,400,3,more than 30,more than 30,none,6 years,31 to 35,No,No,External,none,no change,1 vehicle,1994,Collision
1,2,3,Honda,Urban,3,10,4,Male,Married,46,Policy Holder,Sedan - All Perils,Sedan,less than 20000,0,1627,8,400,4,more than 30,more than 30,more than 4,7 years,41 to 50,Yes,No,External,none,no change,1 vehicle,1994,All Perils
1,2,4,Mazda,Urban,5,12,3,Female,Single,23,Policy Holder,Sedan - All Perils,Sedan,20000 to 29000,0,1628,11,400,2,more than 30,more than 30,none,5 years,26 to 30,No,No,External,3 to 5,no change,1 vehicle,1994,All Perils
11,4,3,Toyota,Urban,3,12,1,Female,Single,32,Policy Holder,Sedan - Liability,Sport,20000 to 29000,0,1629,7,400,4,more than 30,more than 30,none,6 years,31 to 35,No,No,External,more than 5,no change,1 vehicle,1994,Liability
11,4,3,Chevrolet,Urban,1,11,3,Male,Married,39,Policy Holder,Sedan - All Perils,Sedan,30000 to 39000,0,1630,5,400,1,more than 30,more than 30,2 to 4,7 years,36 to 40,No,No,External,none,no change,1 vehicle,1994,All Perils
11,2,7,Pontiac,Urban,1,11,3,Male,Married,31,Policy Holder,Sedan - All Perils,Sedan,20000 to 29000,0,1631,11,400,1,more than 30,more than 30,none,7 years,31 to 35,No,No,External,3 to 5,no change,1 vehicle,1994,All Perils
11,1,6,Toyota,Urban,5,11,3,Male,Married,34,Third Party,Sedan - All Perils,Sedan,20000 to 29000,0,1632,15,400,2,more than 30,more than 30,2 to 4,6 years,31 to 35,Yes,No,External,more than 5,no change,1 vehicle,1994,All Perils
10,4,4,Honda,Urban,1,10,3,Male,Married,43,Policy Holder,Sedan - Collision,Sedan,30000 to 39000,0,1633,14,500,4,more than 30,more than 30,2 to 4,more than 7,36 to 40,No,No,External,more than 5,2 to 3 years,1 vehicle,1994,Collision
9,5,4,Pontiac,Urban,4,9,1,Male,Single,40,Policy Holder,Sedan - Collision,Sedan,20000 to 29000,0,1634,14,400,1,more than 30,more than 30,2 to 4,more than 7,36 to 40,No,No,External,1 to 2,no change,1 vehicle,1994,Collision
9,4,5,Mazda,Urban,5,9,4,Female,Single,57,Policy Holder,Sedan - Liability,Sport,30000 to 39000,0,1635,3,400,2,more than 30,more than 30,2 to 4,7 years,51 to 65,No,No,External,none,no change,1 vehicle,1994,Liability
9,1,2,Honda,Urban,3,8,1,Male,Married,27,Policy Holder,Sedan - Collision,Sedan,20000 to 29000,0,1636,15,400,4,more than 30,more than 30,1,6 years,31 to 35,No,No,External,none,no change,1 vehicle,1994,Collision
8,3,3,Honda,Urban,5,8,3,Male,Single,39,Policy Holder,Sedan - All Perils,Sedan,20000 to 29000,0,1637,14,400,2,more than 30,more than 30,1,7 years,36 to 40,No,No,External,none,no change,1 vehicle,1994,All Perils
8,2,5,Honda,Urban,5,8,2,Male,Married,54,Third Party,Sedan - All Perils,Sedan,less than 20000,0,1638,1,400,4,more than 30,more than 30,none,7 years,41 to 50,No,No,External,none,no change,1 vehicle,1994,All Perils
8,1,7,Pontiac,Urban,4,6,1,Male,Married,44,Policy Holder,Sedan - Liability,Sport,30000 to 39000,0,1639,15,400,2,more than 30,more than 30,2 to 4,7 years,36 to 40,No,No,External,none,1 year,2 vehicles,1994,Liability
6,1,2,Pontiac,Rural,4,5,5,Male,Single,60,Policy Holder,Sedan - All Perils,Sedan,20000 to 29000,0,1640,7,400,2,more than 30,more than 30,none,more than 7,51 to 65,No,No,External,more than 5,no change,1 vehicle,1994,All Perils
5,2,5,Pontiac,Urban,3,5,2,Female,Married,38,Policy Holder,Sedan - All Perils,Sedan,20000 to 29000,0,1641,10,400,4,more than 30,more than 30,none,7 years,36 to 40,No,No,External,none,no change,3 to 4,1994,All Perils
4,3,5,Chevrolet,Urban,1,9,1,Male,Married,48,Policy Holder,Utility - Liability,Utility,more than 69000,0,1642,14,400,3,more than 30,more than 30,1,more than 7,41 to 50,No,No,External,more than 5,no change,1 vehicle,1994,Liability
9,3,3,Honda,Urban,4,9,3,Male,Married,54,Policy Holder,Sedan - Liability,Sport,30000 to 39000,0,1643,15,400,2,more than 30,more than 30,more than 4,more than 7,41 to 50,No,No,External,more than 5,no change,1 vehicle,1994,Liability
9,3,3,Mazda,Urban,3,10,3,Male,Married,43,Third Party,Sedan - Collision,Sedan,20000 to 29000,0,1644,3,700,3,more than 30,more than 30,none,7 years,36 to 40,No,No,External,more than 5,no change,1 vehicle,1994,Collision
10,1,4,Ford,Urban,1,6,1,Male,Married,53,Policy Holder,Sedan - Liability,Sport,40000 to 59000,0,1645,15,400,3,more than 30,more than 30,more than 4,more than 7,41 to 50,No,No,External,3 to 5,no change,1 vehicle,1994,Liability
6,1,3,Chevrolet,Urban,5,8,1,Female,Single,28,Policy Holder,Sedan - Liability,Sport,20000 to 29000,0,1646,13,400,4,more than 30,more than 30,more than 4,5 years,31 to 35,No,No,External,more than 5,no change,1 vehicle,1994,Liability
8,2,2,Mazda,Urban,2,6,3,Female,Single,29,Policy Holder,Sedan - Liability,Sport,20000 to 29000,0,1647,10,400,4,more than 30,more than 30,2 to 4,5 years,31 to 35,No,No,External,3 to 5,no change,1 vehicle,1994,Liability
6,1,4,Mazda,Urban,2,6,1,Female,Single,38,Policy Holder,Sedan - Liability,Sport,20000 to 29000,0,1648,16,400,3,more than 30,more than 30,2 to 4,6 years,36 to 40,No,No,External,1 to 2,no change,1 vehicle,1994,Liability
6,2,1,Pontiac,Urban,2,10,2,Male,Single,31,Policy Holder,Sedan - Collision,Sedan,20000 to 29000,0,1649,4,400,4,more than 30,more than 30,1,6 years,31 to 35,Yes,No,External,1 to 2,no change,1 vehicle,1994,Collision
10,2,2,Mazda,Urban,5,10,2,Male,Married,35,Policy Holder,Sedan - Collision,Sedan,more than 69000,0,1650,15,400,4,more than 30,more than 30,2 to 4,7 years,31 to 35,No,No,External,3 to 5,no change,1 vehicle,1994,Collision
10,3,5,Honda,Urban,1,10,3,Male,Single,17,Third Party,Sport - Collision,Sport,more than 69000,0,1651,14,400,4,more than 30,more than 30,none,3 years,18 to 20,No,No,External,none,no change,1 vehicle,1994,Collision
10,2,3,Mazda,Urban,1,12,3,Female,Married,37,Third Party,Sedan - All Perils,Sedan,20000 to 29000,0,1652,3,400,4,more than 30,more than 30,1,7 years,36 to 40,No,No,External,3 to 5,no change,1 vehicle,1994,All Perils
10,2,2,Chevrolet,Rural,4,3,2,Male,Married,44,Policy Holder,Utility - All Perils,Utility,more than 69000,0,1653,1,400,1,more than 30,more than 30,more than 4,7 years,36 to 40,No,No,External,1 to 2,no change,1 vehicle,1994,All Perils
3,1,3,Chevrolet,Urban,5,2,1,Female,Married,55,Third Party,Sedan - Collision,Sedan,20000 to 29000,0,1654,15,400,2,more than 30,more than 30,2 to 4,5 years,41 to 50,No,No,External,none,no change,1 vehicle,1994,Collision
12,2,7,Mazda,Urban,1,10,1,Male,Married,26,Policy Holder,Sedan - All Perils,Sedan,more than 69000,0,1655,1,400,3,more than 30,more than 30,1,7 years,31 to 35,No,No,External,more than 5,no change,1 vehicle,1994,All Perils
10,3,3,Mazda,Urban,4,3,3,Male,Married,34,Policy Holder,Sedan - Liability,Sport,30000 to 39000,0,1656,6,400,1,more than 30,more than 30,2 to 4,7 years,31 to 35,Yes,No,External,more than 5,no change,1 vehicle,1994,Liability
1,3,4,Honda,Urban,5,2,3,Male,Single,58,Policy Holder,Sport - Collision,Sport,more than 69000,0,1657,7,400,4,more than 30,more than 30,none,7 years,51 to 65,No,No,External,3 to 5,no change,1 vehicle,1994,Collision
1,4,4,Pontiac,Urban,1,3,2,Male,Married,50,Third Party,Sedan - All Perils,Sedan,less than 20000,0,1658,13,400,4,more than 30,more than 30,none,more than 7,41 to 50,No,No,External,none,no change,1 vehicle,1994,All Perils
3,2,3,Toyota,Urban,3,3,3,Male,Married,32,Third Party,Sedan - Collision,Sedan,20000 to 29000,0,1659,14,400,2,more than 30,more than 30,none,6 years,31 to 35,No,No,External,1 to 2,no change,1 vehicle,1994,Collision
3,1,2,Mazda,Urban,3,3,1,Male,Married,50,Third Party,Sedan - Liability,Sport,20000 to 29000,0,1660,3,400,4,more than 30,more than 30,2 to 4,more than 7,41 to 50,No,No,External,3 to 5,4 to 8 years,2 vehicles,1994,Liability
3,1,5,Pontiac,Rural,3,1,2,Male,Married,34,Policy Holder,Sedan - All Perils,Sedan,30000 to 39000,1,1661,6,400,4,more than 30,more than 30,none,7 years,31 to 35,No,No,External,none,no change,1 vehicle,1994,All Perils
1,3,7,Chevrolet,Urban,3,2,4,Male,Married,60,Policy Holder,Utility - All Perils,Utility,more than 69000,0,1662,14,400,3,more than 30,more than 30,2 to 4,more than 7,51 to 65,No,No,External,1 to 2,no change,1 vehicle,1994,All Perils
1,4,5,Chevrolet,Urban,2,6,1,Male,Single,28,Policy Holder,Sedan - All Perils,Sedan,20000 to 29000,0,1663,1,400,3,more than 30,more than 30,none,6 years,31 to 35,No,No,External,3 to 5,no change,1 vehicle,1994,All Perils
6,2,6,Toyota,Urban,5,12,4,Male,Married,32,Policy Holder,Sedan - Collision,Sedan,20000 to 29000,0,1664,3,400,1,more than 30,more than 30,2 to 4,7 years,31 to 35,No,No,External,1 to 2,no change,1 vehicle,1994,Collision
11,4,5,Pontiac,Urban,6,2,1,Male,Married,43,Policy Holder,Sedan - Collision,Sedan,20000 to 29000,0,1665,9,400,1,more than 30,more than 30,1,6 years,36 to 40,No,No,External,none,no change,1 vehicle,1994,Collision
2,2,5,Toyota,Urban,2,12,2,Female,Single,35,Third Party,Sedan - Liability,Sport,30000 to 39000,0,1666,7,400,3,more than 30,more than 30,none,6 years,31 to 35,No,No,External,more than 5,no change,1 vehicle,1994,Liability
12,4,2,Honda,Urban,1,3,4,Male,Married,29,Policy Holder,Sedan - Collision,Sedan,30000 to 39000,0,1667,11,400,4,more than 30,more than 30,2 to 4,6 years,31 to 35,No,No,External,1 to 2,no change,1 vehicle,1994,Collision
3,1,7,Pontiac,Urban,1,5,2,Male,Single,42,Third Party,Sedan - Collision,Sedan,less than 20000,0,1668,6,400,1,more than 30,more than 30,1,7 years,36 to 40,No,No,External,none,no change,1 vehicle,1994,Collision
5,1,2,Honda,Urban,2,5,1,Male,Single,0,Policy Holder,Sedan - Collision,Sedan,more than 69000,0,1669,6,400,3,more than 30,more than 30,none,new,16 to 17,No,No,External,none,no change,1 vehicle,1994,Collision
5,1,3,Toyota,Urban,3,6,2,Male,Married,58,Policy Holder,Sedan - Collision,Sedan,more than 69000,0,1670,16,400,2,more than 30,more than 30,1,more than 7,51 to 65,No,No,External,more than 5,no change,1 vehicle,1994,Collision
5,1,4,Mazda,Urban,2,7,2,Male,Married,52,Policy Holder,Sedan - All Perils,Sedan,more than 69000,0,1671,6,400,4,more than 30,more than 30,2 to 4,more than 7,41 to 50,No,No,External,more than 5,no change,1 vehicle,1994,All Perils
6,5,1,Honda,Urban,1,11,1,Male,Single,35,Third Party,Sedan - All Perils,Sedan,20000 to 29000,0,1672,3,400,2,more than 30,more than 30,none,7 years,31 to 35,No,No,External,more than 5,no change,1 vehicle,1994,All Perils
11,4,3,Chevrolet,Rural,4,12,4,Male,Married,42,Policy Holder,Sedan - All Perils,Sedan,30000 to 39000,0,1673,2,400,2,more than 30,more than 30,1,7 years,36 to 40,No,No,External,more than 5,no change,1 vehicle,1994,All Perils
12,3,2,Saab,Urban,2,1,5,Male,Married,34,Policy Holder,Sedan - Collision,Sedan,30000 to 39000,0,1674,16,400,4,more than 30,more than 30,none,6 years,31 to 35,No,No,External,none,no change,1 vehicle,1994,Collision
1,5,3,Honda,Urban,1,3,5,Male,Married,44,Policy Holder,Sedan - Liability,Sport,20000 to 29000,0,1675,9,700,1,more than 30,more than 30,more than 4,7 years,36 to 40,No,No,External,more than 5,no change,1 vehicle,1994,Liability
3,1,1,Honda,Urban,1,1,2,Male,Single,0,Policy Holder,Sedan - All Perils,Sedan,more than 69000,1,1676,15,400,4,more than 30,more than 30,none,new,16 to 17,No,No,External,none,no change,1 vehicle,1994,All Perils
1,5,3,Chevrolet,Rural,5,2,5,Male,Married,38,Policy Holder,Utility - All Perils,Utility,more than 69000,0,1677,9,400,1,more than 30,more than 30,none,7 years,36 to 40,No,No,External,3 to 5,no change,1 vehicle,1994,All Perils
1,4,7,Pontiac,Urban,1,5,1,Male,Married,37,Policy Holder,Sedan - Liability,Sport,30000 to 39000,0,1678,7,400,4,more than 30,more than 30,2 to 4,6 years,36 to 40,No,No,External,1 to 2,no change,1 vehicle,1994,Liability
4,4,3,Chevrolet,Urban,1,3,1,Male,Married,29,Policy Holder,Sedan - Collision,Sedan,30000 to 39000,0,1679,14,400,2,more than 30,more than 30,none,6 years,31 to 35,No,No,External,none,no change,1 vehicle,1994,Collision
3,1,2,Toyota,Urban,3,5,2,Female,Married,45,Policy Holder,Sedan - All Perils,Sedan,less than 20000,1,1680,4,400,1,more than 30,more than 30,1,7 years,36 to 40,No,No,External,none,no change,1 vehicle,1994,All Perils
5,4,2,Toyota,Urban,1,10,4,Female,Single,44,Policy Holder,Sedan - All Perils,Sedan,less than 20000,0,1681,2,400,3,more than 30,more than 30,none,7 years,36 to 40,No,No,External,none,4 to 8 years,2 vehicles,1994,All Perils
6,5,3,Pontiac,Rural,2,3,2,Male,Married,65,Policy Holder,Sedan - Liability,Sport,30000 to 39000,0,1682,16,400,1,more than 30,more than 30,1,more than 7,51 to 65,No,No,External,none,no change,3 to 4,1994,Liability
3,1,6,Accura,Urban,1,9,2,Male,Married,38,Policy Holder,Sedan - All Perils,Sedan,30000 to 39000,1,1683,9,400,2,more than 30,more than 30,2 to 4,7 years,36 to 40,No,No,External,none,no change,1 vehicle,1994,All Perils
9,2,3,Accura,Urban,5,3,2,Male,Married,42,Policy Holder,Sedan - Collision,Sedan,20000 to 29000,0,1684,15,500,2,more than 30,more than 30,1,7 years,36 to 40,No,No,External,more than 5,2 to 3 years,1 vehicle,1994,Collision
3,1,1,Chevrolet,Rural,1,10,1,Male,Single,30,Policy Holder,Sedan - All Perils,Sedan,more than 69000,1,1685,9,400,2,more than 30,more than 30,1,5 years,31 to 35,No,No,External,none,no change,1 vehicle,1994,All Perils
10,2,3,Pontiac,Urban,5,3,2,Male,Single,33,Policy Holder,Sedan - Liability,Sport,20000 to 29000,0,1686,14,400,1,more than 30,more than 30,more than 4,6 years,31 to 35,No,No,External,more than 5,no change,1 vehicle,1994,Liability
3,1,4,Ford,Urban,2,10,1,Male,Single,32,Policy Holder,Sedan - Collision,Sedan,40000 to 59000,1,1687,8,400,2,more than 30,more than 30,2 to 4,3 years,31 to 35,No,No,External,3 to 5,no change,1 vehicle,1994,Collision
10,2,3,Chevrolet,Urban,5,3,3,Female,Married,49,Policy Holder,Sedan - Liability,Sport,20000 to 29000,0,1688,9,400,1,more than 30,more than 30,2 to 4,more than 7,41 to 50,No,No,External,none,no change,1 vehicle,1994,Liability
3,1,3,Honda,Urban,3,3,1,Male,Single,0,Policy Holder,Sedan - All Perils,Sedan,more than 69000,1,1689,7,400,4,more than 30,more than 30,none,new,16 to 17,No,No,External,none,no change,1 vehicle,1994,All Perils
3,1,3,Toyota,Rural,5,1,1,Male,Single,34,Policy Holder,Sedan - Collision,Sedan,20000 to 29000,1,1690,8,400,4,more than 30,more than 30,1,5 years,31 to 35,No,No,External,none,no change,1 vehicle,1994,Collision
12,3,7,Saturn,Urban,3,1,4,Male,Married,31,Policy Holder,Sedan - Collision,Sedan,30000 to 39000,0,1691,3,400,2,more than 30,more than 30,1,6 years,31 to 35,No,No,External,none,no change,1 vehicle,1994,Collision
1,3,5,Mazda,Urban,4,2,4,Male,Married,40,Policy Holder,Sedan - Collision,Sedan,20000 to 29000,0,1692,12,400,1,more than 30,more than 30,2 to 4,more than 7,36 to 40,No,No,External,3 to 5,no change,1 vehicle,1994,Collision
1,4,5,Toyota,Urban,1,1,1,Male,Single,33,Policy Holder,Sedan - Collision,Sedan,30000 to 39000,0,1693,3,400,2,more than 30,more than 30,2 to 4,7 years,31 to 35,No,No,External,more than 5,no change,1 vehicle,1994,Collision
1,4,4,Chevrolet,Urban,1,6,5,Male,Single,35,Policy Holder,Sedan - Collision,Sedan,60000 to 69000,0,1694,2,400,2,more than 30,more than 30,1,5 years,31 to 35,No,No,External,none,no change,1 vehicle,1994,Collision
5,4,7,Mazda,Urban,4,6,2,Female,Married,39,Policy Holder,Sedan - Liability,Sport,20000 to 29000,0,1695,4,400,4,more than 30,more than 30,1,more than 7,36 to 40,No,No,External,1 to 2,no change,1 vehicle,1994,Liability
5,5,7,Pontiac,Urban,2,6,1,Male,Married,36,Policy Holder,Sedan - Liability,Sport,30000 to 39000,0,1696,5,400,1,more than 30,more than 30,2 to 4,6 years,36 to 40,No,No,Internal,1 to 2,no change,1 vehicle,1994,Liability
6,2,2,Ford,Urban,2,6,2,Male,Married,30,Policy Holder,Sedan - Liability,Sport,60000 to 69000,0,1697,2,400,3,more than 30,more than 30,more than 4,7 years,31 to 35,No,No,External,more than 5,no change,1 vehicle,1994,Liability
6,2,1,Toyota,Urban,2,7,2,Female,Single,30,Policy Holder,Sedan - Collision,Sedan,20000 to 29000,0,1698,10,400,3,more than 30,more than 30,none,6 years,31 to 35,No,No,External,none,no change,1 vehicle,1994,Collision
7,4,7,Toyota,Urban,3,10,4,Male,Married,54,Policy Holder,Sedan - Collision,Sedan,20000 to 29000,0,1699,14,400,3,more than 30,more than 30,2 to 4,more than 7,41 to 50,No,No,External,more than 5,no change,1 vehicle,1994,Collision
8,2,7,Honda,Urban,2,10,2,Male,Married,31,Policy Holder,Sedan - Collision,Sedan,20000 to 29000,0,1700,9,400,2,more than 30,more than 30,2 to 4,6 years,31 to 35,No,No,External,3 to 5,no change,1 vehicle,1994,Collision
10,1,2,Pontiac,Urban,2,10,2,Male,Married,51,Policy Holder,Sedan - Collision,Sedan,30000 to 39000,0,1701,16,400,2,more than 30,more than 30,1,more than 7,41 to 50,No,No,External,more than 5,no change,1 vehicle,1994,Collision
10,1,5,Chevrolet,Urban,3,10,1,Male,Married,45,Third Party,Sedan - Liability,Sport,30000 to 39000,0,1702,7,400,4,more than 30,more than 30,2 to 4,7 years,36 to 40,No,No,External,more than 5,4 to 8 years,2 vehicles,1994,Liability
10,1,4,Pontiac,Urban,5,10,2,Male,Married,36,Policy Holder,Sedan - All Perils,Sedan,20000 to 29000,0,1703,3,400,4,more than 30,more than 30,none,7 years,36 to 40,No,No,External,more than 5,no change,1 vehicle,1994,All Perils
10,2,4,VW,Urban,1,12,2,Male,Single,59,Policy Holder,Sedan - Liability,Sport,more than 69000,0,1704,6,400,1,more than 30,more than 30,2 to 4,more than 7,51 to 65,No,No,External,more than 5,no change,1 vehicle,1994,Liability
12,2,6,Honda,Rural,3,11,2,Male,Married,37,Policy Holder,Sedan - Collision,Sedan,less than 20000,0,1705,9,400,3,more than 30,more than 30,1,7 years,36 to 40,No,No,External,1 to 2,no change,1 vehicle,1994,Collision
11,2,6,Mazda,Urban,1,10,4,Female,Married,39,Policy Holder,Sedan - Liability,Sport,20000 to 29000,0,1706,3,700,2,more than 30,more than 30,1,more than 7,36 to 40,No,No,External,none,no change,1 vehicle,1994,Liability
10,4,1,Accura,Urban,4,10,4,Male,Married,55,Policy Holder,Sedan - Collision,Sedan,30000 to 39000,0,1707,7,400,4,more than 30,more than 30,none,more than 7,41 to 50,No,No,External,more than 5,no change,1 vehicle,1994,Collision
10,4,6,Nisson,Rural,1,10,4,Male,Married,43,Policy Holder,Utility - Collision,Utility,more than 69000,0,1708,5,400,2,more than 30,more than 30,2 to 4,7 years,36 to 40,No,No,External,3 to 5,no change,1 vehicle,1994,Collision
10,4,4,Dodge,Urban,5,10,4,Male,Single,27,Policy Holder,Sedan - Liability,Sport,20000 to 29000,0,1709,8,400,1,more than 30,more than 30,2 to 4,6 years,31 to 35,No,No,External,1 to 2,no change,1 vehicle,1994,Liability
10,3,3,Mazda,Urban,5,10,3,Male,Married,29,Policy Holder,Sedan - Collision,Sedan,more than 69000,0,1710,13,400,1,more than 30,more than 30,1,7 years,31 to 35,Yes,No,External,1 to 2,no change,1 vehicle,1994,Collision
10,1,7,Accura,Urban,4,10,4,Male,Married,33,Policy Holder,Sedan - All Perils,Sedan,more than 69000,0,1711,8,400,3,more than 30,more than 30,2 to 4,6 years,31 to 35,No,No,External,none,no change,1 vehicle,1994,All Perils
10,1,4,Mazda,Urban,4,9,4,Male,Married,39,Policy Holder,Sedan - Collision,Sedan,20000 to 29000,0,1712,9,400,2,more than 30,more than 30,more than 4,7 years,36 to 40,No,No,External,more than 5,no change,1 vehicle,1994,Collision
9,3,3,Pontiac,Urban,5,10,3,Male,Married,54,Policy Holder,Sedan - Collision,Sedan,20000 to 29000,0,1713,7,400,2,more than 30,more than 30,2 to 4,more than 7,41 to 50,No,No,External,1 to 2,no change,1 vehicle,1994,Collision
8,5,5,Toyota,Urban,5,7,4,Female,Married,27,Third Party,Sedan - Liability,Sport,20000 to 29000,0,1714,12,400,4,more than 30,more than 30,more than 4,7 years,31 to 35,No,No,External,3 to 5,no change,1 vehicle,1994,Liability
7,5,5,Toyota,Urban,2,10,5,Male,Married,30,Policy Holder,Sedan - Liability,Sport,20000 to 29000,0,1715,15,400,2,more than 30,more than 30,2 to 4,6 years,31 to 35,No,No,External,none,no change,1 vehicle,1994,Liability
7,4,3,Toyota,Urban,2,6,3,Female,Single,27,Policy Holder,Sedan - Collision,Sedan,20000 to 29000,0,1716,15,400,3,more than 30,more than 30,none,4 years,31 to 35,Yes,No,External,1 to 2,no change,1 vehicle,1994,Collision
6,2,3,Accura,Urban,1,6,2,Male,Married,31,Third Party,Sedan - Collision,Sedan,30000 to 39000,0,1717,7,400,2,more than 30,more than 30,2 to 4,7 years,31 to 35,No,No,External,none,no change,1 vehicle,1994,Collision
6,2,2,Chevrolet,Urban,4,6,4,Male,Married,46,Policy Holder,Sedan - Collision,Sedan,30000 to 39000,0,1718,5,400,1,more than 30,more than 30,1,more than 7,41 to 50,No,No,Internal,1 to 2,no change,1 vehicle,1994,Collision
5,5,4,Ford,Urban,5,6,1,Male,Married,53,Policy Holder,Sedan - Liability,Sport,60000 to 69000,0,1719,9,400,3,more than 30,more than 30,2 to 4,more than 7,41 to 50,No,No,Internal,3 to 5,no change,1 vehicle,1994,Liability
6,1,7,Chevrolet,Rural,1,5,1,Female,Single,31,Third Party,Sedan - Collision,Sedan,20000 to 29000,0,1720,4,400,3,more than 30,more than 30,2 to 4,5 years,31 to 35,No,No,External,1 to 2,no change,1 vehicle,1994,Collision
5,5,1,Honda,Urban,4,5,5,Male,Married,48,Policy Holder,Sedan - Collision,Sedan,30000 to 39000,0,1721,8,400,4,more than 30,more than 30,1,more than 7,41 to 50,No,No,External,1 to 2,no change,1 vehicle,1994,Collision
5,3,5,Toyota,Urban,5,5,3,Female,Single,80,Policy Holder,Sedan - All Perils,Sedan,less than 20000,0,1722,15,400,2,more than 30,more than 30,1,7 years,over 65,No,No,External,more than 5,no change,1 vehicle,1994,All Perils
5,1,1,Toyota,Urban,3,6,2,Female,Single,33,Policy Holder,Sedan - Collision,Sedan,20000 to 29000,0,1723,9,400,2,more than 30,more than 30,2 to 4,6 years,31 to 35,No,No,External,none,4 to 8 years,3 to 4,1994,Collision
5,1,7,Honda,Urban,1,5,4,Male,Married,48,Policy Holder,Sedan - Liability,Sport,30000 to 39000,0,1724,4,400,3,more than 30,more than 30,2 to 4,7 years,41 to 50,No,No,External,none,no change,1 vehicle,1994,Liability
4,3,4,Toyota,Urban,2,4,2,Male,Married,36,Policy Holder,Sedan - Collision,Sedan,30000 to 39000,0,1725,5,400,4,more than 30,more than 30,1,7 years,36 to 40,No,No,External,more than 5,no change,1 vehicle,1994,Collision
4,1,1,Toyota,Urban,1,3,4,Male,Married,30,Policy Holder,Sedan - All Perils,Sedan,more than 69000,0,1726,13,400,2,more than 30,more than 30,none,7 years,31 to 35,No,No,External,none,no change,1 vehicle,1994,All Perils
3,2,2,Toyota,Urban,3,2,2,Female,Married,32,Policy Holder,Sedan - Liability,Sport,20000 to 29000,0,1727,9,400,2,more than 30,more than 30,2 to 4,6 years,31 to 35,No,No,External,more than 5,no change,1 vehicle,1994,Liability
2,2,1,VW,Urban,3,2,2,Male,Single,51,Third Party,Sedan - Liability,Sport,40000 to 59000,0,1728,1,400,3,more than 30,more than 30,1,7 years,41 to 50,No,No,External,more than 5,no change,1 vehicle,1994,Liability
2,1,1,Pontiac,Urban,3,2,3,Male,Married,51,Third Party,Sedan - Collision,Sedan,30000 to 39000,0,1729,15,400,2,more than 30,more than 30,2 to 4,more than 7,41 to 50,No,No,External,more than 5,no change,1 vehicle,1994,Collision
2,1,1,Toyota,Urban,2,2,2,Female,Married,31,Policy Holder,Sedan - Liability,Sport,20000 to 29000,0,1730,11,400,4,more than 30,more than 30,more than 4,6 years,31 to 35,No,No,External,more than 5,1 year,1 vehicle,1994,Liability
2,1,1,Pontiac,Urban,3,2,2,Female,Married,33,Policy Holder,Sedan - Collision,Sedan,20000 to 29000,0,1731,11,400,3,more than 30,more than 30,1,7 years,31 to 35,No,No,External,3 to 5,no change,1 vehicle,1994,Collision
2,1,5,Honda,Urban,3,3,3,Female,Married,41,Policy Holder,Sport - Collision,Sport,more than 69000,0,1732,16,400,4,more than 30,more than 30,none,7 years,36 to 40,No,No,External,none,no change,1 vehicle,1994,Collision
3,1,3,Honda,Urban,4,2,2,Male,Married,54,Third Party,Sport - Collision,Sport,more than 69000,0,1733,7,400,3,more than 30,more than 30,none,more than 7,41 to 50,No,No,External,none,no change,1 vehicle,1994,Collision
2,1,3,Accura,Urban,2,2,3,Male,Married,45,Policy Holder,Sedan - Liability,Sport,more than 69000,0,1734,14,400,2,more than 30,more than 30,1,more than 7,36 to 40,No,No,External,3 to 5,no change,1 vehicle,1994,Liability
2,1,2,Toyota,Urban,4,2,2,Male,Married,49,Policy Holder,Sedan - Liability,Sport,20000 to 29000,0,1735,4,500,2,more than 30,more than 30,more than 4,more than 7,41 to 50,No,No,External,more than 5,2 to 3 years,1 vehicle,1994,Liability
1,5,6,Mazda,Urban,3,3,3,Male,Married,55,Policy Holder,Sedan - Liability,Sport,30000 to 39000,0,1736,13,400,1,more than 30,more than 30,1,7 years,41 to 50,No,No,External,none,no change,1 vehicle,1994,Liability
3,1,6,Honda,Urban,2,3,3,Male,Single,0,Policy Holder,Sedan - All Perils,Sedan,more than 69000,1,1737,16,400,1,more than 30,more than 30,none,new,16 to 17,No,No,External,none,no change,1 vehicle,1994,All Perils
3,1,2,Toyota,Urban,3,2,2,Male,Married,36,Policy Holder,Sedan - All Perils,Sedan,more than 69000,1,1738,4,400,4,more than 30,more than 30,1,7 years,36 to 40,No,No,External,more than 5,no change,1 vehicle,1994,All Perils
1,5,5,Honda,Urban,2,2,1,Male,Single,33,Policy Holder,Sedan - Liability,Sport,20000 to 29000,0,1739,15,400,2,more than 30,more than 30,none,5 years,31 to 35,No,No,External,none,no change,1 vehicle,1994,Liability
1,4,6,Mazda,Urban,1,2,2,Female,Single,27,Third Party,Sedan - Collision,Sedan,20000 to 29000,0,1740,3,400,1,more than 30,more than 30,2 to 4,7 years,31 to 35,No,No,External,more than 5,no change,1 vehicle,1994,Collision
1,5,4,Toyota,Urban,5,1,1,Male,Married,29,Policy Holder,Sedan - Liability,Sport,30000 to 39000,0,1741,6,400,1,more than 30,more than 30,more than 4,7 years,31 to 35,No,No,External,none,no change,1 vehicle,1994,Liability
1,4,2,Mazda,Urban,3,2,4,Female,Single,29,Policy Holder,Sedan - Collision,Sedan,30000 to 39000,0,1742,8,400,4,more than 30,more than 30,2 to 4,6 years,31 to 35,No,No,External,none,no change,1 vehicle,1994,Collision
1,4,3,Toyota,Urban,4,1,2,Female,Married,45,Policy Holder,Sedan - Liability,Sport,30000 to 39000,0,1743,16,400,3,more than 30,more than 30,2 to 4,7 years,36 to 40,No,No,External,3 to 5,no change,1 vehicle,1994,Liability
1,4,6,Honda,Urban,2,1,4,Male,Married,34,Third Party,Sedan - Collision,Sedan,20000 to 29000,0,1744,9,400,2,more than 30,more than 30,1,7 years,31 to 35,No,No,External,1 to 2,4 to 8 years,2 vehicles,1994,Collision
1,4,6,Pontiac,Urban,3,3,5,Male,Single,31,Policy Holder,Sedan - Liability,Sport,20000 to 29000,0,1745,13,400,3,more than 30,more than 30,1,6 years,31 to 35,No,No,External,more than 5,no change,1 vehicle,1994,Liability
3,1,1,Honda,Urban,4,1,2,Female,Married,40,Third Party,Sedan - All Perils,Sedan,20000 to 29000,0,1746,3,400,2,more than 30,more than 30,none,6 years,36 to 40,No,No,External,3 to 5,no change,1 vehicle,1994,All Perils
1,4,6,Mazda,Urban,4,1,4,Male,Single,18,Policy Holder,Sport - Collision,Sport,more than 69000,0,1747,6,400,1,more than 30,more than 30,none,5 years,21 to 25,No,No,External,none,no change,1 vehicle,1994,Collision
1,4,1,Honda,Urban,3,1,4,Male,Married,55,Policy Holder,Sport - Collision,Sport,more than 69000,0,1748,15,400,1,more than 30,more than 30,none,7 years,41 to 50,No,No,External,none,no change,1 vehicle,1994,Collision
1,4,5,Toyota,Urban,3,1,4,Male,Single,37,Policy Holder,Sedan - Liability,Sport,30000 to 39000,0,1749,16,400,2,more than 30,more than 30,more than 4,7 years,36 to 40,No,No,External,none,no change,1 vehicle,1994,Liability
1,3,6,Pontiac,Urban,1,1,4,Male,Married,48,Policy Holder,Sedan - Liability,Sport,30000 to 39000,0,1750,4,400,1,more than 30,more than 30,2 to 4,more than 7,41 to 50,No,No,External,more than 5,no change,1 vehicle,1994,Liability
1,3,6,Ford,Urban,2,1,3,Male,Married,38,Policy Holder,Sedan - Collision,Sedan,more than 69000,0,1751,14,400,3,more than 30,more than 30,none,7 years,36 to 40,No,No,External,none,no change,1 vehicle,1994,Collision
1,3,1,Toyota,Urban,2,1,3,Male,Married,78,Policy Holder,Sedan - All Perils,Sedan,less than 20000,0,1752,4,400,1,more than 30,more than 30,none,more than 7,over 65,No,No,External,more than 5,no change,1 vehicle,1994,All Perils
1,3,6,Pontiac,Urban,2,3,3,Male,Married,42,Third Party,Sedan - Collision,Sedan,20000 to 29000,0,1753,11,400,1,more than 30,more than 30,none,7 years,36 to 40,No,No,External,none,no change,1 vehicle,1994,Collision
3,1,3,Chevrolet,Urban,4,1,4,Male,Married,48,Third Party,Sedan - All Perils,Sedan,more than 69000,0,1754,13,400,1,more than 30,more than 30,2 to 4,more than 7,41 to 50,No,No,External,3 to 5,no change,1 vehicle,1994,All Perils
1,1,2,Pontiac,Rural,3,1,1,Male,Married,61,Policy Holder,Sedan - Collision,Sedan,30000 to 39000,0,1755,4,400,2,more than 30,more than 30,1,more than 7,51 to 65,No,No,External,more than 5,no change,1 vehicle,1994,Collision
1,1,4,Ford,Urban,1,1,2,Male,Married,42,Policy Holder,Sedan - Collision,Sedan,more than 69000,0,1756,6,400,2,more than 30,more than 30,none,more than 7,36 to 40,No,No,External,none,no change,1 vehicle,1994,Collision
1,1,4,VW,Urban,1,1,2,Male,Married,60,Policy Holder,Sedan - Collision,Sedan,40000 to 59000,0,1757,10,400,3,more than 30,more than 30,more than 4,more than 7,51 to 65,No,No,External,more than 5,no change,1 vehicle,1994,Collision
12,5,3,Toyota,Urban,4,1,3,Male,Single,25,Policy Holder,Sedan - All Perils,Sedan,20000 to 29000,0,1758,11,400,1,more than 30,more than 30,2 to 4,5 years,26 to 30,No,No,External,1 to 2,no change,1 vehicle,1994,All Perils
12,5,2,Honda,Urban,2,12,2,Male,Married,55,Policy Holder,Sedan - Liability,Sport,more than 69000,0,1759,15,400,1,more than 30,more than 30,1,7 years,41 to 50,No,No,External,3 to 5,no change,1 vehicle,1994,Liability
12,2,3,Chevrolet,Urban,1,11,2,Female,Divorced,36,Policy Holder,Sedan - Collision,Sedan,20000 to 29000,0,1760,7,400,2,more than 30,more than 30,1,6 years,36 to 40,No,No,External,none,no change,1 vehicle,1994,Collision
11,1,4,Pontiac,Urban,3,1,2,Male,Single,51,Policy Holder,Sedan - Collision,Sedan,20000 to 29000,0,1761,8,400,4,more than 30,more than 30,none,more than 7,41 to 50,No,No,External,more than 5,no change,1 vehicle,1994,Collision
10,4,7,Toyota,Urban,2,9,4,Male,Married,44,Policy Holder,Sedan - Liability,Sport,20000 to 29000,0,1762,4,400,1,more than 30,more than 30,more than 4,7 years,36 to 40,Yes,No,External,more than 5,no change,1 vehicle,1994,Liability
9,4,7,Pontiac,Urban,3,9,4,Male,Married,32,Policy Holder,Sedan - All Perils,Sedan,20000 to 29000,0,1763,8,400,1,more than 30,more than 30,1,6 years,31 to 35,No,No,External,none,no change,1 vehicle,1994,All Perils
9,3,1,Toyota,Urban,1,9,5,Male,Married,39,Policy Holder,Sedan - Liability,Sport,20000 to 29000,0,1764,5,400,4,more than 30,more than 30,2 to 4,7 years,36 to 40,No,No,External,1 to 2,no change,3 to 4,1994,Liability
9,2,6,Pontiac,Urban,2,3,2,Male,Single,31,Policy Holder,Sedan - Collision,Sedan,20000 to 29000,0,1765,14,400,4,more than 30,more than 30,none,7 years,31 to 35,No,No,External,none,4 to 8 years,2 vehicles,1994,Collision
3,1,6,Honda,Urban,2,8,2,Male,Single,0,Policy Holder,Sedan - All Perils,Sedan,more than 69000,1,1766,1,400,2,more than 30,more than 30,1,new,16 to 17,No,No,External,none,no change,1 vehicle,1994,All Perils
8,3,6,Pontiac,Urban,1,8,4,Male,Married,44,Policy Holder,Sedan - Collision,Sedan,20000 to 29000,0,1767,7,400,3,more than 30,more than 30,more than 4,7 years,36 to 40,No,No,External,more than 5,no change,1 vehicle,1994,Collision
8,3,6,Mercury,Rural,3,8,5,Male,Single,34,Policy Holder,Sedan - Liability,Sport,20000 to 29000,0,1768,7,400,4,more than 30,more than 30,none,6 years,31 to 35,No,No,External,none,no change,1 vehicle,1994,Liability
8,1,2,VW,Urban,2,8,2,Female,Single,40,Policy Holder,Sedan - All Perils,Sedan,more than 69000,0,1769,8,400,2,more than 30,more than 30,2 to 4,6 years,36 to 40,No,No,External,none,no change,1 vehicle,1994,All Perils
8,1,5,Pontiac,Rural,5,7,1,Female,Single,29,Policy Holder,Sedan - All Perils,Sedan,30000 to 39000,0,1770,15,400,3,more than 30,more than 30,2 to 4,7 years,31 to 35,No,No,External,none,no change,1 vehicle,1994,All Perils
7,4,6,Pontiac,Urban,3,7,4,Male,Single,30,Policy Holder,Sedan - Liability,Sport,20000 to 29000,0,1771,14,400,1,more than 30,more than 30,2 to 4,7 years,31 to 35,No,No,External,none,no change,1 vehicle,1994,Liability
7,1,5,Pontiac,Urban,2,7,2,Male,Single,36,Policy Holder,Sedan - All Perils,Sedan,30000 to 39000,0,1772,5,400,2,more than 30,more than 30,more than 4,7 years,36 to 40,No,No,External,3 to 5,no change,1 vehicle,1994,All Perils
7,1,1,Honda,Rural,2,7,1,Male,Married,36,Third Party,Sedan - All Perils,Sedan,20000 to 29000,0,1773,14,400,1,more than 30,more than 30,1,more than 7,36 to 40,No,No,External,none,no change,1 vehicle,1994,All Perils
6,4,5,Accura,Urban,2,6,2,Male,Married,26,Policy Holder,Sedan - Liability,Sport,20000 to 29000,0,1774,14,400,3,more than 30,more than 30,none,7 years,31 to 35,No,No,Internal,3 to 5,no change,1 vehicle,1994,Liability
6,1,2,Toyota,Urban,3,5,2,Male,Married,40,Policy Holder,Sedan - All Perils,Sedan,20000 to 29000,0,1775,14,400,3,more than 30,more than 30,none,7 years,36 to 40,No,No,External,more than 5,no change,1 vehicle,1994,All Perils
5,4,5,Dodge,Urban,1,5,4,Male,Single,32,Policy Holder,Sedan - Collision,Sedan,30000 to 39000,0,1776,15,400,3,more than 30,more than 30,none,7 years,31 to 35,No,No,External,more than 5,no change,1 vehicle,1994,Collision
5,2,7,Chevrolet,Urban,1,3,3,Male,Married,35,Third Party,Sedan - Collision,Sedan,30000 to 39000,0,1777,16,400,4,more than 30,more than 30,none,7 years,31 to 35,No,No,External,3 to 5,no change,1 vehicle,1994,Collision
3,1,1,Mazda,Urban,2,5,2,Male,Single,29,Policy Holder,Sedan - Collision,Sedan,30000 to 39000,1,1778,3,400,4,more than 30,more than 30,more than 4,6 years,31 to 35,No,No,External,3 to 5,no change,1 vehicle,1994,Collision
5,1,1,VW,Rural,4,4,1,Male,Single,32,Third Party,Sedan - Collision,Sedan,20000 to 29000,0,1779,12,400,4,more than 30,more than 30,2 to 4,6 years,31 to 35,No,No,External,more than 5,no change,1 vehicle,1994,Collision
4,3,7,Mazda,Urban,1,3,4,Male,Single,35,Policy Holder,Sedan - Collision,Sedan,20000 to 29000,0,1780,10,400,2,more than 30,more than 30,2 to 4,6 years,31 to 35,No,No,External,more than 5,no change,1 vehicle,1994,Collision
3,1,3,Mazda,Rural,3,1,2,Male,Married,30,Policy Holder,Sedan - Collision,Sedan,more than 69000,1,1781,4,400,4,more than 30,more than 30,2 to 4,6 years,31 to 35,No,No,External,none,no change,1 vehicle,1994,Collision
1,3,2,Toyota,Urban,3,1,3,Male,Single,30,Policy Holder,Sedan - Collision,Sedan,20000 to 29000,0,1782,13,400,4,more than 30,more than 30,1,6 years,31 to 35,No,No,External,none,no change,1 vehicle,1994,Collision
1,3,3,Toyota,Urban,5,1,3,Male,Married,47,Policy Holder,Sedan - Liability,Sport,20000 to 29000,0,1783,16,400,4,more than 30,more than 30,more than 4,more than 7,41 to 50,No,No,External,3 to 5,no change,1 vehicle,1994,Liability
1,3,1,Mazda,Urban,3,1,5,Male,Married,50,Policy Holder,Sedan - Liability,Sport,40000 to 59000,0,1784,10,400,3,more than 30,more than 30,2 to 4,more than 7,41 to 50,No,No,External,more than 5,no change,1 vehicle,1994,Liability
1,3,1,Chevrolet,Urban,4,1,3,Male,Married,35,Policy Holder,Sedan - Liability,Sport,20000 to 29000,0,1785,6,400,3,more than 30,more than 30,more than 4,7 years,31 to 35,No,No,External,1 to 2,no change,1 vehicle,1994,Liability
1,3,7,Pontiac,Urban,2,1,3,Male,Married,63,Policy Holder,Sedan - All Perils,Sedan,less than 20000,0,1786,13,500,4,more than 30,more than 30,2 to 4,7 years,51 to 65,No,No,External,1 to 2,2 to 3 years,2 vehicles,1994,All Perils
1,3,1,Chevrolet,Urban,3,1,3,Male,Single,34,Policy Holder,Sedan - Collision,Sedan,20000 to 29000,0,1787,2,400,3,more than 30,more than 30,none,5 years,31 to 35,No,No,External,more than 5,no change,1 vehicle,1994,Collision
1,3,6,Pontiac,Rural,4,2,3,Male,Married,40,Third Party,Sedan - Collision,Sedan,20000 to 29000,0,1788,5,400,2,more than 30,more than 30,2 to 4,7 years,36 to 40,No,No,External,more than 5,no change,1 vehicle,1994,Collision
11,4,7,Honda,Urban,2,3,1,Male,Single,17,Policy Holder,Sport - Collision,Sport,more than 69000,0,1789,10,400,3,more than 30,more than 30,2 to 4,2 years,18 to 20,No,No,External,none,no change,1 vehicle,1994,Collision
3,1,7,Toyota,Urban,3,1,2,Male,Married,51,Policy Holder,Sedan - Collision,Sedan,30000 to 39000,1,1790,14,400,4,more than 30,more than 30,2 to 4,more than 7,41 to 50,No,No,External,1 to 2,no change,1 vehicle,1994,Collision
11,4,3,Pontiac,Urban,5,11,1,Male,Married,47,Policy Holder,Sedan - All Perils,Sedan,20000 to 29000,0,1791,14,400,4,more than 30,more than 30,2 to 4,more than 7,41 to 50,No,No,External,1 to 2,no change,1 vehicle,1994,All Perils
10,4,5,Honda,Urban,3,1,3,Male,Single,0,Policy Holder,Sedan - All Perils,Sedan,more than 69000,0,1792,12,400,2,more than 30,more than 30,2 to 4,new,16 to 17,No,No,External,none,no change,1 vehicle,1994,All Perils
11,2,5,Pontiac,Rural,2,1,2,Male,Single,27,Policy Holder,Sedan - All Perils,Sedan,less than 20000,0,1793,9,400,4,more than 30,more than 30,none,6 years,31 to 35,No,No,External,none,no change,1 vehicle,1994,All Perils
8,2,5,Pontiac,Urban,4,3,4,Male,Married,55,Policy Holder,Sedan - Liability,Sport,20000 to 29000,0,1794,11,400,2,more than 30,more than 30,2 to 4,6 years,41 to 50,No,No,External,none,no change,1 vehicle,1994,Liability
2,3,2,Ford,Urban,3,2,1,Male,Married,67,Policy Holder,Utility - All Perils,Utility,more than 69000,0,1795,11,400,3,more than 30,more than 30,none,more than 7,over 65,No,No,External,3 to 5,no change,1 vehicle,1994,All Perils
2,2,2,Pontiac,Rural,3,2,2,Male,Single,29,Third Party,Sedan - Collision,Sedan,20000 to 29000,0,1796,3,400,2,more than 30,more than 30,2 to 4,7 years,31 to 35,No,No,External,1 to 2,no change,1 vehicle,1994,Collision
2,2,6,VW,Urban,3,4,2,Female,Married,35,Policy Holder,Sedan - Collision,Sedan,30000 to 39000,0,1797,16,400,4,more than 30,more than 30,1,5 years,31 to 35,No,No,External,none,no change,1 vehicle,1994,Collision
3,1,1,Accura,Urban,5,2,1,Male,Married,36,Policy Holder,Sedan - Liability,Sport,20000 to 29000,0,1798,8,400,4,more than 30,more than 30,1,6 years,36 to 40,No,No,External,none,no change,1 vehicle,1994,Liability
2,3,6,Pontiac,Urban,2,2,3,Female,Widow,55,Policy Holder,Sedan - Collision,Sedan,20000 to 29000,0,1799,11,700,3,more than 30,more than 30,2 to 4,7 years,41 to 50,No,No,External,none,no change,1 vehicle,1994,Collision
1,5,1,Mazda,Urban,2,2,1,Male,Married,36,Third Party,Sedan - All Perils,Sedan,less than 20000,0,1800,2,400,3,more than 30,more than 30,2 to 4,more than 7,36 to 40,No,No,External,more than 5,no change,1 vehicle,1994,All Perils
1,5,5,Honda,Urban,2,4,1,Male,Single,0,Policy Holder,Sedan - Liability,Sport,more than 69000,0,1801,8,400,3,more than 30,more than 30,more than 4,new,16 to 17,No,No,External,none,no change,1 vehicle,1994,Liability
2,2,7,Pontiac,Urban,2,5,4,Male,Single,26,Third Party,Sedan - All Perils,Sedan,30000 to 39000,0,1802,10,400,2,more than 30,more than 30,1,6 years,31 to 35,No,No,External,3 to 5,no change,1 vehicle,1994,All Perils
5,5,7,Chevrolet,Rural,2,5,5,Female,Single,37,Policy Holder,Sedan - Collision,Sedan,20000 to 29000,0,1803,7,400,1,more than 30,more than 30,more than 4,7 years,36 to 40,No,No,External,none,no change,1 vehicle,1994,Collision
5,2,1,Pontiac,Urban,1,10,2,Male,Single,27,Policy Holder,Sedan - All Perils,Sedan,20000 to 29000,0,1804,8,400,1,more than 30,more than 30,2 to 4,7 years,31 to 35,No,No,External,none,no change,1 vehicle,1994,All Perils
10,5,1,Pontiac,Urban,2,3,5,Male,Married,48,Policy Holder,Sedan - Collision,Sedan,20000 to 29000,0,1805,5,400,2,more than 30,more than 30,none,more than 7,41 to 50,No,No,External,none,no change,3 to 4,1994,Collision
3,4,3,Pontiac,Urban,4,5,4,Male,Married,66,Third Party,Sedan - All Perils,Sedan,30000 to 39000,0,1806,6,400,4,more than 30,more than 30,none,more than 7,over 65,No,No,External,none,no change,1 vehicle,1994,All Perils
5,4,1,Pontiac,Urban,1,5,4,Male,Married,60,Policy Holder,Sedan - Collision,Sedan,20000 to 29000,0,1807,1,400,3,more than 30,more than 30,none,6 years,51 to 65,No,No,External,more than 5,4 to 8 years,2 vehicles,1994,Collision
5,3,3,Mazda,Urban,2,5,3,Female,Single,32,Policy Holder,Sedan - Liability,Sport,30000 to 39000,0,1808,16,400,3,more than 30,more than 30,1,6 years,31 to 35,No,No,External,none,no change,1 vehicle,1994,Liability
5,2,6,Honda,Urban,2,7,3,Female,Single,26,Policy Holder,Sedan - All Perils,Sedan,less than 20000,0,1809,6,400,2,more than 30,more than 30,none,6 years,31 to 35,No,No,External,1 to 2,no change,1 vehicle,1994,All Perils
6,3,2,Pontiac,Urban,3,6,1,Male,Single,28,Policy Holder,Sedan - Liability,Sport,20000 to 29000,0,1810,1,400,3,more than 30,more than 30,2 to 4,6 years,31 to 35,No,No,External,1 to 2,no change,1 vehicle,1994,Liability
6,3,7,Toyota,Urban,3,3,3,Male,Married,27,Policy Holder,Sedan - Liability,Sport,more than 69000,0,1811,7,400,4,more than 30,more than 30,more than 4,6 years,31 to 35,No,No,External,none,no change,1 vehicle,1994,Liability
3,1,2,Honda,Urban,2,8,3,Male,Single,19,Policy Holder,Sport - Collision,Sport,more than 69000,1,1812,8,400,1,more than 30,more than 30,none,3 years,21 to 25,No,No,External,none,no change,1 vehicle,1994,Collision
8,3,4,Pontiac,Urban,1,9,3,Male,Married,43,Policy Holder,Sedan - Collision,Sedan,more than 69000,0,1813,9,400,4,more than 30,more than 30,2 to 4,7 years,36 to 40,No,No,External,1 to 2,no change,1 vehicle,1994,Collision
9,4,2,Chevrolet,Urban,3,9,4,Male,Married,32,Policy Holder,Sedan - Liability,Sport,30000 to 39000,0,1814,7,400,1,more than 30,more than 30,more than 4,6 years,31 to 35,No,No,External,none,no change,1 vehicle,1994,Liability
9,1,1,Chevrolet,Urban,2,3,3,Male,Married,33,Third Party,Sedan - All Perils,Sedan,more than 69000,0,1815,1,400,1,more than 30,more than 30,more than 4,7 years,31 to 35,No,No,External,more than 5,no change,1 vehicle,1994,All Perils
3,2,4,Toyota,Urban,4,1,3,Male,Married,35,Third Party,Sedan - Collision,Sedan,30000 to 39000,0,1816,9,400,1,more than 30,more than 30,2 to 4,6 years,31 to 35,No,Yes,External,1 to 2,no change,1 vehicle,1994,Collision
1,2,5,Accura,Urban,1,1,3,Female,Married,44,Policy Holder,Sedan - Collision,Sedan,30000 to 39000,0,1817,9,400,3,more than 30,more than 30,2 to 4,7 years,36 to 40,No,No,External,more than 5,no change,1 vehicle,1994,Collision
1,2,3,Pontiac,Urban,5,1,3,Male,Married,60,Policy Holder,Sedan - Collision,Sedan,more than 69000,0,1818,1,400,4,more than 30,more than 30,none,more than 7,51 to 65,No,No,External,more than 5,no change,1 vehicle,1994,Collision
1,2,6,VW,Urban,2,4,3,Male,Married,41,Third Party,Sedan - Collision,Sedan,30000 to 39000,0,1819,16,400,1,more than 30,more than 30,1,more than 7,36 to 40,No,No,External,more than 5,no change,1 vehicle,1994,Collision
3,3,6,Mazda,Rural,2,4,2,Male,Married,33,Policy Holder,Sedan - All Perils,Sedan,20000 to 29000,0,1820,16,400,1,more than 30,more than 30,1,6 years,31 to 35,No,No,External,none,no change,1 vehicle,1994,All Perils
4,2,7,Pontiac,Urban,1,4,2,Female,Single,34,Policy Holder,Sedan - Collision,Sedan,20000 to 29000,0,1821,16,400,3,more than 30,more than 30,none,6 years,31 to 35,No,No,External,3 to 5,1 year,1 vehicle,1994,Collision
4,2,6,Pontiac,Urban,2,5,2,Female,Widow,42,Policy Holder,Sedan - Collision,Sedan,20000 to 29000,0,1822,10,400,4,more than 30,more than 30,2 to 4,6 years,36 to 40,No,No,External,none,no change,1 vehicle,1994,Collision
4,5,3,Mazda,Urban,2,9,1,Male,Married,26,Third Party,Sedan - Collision,Sedan,20000 to 29000,0,1823,4,400,3,more than 30,more than 30,more than 4,7 years,31 to 35,No,No,External,1 to 2,no change,1 vehicle,1994,Collision
5,3,6,Chevrolet,Rural,1,5,1,Male,Married,41,Policy Holder,Sedan - Collision,Sedan,20000 to 29000,0,1824,5,400,4,more than 30,more than 30,1,7 years,36 to 40,No,No,External,none,no change,1 vehicle,1994,Collision
5,2,4,Mazda,Urban,4,7,5,Male,Married,31,Policy Holder,Sedan - Collision,Sedan,20000 to 29000,0,1825,15,400,1,more than 30,more than 30,2 to 4,7 years,31 to 35,No,No,External,1 to 2,no change,1 vehicle,1994,Collision
6,5,2,Honda,Urban,2,9,1,Male,Single,24,Policy Holder,Sport - Collision,Sport,more than 69000,0,1826,6,400,1,more than 30,more than 30,none,6 years,26 to 30,No,No,External,none,no change,1 vehicle,1994,Collision
9,2,4,Chevrolet,Urban,2,10,4,Female,Married,29,Policy Holder,Sedan - Liability,Sport,20000 to 29000,0,1827,8,400,1,more than 30,more than 30,1,6 years,31 to 35,No,No,External,3 to 5,no change,1 vehicle,1994,Liability
9,2,6,Toyota,Urban,1,10,4,Male,Single,31,Policy Holder,Sedan - Collision,Sedan,30000 to 39000,0,1828,13,400,2,more than 30,more than 30,none,7 years,31 to 35,No,No,External,none,4 to 8 years,2 vehicles,1994,Collision
10,5,2,Chevrolet,Urban,3,10,5,Male,Married,79,Third Party,Sedan - Collision,Sedan,20000 to 29000,0,1829,4,400,4,more than 30,more than 30,1,more than 7,over 65,No,No,External,none,no change,1 vehicle,1994,Collision
10,4,7,Chevrolet,Urban,2,12,4,Male,Single,49,Third Party,Sedan - Collision,Sedan,30000 to 39000,0,1830,6,700,2,more than 30,more than 30,none,more than 7,41 to 50,Yes,No,External,more than 5,no change,1 vehicle,1994,Collision
12,1,5,Mazda,Urban,4,11,1,Female,Single,19,Policy Holder,Sedan - Liability,Sport,20000 to 29000,0,1831,5,400,4,more than 30,more than 30,1,2 years,21 to 25,No,No,External,none,no change,1 vehicle,1994,Liability
11,2,2,Mazda,Urban,4,10,3,Male,Married,28,Policy Holder,Sedan - Liability,Sport,20000 to 29000,0,1832,6,400,2,more than 30,more than 30,more than 4,7 years,31 to 35,No,No,External,more than 5,no change,1 vehicle,1994,Liability
10,4,4,Toyota,Urban,5,9,4,Male,Single,30,Policy Holder,Sedan - Collision,Sedan,20000 to 29000,0,1833,5,400,1,more than 30,more than 30,1,6 years,31 to 35,No,No,External,none,no change,1 vehicle,1994,Collision
9,2,2,Pontiac,Urban,1,7,2,Male,Married,45,Policy Holder,Sedan - Liability,Sport,30000 to 39000,0,1834,1,400,3,more than 30,more than 30,none,more than 7,36 to 40,No,No,External,1 to 2,no change,1 vehicle,1994,Liability
7,2,3,Pontiac,Urban,1,7,3,Female,Single,41,Third Party,Sedan - All Perils,Sedan,20000 to 29000,0,1835,16,400,3,more than 30,more than 30,none,7 years,36 to 40,No,No,External,more than 5,no change,1 vehicle,1994,All Perils
7,1,1,Toyota,Rural,1,6,5,Male,Single,48,Policy Holder,Sedan - Collision,Sedan,30000 to 39000,0,1836,12,400,3,more than 30,more than 30,1,more than 7,41 to 50,No,No,External,1 to 2,no change,1 vehicle,1994,Collision
6,4,1,Chevrolet,Urban,1,6,4,Male,Married,46,Policy Holder,Sedan - Liability,Sport,30000 to 39000,0,1837,1,500,2,more than 30,more than 30,2 to 4,7 years,41 to 50,No,No,External,none,2 to 3 years,1 vehicle,1994,Liability
6,3,2,Honda,Urban,4,6,3,Male,Single,31,Policy Holder,Sedan - Collision,Sedan,20000 to 29000,0,1838,12,400,4,more than 30,more than 30,2 to 4,6 years,31 to 35,No,No,External,none,no change,1 vehicle,1994,Collision
6,3,5,Toyota,Urban,2,6,4,Male,Married,56,Third Party,Sedan - Collision,Sedan,20000 to 29000,0,1839,6,400,2,more than 30,more than 30,1,more than 7,51 to 65,No,No,External,none,no change,1 vehicle,1994,Collision
6,3,5,Mazda,Urban,2,6,3,Male,Married,37,Third Party,Sedan - All Perils,Sedan,20000 to 29000,0,1840,9,400,3,more than 30,more than 30,none,6 years,36 to 40,No,No,External,none,no change,1 vehicle,1994,All Perils
6,3,5,Pontiac,Rural,1,6,3,Male,Married,62,Policy Holder,Sedan - Collision,Sedan,30000 to 39000,0,1841,12,400,3,more than 30,more than 30,2 to 4,7 years,51 to 65,No,No,External,more than 5,no change,1 vehicle,1994,Collision
6,3,1,Pontiac,Urban,1,5,3,Male,Married,40,Policy Holder,Sedan - Liability,Sport,30000 to 39000,0,1842,4,400,3,more than 30,more than 30,2 to 4,more than 7,36 to 40,No,No,External,more than 5,no change,1 vehicle,1994,Liability
5,2,3,Toyota,Urban,3,5,2,Female,Married,45,Policy Holder,Sedan - All Perils,Sedan,20000 to 29000,0,1843,6,400,4,more than 30,more than 30,1,6 years,36 to 40,No,No,External,more than 5,no change,1 vehicle,1994,All Perils
4,3,1,Toyota,Urban,3,3,2,Male,Married,38,Third Party,Sedan - All Perils,Sedan,20000 to 29000,0,1844,9,400,1,more than 30,more than 30,2 to 4,7 years,36 to 40,No,No,External,none,no change,1 vehicle,1994,All Perils
3,2,2,Pontiac,Urban,5,4,2,Male,Single,22,Third Party,Sedan - All Perils,Sedan,20000 to 29000,0,1845,16,400,4,more than 30,more than 30,2 to 4,5 years,26 to 30,No,No,External,none,no change,1 vehicle,1994,All Perils
3,5,5,Pontiac,Urban,5,3,2,Male,Married,45,Third Party,Sedan - All Perils,Sedan,more than 69000,0,1846,3,400,2,more than 30,more than 30,1,7 years,36 to 40,No,No,External,1 to 2,no change,3 to 4,1994,All Perils
2,4,2,Honda,Urban,3,1,1,Female,Divorced,38,Third Party,Sedan - All Perils,Sedan,20000 to 29000,0,1847,9,400,2,more than 30,more than 30,1,7 years,36 to 40,No,No,External,none,no change,5 to 8,1994,All Perils
1,3,1,Honda,Rural,2,1,3,Male,Married,33,Policy Holder,Sedan - All Perils,Sedan,20000 to 29000,0,1848,15,400,2,more than 30,more than 30,none,7 years,31 to 35,No,No,External,more than 5,no change,1 vehicle,1994,All Perils
1,2,1,Toyota,Urban,1,1,2,Male,Married,30,Third Party,Sedan - Liability,Sport,30000 to 39000,0,1849,10,400,3,more than 30,more than 30,2 to 4,6 years,31 to 35,No,No,External,1 to 2,4 to 8 years,2 vehicles,1994,Liability
1,2,6,Toyota,Urban,2,1,2,Male,Married,55,Third Party,Sedan - Collision,Sedan,20000 to 29000,0,1850,2,400,3,more than 30,more than 30,none,7 years,41 to 50,No,No,External,more than 5,no change,1 vehicle,1994,Collision
1,2,5,Toyota,Urban,1,1,3,Male,Married,31,Policy Holder,Sedan - All Perils,Sedan,30000 to 39000,0,1851,13,400,2,more than 30,more than 30,1,7 years,31 to 35,No,No,External,more than 5,no change,1 vehicle,1994,All Perils
1,1,5,Honda,Urban,1,1,2,Male,Married,55,Policy Holder,Sedan - Collision,Sedan,20000 to 29000,0,1852,11,400,2,more than 30,more than 30,1,more than 7,41 to 50,No,No,External,more than 5,no change,1 vehicle,1994,Collision
1,1,7,Pontiac,Rural,1,1,2,Male,Married,37,Policy Holder,Sedan - Collision,Sedan,30000 to 39000,0,1853,3,400,2,more than 30,more than 30,1,7 years,36 to 40,No,No,External,none,no change,1 vehicle,1994,Collision
1,2,1,Pontiac,Rural,5,2,2,Male,Married,39,Policy Holder,Sedan - All Perils,Sedan,20000 to 29000,0,1854,15,400,3,more than 30,more than 30,1,5 years,36 to 40,No,No,External,more than 5,no change,1 vehicle,1994,All Perils
1,1,1,Pontiac,Urban,1,3,1,Male,Single,29,Policy Holder,Sedan - Collision,Sedan,30000 to 39000,0,1855,13,400,3,more than 30,more than 30,2 to 4,6 years,31 to 35,No,No,Internal,more than 5,no change,1 vehicle,1994,Collision
3,2,5,Mazda,Urban,3,1,2,Male,Married,37,Policy Holder,Sedan - Collision,Sedan,30000 to 39000,1,1856,10,400,1,more than 30,more than 30,none,6 years,36 to 40,No,No,External,none,no change,1 vehicle,1994,Collision
12,5,7,Pontiac,Urban,2,1,1,Male,Single,30,Third Party,Sedan - All Perils,Sedan,30000 to 39000,0,1857,4,400,1,more than 30,more than 30,none,7 years,31 to 35,No,No,External,more than 5,no change,1 vehicle,1994,All Perils
1,1,7,Mazda,Urban,4,2,1,Female,Married,39,Policy Holder,Sedan - Liability,Sport,20000 to 29000,0,1858,16,400,3,more than 30,more than 30,1,7 years,36 to 40,No,No,External,more than 5,no change,1 vehicle,1994,Liability
1,1,2,Mazda,Urban,4,12,1,Male,Married,73,Policy Holder,Sedan - Liability,Sport,20000 to 29000,0,1859,13,400,2,more than 30,more than 30,more than 4,more than 7,over 65,No,No,External,1 to 2,no change,1 vehicle,1994,Liability
12,3,1,Mazda,Urban,2,3,4,Male,Married,32,Third Party,Sedan - All Perils,Sedan,20000 to 29000,0,1860,14,400,1,more than 30,more than 30,none,7 years,31 to 35,No,No,External,more than 5,no change,1 vehicle,1994,All Perils
3,2,1,Pontiac,Urban,4,3,2,Male,Married,51,Third Party,Sedan - Collision,Sedan,20000 to 29000,0,1861,13,700,3,more than 30,more than 30,2 to 4,more than 7,41 to 50,No,No,External,3 to 5,no change,1 vehicle,1994,Collision
3,2,1,Toyota,Urban,5,4,2,Male,Married,50,Policy Holder,Sedan - Liability,Sport,20000 to 29000,1,1862,11,400,3,more than 30,more than 30,2 to 4,more than 7,41 to 50,No,No,External,more than 5,no change,1 vehicle,1994,Liability
3,2,7,Ford,Urban,2,10,1,Male,Single,29,Policy Holder,Utility - All Perils,Utility,more than 69000,1,1863,11,400,2,more than 30,more than 30,1,7 years,31 to 35,No,No,External,more than 5,no change,1 vehicle,1994,All Perils
10,1,3,Toyota,Urban,2,10,1,Female,Married,61,Policy Holder,Sedan - Liability,Sport,less than 20000,0,1864,4,400,1,more than 30,more than 30,1,more than 7,51 to 65,No,No,External,none,no change,1 vehicle,1994,Liability
9,5,3,Toyota,Urban,5,8,1,Male,Married,60,Policy Holder,Sedan - Collision,Sedan,20000 to 29000,0,1865,10,400,1,more than 30,more than 30,1,more than 7,51 to 65,No,No,External,1 to 2,no change,1 vehicle,1994,Collision
8,1,1,Chevrolet,Urban,2,7,1,Male,Married,75,Policy Holder,Sedan - Liability,Sport,40000 to 59000,0,1866,7,400,2,more than 30,more than 30,more than 4,more than 7,over 65,No,No,External,none,no change,1 vehicle,1994,Liability
7,4,1,Honda,Urban,1,7,4,Male,Married,27,Third Party,Sedan - Collision,Sedan,20000 to 29000,0,1867,3,400,4,more than 30,more than 30,2 to 4,7 years,31 to 35,No,No,External,none,no change,1 vehicle,1994,Collision
7,1,2,Pontiac,Urban,3,6,1,Female,Single,27,Policy Holder,Sedan - Liability,Sport,20000 to 29000,0,1868,2,400,4,more than 30,more than 30,1,5 years,31 to 35,No,No,External,3 to 5,no change,1 vehicle,1994,Liability
6,3,7,Pontiac,Urban,3,6,3,Male,Single,35,Policy Holder,Sedan - All Perils,Sedan,less than 20000,0,1869,13,400,3,more than 30,more than 30,none,6 years,31 to 35,No,No,External,more than 5,no change,1 vehicle,1994,All Perils
6,1,5,Toyota,Urban,1,4,2,Male,Married,51,Third Party,Sedan - Collision,Sedan,more than 69000,0,1870,12,400,2,more than 30,more than 30,2 to 4,more than 7,41 to 50,No,No,External,none,4 to 8 years,2 vehicles,1994,Collision
4,3,1,Toyota,Urban,1,4,4,Male,Married,40,Third Party,Sedan - Collision,Sedan,30000 to 39000,0,1871,1,400,3,more than 30,more than 30,2 to 4,7 years,36 to 40,No,No,External,more than 5,no change,1 vehicle,1994,Collision
4,2,1,Pontiac,Urban,1,4,2,Male,Married,42,Policy Holder,Sedan - Liability,Sport,20000 to 29000,0,1872,15,400,2,more than 30,more than 30,none,7 years,36 to 40,No,No,External,more than 5,no change,1 vehicle,1994,Liability
4,2,2,Toyota,Urban,2,4,2,Male,Married,68,Policy Holder,Sedan - All Perils,Sedan,20000 to 29000,0,1873,5,400,2,more than 30,more than 30,1,more than 7,over 65,No,No,External,none,no change,1 vehicle,1994,All Perils
4,1,2,Ford,Urban,3,4,1,Male,Married,51,Policy Holder,Sedan - Liability,Sport,30000 to 39000,0,1874,7,400,3,more than 30,more than 30,2 to 4,6 years,41 to 50,No,No,External,1 to 2,no change,1 vehicle,1994,Liability
3,2,5,Accura,Urban,5,2,2,Male,Married,43,Third Party,Sedan - All Perils,Sedan,30000 to 39000,0,1875,8,400,1,more than 30,more than 30,none,7 years,36 to 40,No,No,External,none,no change,1 vehicle,1994,All Perils
2,4,3,Honda,Urban,3,2,4,Male,Single,71,Policy Holder,Sedan - Liability,Sport,more than 69000,0,1876,11,400,1,more than 30,more than 30,1,new,over 65,No,No,External,none,no change,1 vehicle,1994,Liability
2,2,2,Pontiac,Urban,5,2,2,Male,Married,37,Policy Holder,Sedan - Liability,Sport,20000 to 29000,0,1877,9,400,4,more than 30,more than 30,more than 4,7 years,36 to 40,No,No,External,none,no change,1 vehicle,1994,Liability
2,2,6,Pontiac,Urban,3,2,4,Female,Single,26,Policy Holder,Sedan - Liability,Sport,20000 to 29000,0,1878,1,400,1,more than 30,more than 30,none,6 years,31 to 35,No,No,External,none,no change,1 vehicle,1994,Liability
2,1,5,Pontiac,Urban,1,2,2,Male,Single,32,Policy Holder,Sedan - All Perils,Sedan,20000 to 29000,0,1879,3,400,2,more than 30,more than 30,none,4 years,31 to 35,No,No,External,none,no change,1 vehicle,1994,All Perils
2,1,6,Mazda,Urban,1,2,2,Female,Single,33,Policy Holder,Sedan - Liability,Sport,20000 to 29000,0,1880,15,400,4,more than 30,more than 30,2 to 4,6 years,31 to 35,No,No,External,1 to 2,no change,1 vehicle,1994,Liability
2,1,3,Pontiac,Urban,5,3,2,Male,Married,47,Policy Holder,Sedan - Collision,Sedan,20000 to 29000,0,1881,7,400,2,more than 30,more than 30,2 to 4,more than 7,41 to 50,No,No,External,none,no change,1 vehicle,1994,Collision
3,4,2,Dodge,Urban,5,7,4,Male,Married,53,Third Party,Sedan - Collision,Sedan,30000 to 39000,0,1882,9,400,3,none,8 to 15,1,more than 7,41 to 50,No,No,External,1 to 2,no change,1 vehicle,1994,Collision
3,2,4,Honda,Urban,4,7,1,Male,Married,36,Policy Holder,Sedan - Collision,Sedan,30000 to 39000,1,1883,10,400,4,more than 30,more than 30,1,6 years,36 to 40,No,No,External,more than 5,no change,1 vehicle,1994,Collision
7,5,5,Honda,Urban,3,2,5,Male,Married,41,Policy Holder,Sedan - Liability,Sport,30000 to 39000,0,1884,5,400,3,more than 30,more than 30,2 to 4,7 years,36 to 40,No,No,External,none,no change,1 vehicle,1994,Liability
11,4,5,Pontiac,Urban,1,8,2,Male,Married,28,Policy Holder,Sedan - All Perils,Sedan,20000 to 29000,0,1885,1,400,2,more than 30,more than 30,1,6 years,31 to 35,No,No,External,none,no change,1 vehicle,1994,All Perils
8,4,1,Honda,Urban,3,3,5,Female,Single,24,Policy Holder,Sedan - Collision,Sedan,20000 to 29000,0,1886,5,400,2,more than 30,more than 30,more than 4,4 years,26 to 30,No,No,External,none,no change,1 vehicle,1994,Collision
2,4,3,Pontiac,Urban,3,3,1,Male,Married,55,Third Party,Sedan - Collision,Sedan,20000 to 29000,0,1887,11,400,1,more than 30,more than 30,none,more than 7,41 to 50,No,No,External,1 to 2,no change,3 to 4,1994,Collision
3,3,2,Mecedes,Urban,3,3,3,Male,Married,65,Policy Holder,Sedan - All Perils,Sedan,more than 69000,0,1888,15,500,4,more than 30,more than 30,1,6 years,51 to 65,No,No,External,none,2 to 3 years,1 vehicle,1994,All Perils
3,2,5,Chevrolet,Urban,5,3,2,Female,Married,47,Policy Holder,Sedan - Collision,Sedan,more than 69000,1,1889,15,400,3,more than 30,more than 30,2 to 4,more than 7,41 to 50,No,No,External,none,no change,1 vehicle,1994,Collision
3,1,6,Toyota,Urban,4,8,1,Female,Married,45,Policy Holder,Sedan - Liability,Sport,30000 to 39000,0,1890,5,400,3,more than 30,more than 30,1,7 years,36 to 40,No,No,External,more than 5,no change,1 vehicle,1994,Liability
8,1,6,Chevrolet,Urban,4,8,4,Male,Married,43,Policy Holder,Sedan - Collision,Sedan,more than 69000,0,1891,1,400,4,more than 30,more than 30,1,7 years,36 to 40,No,No,External,3 to 5,4 to 8 years,2 vehicles,1994,Collision
8,1,7,Pontiac,Urban,2,3,3,Male,Married,76,Policy Holder,Sedan - Collision,Sedan,20000 to 29000,0,1892,1,700,2,more than 30,more than 30,1,more than 7,over 65,No,No,External,more than 5,no change,1 vehicle,1994,Collision
3,3,6,Ford,Urban,1,2,4,Male,Married,47,Policy Holder,Sedan - Liability,Sport,60000 to 69000,0,1893,11,400,2,more than 30,more than 30,none,more than 7,41 to 50,No,No,External,none,no change,1 vehicle,1994,Liability
2,3,3,Mazda,Rural,3,3,3,Female,Married,55,Policy Holder,Sedan - Collision,Sedan,20000 to 29000,0,1894,5,400,2,more than 30,more than 30,2 to 4,7 years,41 to 50,No,No,External,more than 5,no change,1 vehicle,1994,Collision
3,2,2,Honda,Urban,3,2,2,Male,Married,43,Policy Holder,Sedan - All Perils,Sedan,30000 to 39000,1,1895,11,400,3,more than 30,more than 30,1,more than 7,36 to 40,No,No,External,1 to 2,no change,1 vehicle,1994,All Perils
2,3,3,Pontiac,Urban,5,2,3,Female,Single,30,Policy Holder,Sedan - Liability,Sport,30000 to 39000,0,1896,14,400,4,more than 30,more than 30,more than 4,6 years,31 to 35,No,No,External,none,no change,1 vehicle,1994,Liability
2,3,5,Honda,Urban,4,2,3,Male,Married,28,Policy Holder,Sedan - Collision,Sedan,30000 to 39000,0,1897,14,400,2,more than 30,more than 30,1,7 years,31 to 35,No,No,External,none,no change,1 vehicle,1994,Collision
2,2,4,Pontiac,Urban,5,2,3,Female,Single,35,Policy Holder,Sedan - Liability,Sport,20000 to 29000,0,1898,8,400,4,more than 30,more than 30,more than 4,6 years,31 to 35,No,No,External,3 to 5,no change,1 vehicle,1994,Liability
2,2,3,Honda,Urban,3,2,2,Male,Married,27,Policy Holder,Sedan - Collision,Sedan,20000 to 29000,0,1899,5,400,1,more than 30,more than 30,2 to 4,7 years,31 to 35,No,No,External,more than 5,no change,1 vehicle,1994,Collision
2,2,3,Chevrolet,Urban,4,3,2,Male,Married,43,Policy Holder,Sedan - Liability,Sport,20000 to 29000,0,1900,15,400,1,more than 30,more than 30,2 to 4,more than 7,36 to 40,No,No,External,more than 5,no change,1 vehicle,1994,Liability
3,2,3,Honda,Urban,5,4,2,Male,Single,0,Policy Holder,Sedan - Liability,Sport,more than 69000,0,1901,13,400,4,more than 30,more than 30,2 to 4,new,16 to 17,No,No,External,none,no change,1 vehicle,1994,Liability
3,2,6,Pontiac,Urban,1,2,1,Male,Married,28,Third Party,Sedan - All Perils,Sedan,30000 to 39000,0,1902,3,400,3,more than 30,more than 30,none,5 years,31 to 35,No,No,External,more than 5,no change,1 vehicle,1994,All Perils
2,1,3,Mazda,Urban,3,3,1,Male,Married,48,Third Party,Sedan - Collision,Sedan,20000 to 29000,0,1903,6,400,2,more than 30,more than 30,1,7 years,41 to 50,No,No,External,none,no change,1 vehicle,1994,Collision
3,2,4,Honda,Urban,5,7,4,Male,Divorced,35,Third Party,Sedan - All Perils,Sedan,20000 to 29000,0,1904,14,400,1,more than 30,more than 30,2 to 4,7 years,31 to 35,No,No,External,none,no change,1 vehicle,1994,All Perils
7,5,3,Pontiac,Urban,4,3,5,Male,Married,29,Policy Holder,Sedan - All Perils,Sedan,20000 to 29000,0,1905,8,400,2,more than 30,more than 30,none,5 years,31 to 35,No,No,External,3 to 5,no change,1 vehicle,1994,All Perils
3,2,4,Honda,Urban,4,4,3,Male,Single,0,Third Party,Sedan - Collision,Sedan,more than 69000,0,1906,2,400,2,more than 30,more than 30,none,new,16 to 17,No,No,External,none,no change,1 vehicle,1994,Collision
4,2,5,Honda,Urban,1,4,2,Male,Single,0,Policy Holder,Sedan - Liability,Sport,more than 69000,0,1907,11,400,2,more than 30,more than 30,more than 4,new,16 to 17,No,No,External,none,no change,1 vehicle,1994,Liability
4,1,3,Pontiac,Urban,4,3,1,Male,Married,54,Third Party,Sedan - All Perils,Sedan,less than 20000,0,1908,3,400,2,more than 30,more than 30,1,more than 7,41 to 50,No,No,External,none,no change,1 vehicle,1994,All Perils
3,2,4,Honda,Urban,4,3,2,Male,Married,28,Policy Holder,Sedan - Liability,Sport,20000 to 29000,0,1909,7,400,1,more than 30,more than 30,more than 4,6 years,31 to 35,No,No,External,3 to 5,no change,1 vehicle,1994,Liability
3,2,4,Honda,Urban,4,3,2,Male,Married,45,Third Party,Sedan - All Perils,Sedan,20000 to 29000,0,1910,14,400,2,more than 30,more than 30,1,7 years,36 to 40,No,No,External,more than 5,no change,1 vehicle,1994,All Perils
3,1,6,Mazda,Urban,4,2,1,Male,Single,29,Third Party,Sedan - All Perils,Sedan,20000 to 29000,0,1911,3,400,3,more than 30,more than 30,1,5 years,31 to 35,No,No,External,none,no change,1 vehicle,1994,All Perils
2,2,4,Honda,Urban,2,1,3,Male,Single,34,Policy Holder,Sedan - Liability,Sport,20000 to 29000,0,1912,9,400,1,more than 30,more than 30,1,6 years,31 to 35,No,No,External,1 to 2,1 year,2 vehicles,1994,Liability
12,5,6,Toyota,Urban,2,1,1,Male,Single,32,Third Party,Sedan - Collision,Sedan,20000 to 29000,0,1913,16,400,4,more than 30,more than 30,2 to 4,6 years,31 to 35,No,No,External,3 to 5,no change,1 vehicle,1994,Collision
1,1,2,Pontiac,Urban,3,4,1,Female,Single,35,Policy Holder,Sedan - Liability,Sport,20000 to 29000,0,1914,1,400,4,more than 30,more than 30,more than 4,6 years,31 to 35,No,No,External,none,no change,1 vehicle,1994,Liability
4,2,3,Toyota,Rural,3,3,2,Female,Married,28,Policy Holder,Sedan - All Perils,Sedan,20000 to 29000,0,1915,16,400,3,more than 30,more than 30,1,6 years,31 to 35,No,No,External,none,no change,1 vehicle,1994,All Perils
3,5,7,Toyota,Rural,3,2,5,Male,Married,58,Third Party,Sedan - All Perils,Sedan,20000 to 29000,0,1916,2,400,3,more than 30,more than 30,none,more than 7,51 to 65,No,No,External,none,no change,1 vehicle,1994,All Perils
2,2,7,Toyota,Rural,7,2,3,Male,Married,39,Policy Holder,Sedan - Collision,Sedan,30000 to 39000,0,1917,7,400,4,more than 30,more than 30,2 to 4,7 years,36 to 40,No,No,External,more than 5,no change,1 vehicle,1994,Collision
2,2,6,Honda,Urban,1,2,2,Male,Married,38,Policy Holder,Sedan - Liability,Sport,20000 to 29000,0,1918,2,400,3,more than 30,more than 30,1,7 years,36 to 40,No,No,External,more than 5,no change,5 to 8,1994,Liability
2,2,4,Honda,Urban,2,3,2,Male,Married,47,Policy Holder,Sedan - Liability,Sport,20000 to 29000,0,1919,9,400,2,more than 30,more than 30,1,7 years,41 to 50,No,No,External,1 to 2,no change,1 vehicle,1994,Liability
3,2,6,Mazda,Urban,3,3,3,Male,Married,26,Third Party,Sedan - Collision,Sedan,20000 to 29000,0,1920,6,400,3,more than 30,more than 30,2 to 4,6 years,31 to 35,No,No,External,more than 5,no change,1 vehicle,1994,Collision
3,2,1,Pontiac,Urban,2,2,4,Male,Married,54,Policy Holder,Sedan - Liability,Sport,30000 to 39000,0,1921,15,400,1,more than 30,more than 30,none,more than 7,41 to 50,No,No,External,more than 5,no change,1 vehicle,1994,Liability
2,4,2,Chevrolet,Urban,2,2,4,Female,Married,51,Policy Holder,Sedan - All Perils,Sedan,more than 69000,0,1922,1,400,1,more than 30,more than 30,1,more than 7,41 to 50,No,No,External,none,no change,1 vehicle,1994,All Perils
2,4,4,Pontiac,Urban,5,2,4,Female,Single,27,Policy Holder,Sedan - Liability,Sport,20000 to 29000,0,1923,16,700,3,more than 30,more than 30,more than 4,7 years,31 to 35,No,No,External,none,no change,1 vehicle,1994,Liability
2,3,4,Accura,Urban,5,3,3,Male,Married,38,Policy Holder,Sedan - All Perils,Sedan,more than 69000,0,1924,9,400,2,more than 30,more than 30,more than 4,7 years,36 to 40,No,No,External,none,no change,1 vehicle,1994,All Perils
2,3,2,Toyota,Urban,4,2,1,Male,Married,41,Policy Holder,Sedan - All Perils,Sedan,more than 69000,0,1925,4,400,3,more than 30,more than 30,1,more than 7,36 to 40,No,No,External,none,no change,1 vehicle,1994,All Perils
2,1,1,Mazda,Urban,2,2,1,Male,Single,34,Policy Holder,Sedan - Liability,Sport,30000 to 39000,0,1926,5,400,4,more than 30,more than 30,2 to 4,7 years,31 to 35,No,No,External,none,no change,1 vehicle,1994,Liability
1,5,5,Chevrolet,Urban,5,3,2,Male,Married,58,Policy Holder,Sedan - Collision,Sedan,30000 to 39000,0,1927,12,400,1,more than 30,more than 30,1,more than 7,51 to 65,No,No,External,none,no change,1 vehicle,1994,Collision
1,5,6,Ford,Urban,4,2,2,Male,Married,40,Third Party,Sedan - Collision,Sedan,40000 to 59000,0,1928,3,400,4,more than 30,more than 30,1,7 years,36 to 40,No,No,External,none,no change,3 to 4,1994,Collision
1,5,6,Honda,Urban,3,2,1,Male,Single,44,Policy Holder,Sedan - Collision,Sedan,20000 to 29000,0,1929,1,400,4,more than 30,more than 30,1,7 years,36 to 40,No,No,External,none,no change,1 vehicle,1994,Collision
1,5,3,Toyota,Rural,2,2,1,Male,Single,28,Third Party,Sedan - Collision,Sedan,20000 to 29000,0,1930,14,400,4,more than 30,more than 30,1,6 years,31 to 35,No,No,External,none,no change,1 vehicle,1994,Collision
1,4,1,Pontiac,Urban,1,1,1,Male,Single,27,Third Party,Sedan - Collision,Sedan,30000 to 39000,0,1931,2,400,3,more than 30,more than 30,2 to 4,7 years,31 to 35,No,No,External,3 to 5,no change,1 vehicle,1994,Collision
1,4,2,Pontiac,Urban,3,1,4,Male,Married,52,Policy Holder,Sedan - Liability,Sport,20000 to 29000,0,1932,7,400,4,more than 30,more than 30,more than 4,7 years,41 to 50,No,No,External,none,no change,1 vehicle,1994,Liability
1,4,4,Ford,Urban,4,1,4,Male,Married,35,Third Party,Sedan - Liability,Sport,40000 to 59000,0,1933,15,400,4,more than 30,more than 30,2 to 4,7 years,31 to 35,No,No,External,none,4 to 8 years,2 vehicles,1994,Liability
1,2,3,Pontiac,Urban,1,1,2,Male,Married,48,Third Party,Sedan - Liability,Sport,more than 69000,0,1934,14,400,4,more than 30,more than 30,more than 4,7 years,41 to 50,No,No,External,more than 5,no change,1 vehicle,1994,Liability
1,2,5,Chevrolet,Urban,2,1,3,Female,Married,35,Policy Holder,Sedan - Collision,Sedan,20000 to 29000,0,1935,8,400,3,more than 30,more than 30,1,5 years,31 to 35,No,No,External,none,no change,1 vehicle,1994,Collision
1,3,6,Toyota,Urban,3,4,3,Male,Married,37,Policy Holder,Sedan - All Perils,Sedan,20000 to 29000,0,1936,7,400,3,more than 30,more than 30,2 to 4,7 years,36 to 40,No,No,External,none,no change,1 vehicle,1994,All Perils
1,4,7,Pontiac,Rural,3,1,3,Male,Married,44,Policy Holder,Sedan - Collision,Sedan,30000 to 39000,0,1937,13,400,2,more than 30,more than 30,1,7 years,36 to 40,No,No,External,none,no change,1 vehicle,1994,Collision
1,4,5,Toyota,Urban,4,3,4,Male,Married,56,Policy Holder,Sedan - Liability,Sport,20000 to 29000,0,1938,15,400,4,more than 30,more than 30,2 to 4,more than 7,51 to 65,No,No,External,none,no change,1 vehicle,1994,Liability
3,2,3,Pontiac,Urban,2,1,4,Male,Single,46,Third Party,Sedan - Collision,Sedan,30000 to 39000,0,1939,1,500,1,more than 30,more than 30,more than 4,more than 7,41 to 50,No,No,External,none,2 to 3 years,1 vehicle,1994,Collision
1,2,2,Chevrolet,Urban,4,1,3,Female,Single,41,Policy Holder,Sedan - Liability,Sport,more than 69000,0,1940,11,400,1,more than 30,more than 30,more than 4,7 years,36 to 40,No,No,External,more than 5,no change,1 vehicle,1994,Liability
1,2,1,Accura,Rural,1,1,2,Male,Married,46,Policy Holder,Utility - All Perils,Utility,more than 69000,0,1941,12,400,4,more than 30,more than 30,1,more than 7,41 to 50,No,No,External,1 to 2,no change,1 vehicle,1994,All Perils
1,2,5,Mazda,Urban,1,1,2,Female,Married,45,Policy Holder,Sedan - Liability,Sport,20000 to 29000,0,1942,10,400,1,more than 30,more than 30,2 to 4,7 years,36 to 40,No,No,External,more than 5,no change,1 vehicle,1994,Liability
1,2,1,Dodge,Urban,1,1,2,Male,Married,48,Policy Holder,Sedan - Liability,Sport,30000 to 39000,0,1943,3,400,1,more than 30,more than 30,1,more than 7,41 to 50,No,No,External,3 to 5,no change,1 vehicle,1994,Liability
1,2,5,Chevrolet,Urban,5,1,2,Male,Married,37,Third Party,Sedan - Liability,Sport,20000 to 29000,0,1944,5,400,4,more than 30,more than 30,none,7 years,36 to 40,No,No,External,more than 5,no change,1 vehicle,1994,Liability
1,2,5,Toyota,Urban,4,1,3,Male,Single,31,Policy Holder,Sedan - Collision,Sedan,20000 to 29000,0,1945,13,400,4,more than 30,more than 30,1,4 years,31 to 35,No,No,External,none,no change,1 vehicle,1994,Collision
1,2,4,Honda,Urban,3,1,3,Male,Single,0,Policy Holder,Sedan - All Perils,Sedan,more than 69000,0,1946,3,400,3,more than 30,more than 30,none,new,16 to 17,No,No,External,none,no change,1 vehicle,1994,All Perils
1,1,4,Honda,Rural,5,1,4,Male,Married,31,Policy Holder,Sedan - Collision,Sedan,30000 to 39000,0,1947,5,400,1,more than 30,more than 30,1,6 years,31 to 35,No,No,External,3 to 5,no change,1 vehicle,1994,Collision
1,1,5,Mazda,Urban,2,3,2,Male,Married,45,Third Party,Sport - Collision,Sport,more than 69000,0,1948,10,400,3,more than 30,more than 30,none,7 years,36 to 40,No,No,External,1 to 2,no change,1 vehicle,1994,Collision
3,2,1,Pontiac,Urban,2,1,3,Male,Married,41,Third Party,Sedan - All Perils,Sedan,20000 to 29000,0,1949,8,400,3,more than 30,more than 30,1,7 years,36 to 40,No,No,External,more than 5,no change,1 vehicle,1994,All Perils
1,1,1,Honda,Urban,1,1,1,Male,Single,0,Policy Holder,Sedan - Collision,Sedan,more than 69000,0,1950,6,400,1,more than 30,more than 30,none,new,16 to 17,No,No,External,none,no change,1 vehicle,1994,Collision
1,1,3,Honda,Urban,3,1,2,Male,Single,0,Third Party,Sedan - Liability,Sport,more than 69000,0,1951,9,400,1,more than 30,more than 30,2 to 4,new,16 to 17,No,No,External,none,no change,1 vehicle,1994,Liability
12,5,7,Honda,Urban,3,1,3,Male,Single,0,Policy Holder,Sedan - All Perils,Sedan,more than 69000,0,1952,7,400,2,more than 30,more than 30,none,new,16 to 17,No,No,External,none,no change,1 vehicle,1994,All Perils
12,4,5,Ford,Urban,1,1,2,Male,Married,45,Policy Holder,Sedan - All Perils,Sedan,20000 to 29000,0,1953,1,400,3,more than 30,more than 30,none,7 years,36 to 40,No,No,External,1 to 2,no change,1 vehicle,1994,All Perils
12,4,5,Chevrolet,Urban,2,1,1,Male,Married,37,Policy Holder,Sedan - All Perils,Sedan,20000 to 29000,0,1954,2,700,3,more than 30,more than 30,none,7 years,36 to 40,No,No,External,none,4 to 8 years,2 vehicles,1994,All Perils
12,3,7,Honda,Urban,3,9,1,Male,Single,0,Policy Holder,Sedan - Collision,Sedan,more than 69000,0,1955,8,400,3,more than 30,more than 30,none,new,16 to 17,No,No,External,none,no change,1 vehicle,1994,Collision
6,5,3,Chevrolet,Urban,2,1,5,Male,Married,72,Policy Holder,Utility - All Perils,Utility,more than 69000,0,1956,13,400,3,more than 30,more than 30,2 to 4,more than 7,over 65,No,No,External,1 to 2,no change,1 vehicle,1994,All Perils
12,5,3,Chevrolet,Urban,2,1,1,Male,Married,39,Policy Holder,Utility - All Perils,Utility,more than 69000,0,1957,5,400,3,more than 30,more than 30,2 to 4,7 years,36 to 40,No,No,External,none,no change,1 vehicle,1994,All Perils
12,5,6,Honda,Urban,2,1,4,Male,Single,0,Third Party,Sedan - All Perils,Sedan,more than 69000,0,1958,15,400,4,more than 30,more than 30,1,new,16 to 17,No,No,External,none,no change,1 vehicle,1994,All Perils
1,1,1,Honda,Urban,1,1,3,Male,Single,0,Policy Holder,Sedan - Collision,Sedan,more than 69000,0,1959,7,400,3,more than 30,more than 30,1,new,16 to 17,No,No,External,none,no change,1 vehicle,1994,Collision
1,1,1,Mazda,Urban,3,1,1,Male,Married,28,Policy Holder,Sedan - Liability,Sport,20000 to 29000,0,1960,1,400,3,more than 30,more than 30,2 to 4,6 years,31 to 35,No,No,External,none,no change,1 vehicle,1994,Liability
1,1,2,Accura,Urban,5,1,3,Male,Single,26,Policy Holder,Utility - All Perils,Utility,more than 69000,0,1961,15,400,2,more than 30,more than 30,none,6 years,31 to 35,No,No,External,none,no change,1 vehicle,1994,All Perils
1,1,6,Honda,Rural,2,4,2,Male,Married,29,Policy Holder,Sedan - Liability,Sport,20000 to 29000,0,1962,6,400,2,more than 30,more than 30,2 to 4,6 years,31 to 35,No,No,External,none,no change,1 vehicle,1994,Liability
3,2,3,Toyota,Urban,3,1,1,Male,Married,28,Policy Holder,Sedan - All Perils,Sedan,20000 to 29000,1,1963,5,400,1,more than 30,more than 30,more than 4,5 years,31 to 35,No,No,External,more than 5,no change,1 vehicle,1994,All Perils
1,1,7,Ford,Urban,5,1,2,Male,Married,37,Policy Holder,Sedan - Liability,Sport,40000 to 59000,0,1964,4,400,4,more than 30,more than 30,1,more than 7,36 to 40,No,No,External,none,no change,1 vehicle,1994,Liability
1,2,7,Toyota,Urban,2,1,3,Female,Single,35,Policy Holder,Sedan - Collision,Sedan,less than 20000,0,1965,8,400,2,more than 30,more than 30,none,5 years,31 to 35,No,No,External,none,no change,1 vehicle,1994,Collision
1,2,6,Toyota,Urban,5,1,2,Male,Married,45,Policy Holder,Sedan - Liability,Sport,20000 to 29000,0,1966,1,400,3,more than 30,more than 30,2 to 4,7 years,36 to 40,No,No,External,none,no change,1 vehicle,1994,Liability
1,2,2,Honda,Urban,5,1,3,Male,Married,54,Third Party,Sedan - All Perils,Sedan,20000 to 29000,0,1967,4,400,2,more than 30,more than 30,2 to 4,more than 7,41 to 50,No,No,External,none,no change,1 vehicle,1994,All Perils
1,2,5,Toyota,Urban,1,1,5,Male,Married,35,Policy Holder,Sedan - All Perils,Sedan,20000 to 29000,0,1968,13,400,4,more than 30,more than 30,none,5 years,31 to 35,No,No,External,none,no change,1 vehicle,1994,All Perils
1,3,2,Mazda,Urban,4,1,3,Male,Married,59,Policy Holder,Sedan - Liability,Sport,20000 to 29000,0,1969,6,400,4,more than 30,more than 30,more than 4,more than 7,51 to 65,No,No,External,none,no change,3 to 4,1994,Liability
1,3,4,Pontiac,Urban,3,1,3,Male,Married,27,Third Party,Sedan - All Perils,Sedan,20000 to 29000,0,1970,2,400,1,more than 30,more than 30,none,6 years,31 to 35,No,No,External,none,no change,1 vehicle,1994,All Perils
1,3,6,Pontiac,Urban,1,1,4,Male,Married,48,Policy Holder,Sedan - Liability,Sport,30000 to 39000,0,1971,8,400,3,more than 30,more than 30,more than 4,more than 7,41 to 50,No,No,External,3 to 5,no change,1 vehicle,1994,Liability
1,4,3,Toyota,Rural,4,2,4,Male,Single,33,Policy Holder,Sedan - All Perils,Sedan,20000 to 29000,0,1972,9,400,3,more than 30,more than 30,none,5 years,31 to 35,No,No,External,none,no change,1 vehicle,1994,All Perils
2,1,2,Accura,Urban,5,2,2,Male,Married,51,Third Party,Sedan - All Perils,Sedan,30000 to 39000,0,1973,13,400,4,more than 30,more than 30,none,more than 7,41 to 50,No,No,External,none,no change,1 vehicle,1994,All Perils
2,1,2,Ford,Urban,2,3,1,Male,Married,64,Policy Holder,Utility - All Perils,Utility,more than 69000,0,1974,1,400,1,more than 30,more than 30,1,more than 7,51 to 65,No,No,External,none,no change,1 vehicle,1994,All Perils
3,3,5,Toyota,Urban,5,4,3,Male,Single,26,Third Party,Sedan - Liability,Sport,30000 to 39000,0,1975,8,400,3,more than 30,more than 30,2 to 4,6 years,31 to 35,No,No,External,more than 5,4 to 8 years,2 vehicles,1994,Liability
4,4,2,Mazda,Urban,2,5,4,Male,Married,40,Third Party,Sport - Collision,Sport,more than 69000,0,1976,1,400,2,more than 30,more than 30,none,7 years,36 to 40,No,No,External,1 to 2,no change,1 vehicle,1994,Collision
5,5,5,Toyota,Urban,5,9,5,Male,Single,30,Policy Holder,Sedan - Collision,Sedan,30000 to 39000,0,1977,3,400,2,more than 30,more than 30,none,6 years,31 to 35,No,No,External,none,no change,1 vehicle,1994,Collision
9,3,6,Mazda,Urban,1,3,3,Male,Married,27,Policy Holder,Sedan - Collision,Sedan,20000 to 29000,0,1978,9,400,4,more than 30,more than 30,2 to 4,6 years,31 to 35,No,No,External,none,no change,1 vehicle,1994,Collision
3,2,2,Honda,Rural,3,1,3,Male,Single,20,Policy Holder,Sport - Collision,Sport,more than 69000,1,1979,3,400,4,more than 30,more than 30,2 to 4,4 years,21 to 25,No,No,External,none,no change,1 vehicle,1994,Collision
1,2,1,Honda,Urban,1,7,2,Male,Single,61,Policy Holder,Sedan - Liability,Sport,20000 to 29000,0,1980,11,400,4,more than 30,more than 30,more than 4,more than 7,51 to 65,No,No,External,3 to 5,no change,1 vehicle,1994,Liability
7,3,4,Pontiac,Urban,5,10,3,Female,Single,34,Policy Holder,Sedan - Liability,Sport,20000 to 29000,0,1981,5,400,2,more than 30,more than 30,none,6 years,31 to 35,No,No,External,1 to 2,no change,1 vehicle,1994,Liability
10,3,7,Toyota,Urban,1,10,4,Male,Married,41,Policy Holder,Sedan - Collision,Sedan,20000 to 29000,0,1982,11,400,3,more than 30,more than 30,none,6 years,36 to 40,No,No,External,more than 5,no change,1 vehicle,1994,Collision
10,3,7,Chevrolet,Urban,1,9,4,Male,Married,40,Policy Holder,Sedan - Liability,Sport,more than 69000,0,1983,5,400,3,more than 30,more than 30,2 to 4,7 years,36 to 40,No,No,External,none,no change,1 vehicle,1994,Liability
9,4,7,Mazda,Rural,3,3,4,Male,Single,40,Third Party,Sedan - Collision,Sedan,20000 to 29000,0,1984,14,400,2,more than 30,more than 30,1,7 years,36 to 40,Yes,Yes,External,more than 5,no change,1 vehicle,1994,Collision
3,2,1,Toyota,Urban,2,8,4,Female,Single,30,Policy Holder,Sedan - Liability,Sport,20000 to 29000,0,1985,16,400,3,more than 30,more than 30,2 to 4,6 years,31 to 35,No,No,External,1 to 2,no change,1 vehicle,1994,Liability
7,3,3,Honda,Urban,1,3,2,Male,Married,40,Third Party,Sedan - All Perils,Sedan,20000 to 29000,0,1986,16,400,1,more than 30,more than 30,2 to 4,7 years,36 to 40,No,No,External,none,no change,1 vehicle,1994,All Perils
3,4,5,Pontiac,Rural,3,2,4,Male,Married,76,Policy Holder,Sedan - All Perils,Sedan,20000 to 29000,0,1987,3,400,4,more than 30,more than 30,none,more than 7,over 65,No,Yes,External,1 to 2,no change,1 vehicle,1994,All Perils
2,2,5,Pontiac,Rural,5,3,3,Female,Married,28,Policy Holder,Sedan - Collision,Sedan,20000 to 29000,0,1988,12,400,3,more than 30,more than 30,1,7 years,31 to 35,No,No,External,3 to 5,no change,1 vehicle,1994,Collision
2,2,7,Honda,Urban,5,2,2,Male,Married,64,Policy Holder,Sedan - Collision,Sedan,20000 to 29000,0,1989,2,400,1,more than 30,more than 30,1,more than 7,51 to 65,No,No,External,1 to 2,no change,5 to 8,1994,Collision
2,1,6,Chevrolet,Urban,1,1,4,Male,Married,40,Third Party,Sedan - Collision,Sedan,30000 to 39000,1,1990,6,500,3,more than 30,more than 30,2 to 4,7 years,36 to 40,No,No,External,more than 5,2 to 3 years,1 vehicle,1994,Collision
1,3,7,Honda,Urban,1,6,3,Male,Single,29,Policy Holder,Sedan - Liability,Sport,30000 to 39000,0,1991,5,400,1,more than 30,more than 30,none,6 years,31 to 35,No,No,External,none,no change,1 vehicle,1994,Liability
6,3,2,Toyota,Rural,5,6,3,Male,Single,69,Policy Holder,Sedan - Liability,Sport,20000 to 29000,0,1992,1,400,4,more than 30,more than 30,none,7 years,over 65,No,No,External,1 to 2,no change,1 vehicle,1994,Liability
5,5,2,Pontiac,Urban,1,3,3,Male,Married,45,Third Party,Sedan - All Perils,Sedan,30000 to 39000,0,1993,15,400,4,more than 30,more than 30,1,more than 7,36 to 40,No,No,External,1 to 2,no change,1 vehicle,1994,All Perils
3,3,7,Toyota,Urban,2,3,4,Female,Single,29,Third Party,Sedan - Collision,Sedan,20000 to 29000,0,1994,5,400,3,more than 30,more than 30,2 to 4,6 years,31 to 35,No,No,External,1 to 2,no change,1 vehicle,1994,Collision
3,2,4,Toyota,Urban,4,2,3,Male,Married,58,Policy Holder,Sedan - Liability,Sport,20000 to 29000,0,1995,10,400,3,more than 30,more than 30,more than 4,more than 7,51 to 65,No,No,External,none,no change,1 vehicle,1994,Liability
2,1,2,Toyota,Urban,2,2,1,Male,Married,40,Third Party,Sedan - All Perils,Sedan,20000 to 29000,0,1996,13,400,1,more than 30,more than 30,none,7 years,36 to 40,No,No,External,none,4 to 8 years,2 vehicles,1994,All Perils
2,1,2,Honda,Urban,5,2,1,Female,Single,32,Policy Holder,Sedan - Liability,Sport,20000 to 29000,0,1997,14,400,2,more than 30,more than 30,1,6 years,31 to 35,No,No,External,more than 5,no change,1 vehicle,1994,Liability
1,4,3,Honda,Urban,2,2,1,Male,Single,28,Policy Holder,Sedan - All Perils,Sedan,less than 20000,0,1998,12,400,4,more than 30,more than 30,2 to 4,6 years,31 to 35,No,No,External,1 to 2,no change,1 vehicle,1994,All Perils
1,4,7,Honda,Urban,2,2,2,Male,Married,40,Policy Holder,Sedan - Collision,Sedan,20000 to 29000,0,1999,12,400,1,more than 30,more than 30,2 to 4,7 years,36 to 40,No,No,External,none,no change,1 vehicle,1994,Collision
1,4,5,Honda,Urban,3,1,2,Male,Single,43,Policy Holder,Sport - Collision,Sport,more than 69000,0,2000,3,400,2,more than 30,more than 30,none,7 years,36 to 40,No,No,External,none,no change,1 vehicle,1994,Collision
1,4,4,Honda,Urban,4,2,4,Male,Single,67,Third Party,Sedan - All Perils,Sedan,20000 to 29000,0,2001,15,400,3,more than 30,more than 30,2 to 4,more than 7,over 65,No,No,External,1 to 2,no change,1 vehicle,1994,All Perils
1,3,3,Pontiac,Urban,5,1,1,Female,Married,32,Third Party,Sedan - Liability,Sport,20000 to 29000,0,2002,15,400,4,more than 30,more than 30,more than 4,7 years,31 to 35,No,No,External,none,no change,1 vehicle,1994,Liability
1,3,7,Ford,Urban,1,3,4,Male,Single,44,Policy Holder,Sedan - Liability,Sport,30000 to 39000,0,2003,9,400,2,more than 30,more than 30,2 to 4,7 years,36 to 40,No,No,Internal,3 to 5,1 year,1 vehicle,1994,Liability
3,2,6,Mazda,Urban,3,1,3,Female,Married,44,Policy Holder,Sedan - All Perils,Sedan,20000 to 29000,1,2004,3,400,4,more than 30,more than 30,none,6 years,36 to 40,No,No,External,1 to 2,no change,1 vehicle,1994,All Perils
1,3,2,Accura,Urban,4,1,3,Male,Married,29,Policy Holder,Sedan - Liability,Sport,30000 to 39000,0,2005,3,400,2,more than 30,more than 30,2 to 4,7 years,31 to 35,No,No,External,none,no change,1 vehicle,1994,Liability
1,2,6,Toyota,Urban,5,2,2,Male,Married,58,Third Party,Sedan - Liability,Sport,30000 to 39000,0,2006,2,400,3,more than 30,more than 30,2 to 4,7 years,51 to 65,No,No,External,3 to 5,no change,1 vehicle,1994,Liability
1,2,1,Honda,Urban,4,12,2,Male,Married,63,Policy Holder,Sport - Collision,Sport,more than 69000,0,2007,5,400,3,more than 30,more than 30,none,more than 7,51 to 65,No,No,External,none,no change,1 vehicle,1994,Collision
12,4,7,Toyota,Urban,1,12,5,Male,Married,55,Policy Holder,Sedan - All Perils,Sedan,less than 20000,0,2008,7,400,1,more than 30,more than 30,1,more than 7,41 to 50,No,No,External,1 to 2,no change,1 vehicle,1994,All Perils
12,4,3,Honda,Urban,4,2,4,Male,Single,61,Third Party,Sedan - All Perils,Sedan,more than 69000,0,2009,15,400,3,more than 30,more than 30,none,new,51 to 65,No,No,External,none,no change,1 vehicle,1994,All Perils
12,5,1,Pontiac,Urban,3,3,1,Female,Married,48,Policy Holder,Sedan - Collision,Sedan,20000 to 29000,0,2010,8,400,3,more than 30,more than 30,2 to 4,7 years,41 to 50,No,No,External,1 to 2,no change,3 to 4,1994,Collision
3,3,2,Toyota,Urban,5,1,4,Male,Married,29,Third Party,Sedan - All Perils,Sedan,30000 to 39000,0,2011,13,400,1,none,15 to 30,2 to 4,6 years,31 to 35,No,No,External,1 to 2,no change,1 vehicle,1994,All Perils
11,5,5,Chevrolet,Urban,5,1,4,Male,Single,28,Policy Holder,Sedan - Collision,Sedan,more than 69000,0,2012,1,400,3,more than 30,more than 30,2 to 4,5 years,31 to 35,No,No,External,1 to 2,no change,1 vehicle,1994,Collision
12,2,6,Pontiac,Urban,1,3,5,Male,Married,39,Policy Holder,Utility - Liability,Utility,40000 to 59000,0,2013,3,400,1,more than 30,more than 30,more than 4,7 years,36 to 40,No,No,External,1 to 2,no change,1 vehicle,1994,Liability
3,2,6,Pontiac,Urban,1,3,3,Male,Single,65,Policy Holder,Sedan - Liability,Sport,20000 to 29000,0,2014,14,400,1,more than 30,more than 30,1,more than 7,51 to 65,No,No,External,1 to 2,no change,1 vehicle,1994,Liability
3,2,4,Honda,Urban,1,2,3,Female,Married,26,Policy Holder,Sedan - Liability,Sport,20000 to 29000,0,2015,2,400,3,more than 30,more than 30,more than 4,4 years,31 to 35,No,No,External,1 to 2,no change,1 vehicle,1994,Liability
2,4,4,Mazda,Urban,1,4,5,Male,Married,48,Third Party,Sedan - Liability,Sport,20000 to 29000,0,2016,5,700,1,more than 30,more than 30,1,more than 7,41 to 50,No,No,External,none,no change,1 vehicle,1994,Liability
3,5,4,Toyota,Urban,1,4,2,Male,Married,44,Third Party,Sedan - All Perils,Sedan,less than 20000,0,2017,11,400,2,more than 30,more than 30,none,more than 7,36 to 40,No,No,External,3 to 5,4 to 8 years,2 vehicles,1994,All Perils
3,5,7,Chevrolet,Urban,1,5,1,Male,Married,40,Third Party,Sedan - Collision,Sedan,20000 to 29000,0,2018,15,400,4,more than 30,more than 30,2 to 4,7 years,36 to 40,No,No,External,3 to 5,no change,1 vehicle,1994,Collision
5,1,7,Mazda,Urban,2,5,1,Male,Married,42,Policy Holder,Sedan - Collision,Sedan,20000 to 29000,0,2019,15,400,2,more than 30,more than 30,none,7 years,36 to 40,No,No,External,3 to 5,no change,1 vehicle,1994,Collision
5,1,5,Pontiac,Urban,3,4,1,Male,Married,28,Policy Holder,Sedan - Collision,Sedan,30000 to 39000,0,2020,5,400,3,more than 30,more than 30,none,7 years,31 to 35,No,No,External,none,no change,1 vehicle,1994,Collision
4,2,7,Toyota,Rural,1,7,3,Male,Single,27,Policy Holder,Sedan - Liability,Sport,30000 to 39000,0,2021,6,400,1,more than 30,more than 30,2 to 4,6 years,31 to 35,No,No,External,more than 5,no change,1 vehicle,1994,Liability
7,3,4,Toyota,Urban,5,6,4,Male,Single,21,Policy Holder,Sedan - Collision,Sedan,20000 to 29000,0,2022,1,400,1,more than 30,more than 30,2 to 4,4 years,26 to 30,No,No,External,none,no change,1 vehicle,1994,Collision
6,2,7,Toyota,Urban,4,9,3,Male,Married,37,Policy Holder,Sedan - All Perils,Sedan,20000 to 29000,0,2023,2,400,3,more than 30,more than 30,2 to 4,7 years,36 to 40,No,No,External,1 to 2,no change,1 vehicle,1994,All Perils
8,5,5,Mazda,Rural,3,3,2,Male,Single,24,Third Party,Sport - Collision,Sport,more than 69000,0,2024,11,400,1,more than 30,more than 30,2 to 4,5 years,26 to 30,No,No,External,none,no change,1 vehicle,1994,Collision
3,2,5,Chevrolet,Urban,5,3,3,Male,Married,31,Policy Holder,Sedan - All Perils,Sedan,more than 69000,0,2025,3,400,3,more than 30,more than 30,1,6 years,31 to 35,No,No,External,none,no change,1 vehicle,1994,All Perils
3,2,6,Pontiac,Urban,2,3,2,Male,Married,54,Policy Holder,Sedan - Liability,Sport,20000 to 29000,0,2026,13,400,4,more than 30,more than 30,more than 4,more than 7,41 to 50,No,No,External,3 to 5,no change,1 vehicle,1994,Liability
3,1,1,Accura,Urban,4,3,2,Female,Married,55,Policy Holder,Sedan - Liability,Sport,20000 to 29000,0,2027,11,400,1,more than 30,more than 30,2 to 4,7 years,41 to 50,No,No,External,none,no change,1 vehicle,1994,Liability
3,3,6,Accura,Urban,2,3,3,Male,Married,65,Policy Holder,Utility - All Perils,Utility,more than 69000,1,2028,13,400,1,more than 30,more than 30,none,7 years,51 to 65,No,No,External,none,no change,1 vehicle,1994,All Perils
3,1,5,Chevrolet,Urban,3,4,2,Male,Married,48,Policy Holder,Sedan - Liability,Sport,20000 to 29000,0,2029,14,400,2,more than 30,more than 30,more than 4,7 years,41 to 50,No,No,External,3 to 5,no change,1 vehicle,1994,Liability
4,4,7,Honda,Urban,1,4,4,Male,Married,31,Policy Holder,Sedan - Liability,Sport,30000 to 39000,0,2030,6,400,2,more than 30,more than 30,2 to 4,6 years,31 to 35,No,No,External,1 to 2,no change,1 vehicle,1994,Liability
4,1,5,Honda,Urban,2,2,1,Male,Single,29,Policy Holder,Sedan - All Perils,Sedan,less than 20000,0,2031,8,400,4,more than 30,more than 30,2 to 4,6 years,31 to 35,Yes,No,External,none,no change,1 vehicle,1994,All Perils
2,3,2,Honda,Urban,2,2,4,Male,Single,31,Third Party,Sedan - All Perils,Sedan,20000 to 29000,0,2032,6,400,3,more than 30,more than 30,1,6 years,31 to 35,No,No,External,1 to 2,no change,1 vehicle,1994,All Perils
2,2,2,Honda,Urban,2,2,2,Male,Single,22,Policy Holder,Sport - Collision,Sport,more than 69000,0,2033,8,400,3,more than 30,more than 30,none,5 years,26 to 30,No,No,External,none,no change,1 vehicle,1994,Collision
2,2,5,Honda,Urban,5,2,2,Male,Married,50,Policy Holder,Sedan - Liability,Sport,20000 to 29000,0,2034,6,400,3,more than 30,more than 30,none,more than 7,41 to 50,No,No,External,more than 5,no change,1 vehicle,1994,Liability
2,1,2,Honda,Urban,1,4,2,Female,Single,31,Third Party,Sedan - Liability,Sport,20000 to 29000,0,2035,9,400,1,more than 30,more than 30,2 to 4,6 years,31 to 35,No,No,External,none,no change,1 vehicle,1994,Liability
4,2,7,Mazda,Urban,1,5,3,Male,Single,41,Policy Holder,Sedan - Collision,Sedan,20000 to 29000,0,2036,10,400,2,more than 30,more than 30,1,7 years,36 to 40,No,No,External,none,no change,1 vehicle,1994,Collision
5,3,1,Pontiac,Urban,2,5,3,Male,Married,43,Third Party,Sedan - All Perils,Sedan,20000 to 29000,0,2037,12,400,2,more than 30,more than 30,none,more than 7,36 to 40,No,No,External,none,no change,1 vehicle,1994,All Perils
5,2,5,Pontiac,Rural,1,5,2,Male,Single,32,Third Party,Sedan - Collision,Sedan,20000 to 29000,0,2038,15,400,4,more than 30,more than 30,2 to 4,6 years,31 to 35,No,No,External,none,4 to 8 years,2 vehicles,1994,Collision
5,1,4,Chevrolet,Urban,1,4,2,Male,Married,39,Policy Holder,Utility - All Perils,Utility,more than 69000,0,2039,9,400,4,more than 30,more than 30,2 to 4,5 years,36 to 40,No,No,External,more than 5,no change,1 vehicle,1994,All Perils
4,4,4,Honda,Urban,4,6,4,Male,Single,0,Policy Holder,Sedan - Liability,Sport,more than 69000,0,2040,9,400,1,more than 30,more than 30,1,new,16 to 17,No,No,External,none,no change,1 vehicle,1994,Liability
6,3,2,Chevrolet,Rural,4,3,3,Male,Married,41,Third Party,Sedan - Collision,Sedan,more than 69000,1,2041,10,500,4,more than 30,more than 30,none,7 years,36 to 40,No,No,External,1 to 2,2 to 3 years,1 vehicle,1994,Collision
3,3,2,Pontiac,Urban,4,3,3,Male,Married,55,Policy Holder,Sedan - Collision,Sedan,30000 to 39000,1,2042,9,400,4,more than 30,more than 30,2 to 4,6 years,41 to 50,No,No,External,more than 5,no change,1 vehicle,1994,Collision
3,3,1,Chevrolet,Urban,2,7,3,Male,Single,33,Third Party,Sedan - All Perils,Sedan,more than 69000,0,2043,12,400,3,more than 30,more than 30,1,6 years,31 to 35,No,No,External,3 to 5,no change,1 vehicle,1994,All Perils
7,4,5,Toyota,Urban,1,7,4,Male,Married,37,Policy Holder,Sedan - Collision,Sedan,30000 to 39000,0,2044,6,400,4,more than 30,more than 30,2 to 4,7 years,36 to 40,No,No,External,more than 5,no change,1 vehicle,1994,Collision
7,3,4,Chevrolet,Urban,1,7,3,Male,Married,41,Policy Holder,Sedan - Liability,Sport,20000 to 29000,0,2045,6,400,3,more than 30,more than 30,more than 4,5 years,36 to 40,No,No,External,none,no change,1 vehicle,1994,Liability
7,2,3,Pontiac,Urban,2,9,2,Male,Single,34,Policy Holder,Sedan - Liability,Sport,30000 to 39000,0,2046,15,400,3,more than 30,more than 30,1,6 years,31 to 35,No,No,External,1 to 2,no change,1 vehicle,1994,Liability
8,3,2,Toyota,Urban,2,8,1,Male,Married,43,Policy Holder,Sedan - Collision,Sedan,more than 69000,0,2047,7,700,1,more than 30,more than 30,2 to 4,7 years,36 to 40,No,No,External,none,no change,1 vehicle,1994,Collision
8,2,1,Honda,Urban,2,10,2,Male,Married,62,Third Party,Sedan - All Perils,Sedan,20000 to 29000,0,2048,1,400,4,more than 30,more than 30,2 to 4,more than 7,51 to 65,No,No,External,1 to 2,no change,1 vehicle,1994,All Perils
10,3,4,Toyota,Urban,1,11,3,Female,Single,35,Policy Holder,Sedan - Collision,Sedan,20000 to 29000,0,2049,8,400,3,more than 30,more than 30,2 to 4,7 years,31 to 35,No,No,External,more than 5,no change,1 vehicle,1994,Collision
11,4,4,Toyota,Urban,3,2,5,Male,Married,48,Policy Holder,Sedan - All Perils,Sedan,less than 20000,0,2050,6,400,4,more than 30,more than 30,1,more than 7,41 to 50,No,No,External,none,no change,1 vehicle,1994,All Perils
11,3,5,Pontiac,Rural,4,3,4,Male,Married,36,Policy Holder,Sedan - Collision,Sedan,30000 to 39000,0,2051,2,400,2,more than 30,more than 30,2 to 4,7 years,36 to 40,No,No,External,none,no change,3 to 4,1994,Collision
2,4,6,Mazda,Urban,1,2,1,Male,Married,39,Third Party,Sedan - Collision,Sedan,30000 to 39000,0,2052,4,400,1,more than 30,more than 30,2 to 4,7 years,36 to 40,No,No,External,more than 5,no change,1 vehicle,1994,Collision
2,4,2,Dodge,Urban,3,4,4,Male,Single,28,Policy Holder,Sedan - Collision,Sedan,30000 to 39000,0,2053,14,400,1,more than 30,more than 30,more than 4,6 years,31 to 35,No,No,External,more than 5,no change,1 vehicle,1994,Collision
4,1,1,Toyota,Urban,1,4,1,Male,Married,49,Policy Holder,Sedan - Liability,Sport,30000 to 39000,0,2054,7,400,4,more than 30,more than 30,2 to 4,more than 7,41 to 50,No,No,External,none,no change,1 vehicle,1994,Liability
4,4,2,VW,Urban,3,4,4,Male,Single,61,Policy Holder,Sedan - Liability,Sport,30000 to 39000,0,2055,5,400,2,more than 30,more than 30,more than 4,more than 7,51 to 65,No,No,External,none,no change,1 vehicle,1994,Liability
4,3,3,Pontiac,Urban,4,4,3,Male,Married,50,Policy Holder,Sedan - All Perils,Sedan,20000 to 29000,0,2056,4,400,2,more than 30,more than 30,none,more than 7,41 to 50,No,No,External,3 to 5,no change,1 vehicle,1994,All Perils
4,3,1,Honda,Urban,3,5,3,Male,Married,53,Policy Holder,Sedan - Liability,Sport,40000 to 59000,0,2057,8,400,3,15 to 30,15 to 30,none,more than 7,41 to 50,No,No,External,none,no change,1 vehicle,1994,Liability
5,2,2,VW,Urban,2,6,2,Male,Married,43,Policy Holder,Sedan - Collision,Sedan,20000 to 29000,0,2058,14,400,4,more than 30,more than 30,1,more than 7,36 to 40,No,No,External,more than 5,no change,1 vehicle,1994,Collision
6,3,6,Honda,Urban,2,6,3,Male,Single,31,Policy Holder,Sedan - Liability,Sport,20000 to 29000,0,2059,14,400,1,more than 30,more than 30,2 to 4,6 years,31 to 35,No,No,External,1 to 2,4 to 8 years,2 vehicles,1994,Liability
6,3,2,Pontiac,Urban,2,7,4,Male,Married,50,Policy Holder,Sedan - Liability,Sport,30000 to 39000,0,2060,15,400,3,more than 30,more than 30,2 to 4,more than 7,41 to 50,No,No,External,more than 5,no change,1 vehicle,1994,Liability
7,2,1,VW,Urban,1,7,2,Male,Married,44,Policy Holder,Sedan - Collision,Sedan,40000 to 59000,0,2061,5,400,4,more than 30,more than 30,none,more than 7,36 to 40,No,No,External,more than 5,no change,1 vehicle,1994,Collision
7,2,4,Toyota,Urban,3,9,2,Male,Married,76,Policy Holder,Sedan - Collision,Sedan,20000 to 29000,0,2062,3,400,3,more than 30,more than 30,1,more than 7,over 65,No,No,External,none,no change,1 vehicle,1994,Collision
9,2,3,Mazda,Urban,4,11,2,Male,Married,31,Policy Holder,Sedan - Liability,Sport,20000 to 29000,0,2063,14,400,3,more than 30,more than 30,none,6 years,31 to 35,No,No,External,3 to 5,no change,1 vehicle,1994,Liability
10,4,1,Toyota,Urban,3,11,2,Male,Married,42,Policy Holder,Sedan - Collision,Sedan,20000 to 29000,0,2064,1,400,1,more than 30,more than 30,2 to 4,7 years,36 to 40,No,No,External,1 to 2,no change,1 vehicle,1994,Collision
11,3,3,Toyota,Urban,1,3,4,Male,Married,40,Policy Holder,Sedan - Collision,Sedan,less than 20000,0,2065,3,400,2,more than 30,more than 30,none,7 years,36 to 40,No,No,External,none,no change,1 vehicle,1994,Collision
3,3,4,Toyota,Urban,1,9,4,Male,Married,32,Policy Holder,Sedan - Collision,Sedan,30000 to 39000,1,2066,12,400,2,more than 30,more than 30,2 to 4,6 years,31 to 35,No,No,External,none,no change,1 vehicle,1994,Collision
9,4,3,Mazda,Urban,5,6,4,Female,Married,59,Policy Holder,Sedan - Collision,Sedan,less than 20000,0,2067,13,400,2,more than 30,more than 30,1,6 years,51 to 65,No,No,External,none,no change,1 vehicle,1994,Collision
5,3,3,Toyota,Rural,1,5,1,Female,Single,31,Policy Holder,Sedan - Liability,Sport,20000 to 29000,0,2068,11,400,1,more than 30,more than 30,more than 4,6 years,31 to 35,No,No,External,more than 5,no change,1 vehicle,1994,Liability
5,1,4,Toyota,Rural,5,6,5,Male,Married,49,Third Party,Sedan - Collision,Sedan,20000 to 29000,0,2069,9,400,3,more than 30,more than 30,2 to 4,more than 7,41 to 50,No,No,External,more than 5,no change,1 vehicle,1994,Collision
6,4,3,Pontiac,Urban,4,6,4,Male,Married,65,Policy Holder,Sedan - Collision,Sedan,30000 to 39000,0,2070,8,400,4,more than 30,more than 30,none,more than 7,51 to 65,No,No,External,1 to 2,no change,1 vehicle,1994,Collision
6,1,1,Pontiac,Urban,1,7,1,Female,Single,30,Policy Holder,Sedan - All Perils,Sedan,less than 20000,0,2071,13,400,4,more than 30,more than 30,1,6 years,31 to 35,No,No,External,3 to 5,no change,1 vehicle,1994,All Perils
7,2,3,Accura,Urban,5,7,2,Male,Single,26,Policy Holder,Sedan - Liability,Sport,20000 to 29000,0,2072,13,400,3,more than 30,more than 30,2 to 4,6 years,31 to 35,No,No,External,none,no change,1 vehicle,1994,Liability
7,2,4,Chevrolet,Urban,5,7,3,Male,Married,36,Policy Holder,Utility - All Perils,Utility,more than 69000,0,2073,1,400,1,more than 30,more than 30,2 to 4,7 years,36 to 40,No,No,External,1 to 2,no change,1 vehicle,1994,All Perils
6,5,1,Toyota,Urban,2,6,1,Male,Single,18,Third Party,Sedan - Collision,Sedan,20000 to 29000,0,2074,16,400,4,more than 30,more than 30,1,2 years,21 to 25,No,No,External,3 to 5,no change,1 vehicle,1994,Collision
6,4,1,Toyota,Urban,2,6,5,Male,Single,35,Policy Holder,Sedan - Liability,Sport,20000 to 29000,0,2075,9,400,1,more than 30,more than 30,2 to 4,6 years,31 to 35,No,No,External,none,no change,1 vehicle,1994,Liability
6,4,6,Mazda,Urban,4,10,5,Male,Single,32,Third Party,Sedan - Collision,Sedan,20000 to 29000,0,2076,12,400,4,more than 30,more than 30,2 to 4,6 years,31 to 35,No,No,External,none,no change,1 vehicle,1994,Collision
10,2,4,Pontiac,Urban,3,11,3,Male,Married,69,Policy Holder,Sedan - All Perils,Sedan,20000 to 29000,0,2077,14,400,4,more than 30,more than 30,1,more than 7,over 65,No,No,External,more than 5,no change,1 vehicle,1994,All Perils
10,4,5,Chevrolet,Urban,1,10,1,Male,Single,29,Policy Holder,Sedan - Collision,Sedan,20000 to 29000,0,2078,3,400,4,more than 30,more than 30,none,6 years,31 to 35,No,No,External,none,no change,1 vehicle,1994,Collision
10,3,1,Pontiac,Rural,2,3,3,Male,Married,41,Policy Holder,Sedan - All Perils,Sedan,more than 69000,0,2079,4,400,2,more than 30,more than 30,2 to 4,7 years,36 to 40,No,No,External,none,no change,1 vehicle,1994,All Perils
3,2,7,Chevrolet,Urban,1,3,3,Male,Married,61,Policy Holder,Utility - All Perils,Utility,more than 69000,0,2080,3,400,2,more than 30,more than 30,none,more than 7,51 to 65,No,No,External,3 to 5,4 to 8 years,2 vehicles,1994,All Perils
3,2,7,Honda,Urban,1,5,2,Male,Married,45,Policy Holder,Sedan - Collision,Sedan,20000 to 29000,0,2081,2,400,1,more than 30,more than 30,1,6 years,36 to 40,No,No,External,3 to 5,no change,1 vehicle,1994,Collision
5,3,4,Pontiac,Urban,3,6,3,Male,Married,50,Policy Holder,Sedan - Liability,Sport,30000 to 39000,0,2082,9,400,3,more than 30,more than 30,2 to 4,more than 7,41 to 50,No,No,External,none,no change,1 vehicle,1994,Liability
6,1,2,Chevrolet,Urban,2,5,2,Male,Married,56,Policy Holder,Sedan - Liability,Sport,more than 69000,0,2083,8,400,4,more than 30,more than 30,more than 4,7 years,51 to 65,No,No,External,more than 5,no change,1 vehicle,1994,Liability
5,5,4,Chevrolet,Urban,4,5,5,Female,Married,34,Policy Holder,Sedan - Liability,Sport,20000 to 29000,0,2084,2,400,3,more than 30,more than 30,none,5 years,31 to 35,No,No,External,none,no change,1 vehicle,1994,Liability
5,4,1,Toyota,Urban,2,7,4,Female,Single,34,Policy Holder,Sedan - Liability,Sport,20000 to 29000,0,2085,16,400,4,more than 30,more than 30,1,6 years,31 to 35,No,No,External,more than 5,no change,1 vehicle,1994,Liability
7,1,1,Toyota,Urban,1,7,1,Male,Married,76,Third Party,Sedan - All Perils,Sedan,less than 20000,0,2086,7,400,2,more than 30,more than 30,2 to 4,more than 7,over 65,No,No,External,none,no change,1 vehicle,1994,All Perils
7,1,1,Toyota,Rural,3,9,1,Male,Single,30,Policy Holder,Sedan - Collision,Sedan,20000 to 29000,0,2087,12,400,1,more than 30,more than 30,none,6 years,31 to 35,No,No,External,1 to 2,no change,1 vehicle,1994,Collision
9,1,7,Pontiac,Urban,3,10,1,Male,Single,24,Policy Holder,Sedan - Collision,Sedan,20000 to 29000,0,2088,9,400,1,more than 30,more than 30,1,5 years,26 to 30,No,No,External,3 to 5,no change,1 vehicle,1994,Collision
10,1,3,Mazda,Urban,4,9,2,Male,Married,32,Policy Holder,Sedan - Liability,Sport,40000 to 59000,0,2089,14,400,1,more than 30,more than 30,more than 4,6 years,31 to 35,No,No,External,more than 5,no change,1 vehicle,1994,Liability
9,4,4,Pontiac,Urban,4,12,5,Male,Married,39,Policy Holder,Sedan - Liability,Sport,20000 to 29000,0,2090,6,400,2,more than 30,more than 30,none,7 years,36 to 40,No,No,External,none,no change,1 vehicle,1994,Liability
12,4,4,VW,Urban,5,3,4,Male,Married,48,Policy Holder,Sedan - Collision,Sedan,30000 to 39000,0,2091,12,400,3,more than 30,more than 30,2 to 4,more than 7,41 to 50,No,No,External,1 to 2,no change,1 vehicle,1994,Collision
3,3,6,Pontiac,Urban,4,11,3,Male,Married,36,Policy Holder,Sedan - Liability,Sport,20000 to 29000,0,2092,13,500,2,more than 30,more than 30,none,7 years,36 to 40,No,No,Internal,more than 5,2 to 3 years,3 to 4,1994,Liability
10,4,6,Mazda,Urban,1,10,2,Male,Married,39,Policy Holder,Sedan - Collision,Sedan,20000 to 29000,0,2093,15,400,4,more than 30,more than 30,2 to 4,7 years,36 to 40,No,No,External,1 to 2,no change,1 vehicle,1994,Collision
10,2,1,Honda,Urban,1,8,2,Male,Married,39,Policy Holder,Sedan - Collision,Sedan,20000 to 29000,0,2094,9,400,1,more than 30,more than 30,2 to 4,more than 7,36 to 40,No,No,External,none,1 year,1 vehicle,1994,Collision
8,2,5,Mazda,Urban,5,8,3,Male,Married,42,Policy Holder,Sedan - Liability,Sport,30000 to 39000,0,2095,11,400,3,more than 30,more than 30,more than 4,7 years,36 to 40,No,No,External,more than 5,no change,1 vehicle,1994,Liability
7,4,6,Toyota,Rural,1,6,1,Male,Married,44,Third Party,Sedan - Collision,Sedan,30000 to 39000,0,2096,1,400,3,more than 30,more than 30,1,more than 7,36 to 40,No,No,External,more than 5,no change,1 vehicle,1994,Collision
6,2,5,Honda,Urban,6,7,2,Female,Single,24,Policy Holder,Sedan - Collision,Sedan,20000 to 29000,0,2097,7,400,3,more than 30,more than 30,1,5 years,26 to 30,No,No,External,3 to 5,no change,1 vehicle,1994,Collision
6,2,1,Mazda,Urban,1,6,1,Male,Married,77,Policy Holder,Sedan - All Perils,Sedan,20000 to 29000,0,2098,4,400,3,more than 30,more than 30,2 to 4,more than 7,over 65,No,No,External,more than 5,no change,1 vehicle,1994,All Perils
6,1,5,Toyota,Rural,1,6,1,Male,Married,43,Policy Holder,Sedan - Liability,Sport,30000 to 39000,0,2099,14,400,4,more than 30,more than 30,more than 4,7 years,36 to 40,No,No,External,none,no change,1 vehicle,1994,Liability
6,1,6,Mazda,Urban,4,5,2,Male,Married,33,Third Party,Sedan - All Perils,Sedan,20000 to 29000,0,2100,3,400,4,more than 30,more than 30,1,7 years,31 to 35,No,No,External,none,no change,1 vehicle,1994,All Perils
5,1,1,Toyota,Urban,1,4,3,Male,Single,18,Policy Holder,Sedan - All Perils,Sedan,20000 to 29000,0,2101,7,400,3,more than 30,more than 30,none,4 years,21 to 25,No,No,External,1 to 2,4 to 8 years,2 vehicles,1994,All Perils
4,3,4,Toyota,Urban,4,4,3,Male,Married,30,Policy Holder,Sedan - Liability,Sport,30000 to 39000,0,2102,11,400,3,more than 30,more than 30,1,6 years,31 to 35,No,No,External,more than 5,no change,1 vehicle,1994,Liability
4,1,4,Pontiac,Urban,4,3,1,Male,Married,66,Policy Holder,Sedan - Liability,Sport,less than 20000,0,2103,9,400,1,more than 30,more than 30,2 to 4,7 years,over 65,No,No,External,1 to 2,no change,1 vehicle,1994,Liability
3,3,2,Honda,Urban,4,2,3,Male,Single,0,Policy Holder,Sedan - Collision,Sedan,more than 69000,1,2104,12,400,1,more than 30,more than 30,none,new,16 to 17,No,No,External,none,no change,1 vehicle,1994,Collision
2,4,3,Mazda,Urban,5,2,4,Female,Married,55,Policy Holder,Sedan - Liability,Sport,20000 to 29000,0,2105,1,400,3,more than 30,more than 30,2 to 4,6 years,41 to 50,No,No,External,1 to 2,no change,1 vehicle,1994,Liability
2,4,7,Pontiac,Urban,5,2,4,Male,Married,56,Third Party,Sedan - All Perils,Sedan,more than 69000,0,2106,13,400,3,more than 30,more than 30,2 to 4,more than 7,51 to 65,No,No,External,none,no change,1 vehicle,1994,All Perils
1,5,6,Chevrolet,Urban,2,2,1,Male,Single,21,Policy Holder,Sedan - Liability,Sport,20000 to 29000,0,2107,15,400,1,more than 30,more than 30,2 to 4,6 years,26 to 30,No,No,External,3 to 5,no change,1 vehicle,1994,Liability
1,5,3,Pontiac,Urban,4,11,3,Male,Single,38,Policy Holder,Sedan - Liability,Sport,30000 to 39000,0,2108,7,400,1,more than 30,more than 30,none,7 years,36 to 40,No,No,External,none,no change,1 vehicle,1994,Liability
11,1,2,Mazda,Urban,2,10,1,Female,Married,29,Third Party,Sedan - Liability,Sport,20000 to 29000,0,2109,13,400,3,more than 30,more than 30,more than 4,6 years,31 to 35,No,No,External,none,no change,1 vehicle,1994,Liability
10,2,2,Toyota,Urban,4,10,2,Male,Married,28,Policy Holder,Sedan - Liability,Sport,40000 to 59000,0,2110,7,400,3,more than 30,more than 30,2 to 4,5 years,31 to 35,No,No,External,none,no change,1 vehicle,1994,Liability
10,2,2,Mazda,Rural,5,10,2,Male,Single,34,Third Party,Sedan - Collision,Sedan,20000 to 29000,0,2111,13,400,2,more than 30,more than 30,2 to 4,6 years,31 to 35,No,No,External,1 to 2,no change,1 vehicle,1994,Collision
10,1,2,Pontiac,Urban,1,11,2,Male,Married,36,Policy Holder,Sedan - All Perils,Sedan,less than 20000,0,2112,13,400,4,more than 30,more than 30,none,7 years,36 to 40,No,No,External,none,no change,1 vehicle,1994,All Perils
9,3,1,Ford,Urban,3,9,4,Male,Married,50,Policy Holder,Sedan - All Perils,Sedan,30000 to 39000,0,2113,11,400,3,more than 30,more than 30,2 to 4,more than 7,41 to 50,No,No,External,more than 5,no change,1 vehicle,1994,All Perils
9,3,6,Mazda,Urban,5,8,5,Male,Married,42,Policy Holder,Utility - All Perils,Utility,more than 69000,0,2114,15,400,3,more than 30,more than 30,2 to 4,7 years,36 to 40,No,No,External,none,no change,1 vehicle,1994,All Perils
8,2,5,Chevrolet,Urban,2,9,3,Male,Married,65,Policy Holder,Sedan - All Perils,Sedan,more than 69000,0,2115,7,400,1,more than 30,more than 30,none,more than 7,51 to 65,No,No,External,more than 5,no change,1 vehicle,1994,All Perils
8,2,4,Accura,Urban,5,3,1,Male,Single,35,Policy Holder,Utility - All Perils,Utility,more than 69000,0,2116,13,400,2,more than 30,more than 30,none,5 years,31 to 35,No,No,External,none,no change,1 vehicle,1994,All Perils
3,3,7,Pontiac,Urban,1,5,3,Male,Married,64,Third Party,Sedan - All Perils,Sedan,20000 to 29000,0,2117,4,400,4,more than 30,more than 30,1,more than 7,51 to 65,No,No,External,none,no change,1 vehicle,1994,All Perils
5,4,1,Pontiac,Urban,5,5,4,Female,Single,38,Policy Holder,Sedan - Collision,Sedan,20000 to 29000,0,2118,16,400,2,more than 30,more than 30,more than 4,6 years,36 to 40,No,No,External,none,no change,1 vehicle,1994,Collision
5,4,6,Mazda,Urban,2,6,4,Female,Single,39,Policy Holder,Sedan - Collision,Sedan,20000 to 29000,0,2119,10,400,1,more than 30,more than 30,2 to 4,6 years,36 to 40,No,No,External,more than 5,no change,1 vehicle,1994,Collision
5,4,2,Pontiac,Urban,3,5,4,Male,Married,52,Policy Holder,Sedan - Liability,Sport,20000 to 29000,0,2120,12,400,1,more than 30,more than 30,2 to 4,more than 7,41 to 50,No,No,External,none,no change,1 vehicle,1994,Liability
5,1,4,Honda,Rural,3,5,1,Male,Married,52,Policy Holder,Sedan - Liability,Sport,20000 to 29000,0,2121,12,400,2,more than 30,more than 30,2 to 4,more than 7,41 to 50,No,No,External,1 to 2,no change,1 vehicle,1994,Liability
4,5,2,Accura,Urban,1,5,1,Female,Married,26,Policy Holder,Sedan - Liability,Sport,20000 to 29000,0,2122,16,400,2,more than 30,more than 30,1,7 years,31 to 35,No,No,External,none,4 to 8 years,2 vehicles,1994,Liability
4,4,1,Toyota,Urban,3,4,1,Female,Single,48,Third Party,Sedan - Collision,Sedan,20000 to 29000,0,2123,11,400,4,more than 30,more than 30,none,7 years,41 to 50,No,No,External,more than 5,no change,1 vehicle,1994,Collision
4,3,2,Chevrolet,Urban,3,4,3,Male,Married,40,Policy Holder,Utility - Liability,Utility,more than 69000,0,2124,5,400,3,more than 30,more than 30,2 to 4,7 years,36 to 40,No,No,External,none,no change,1 vehicle,1994,Liability
3,5,5,Accura,Urban,1,1,1,Male,Married,38,Policy Holder,Sedan - Liability,Sport,30000 to 39000,0,2125,11,400,1,more than 30,more than 30,2 to 4,7 years,36 to 40,No,No,External,3 to 5,no change,1 vehicle,1994,Liability
7,1,4,Honda,Urban,5,2,4,Male,Single,0,Policy Holder,Sedan - Collision,Sedan,more than 69000,0,2126,9,400,3,more than 30,more than 30,1,new,16 to 17,No,No,External,none,no change,1 vehicle,1994,Collision
5,2,7,Honda,Urban,3,3,2,Male,Single,0,Policy Holder,Sedan - Collision,Sedan,more than 69000,0,2127,8,400,4,more than 30,more than 30,1,new,16 to 17,No,No,External,none,no change,1 vehicle,1994,Collision
3,1,5,Toyota,Urban,5,3,2,Female,Married,29,Third Party,Sedan - Collision,Sedan,20000 to 29000,0,2128,9,400,1,more than 30,more than 30,2 to 4,6 years,31 to 35,No,No,External,more than 5,no change,1 vehicle,1994,Collision
3,1,7,Mazda,Urban,5,2,1,Male,Married,67,Policy Holder,Sedan - All Perils,Sedan,20000 to 29000,0,2129,8,400,1,more than 30,more than 30,1,more than 7,over 65,No,No,External,none,no change,1 vehicle,1994,All Perils
2,3,3,Honda,Urban,3,4,4,Male,Married,36,Policy Holder,Sport - Collision,Sport,more than 69000,0,2130,15,400,4,more than 30,more than 30,1,3 years,36 to 40,No,No,External,none,no change,1 vehicle,1994,Collision
4,2,4,Toyota,Urban,4,11,2,Female,Single,25,Policy Holder,Sedan - Collision,Sedan,20000 to 29000,0,2131,3,400,2,more than 30,more than 30,none,4 years,26 to 30,No,No,External,none,no change,1 vehicle,1994,Collision
9,4,2,Mazda,Urban,2,9,1,Male,Married,41,Policy Holder,Sedan - All Perils,Sedan,20000 to 29000,0,2132,9,400,3,more than 30,more than 30,none,7 years,36 to 40,No,No,External,none,no change,1 vehicle,1994,All Perils
9,1,3,Honda,Urban,3,11,1,Female,Divorced,39,Policy Holder,Sedan - Liability,Sport,20000 to 29000,0,2133,12,400,1,more than 30,more than 30,2 to 4,7 years,36 to 40,No,No,External,3 to 5,no change,3 to 4,1994,Liability
11,2,6,Honda,Urban,3,9,3,Male,Single,54,Third Party,Sport - Collision,Sport,more than 69000,0,2134,3,400,3,more than 30,more than 30,none,7 years,41 to 50,No,No,External,3 to 5,no change,1 vehicle,1994,Collision
9,3,7,Toyota,Urban,1,8,3,Male,Single,33,Third Party,Sedan - Collision,Sedan,20000 to 29000,0,2135,6,400,1,more than 30,more than 30,2 to 4,7 years,31 to 35,No,No,External,none,no change,1 vehicle,1994,Collision
8,4,1,Chevrolet,Urban,3,8,5,Male,Single,38,Third Party,Sedan - All Perils,Sedan,20000 to 29000,0,2136,9,400,1,more than 30,more than 30,none,7 years,36 to 40,No,No,External,1 to 2,no change,1 vehicle,1994,All Perils
7,5,5,Toyota,Urban,4,7,1,Male,Married,77,Policy Holder,Sedan - All Perils,Sedan,more than 69000,0,2137,9,400,1,more than 30,more than 30,2 to 4,more than 7,over 65,No,No,External,none,no change,1 vehicle,1994,All Perils
7,3,2,Honda,Urban,1,7,3,Male,Married,38,Third Party,Sport - Collision,Sport,more than 69000,0,2138,11,400,2,more than 30,more than 30,none,7 years,36 to 40,No,No,External,none,no change,1 vehicle,1994,Collision
7,2,4,Chevrolet,Urban,5,7,3,Male,Married,38,Policy Holder,Sedan - All Perils,Sedan,30000 to 39000,0,2139,1,400,2,more than 30,more than 30,none,more than 7,36 to 40,No,No,External,1 to 2,no change,1 vehicle,1994,All Perils
7,1,7,Honda,Urban,5,7,2,Male,Married,63,Policy Holder,Sedan - Collision,Sedan,less than 20000,0,2140,6,700,4,more than 30,more than 30,none,more than 7,51 to 65,No,No,External,none,no change,1 vehicle,1994,Collision
7,1,5,Mazda,Urban,5,4,2,Male,Single,30,Policy Holder,Sedan - All Perils,Sedan,20000 to 29000,0,2141,3,400,1,more than 30,more than 30,2 to 4,6 years,31 to 35,No,No,External,1 to 2,no change,1 vehicle,1994,All Perils
3,3,5,Chevrolet,Urban,2,7,1,Male,Single,35,Policy Holder,Sedan - All Perils,Sedan,20000 to 29000,1,2142,4,400,2,more than 30,more than 30,2 to 4,6 years,31 to 35,No,No,External,none,no change,1 vehicle,1994,All Perils
6,5,6,Toyota,Urban,2,3,1,Male,Married,42,Third Party,Sedan - Liability,Sport,30000 to 39000,1,2143,7,500,1,more than 30,more than 30,none,more than 7,36 to 40,No,No,External,more than 5,2 to 3 years,2 vehicles,1994,Liability
3,3,4,Ford,Urban,6,7,4,Male,Married,55,Policy Holder,Sedan - All Perils,Sedan,40000 to 59000,1,2144,13,400,4,more than 30,more than 30,1,7 years,41 to 50,No,No,External,none,no change,1 vehicle,1994,All Perils
6,5,1,Chevrolet,Urban,5,5,1,Male,Married,33,Policy Holder,Utility - All Perils,Utility,more than 69000,0,2145,7,400,2,more than 30,more than 30,more than 4,7 years,31 to 35,No,No,External,more than 5,no change,1 vehicle,1994,All Perils
5,4,6,Honda,Urban,3,5,4,Female,Single,37,Third Party,Sedan - Collision,Sedan,20000 to 29000,0,2146,16,400,2,more than 30,more than 30,none,5 years,36 to 40,No,No,External,none,no change,1 vehicle,1994,Collision
4,5,7,Toyota,Urban,1,4,1,Male,Married,26,Third Party,Sedan - Collision,Sedan,20000 to 29000,0,2147,4,400,3,more than 30,more than 30,1,7 years,31 to 35,No,No,External,none,no change,1 vehicle,1994,Collision
4,2,6,Mazda,Urban,3,4,2,Male,Single,30,Policy Holder,Sedan - Collision,Sedan,20000 to 29000,0,2148,11,400,4,more than 30,more than 30,1,6 years,31 to 35,No,No,External,none,no change,1 vehicle,1994,Collision
4,2,1,Pontiac,Urban,3,3,3,Male,Married,50,Policy Holder,Sedan - All Perils,Sedan,less than 20000,0,2149,4,400,1,more than 30,more than 30,none,7 years,41 to 50,No,No,External,1 to 2,no change,1 vehicle,1994,All Perils
3,4,5,Pontiac,Urban,5,3,5,Male,Married,65,Policy Holder,Sedan - Collision,Sedan,30000 to 39000,0,2150,10,400,1,more than 30,more than 30,1,more than 7,51 to 65,No,No,External,1 to 2,no change,1 vehicle,1994,Collision
3,3,2,Toyota,Rural,2,3,3,Male,Married,32,Policy Holder,Sedan - Collision,Sedan,30000 to 39000,0,2151,2,400,4,more than 30,more than 30,none,7 years,31 to 35,No,No,External,1 to 2,no change,1 vehicle,1994,Collision
3,2,5,Chevrolet,Urban,3,12,3,Male,Married,45,Third Party,Sedan - All Perils,Sedan,20000 to 29000,0,2152,10,400,1,more than 30,more than 30,2 to 4,7 years,36 to 40,No,No,External,none,no change,1 vehicle,1994,All Perils
12,2,5,VW,Urban,3,10,5,Male,Single,26,Policy Holder,Sedan - Liability,Sport,30000 to 39000,0,2153,8,400,1,more than 30,more than 30,2 to 4,6 years,31 to 35,No,No,External,more than 5,no change,1 vehicle,1994,Liability
10,4,1,Toyota,Urban,2,10,4,Male,Married,32,Policy Holder,Sedan - Liability,Sport,20000 to 29000,0,2154,15,400,4,more than 30,more than 30,2 to 4,6 years,31 to 35,No,No,External,more than 5,no change,1 vehicle,1994,Liability
10,1,5,Pontiac,Urban,1,10,2,Male,Married,38,Policy Holder,Sedan - All Perils,Sedan,20000 to 29000,0,2155,16,400,4,more than 30,more than 30,1,7 years,36 to 40,No,No,External,none,no change,1 vehicle,1994,All Perils
9,5,4,Toyota,Urban,4,11,1,Male,Married,50,Policy Holder,Sedan - Collision,Sedan,20000 to 29000,0,2156,7,400,2,more than 30,more than 30,1,more than 7,41 to 50,No,No,External,1 to 2,no change,1 vehicle,1994,Collision
9,5,7,Honda,Urban,3,9,2,Male,Married,71,Policy Holder,Sedan - All Perils,Sedan,more than 69000,0,2157,1,400,1,more than 30,more than 30,none,new,over 65,No,No,External,none,no change,1 vehicle,1994,All Perils
9,1,3,Pontiac,Urban,5,9,2,Male,Married,39,Policy Holder,Sedan - Collision,Sedan,20000 to 29000,0,2158,8,400,2,more than 30,more than 30,2 to 4,7 years,36 to 40,No,No,External,none,no change,1 vehicle,1994,Collision
8,5,4,Toyota,Rural,2,8,1,Male,Married,53,Policy Holder,Sedan - Collision,Sedan,20000 to 29000,0,2159,8,400,1,more than 30,more than 30,1,7 years,41 to 50,No,No,External,none,no change,1 vehicle,1994,Collision
8,1,1,Honda,Urban,3,8,3,Male,Married,46,Third Party,Sport - Collision,Sport,more than 69000,0,2160,4,400,2,more than 30,more than 30,none,more than 7,41 to 50,No,No,External,none,no change,1 vehicle,1994,Collision
7,1,1,Toyota,Urban,2,6,2,Female,Married,33,Third Party,Sedan - Collision,Sedan,20000 to 29000,0,2161,11,400,3,more than 30,more than 30,1,6 years,31 to 35,No,No,External,none,no change,1 vehicle,1994,Collision
6,2,7,Honda,Urban,4,7,3,Male,Single,0,Third Party,Sedan - Collision,Sedan,more than 69000,0,2162,15,400,3,more than 30,more than 30,1,new,16 to 17,No,No,External,none,no change,1 vehicle,1994,Collision
6,1,4,Toyota,Urban,3,6,2,Male,Married,56,Third Party,Sedan - Collision,Sedan,20000 to 29000,0,2163,1,400,4,more than 30,more than 30,2 to 4,more than 7,51 to 65,No,No,External,none,no change,1 vehicle,1994,Collision
5,4,2,Chevrolet,Urban,3,4,3,Male,Single,34,Policy Holder,Sedan - Collision,Sedan,20000 to 29000,0,2164,16,400,1,more than 30,more than 30,2 to 4,5 years,31 to 35,No,No,External,none,4 to 8 years,2 vehicles,1994,Collision
4,3,2,Ford,Urban,4,4,3,Male,Married,38,Third Party,Sedan - Collision,Sedan,more than 69000,0,2165,16,400,4,more than 30,more than 30,1,6 years,36 to 40,No,No,External,none,no change,1 vehicle,1994,Collision
4,3,1,Honda,Urban,3,5,4,Male,Married,35,Third Party,Sedan - All Perils,Sedan,20000 to 29000,0,2166,12,400,3,more than 30,more than 30,2 to 4,6 years,31 to 35,No,No,External,3 to 5,no change,1 vehicle,1994,All Perils
4,2,6,Chevrolet,Rural,5,4,1,Male,Married,73,Policy Holder,Sedan - All Perils,Sedan,30000 to 39000,0,2167,8,400,3,more than 30,more than 30,none,more than 7,over 65,No,No,External,none,no change,1 vehicle,1994,All Perils
3,3,1,Toyota,Rural,2,4,1,Male,Married,55,Policy Holder,Sedan - All Perils,Sedan,less than 20000,1,2168,3,400,2,more than 30,more than 30,none,more than 7,41 to 50,No,No,External,3 to 5,no change,1 vehicle,1994,All Perils
3,5,6,Ford,Urban,4,4,1,Male,Married,29,Policy Holder,Sedan - All Perils,Sedan,30000 to 39000,0,2169,1,400,3,more than 30,more than 30,2 to 4,5 years,31 to 35,No,No,External,none,no change,1 vehicle,1994,All Perils
3,4,7,Honda,Urban,2,4,2,Male,Single,30,Policy Holder,Sedan - Collision,Sedan,30000 to 39000,0,2170,5,400,2,more than 30,more than 30,more than 4,6 years,31 to 35,No,No,External,more than 5,no change,1 vehicle,1994,Collision
3,3,5,Pontiac,Urban,1,2,1,Male,Married,57,Policy Holder,Sedan - Collision,Sedan,20000 to 29000,0,2171,16,700,2,more than 30,more than 30,2 to 4,more than 7,51 to 65,No,No,External,none,no change,1 vehicle,1994,Collision
2,4,1,Chevrolet,Urban,3,11,5,Male,Married,38,Policy Holder,Sedan - Liability,Sport,40000 to 59000,0,2172,14,400,1,more than 30,more than 30,none,more than 7,36 to 40,No,No,External,more than 5,no change,1 vehicle,1994,Liability
11,1,7,Pontiac,Urban,2,3,2,Male,Married,38,Policy Holder,Sedan - Collision,Sedan,20000 to 29000,0,2173,14,400,1,more than 30,more than 30,none,7 years,36 to 40,No,No,External,1 to 2,no change,1 vehicle,1994,Collision
3,3,1,Toyota,Rural,2,11,4,Male,Married,45,Policy Holder,Sedan - All Perils,Sedan,20000 to 29000,1,2174,7,400,3,more than 30,more than 30,2 to 4,more than 7,36 to 40,No,No,External,more than 5,no change,3 to 4,1994,All Perils
11,1,3,Toyota,Urban,1,11,2,Female,Married,38,Policy Holder,Sedan - Collision,Sedan,20000 to 29000,0,2175,10,400,4,more than 30,more than 30,1,7 years,36 to 40,No,No,External,1 to 2,no change,1 vehicle,1994,Collision
11,1,5,Toyota,Urban,4,11,1,Male,Married,27,Policy Holder,Sedan - All Perils,Sedan,20000 to 29000,0,2176,8,400,2,more than 30,more than 30,none,6 years,31 to 35,No,No,External,1 to 2,no change,1 vehicle,1994,All Perils
11,1,4,Ford,Urban,3,9,2,Male,Married,31,Policy Holder,Sedan - Liability,Sport,30000 to 39000,0,2177,1,400,3,more than 30,more than 30,2 to 4,7 years,31 to 35,Yes,No,External,none,no change,1 vehicle,1994,Liability
9,4,7,Chevrolet,Urban,2,3,4,Female,Married,47,Policy Holder,Sedan - Collision,Sedan,more than 69000,0,2178,1,400,3,more than 30,more than 30,none,7 years,41 to 50,No,No,External,more than 5,no change,1 vehicle,1994,Collision
3,3,3,Toyota,Rural,3,3,4,Male,Married,41,Third Party,Sedan - Collision,Sedan,20000 to 29000,0,2179,10,400,2,more than 30,more than 30,1,6 years,36 to 40,No,No,External,1 to 2,no change,1 vehicle,1994,Collision
3,3,1,Pontiac,Urban,2,2,3,Male,Married,36,Policy Holder,Sedan - Collision,Sedan,20000 to 29000,0,2180,4,400,1,more than 30,more than 30,2 to 4,more than 7,36 to 40,No,No,External,3 to 5,no change,1 vehicle,1994,Collision
2,4,1,Toyota,Urban,3,3,5,Male,Single,19,Policy Holder,Sedan - All Perils,Sedan,less than 20000,0,2181,15,400,1,more than 30,more than 30,1,4 years,21 to 25,No,No,External,more than 5,no change,1 vehicle,1994,All Perils
2,4,7,VW,Urban,1,2,1,Male,Married,34,Policy Holder,Sedan - All Perils,Sedan,40000 to 59000,0,2182,15,400,1,more than 30,more than 30,2 to 4,6 years,31 to 35,No,No,External,none,no change,1 vehicle,1994,All Perils
2,4,1,Chevrolet,Urban,2,3,4,Female,Married,56,Third Party,Sedan - Liability,Sport,30000 to 39000,0,2183,10,400,3,more than 30,more than 30,2 to 4,more than 7,51 to 65,No,No,External,1 to 2,no change,1 vehicle,1994,Liability
2,3,2,Pontiac,Urban,2,2,2,Male,Divorced,37,Policy Holder,Sedan - Liability,Sport,less than 20000,0,2184,15,400,3,more than 30,more than 30,1,7 years,36 to 40,No,No,External,none,no change,1 vehicle,1994,Liability
2,3,7,Toyota,Urban,1,3,3,Female,Married,51,Policy Holder,Sedan - All Perils,Sedan,less than 20000,0,2185,6,400,1,more than 30,more than 30,none,more than 7,41 to 50,No,No,External,none,1 year,2 vehicles,1994,All Perils
3,3,1,Pontiac,Urban,1,6,4,Male,Married,44,Policy Holder,Sedan - Collision,Sedan,less than 20000,1,2186,11,400,3,more than 30,more than 30,none,more than 7,36 to 40,No,No,External,none,no change,1 vehicle,1994,Collision
5,2,7,Pontiac,Urban,1,4,3,Male,Married,63,Policy Holder,Utility - All Perils,Utility,more than 69000,0,2187,8,400,1,more than 30,more than 30,2 to 4,7 years,51 to 65,No,No,External,3 to 5,no change,1 vehicle,1994,All Perils
3,3,6,Mazda,Urban,5,4,1,Male,Married,52,Third Party,Sport - Collision,Sport,more than 69000,0,2188,3,400,3,more than 30,more than 30,none,more than 7,41 to 50,No,No,External,none,no change,1 vehicle,1994,Collision
4,1,5,Mazda,Urban,5,3,2,Male,Married,36,Policy Holder,Sedan - Collision,Sedan,20000 to 29000,0,2189,14,400,3,more than 30,more than 30,none,7 years,36 to 40,No,No,External,3 to 5,no change,1 vehicle,1994,Collision
3,3,1,Pontiac,Urban,5,4,3,Male,Married,37,Third Party,Sedan - Liability,Sport,30000 to 39000,0,2190,3,400,2,more than 30,more than 30,more than 4,7 years,36 to 40,No,No,External,none,no change,1 vehicle,1994,Liability
3,4,2,Ford,Urban,3,3,1,Male,Married,64,Policy Holder,Sedan - All Perils,Sedan,less than 20000,1,2191,2,400,3,more than 30,more than 30,none,more than 7,51 to 65,No,No,External,none,no change,1 vehicle,1994,All Perils
3,2,3,Mazda,Urban,3,3,2,Male,Married,26,Policy Holder,Sedan - Liability,Sport,30000 to 39000,0,2192,5,400,3,more than 30,more than 30,1,6 years,31 to 35,No,No,External,1 to 2,no change,1 vehicle,1994,Liability
3,2,4,Honda,Urban,2,3,3,Male,Married,52,Third Party,Sedan - Liability,Sport,more than 69000,0,2193,9,400,1,more than 30,more than 30,1,more than 7,41 to 50,No,No,External,3 to 5,no change,1 vehicle,1994,Liability
3,1,1,Mazda,Urban,1,2,3,Male,Married,43,Policy Holder,Sedan - Collision,Sedan,20000 to 29000,0,2194,15,500,2,more than 30,more than 30,none,more than 7,36 to 40,No,No,External,more than 5,2 to 3 years,1 vehicle,1994,Collision
2,5,6,Honda,Urban,3,2,5,Male,Married,29,Third Party,Sedan - All Perils,Sedan,20000 to 29000,0,2195,7,400,2,more than 30,more than 30,none,7 years,31 to 35,No,No,External,none,no change,1 vehicle,1994,All Perils
2,2,2,Toyota,Urban,4,3,3,Female,Married,68,Policy Holder,Sedan - All Perils,Sedan,20000 to 29000,0,2196,10,400,1,more than 30,more than 30,none,more than 7,over 65,No,No,External,3 to 5,no change,1 vehicle,1994,All Perils
2,5,3,Pontiac,Urban,4,4,1,Male,Married,42,Third Party,Sedan - All Perils,Sedan,30000 to 39000,0,2197,2,400,2,more than 30,more than 30,none,7 years,36 to 40,No,No,External,more than 5,no change,1 vehicle,1994,All Perils
3,4,1,Chevrolet,Urban,2,3,4,Male,Married,77,Policy Holder,Utility - Liability,Utility,more than 69000,0,2198,11,400,2,more than 30,more than 30,2 to 4,more than 7,over 65,No,No,Internal,more than 5,no change,1 vehicle,1994,Liability
3,4,2,Honda,Urban,3,3,4,Male,Single,24,Third Party,Sedan - All Perils,Sedan,20000 to 29000,0,2199,15,400,1,more than 30,more than 30,2 to 4,6 years,26 to 30,No,No,External,3 to 5,no change,1 vehicle,1994,All Perils
3,3,4,Honda,Urban,5,2,3,Male,Single,0,Policy Holder,Sedan - Liability,Sport,more than 69000,0,2200,1,400,1,more than 30,more than 30,2 to 4,new,16 to 17,No,No,External,none,no change,1 vehicle,1994,Liability
2,3,1,Toyota,Urban,1,2,3,Male,Married,40,Policy Holder,Sedan - All Perils,Sedan,less than 20000,0,2201,10,400,1,more than 30,more than 30,1,more than 7,36 to 40,No,No,External,1 to 2,no change,1 vehicle,1994,All Perils
2,3,1,Mazda,Urban,1,3,3,Male,Married,72,Policy Holder,Sedan - Liability,Sport,30000 to 39000,0,2202,11,700,4,more than 30,more than 30,2 to 4,more than 7,over 65,No,No,External,1 to 2,no change,5 to 8,1994,Liability
3,4,7,Toyota,Urban,2,2,5,Male,Married,33,Policy Holder,Sedan - All Perils,Sedan,more than 69000,1,2203,16,400,4,more than 30,more than 30,2 to 4,7 years,31 to 35,No,No,External,3 to 5,no change,1 vehicle,1994,All Perils
1,5,1,Chevrolet,Rural,5,4,1,Male,Single,33,Policy Holder,Sedan - Collision,Sedan,20000 to 29000,0,2204,16,400,3,more than 30,more than 30,more than 4,6 years,31 to 35,No,No,External,none,no change,1 vehicle,1994,Collision
3,4,3,Toyota,Urban,5,2,2,Male,Married,57,Policy Holder,Sedan - Collision,Sedan,20000 to 29000,1,2205,16,400,1,more than 30,more than 30,none,more than 7,51 to 65,No,No,External,none,no change,1 vehicle,1994,Collision
2,1,4,Honda,Rural,1,2,2,Male,Single,29,Policy Holder,Sedan - Collision,Sedan,20000 to 29000,0,2206,13,400,1,more than 30,more than 30,1,6 years,31 to 35,No,No,External,3 to 5,4 to 8 years,2 vehicles,1994,Collision
2,1,6,Pontiac,Urban,3,2,2,Male,Single,65,Third Party,Sedan - Collision,Sedan,30000 to 39000,0,2207,4,400,3,more than 30,more than 30,1,more than 7,51 to 65,No,No,External,none,no change,1 vehicle,1994,Collision
2,1,2,Chevrolet,Rural,3,2,2,Male,Married,50,Policy Holder,Sedan - Collision,Sedan,20000 to 29000,0,2208,5,400,4,more than 30,more than 30,none,more than 7,41 to 50,No,No,External,none,no change,1 vehicle,1994,Collision
2,2,3,Toyota,Urban,3,2,2,Male,Married,33,Third Party,Sedan - All Perils,Sedan,20000 to 29000,0,2209,16,400,3,more than 30,more than 30,1,5 years,31 to 35,No,No,External,none,no change,1 vehicle,1994,All Perils
2,2,3,Mazda,Urban,4,2,2,Female,Married,49,Policy Holder,Sedan - Collision,Sedan,20000 to 29000,0,2210,4,400,4,more than 30,more than 30,none,more than 7,41 to 50,No,No,External,more than 5,no change,1 vehicle,1994,Collision
2,2,5,Honda,Urban,3,3,2,Male,Married,46,Policy Holder,Sedan - Collision,Sedan,30000 to 39000,0,2211,16,400,3,more than 30,more than 30,2 to 4,7 years,41 to 50,No,No,External,none,no change,1 vehicle,1994,Collision
2,3,5,Pontiac,Rural,3,2,1,Male,Married,69,Third Party,Sedan - All Perils,Sedan,less than 20000,0,2212,2,400,3,more than 30,more than 30,none,more than 7,over 65,No,No,External,none,no change,1 vehicle,1994,All Perils
2,3,6,Chevrolet,Rural,3,3,4,Male,Married,41,Policy Holder,Sedan - Liability,Sport,20000 to 29000,0,2213,8,400,1,more than 30,more than 30,more than 4,7 years,36 to 40,No,No,External,3 to 5,no change,1 vehicle,1994,Liability
3,1,3,Pontiac,Urban,2,4,2,Male,Married,30,Third Party,Sedan - Liability,Sport,30000 to 39000,0,2214,12,400,3,more than 30,more than 30,2 to 4,6 years,31 to 35,No,No,External,none,no change,1 vehicle,1994,Liability
3,4,2,Pontiac,Urban,3,1,1,Male,Single,33,Policy Holder,Sedan - All Perils,Sedan,20000 to 29000,0,2215,2,400,2,more than 30,more than 30,1,7 years,31 to 35,No,No,External,more than 5,no change,3 to 4,1994,All Perils
1,3,2,Pontiac,Urban,3,2,4,Male,Single,43,Third Party,Sedan - Liability,Sport,30000 to 39000,0,2216,16,400,3,more than 30,more than 30,1,more than 7,36 to 40,No,No,External,3 to 5,no change,1 vehicle,1994,Liability
1,5,4,Pontiac,Urban,5,2,2,Male,Married,29,Policy Holder,Sedan - Collision,Sedan,20000 to 29000,0,2217,11,400,2,more than 30,more than 30,2 to 4,7 years,31 to 35,No,No,External,3 to 5,no change,1 vehicle,1994,Collision
2,1,1,Ford,Urban,5,2,1,Male,Married,30,Policy Holder,Sedan - Collision,Sedan,30000 to 39000,0,2218,5,400,4,more than 30,more than 30,more than 4,6 years,31 to 35,No,No,External,more than 5,no change,1 vehicle,1994,Collision
2,1,1,Accura,Urban,5,2,2,Female,Married,37,Policy Holder,Sedan - Collision,Sedan,30000 to 39000,0,2219,16,400,3,more than 30,more than 30,none,7 years,36 to 40,No,No,External,3 to 5,no change,1 vehicle,1994,Collision
2,1,1,Toyota,Urban,2,4,2,Male,Married,61,Policy Holder,Sedan - Liability,Sport,20000 to 29000,0,2220,3,400,3,more than 30,more than 30,more than 4,7 years,51 to 65,No,No,External,more than 5,no change,1 vehicle,1994,Liability
3,4,6,Pontiac,Urban,4,3,1,Male,Married,43,Policy Holder,Sedan - Collision,Sedan,20000 to 29000,1,2221,5,400,2,more than 30,more than 30,none,7 years,36 to 40,No,No,External,none,no change,1 vehicle,1994,Collision
2,2,2,Honda,Urban,1,6,1,Male,Married,45,Policy Holder,Sedan - Collision,Sedan,30000 to 39000,0,2222,9,400,2,more than 30,more than 30,2 to 4,7 years,36 to 40,No,No,External,3 to 5,no change,1 vehicle,1994,Collision
3,4,2,Toyota,Urban,4,3,4,Male,Single,29,Policy Holder,Sedan - All Perils,Sedan,20000 to 29000,1,2223,3,400,2,more than 30,more than 30,1,6 years,31 to 35,No,No,External,more than 5,no change,1 vehicle,1994,All Perils
2,3,6,Pontiac,Urban,1,2,2,Female,Single,30,Third Party,Sedan - All Perils,Sedan,less than 20000,0,2224,7,400,4,more than 30,more than 30,1,7 years,31 to 35,No,No,External,1 to 2,no change,1 vehicle,1994,All Perils
2,3,6,Honda,Urban,1,2,3,Male,Married,43,Policy Holder,Sedan - All Perils,Sedan,20000 to 29000,0,2225,6,400,2,more than 30,more than 30,more than 4,7 years,36 to 40,No,No,External,none,no change,1 vehicle,1994,All Perils
2,3,1,Toyota,Urban,4,3,3,Female,Single,35,Policy Holder,Sedan - Collision,Sedan,20000 to 29000,0,2226,11,400,1,more than 30,more than 30,none,5 years,31 to 35,No,No,External,none,no change,1 vehicle,1994,Collision
2,3,6,Pontiac,Urban,2,2,1,Female,Married,54,Policy Holder,Sedan - Collision,Sedan,30000 to 39000,0,2227,2,400,4,more than 30,more than 30,2 to 4,more than 7,41 to 50,No,No,External,more than 5,4 to 8 years,2 vehicles,1994,Collision
2,4,7,Pontiac,Urban,1,3,5,Male,Married,34,Policy Holder,Sedan - Collision,Sedan,30000 to 39000,0,2228,8,400,4,more than 30,more than 30,more than 4,7 years,31 to 35,No,No,External,none,no change,1 vehicle,1994,Collision
2,4,2,Accura,Urban,3,3,3,Male,Married,41,Policy Holder,Sedan - Collision,Sedan,30000 to 39000,0,2229,7,400,4,more than 30,more than 30,2 to 4,more than 7,36 to 40,No,No,External,none,no change,1 vehicle,1994,Collision
2,5,2,Toyota,Urban,4,3,1,Female,Single,37,Policy Holder,Sedan - All Perils,Sedan,less than 20000,0,2230,13,400,3,more than 30,more than 30,2 to 4,7 years,36 to 40,Yes,No,External,1 to 2,no change,1 vehicle,1994,All Perils
3,4,2,Toyota,Rural,1,3,4,Male,Married,39,Third Party,Sedan - Collision,Sedan,20000 to 29000,0,2231,16,400,4,more than 30,more than 30,2 to 4,7 years,36 to 40,No,No,External,more than 5,no change,1 vehicle,1994,Collision
2,5,3,Honda,Urban,4,3,2,Female,Married,32,Policy Holder,Sedan - Collision,Sedan,20000 to 29000,0,2232,5,400,1,more than 30,more than 30,2 to 4,5 years,31 to 35,No,No,External,none,no change,1 vehicle,1994,Collision
3,1,1,Chevrolet,Urban,5,3,1,Male,Married,36,Policy Holder,Sedan - Collision,Sedan,more than 69000,0,2233,12,700,2,more than 30,more than 30,2 to 4,7 years,36 to 40,Yes,No,External,3 to 5,no change,1 vehicle,1994,Collision
2,3,6,Pontiac,Urban,3,3,1,Male,Married,31,Policy Holder,Sedan - All Perils,Sedan,20000 to 29000,0,2234,1,400,4,more than 30,more than 30,none,7 years,31 to 35,No,No,External,3 to 5,no change,1 vehicle,1994,All Perils
2,3,2,Mazda,Urban,5,2,2,Female,Single,36,Policy Holder,Sedan - Liability,Sport,20000 to 29000,0,2235,2,400,4,more than 30,more than 30,2 to 4,7 years,36 to 40,No,No,External,3 to 5,no change,1 vehicle,1994,Liability
2,3,2,Accura,Urban,1,2,3,Male,Married,42,Policy Holder,Sedan - All Perils,Sedan,30000 to 39000,0,2236,11,400,4,more than 30,more than 30,1,more than 7,36 to 40,No,No,External,3 to 5,no change,1 vehicle,1994,All Perils
1,5,5,Honda,Urban,5,3,1,Male,Single,23,Policy Holder,Sedan - Collision,Sedan,20000 to 29000,0,2237,13,400,2,more than 30,more than 30,1,4 years,26 to 30,No,No,External,none,no change,1 vehicle,1994,Collision
1,3,4,Toyota,Urban,5,4,4,Male,Married,29,Policy Holder,Sedan - Liability,Sport,30000 to 39000,0,2238,15,400,4,more than 30,more than 30,more than 4,7 years,31 to 35,No,No,External,none,no change,1 vehicle,1994,Liability
3,4,6,Mazda,Rural,5,4,1,Female,Married,52,Third Party,Sedan - All Perils,Sedan,20000 to 29000,0,2239,13,400,3,more than 30,more than 30,none,7 years,41 to 50,No,No,External,3 to 5,no change,1 vehicle,1994,All Perils
3,1,2,Honda,Rural,2,8,1,Male,Married,46,Policy Holder,Sedan - Collision,Sedan,30000 to 39000,0,2240,14,400,2,more than 30,more than 30,none,more than 7,41 to 50,No,No,External,1 to 2,no change,1 vehicle,1994,Collision
3,4,1,Toyota,Urban,1,2,1,Male,Married,52,Policy Holder,Sedan - All Perils,Sedan,more than 69000,1,2241,1,400,1,more than 30,more than 30,1,more than 7,41 to 50,No,No,External,none,no change,1 vehicle,1994,All Perils
2,5,7,Honda,Urban,1,2,5,Male,Single,0,Policy Holder,Sedan - Liability,Sport,more than 69000,0,2242,2,400,3,more than 30,more than 30,2 to 4,new,16 to 17,No,No,External,none,no change,1 vehicle,1994,Liability
2,3,4,Honda,Urban,4,3,4,Male,Single,0,Policy Holder,Sedan - Liability,Sport,more than 69000,0,2243,6,400,3,more than 30,more than 30,1,new,16 to 17,No,No,External,none,no change,1 vehicle,1994,Liability
2,3,3,Ford,Rural,3,2,3,Male,Married,48,Policy Holder,Utility - All Perils,Utility,more than 69000,0,2244,11,400,4,more than 30,more than 30,none,more than 7,41 to 50,No,No,External,none,no change,1 vehicle,1994,All Perils
2,2,7,Toyota,Urban,1,2,2,Male,Married,41,Third Party,Sedan - Liability,Sport,30000 to 39000,0,2245,12,500,4,more than 30,more than 30,2 to 4,7 years,36 to 40,No,No,External,more than 5,2 to 3 years,1 vehicle,1994,Liability
2,1,6,Mazda,Urban,2,2,2,Male,Single,31,Third Party,Sedan - Collision,Sedan,20000 to 29000,0,2246,10,400,2,more than 30,more than 30,1,7 years,31 to 35,Yes,No,External,none,no change,1 vehicle,1994,Collision
2,1,3,Toyota,Urban,5,2,3,Female,Single,27,Policy Holder,Sedan - All Perils,Sedan,less than 20000,0,2247,6,400,4,more than 30,more than 30,2 to 4,6 years,31 to 35,No,No,External,none,no change,1 vehicle,1994,All Perils
2,1,3,Honda,Urban,2,2,1,Female,Single,28,Policy Holder,Sport - Collision,Sport,more than 69000,0,2248,6,400,2,more than 30,more than 30,none,5 years,31 to 35,No,No,External,none,4 to 8 years,2 vehicles,1994,Collision
2,1,4,Accura,Urban,1,3,2,Male,Married,42,Third Party,Sedan - Collision,Sedan,20000 to 29000,0,2249,6,400,1,more than 30,more than 30,2 to 4,5 years,36 to 40,No,No,External,none,no change,1 vehicle,1994,Collision
3,2,2,Toyota,Urban,2,3,3,Male,Single,29,Policy Holder,Sedan - Collision,Sedan,20000 to 29000,0,2250,6,400,3,more than 30,more than 30,none,6 years,31 to 35,No,No,External,3 to 5,no change,1 vehicle,1994,Collision
3,1,5,Toyota,Urban,1,6,1,Male,Single,21,Policy Holder,Sedan - Collision,Sedan,20000 to 29000,0,2251,16,400,1,more than 30,more than 30,2 to 4,6 years,26 to 30,No,No,External,1 to 2,no change,1 vehicle,1994,Collision
6,2,5,Honda,Urban,1,4,2,Male,Single,27,Policy Holder,Sport - Collision,Sport,more than 69000,0,2252,7,400,3,more than 30,more than 30,none,6 years,31 to 35,No,No,External,3 to 5,no change,1 vehicle,1994,Collision
4,4,3,Toyota,Urban,5,3,4,Male,Married,30,Third Party,Sedan - All Perils,Sedan,20000 to 29000,0,2253,14,400,2,more than 30,more than 30,none,7 years,31 to 35,No,No,External,none,no change,1 vehicle,1994,All Perils
3,4,5,Honda,Urban,1,12,4,Male,Single,0,Policy Holder,Sedan - All Perils,Sedan,more than 69000,1,2254,8,400,2,more than 30,more than 30,1,new,16 to 17,No,No,External,none,no change,1 vehicle,1994,All Perils
12,1,3,Pontiac,Urban,3,4,1,Female,Single,26,Policy Holder,Sedan - All Perils,Sedan,less than 20000,0,2255,8,400,3,more than 30,more than 30,none,7 years,31 to 35,No,No,External,none,no change,1 vehicle,1994,All Perils
4,1,6,Toyota,Urban,5,4,4,Female,Single,35,Third Party,Sedan - Collision,Sedan,20000 to 29000,0,2256,14,400,1,more than 30,more than 30,none,7 years,31 to 35,No,No,External,1 to 2,no change,3 to 4,1994,Collision
3,4,5,Pontiac,Urban,5,3,1,Male,Married,27,Third Party,Sedan - All Perils,Sedan,20000 to 29000,0,2257,5,400,4,more than 30,more than 30,1,6 years,31 to 35,No,No,External,3 to 5,no change,1 vehicle,1994,All Perils
2,4,3,Toyota,Urban,4,5,2,Male,Married,29,Policy Holder,Sedan - Collision,Sedan,20000 to 29000,0,2258,7,400,2,more than 30,more than 30,1,7 years,31 to 35,No,No,External,none,no change,1 vehicle,1994,Collision
5,2,3,Mazda,Urban,3,4,2,Male,Married,42,Policy Holder,Sedan - Collision,Sedan,20000 to 29000,0,2259,16,400,4,more than 30,more than 30,2 to 4,7 years,36 to 40,No,No,External,more than 5,no change,1 vehicle,1994,Collision
4,3,1,Honda,Urban,5,6,4,Female,Single,39,Policy Holder,Sedan - Liability,Sport,20000 to 29000,0,2260,9,400,1,more than 30,more than 30,more than 4,6 years,36 to 40,No,No,External,none,no change,1 vehicle,1994,Liability
6,2,6,Pontiac,Urban,1,6,3,Male,Married,48,Policy Holder,Sedan - Liability,Sport,more than 69000,0,2261,13,400,3,more than 30,more than 30,2 to 4,more than 7,41 to 50,No,No,External,more than 5,no change,1 vehicle,1994,Liability
6,1,6,Honda,Urban,2,7,1,Male,Single,28,Third Party,Sedan - Collision,Sedan,20000 to 29000,0,2262,2,400,2,more than 30,more than 30,2 to 4,7 years,31 to 35,No,No,External,none,no change,1 vehicle,1994,Collision
7,2,1,Honda,Urban,4,8,2,Male,Married,41,Policy Holder,Sport - Collision,Sport,more than 69000,0,2263,12,400,1,more than 30,more than 30,1,7 years,36 to 40,No,No,External,3 to 5,no change,1 vehicle,1994,Collision
8,3,4,Mazda,Urban,1,9,3,Male,Married,60,Policy Holder,Sedan - Collision,Sedan,20000 to 29000,0,2264,10,700,2,more than 30,more than 30,1,more than 7,51 to 65,No,No,External,more than 5,no change,1 vehicle,1994,Collision
8,2,5,Pontiac,Urban,5,8,1,Male,Married,42,Third Party,Sedan - All Perils,Sedan,20000 to 29000,0,2265,16,400,1,more than 30,more than 30,1,7 years,36 to 40,No,No,External,more than 5,no change,1 vehicle,1994,All Perils
8,1,4,Ford,Urban,2,9,2,Male,Married,26,Policy Holder,Utility - Collision,Utility,more than 69000,0,2266,5,400,1,more than 30,more than 30,more than 4,6 years,31 to 35,No,No,External,1 to 2,no change,1 vehicle,1994,Collision
9,1,2,Honda,Urban,1,9,2,Male,Married,31,Policy Holder,Sedan - Liability,Sport,20000 to 29000,0,2267,3,400,4,more than 30,more than 30,2 to 4,7 years,31 to 35,No,No,External,3 to 5,no change,1 vehicle,1994,Liability
8,5,1,Pontiac,Urban,1,10,1,Male,Married,38,Third Party,Sedan - Liability,Sport,20000 to 29000,0,2268,11,400,4,more than 30,more than 30,2 to 4,more than 7,36 to 40,No,No,External,3 to 5,no change,1 vehicle,1994,Liability
10,1,3,Pontiac,Urban,4,11,1,Male,Married,27,Policy Holder,Sedan - Collision,Sedan,30000 to 39000,0,2269,9,400,2,more than 30,more than 30,1,7 years,31 to 35,No,No,External,more than 5,4 to 8 years,2 vehicles,1994,Collision
11,2,3,Toyota,Urban,4,11,2,Male,Married,37,Policy Holder,Sedan - Liability,Sport,30000 to 39000,0,2270,12,400,2,more than 30,more than 30,2 to 4,7 years,36 to 40,No,No,External,none,no change,1 vehicle,1994,Liability
11,2,4,Pontiac,Urban,5,3,2,Female,Married,55,Policy Holder,Sedan - Collision,Sedan,less than 20000,0,2271,15,400,1,more than 30,more than 30,2 to 4,5 years,41 to 50,No,No,External,none,no change,1 vehicle,1994,Collision
3,4,5,Toyota,Urban,1,12,4,Male,Married,73,Policy Holder,Sedan - All Perils,Sedan,less than 20000,1,2272,1,400,3,more than 30,more than 30,none,more than 7,over 65,No,No,External,none,no change,1 vehicle,1994,All Perils
12,2,5,Pontiac,Urban,4,12,2,Male,Single,34,Policy Holder,Sedan - Liability,Sport,more than 69000,0,2273,7,400,4,more than 30,more than 30,more than 4,5 years,31 to 35,No,No,External,3 to 5,no change,1 vehicle,1994,Liability
12,2,3,Mazda,Urban,4,4,3,Male,Married,31,Policy Holder,Sedan - Liability,Sport,30000 to 39000,0,2274,12,400,4,more than 30,more than 30,2 to 4,6 years,31 to 35,No,No,External,none,no change,1 vehicle,1994,Liability
4,3,6,Saab,Urban,3,5,3,Male,Married,32,Policy Holder,Sedan - Collision,Sedan,30000 to 39000,0,2275,5,400,3,more than 30,more than 30,1,5 years,31 to 35,No,No,External,1 to 2,no change,1 vehicle,1994,Collision
4,3,6,Honda,Urban,1,5,3,Male,Married,30,Policy Holder,Sedan - Liability,Sport,20000 to 29000,0,2276,15,400,2,more than 30,more than 30,none,6 years,31 to 35,No,No,External,none,1 year,1 vehicle,1994,Liability
4,5,5,Toyota,Urban,1,7,3,Male,Single,35,Policy Holder,Sedan - Liability,Sport,20000 to 29000,0,2277,13,400,1,more than 30,more than 30,more than 4,6 years,31 to 35,No,No,External,more than 5,no change,1 vehicle,1994,Liability
6,5,2,VW,Urban,1,7,3,Female,Married,38,Policy Holder,Sedan - All Perils,Sedan,more than 69000,0,2278,12,400,4,more than 30,more than 30,1,6 years,36 to 40,No,No,External,1 to 2,no change,1 vehicle,1994,All Perils
6,4,1,Toyota,Urban,1,6,1,Male,Married,55,Policy Holder,Sedan - Liability,Sport,30000 to 39000,0,2279,5,400,3,more than 30,more than 30,none,7 years,41 to 50,No,No,External,more than 5,no change,1 vehicle,1994,Liability
6,3,6,Toyota,Urban,1,8,3,Male,Single,31,Third Party,Sedan - Liability,Sport,20000 to 29000,0,2280,4,400,4,more than 30,more than 30,2 to 4,6 years,31 to 35,No,No,External,more than 5,no change,1 vehicle,1994,Liability
8,3,1,Mazda,Rural,1,8,4,Female,Married,32,Policy Holder,Sedan - Collision,Sedan,30000 to 39000,0,2281,7,400,3,more than 30,more than 30,none,6 years,31 to 35,No,No,External,none,no change,1 vehicle,1994,Collision
8,3,7,Chevrolet,Urban,1,9,3,Male,Married,41,Policy Holder,Sedan - Liability,Sport,30000 to 39000,0,2282,8,400,1,more than 30,more than 30,2 to 4,7 years,36 to 40,No,No,External,3 to 5,no change,1 vehicle,1994,Liability
9,3,1,Toyota,Urban,2,11,3,Male,Single,30,Policy Holder,Sedan - Liability,Sport,20000 to 29000,0,2283,4,400,1,more than 30,more than 30,2 to 4,7 years,31 to 35,No,No,External,none,no change,1 vehicle,1994,Liability
11,3,2,Pontiac,Rural,3,11,4,Male,Married,33,Policy Holder,Sedan - Collision,Sedan,30000 to 39000,0,2284,1,400,4,more than 30,more than 30,none,7 years,31 to 35,No,No,External,more than 5,no change,1 vehicle,1994,Collision
8,3,4,Honda,Urban,3,5,1,Male,Married,64,Third Party,Sedan - Collision,Sedan,20000 to 29000,0,2285,13,400,4,more than 30,more than 30,more than 4,7 years,51 to 65,No,No,External,more than 5,no change,1 vehicle,1994,Collision
4,5,5,Toyota,Urban,5,6,2,Male,Single,21,Policy Holder,Sedan - Liability,Sport,20000 to 29000,0,2286,10,400,4,more than 30,more than 30,more than 4,6 years,26 to 30,No,No,External,none,no change,1 vehicle,1994,Liability
6,1,2,Toyota,Urban,3,5,3,Male,Married,60,Policy Holder,Sedan - All Perils,Sedan,20000 to 29000,0,2287,5,400,2,more than 30,more than 30,1,more than 7,51 to 65,No,No,External,3 to 5,no change,1 vehicle,1994,All Perils
5,4,4,Toyota,Urban,2,8,4,Male,Married,53,Policy Holder,Sedan - All Perils,Sedan,30000 to 39000,0,2288,8,400,1,more than 30,more than 30,2 to 4,more than 7,41 to 50,No,No,External,3 to 5,no change,1 vehicle,1994,All Perils
7,4,3,Mazda,Urban,1,11,2,Male,Single,32,Third Party,Sedan - Collision,Sedan,more than 69000,0,2289,1,400,4,more than 30,more than 30,none,6 years,31 to 35,No,No,External,1 to 2,no change,1 vehicle,1994,Collision
9,4,2,Honda,Urban,1,9,4,Male,Married,29,Third Party,Sedan - Collision,Sedan,30000 to 39000,0,2290,1,400,2,more than 30,more than 30,2 to 4,7 years,31 to 35,No,No,External,more than 5,4 to 8 years,2 vehicles,1994,Collision
9,2,1,Accura,Rural,3,11,3,Male,Married,61,Policy Holder,Utility - All Perils,Utility,more than 69000,0,2291,14,400,4,1 to 7,15 to 30,2 to 4,more than 7,51 to 65,No,No,External,none,no change,1 vehicle,1994,All Perils
9,2,4,Honda,Urban,5,4,2,Male,Married,25,Policy Holder,Sport - Collision,Sport,more than 69000,0,2292,2,400,4,more than 30,more than 30,2 to 4,6 years,26 to 30,No,No,External,none,no change,1 vehicle,1994,Collision
3,4,1,Chevrolet,Urban,3,12,1,Male,Married,52,Policy Holder,Sedan - Collision,Sedan,30000 to 39000,1,2293,10,400,2,more than 30,more than 30,2 to 4,more than 7,41 to 50,No,No,External,3 to 5,no change,1 vehicle,1994,Collision
11,4,5,Toyota,Urban,3,11,2,Male,Married,53,Policy Holder,Sedan - All Perils,Sedan,less than 20000,0,2294,14,400,3,more than 30,more than 30,none,more than 7,41 to 50,No,No,External,none,no change,1 vehicle,1994,All Perils
11,1,4,Nisson,Urban,5,11,2,Male,Married,47,Third Party,Utility - Collision,Utility,more than 69000,0,2295,16,700,2,more than 30,more than 30,more than 4,more than 7,41 to 50,No,No,External,more than 5,no change,1 vehicle,1994,Collision
11,1,1,Saab,Urban,4,6,1,Male,Married,39,Policy Holder,Sedan - Collision,Sedan,30000 to 39000,0,2296,5,500,4,more than 30,more than 30,more than 4,7 years,36 to 40,No,No,External,1 to 2,2 to 3 years,1 vehicle,1994,Collision
5,5,5,Toyota,Rural,4,6,1,Male,Married,49,Policy Holder,Sedan - All Perils,Sedan,20000 to 29000,0,2297,2,400,3,more than 30,more than 30,none,more than 7,41 to 50,No,No,External,3 to 5,no change,3 to 4,1994,All Perils
5,4,6,Mazda,Urban,3,7,3,Male,Single,34,Policy Holder,Sedan - Collision,Sedan,20000 to 29000,0,2298,1,400,2,more than 30,more than 30,more than 4,6 years,31 to 35,No,No,External,none,no change,1 vehicle,1994,Collision
5,4,2,Saab,Urban,4,6,3,Male,Married,40,Policy Holder,Sedan - All Perils,Sedan,30000 to 39000,0,2299,16,400,3,more than 30,more than 30,none,5 years,36 to 40,No,No,External,none,no change,1 vehicle,1994,All Perils
6,1,5,Honda,Urban,5,6,2,Male,Single,16,Third Party,Sport - Collision,Sport,more than 69000,0,2300,4,400,2,more than 30,more than 30,1,3 years,18 to 20,No,No,External,none,no change,1 vehicle,1994,Collision
6,1,1,Mazda,Urban,1,9,3,Male,Married,44,Policy Holder,Sedan - Liability,Sport,30000 to 39000,0,2301,9,400,4,more than 30,more than 30,2 to 4,7 years,36 to 40,No,No,External,none,no change,1 vehicle,1994,Liability
9,1,5,Pontiac,Urban,5,12,1,Male,Married,28,Policy Holder,Sedan - Liability,Sport,30000 to 39000,0,2302,1,400,2,more than 30,more than 30,none,7 years,31 to 35,No,No,External,none,no change,1 vehicle,1994,Liability
12,3,6,Chevrolet,Urban,1,10,3,Male,Married,51,Policy Holder,Sedan - Liability,Sport,40000 to 59000,0,2303,4,400,1,more than 30,more than 30,2 to 4,more than 7,41 to 50,No,No,External,none,no change,1 vehicle,1994,Liability
9,5,5,Toyota,Urban,1,9,1,Male,Single,23,Policy Holder,Sedan - Liability,Sport,more than 69000,0,2304,8,400,2,more than 30,more than 30,1,5 years,26 to 30,No,No,Internal,none,no change,1 vehicle,1994,Liability
8,4,1,Honda,Rural,1,1,2,Male,Single,28,Policy Holder,Sedan - Collision,Sedan,20000 to 29000,0,2305,16,400,3,more than 30,more than 30,1,6 years,31 to 35,No,No,External,none,no change,1 vehicle,1994,Collision
1,2,1,Pontiac,Urban,3,3,4,Male,Married,42,Policy Holder,Sedan - Liability,Sport,30000 to 39000,0,2306,10,400,4,more than 30,more than 30,2 to 4,7 years,36 to 40,No,No,External,none,no change,1 vehicle,1994,Liability
3,3,6,Chevrolet,Urban,2,1,3,Male,Married,66,Policy Holder,Utility - All Perils,Utility,more than 69000,0,2307,6,400,1,more than 30,more than 30,none,more than 7,over 65,No,No,External,none,no change,1 vehicle,1994,All Perils
1,4,4,Pontiac,Urban,1,12,4,Male,Married,44,Policy Holder,Sedan - Liability,Sport,30000 to 39000,0,2308,15,400,2,more than 30,more than 30,more than 4,7 years,36 to 40,No,No,External,none,no change,1 vehicle,1994,Liability
12,1,5,Toyota,Urban,2,9,2,Male,Married,52,Third Party,Sedan - Collision,Sedan,30000 to 39000,0,2309,10,400,2,more than 30,more than 30,1,more than 7,41 to 50,No,No,External,none,no change,1 vehicle,1994,Collision
9,3,1,Mazda,Rural,1,10,3,Male,Single,59,Policy Holder,Sedan - Liability,Sport,20000 to 29000,0,2310,9,400,1,more than 30,more than 30,none,more than 7,51 to 65,No,No,External,none,no change,1 vehicle,1994,Liability
10,3,5,Chevrolet,Urban,3,4,4,Female,Single,30,Policy Holder,Sedan - Collision,Sedan,20000 to 29000,0,2311,11,400,4,more than 30,more than 30,1,7 years,31 to 35,No,No,External,3 to 5,4 to 8 years,2 vehicles,1994,Collision
3,4,2,Honda,Urban,2,7,4,Male,Married,34,Third Party,Sport - Collision,Sport,more than 69000,0,2312,12,400,3,none,more than 30,1,7 years,31 to 35,No,No,External,none,no change,1 vehicle,1994,Collision
7,3,5,Pontiac,Urban,1,4,3,Male,Married,37,Policy Holder,Sedan - Liability,Sport,30000 to 39000,0,2313,3,400,3,more than 30,more than 30,2 to 4,more than 7,36 to 40,No,No,External,more than 5,no change,1 vehicle,1994,Liability
3,4,4,Honda,Urban,2,3,1,Female,Married,50,Policy Holder,Sport - Collision,Sport,more than 69000,1,2314,1,400,1,more than 30,more than 30,none,more than 7,41 to 50,No,No,External,none,no change,1 vehicle,1994,Collision
3,4,3,Chevrolet,Urban,3,6,5,Male,Married,43,Third Party,Sedan - All Perils,Sedan,20000 to 29000,0,2315,7,400,3,more than 30,more than 30,2 to 4,7 years,36 to 40,No,No,External,none,no change,1 vehicle,1994,All Perils
6,1,2,Pontiac,Urban,1,6,2,Male,Married,44,Policy Holder,Sedan - Collision,Sedan,30000 to 39000,0,2316,11,400,4,more than 30,more than 30,more than 4,7 years,36 to 40,No,No,External,none,no change,1 vehicle,1994,Collision
5,5,6,Mazda,Urban,5,4,1,Male,Married,32,Policy Holder,Sedan - Collision,Sedan,20000 to 29000,0,2317,16,400,2,more than 30,more than 30,1,6 years,31 to 35,No,No,External,none,no change,1 vehicle,1994,Collision
3,4,4,Pontiac,Urban,2,1,1,Male,Married,42,Policy Holder,Sedan - All Perils,Sedan,20000 to 29000,1,2318,1,400,2,more than 30,more than 30,1,7 years,36 to 40,No,No,External,none,no change,1 vehicle,1994,All Perils
1,2,5,Chevrolet,Urban,4,1,4,Female,Single,21,Third Party,Sedan - Collision,Sedan,20000 to 29000,0,2319,13,400,3,more than 30,more than 30,1,5 years,26 to 30,No,No,External,none,no change,1 vehicle,1994,Collision
1,3,5,Honda,Urban,3,3,3,Male,Single,34,Policy Holder,Sedan - All Perils,Sedan,more than 69000,0,2320,1,400,2,more than 30,more than 30,2 to 4,new,31 to 35,No,No,External,none,no change,1 vehicle,1994,All Perils
12,4,2,Mazda,Urban,4,2,3,Male,Married,55,Policy Holder,Sedan - Collision,Sedan,20000 to 29000,0,2321,12,400,1,more than 30,more than 30,1,more than 7,41 to 50,No,No,External,3 to 5,no change,1 vehicle,1994,Collision
1,4,2,Honda,Urban,3,4,3,Male,Single,0,Policy Holder,Sedan - All Perils,Sedan,more than 69000,0,2322,13,400,1,more than 30,more than 30,none,new,16 to 17,No,No,External,none,no change,1 vehicle,1994,All Perils
9,4,6,Pontiac,Rural,2,11,4,Male,Married,40,Policy Holder,Sedan - Liability,Sport,more than 69000,0,2323,2,400,2,more than 30,more than 30,2 to 4,more than 7,36 to 40,No,No,External,1 to 2,no change,1 vehicle,1994,Liability
11,4,7,Chevrolet,Urban,1,11,5,Male,Married,45,Policy Holder,Sedan - Collision,Sedan,20000 to 29000,0,2324,9,400,4,more than 30,more than 30,2 to 4,5 years,36 to 40,No,No,External,none,no change,1 vehicle,1994,Collision
11,4,7,Pontiac,Urban,2,11,5,Male,Single,38,Policy Holder,Sedan - Liability,Sport,30000 to 39000,0,2325,11,400,4,more than 30,more than 30,2 to 4,7 years,36 to 40,No,No,External,1 to 2,no change,1 vehicle,1994,Liability
12,4,7,Pontiac,Urban,3,11,3,Male,Divorced,32,Policy Holder,Sedan - Collision,Sedan,more than 69000,0,2326,1,400,2,more than 30,more than 30,2 to 4,6 years,31 to 35,No,No,External,more than 5,no change,1 vehicle,1994,Collision
10,4,4,Chevrolet,Urban,4,11,2,Female,Single,35,Third Party,Sedan - Collision,Sedan,30000 to 39000,0,2327,16,400,3,more than 30,more than 30,2 to 4,7 years,31 to 35,No,No,External,none,no change,1 vehicle,1994,Collision
10,3,1,Mazda,Urban,2,12,2,Female,Married,34,Third Party,Sedan - Collision,Sedan,20000 to 29000,0,2328,8,400,4,more than 30,more than 30,none,6 years,31 to 35,No,No,External,more than 5,no change,1 vehicle,1994,Collision
10,1,2,Chevrolet,Urban,3,8,2,Female,Single,35,Policy Holder,Sedan - Liability,Sport,40000 to 59000,0,2329,4,400,3,more than 30,more than 30,more than 4,7 years,31 to 35,No,No,External,more than 5,no change,1 vehicle,1994,Liability
8,1,3,Honda,Urban,5,8,1,Male,Single,37,Policy Holder,Sedan - Liability,Sport,20000 to 29000,0,2330,6,400,2,more than 30,more than 30,1,7 years,36 to 40,No,No,External,1 to 2,no change,1 vehicle,1994,Liability
8,1,6,Toyota,Urban,1,11,1,Male,Single,35,Third Party,Sedan - All Perils,Sedan,20000 to 29000,0,2331,5,400,1,more than 30,more than 30,1,7 years,31 to 35,No,No,External,none,no change,1 vehicle,1994,All Perils
7,4,2,Honda,Urban,2,7,2,Female,Married,53,Third Party,Sedan - All Perils,Sedan,20000 to 29000,0,2332,2,400,4,more than 30,more than 30,2 to 4,more than 7,41 to 50,No,No,External,more than 5,4 to 8 years,2 vehicles,1994,All Perils
7,1,1,Honda,Urban,1,5,1,Male,Single,31,Policy Holder,Sedan - Liability,Sport,30000 to 39000,0,2333,6,400,2,more than 30,more than 30,1,6 years,31 to 35,No,No,External,none,no change,1 vehicle,1994,Liability
5,3,2,Pontiac,Urban,2,5,3,Male,Married,32,Policy Holder,Sedan - Collision,Sedan,less than 20000,0,2334,12,400,1,more than 30,more than 30,none,7 years,31 to 35,No,No,External,3 to 5,no change,1 vehicle,1994,Collision
5,1,2,Toyota,Urban,3,5,1,Male,Married,55,Policy Holder,Sedan - Liability,Sport,20000 to 29000,0,2335,9,400,4,more than 30,more than 30,2 to 4,more than 7,41 to 50,No,No,External,none,no change,1 vehicle,1994,Liability
4,4,3,Toyota,Urban,2,5,1,Male,Married,65,Third Party,Sedan - All Perils,Sedan,20000 to 29000,0,2336,6,400,2,more than 30,more than 30,2 to 4,more than 7,51 to 65,No,No,External,3 to 5,no change,1 vehicle,1994,All Perils
4,4,4,Toyota,Rural,4,4,1,Male,Single,27,Policy Holder,Sedan - All Perils,Sedan,20000 to 29000,0,2337,11,400,4,more than 30,more than 30,2 to 4,6 years,31 to 35,No,No,External,3 to 5,no change,1 vehicle,1994,All Perils
4,1,6,Chevrolet,Urban,4,4,1,Male,Married,51,Policy Holder,Sedan - Collision,Sedan,30000 to 39000,0,2338,5,400,4,more than 30,more than 30,2 to 4,more than 7,41 to 50,No,No,External,none,no change,3 to 4,1994,Collision
3,4,6,Chevrolet,Urban,5,4,2,Male,Married,32,Policy Holder,Sedan - Collision,Sedan,20000 to 29000,1,2339,16,400,1,more than 30,more than 30,1,6 years,31 to 35,No,No,External,more than 5,no change,1 vehicle,1994,Collision
3,4,2,Mazda,Urban,4,12,1,Male,Married,60,Policy Holder,Sedan - Collision,Sedan,20000 to 29000,1,2340,1,400,4,more than 30,more than 30,1,7 years,51 to 65,No,No,External,none,no change,1 vehicle,1994,Collision
12,1,3,Honda,Urban,5,12,3,Male,Married,26,Policy Holder,Sedan - Collision,Sedan,20000 to 29000,0,2341,16,400,2,more than 30,more than 30,none,5 years,31 to 35,No,No,External,1 to 2,no change,1 vehicle,1994,Collision
11,5,2,Pontiac,Urban,4,11,1,Male,Single,42,Policy Holder,Sedan - Liability,Sport,20000 to 29000,0,2342,15,400,3,more than 30,more than 30,1,7 years,36 to 40,No,No,External,3 to 5,no change,1 vehicle,1994,Liability
11,1,6,Mercury,Urban,3,11,1,Male,Married,72,Policy Holder,Sedan - Collision,Sedan,more than 69000,0,2343,6,400,2,more than 30,more than 30,none,more than 7,over 65,No,No,External,more than 5,no change,1 vehicle,1994,Collision
10,5,1,Toyota,Urban,5,11,1,Male,Married,31,Third Party,Sedan - All Perils,Sedan,20000 to 29000,0,2344,1,400,2,more than 30,more than 30,2 to 4,7 years,31 to 35,No,No,External,3 to 5,no change,1 vehicle,1994,All Perils
10,5,4,Accura,Urban,4,10,1,Male,Single,29,Policy Holder,Utility - All Perils,Utility,more than 69000,0,2345,6,400,2,15 to 30,more than 30,1,6 years,31 to 35,No,No,External,none,no change,1 vehicle,1994,All Perils
10,4,5,Toyota,Urban,2,11,4,Male,Married,28,Policy Holder,Sedan - Liability,Sport,20000 to 29000,0,2346,16,400,2,more than 30,more than 30,2 to 4,6 years,31 to 35,No,No,External,1 to 2,no change,1 vehicle,1994,Liability
10,5,4,Mazda,Urban,1,10,1,Male,Single,30,Policy Holder,Sedan - Collision,Sedan,20000 to 29000,0,2347,2,500,1,more than 30,more than 30,none,6 years,31 to 35,No,No,External,3 to 5,2 to 3 years,1 vehicle,1994,Collision
10,2,5,Accura,Urban,4,10,3,Male,Married,64,Policy Holder,Sedan - Collision,Sedan,30000 to 39000,0,2348,14,400,4,more than 30,more than 30,2 to 4,more than 7,51 to 65,No,No,External,none,no change,1 vehicle,1994,Collision
10,2,4,Mazda,Urban,3,10,4,Male,Married,26,Third Party,Sport - Collision,Sport,more than 69000,0,2349,8,400,3,more than 30,more than 30,2 to 4,7 years,31 to 35,No,No,External,none,no change,1 vehicle,1994,Collision
10,1,6,VW,Urban,7,9,4,Male,Married,47,Third Party,Sedan - Liability,Sport,30000 to 39000,0,2350,9,400,2,more than 30,more than 30,2 to 4,more than 7,41 to 50,No,No,External,more than 5,no change,1 vehicle,1994,Liability
9,4,5,Pontiac,Urban,1,9,4,Male,Single,39,Policy Holder,Sedan - Liability,Sport,less than 20000,0,2351,4,400,4,more than 30,more than 30,1,7 years,36 to 40,No,No,External,none,no change,1 vehicle,1994,Liability
9,2,3,Toyota,Urban,2,9,3,Male,Married,34,Policy Holder,Sedan - Collision,Sedan,less than 20000,0,2352,14,400,1,more than 30,more than 30,1,7 years,31 to 35,No,No,External,more than 5,no change,1 vehicle,1994,Collision
9,2,7,VW,Rural,5,4,2,Male,Married,74,Policy Holder,Sedan - All Perils,Sedan,40000 to 59000,0,2353,16,400,4,more than 30,more than 30,2 to 4,more than 7,over 65,No,No,External,1 to 2,4 to 8 years,2 vehicles,1994,All Perils
3,4,6,Chevrolet,Urban,2,7,5,Male,Married,40,Policy Holder,Sedan - All Perils,Sedan,30000 to 39000,1,2354,3,400,3,more than 30,more than 30,2 to 4,7 years,36 to 40,No,Yes,External,1 to 2,no change,1 vehicle,1994,All Perils
7,1,5,Mazda,Urban,1,7,1,Male,Single,28,Third Party,Sedan - Collision,Sedan,20000 to 29000,0,2355,1,400,2,more than 30,more than 30,none,6 years,31 to 35,No,No,External,3 to 5,no change,1 vehicle,1994,Collision
7,1,2,Honda,Urban,4,6,3,Male,Married,34,Policy Holder,Sedan - Liability,Sport,more than 69000,0,2356,15,400,3,more than 30,more than 30,2 to 4,6 years,31 to 35,No,No,External,none,no change,1 vehicle,1994,Liability
6,5,1,Honda,Urban,2,7,5,Female,Married,28,Policy Holder,Sedan - Liability,Sport,20000 to 29000,0,2357,16,400,1,more than 30,more than 30,2 to 4,6 years,31 to 35,No,No,External,more than 5,no change,1 vehicle,1994,Liability
6,4,4,Jaguar,Rural,4,6,1,Male,Married,39,Third Party,Sedan - All Perils,Sedan,30000 to 39000,0,2358,4,400,2,more than 30,more than 30,none,7 years,36 to 40,No,No,External,3 to 5,no change,1 vehicle,1994,All Perils
6,4,5,Pontiac,Urban,3,5,4,Female,Single,30,Policy Holder,Sedan - Liability,Sport,30000 to 39000,0,2359,2,400,1,more than 30,more than 30,1,5 years,31 to 35,No,No,External,none,no change,1 vehicle,1994,Liability
5,3,2,Honda,Urban,4,5,4,Male,Single,0,Policy Holder,Sedan - All Perils,Sedan,more than 69000,0,2360,16,400,1,more than 30,more than 30,1,new,16 to 17,No,No,External,none,no change,1 vehicle,1994,All Perils
5,3,7,Honda,Urban,1,3,3,Male,Single,19,Policy Holder,Sedan - Collision,Sedan,20000 to 29000,0,2361,3,400,3,more than 30,more than 30,2 to 4,4 years,21 to 25,No,No,External,more than 5,no change,1 vehicle,1994,Collision
3,4,1,Pontiac,Rural,5,5,5,Female,Married,34,Policy Holder,Sedan - Collision,Sedan,30000 to 39000,1,2362,6,400,2,more than 30,more than 30,2 to 4,7 years,31 to 35,No,No,External,1 to 2,no change,1 vehicle,1994,Collision
5,1,3,Toyota,Urban,2,5,1,Female,Married,45,Third Party,Sedan - Liability,Sport,30000 to 39000,0,2363,13,400,2,more than 30,more than 30,2 to 4,7 years,36 to 40,No,No,External,none,no change,1 vehicle,1994,Liability
5,1,6,Honda,Urban,1,4,2,Male,Single,0,Policy Holder,Sedan - Liability,Sport,more than 69000,0,2364,14,400,3,more than 30,more than 30,1,new,16 to 17,No,No,External,none,no change,1 vehicle,1994,Liability
4,3,2,Mazda,Urban,1,4,3,Male,Married,37,Third Party,Sedan - Collision,Sedan,20000 to 29000,0,2365,13,400,1,more than 30,more than 30,more than 4,7 years,36 to 40,No,No,External,none,no change,1 vehicle,1994,Collision
3,5,7,Honda,Urban,1,11,3,Male,Single,31,Policy Holder,Sport - Collision,Sport,more than 69000,0,2366,8,400,2,more than 30,more than 30,none,6 years,31 to 35,No,No,External,none,no change,1 vehicle,1994,Collision
11,4,3,Toyota,Rural,1,11,4,Male,Single,44,Policy Holder,Sedan - Liability,Sport,30000 to 39000,0,2367,1,400,4,more than 30,more than 30,none,7 years,36 to 40,Yes,No,External,none,1 year,1 vehicle,1994,Liability
11,2,5,Pontiac,Urban,1,11,2,Female,Married,35,Third Party,Sedan - Collision,Sedan,20000 to 29000,0,2368,12,400,1,more than 30,more than 30,2 to 4,6 years,31 to 35,No,No,External,1 to 2,no change,1 vehicle,1994,Collision
11,2,4,Mazda,Rural,5,11,2,Male,Single,33,Policy Holder,Sedan - Collision,Sedan,30000 to 39000,0,2369,2,400,4,more than 30,more than 30,2 to 4,7 years,31 to 35,No,No,External,1 to 2,no change,1 vehicle,1994,Collision
11,2,5,Chevrolet,Urban,4,11,3,Female,Married,48,Policy Holder,Sedan - Liability,Sport,20000 to 29000,0,2370,8,400,2,more than 30,more than 30,2 to 4,more than 7,41 to 50,No,No,External,more than 5,no change,1 vehicle,1994,Liability
10,4,1,Honda,Urban,4,8,3,Male,Married,27,Policy Holder,Sport - Collision,Sport,more than 69000,0,2371,7,400,4,more than 30,more than 30,2 to 4,7 years,31 to 35,No,No,External,none,no change,1 vehicle,1994,Collision
8,4,1,Mazda,Urban,2,8,4,Male,Married,34,Policy Holder,Sedan - Collision,Sedan,20000 to 29000,0,2372,5,400,2,more than 30,more than 30,none,6 years,31 to 35,No,No,External,3 to 5,no change,1 vehicle,1994,Collision
7,5,5,Pontiac,Urban,4,7,1,Male,Married,60,Third Party,Sedan - Liability,Sport,20000 to 29000,0,2373,2,400,1,more than 30,more than 30,none,more than 7,51 to 65,No,No,External,3 to 5,no change,1 vehicle,1994,Liability
7,3,1,Pontiac,Urban,3,7,3,Male,Married,36,Third Party,Sedan - Collision,Sedan,20000 to 29000,0,2374,15,400,4,more than 30,more than 30,2 to 4,more than 7,36 to 40,No,No,External,more than 5,4 to 8 years,2 vehicles,1994,Collision
7,2,5,Honda,Urban,1,7,2,Male,Married,42,Policy Holder,Sedan - All Perils,Sedan,less than 20000,0,2375,15,400,4,more than 30,more than 30,none,7 years,36 to 40,No,No,External,3 to 5,no change,1 vehicle,1994,All Perils
7,2,6,Toyota,Urban,3,5,2,Male,Married,22,Third Party,Sedan - All Perils,Sedan,20000 to 29000,0,2376,16,400,1,more than 30,more than 30,none,6 years,26 to 30,No,No,External,more than 5,no change,1 vehicle,1994,All Perils
4,5,1,Pontiac,Urban,2,4,3,Male,Married,28,Third Party,Sedan - Liability,Sport,20000 to 29000,0,2377,13,400,3,more than 30,more than 30,1,6 years,31 to 35,No,No,External,3 to 5,no change,1 vehicle,1994,Liability
4,4,2,Pontiac,Urban,4,4,4,Male,Married,42,Policy Holder,Sedan - Liability,Sport,30000 to 39000,0,2378,2,400,2,more than 30,more than 30,more than 4,7 years,36 to 40,No,No,External,more than 5,no change,1 vehicle,1994,Liability
3,5,1,Chevrolet,Urban,2,3,1,Male,Single,30,Third Party,Sedan - Collision,Sedan,20000 to 29000,0,2379,3,400,3,more than 30,more than 30,2 to 4,6 years,31 to 35,No,No,External,3 to 5,no change,3 to 4,1994,Collision
3,4,1,Toyota,Urban,2,3,5,Male,Married,43,Policy Holder,Sedan - Collision,Sedan,20000 to 29000,0,2380,3,400,3,more than 30,more than 30,none,7 years,36 to 40,Yes,Yes,External,3 to 5,no change,1 vehicle,1994,Collision
3,4,1,Pontiac,Urban,2,11,5,Female,Single,65,Policy Holder,Sport - All Perils,Sport,20000 to 29000,0,2381,10,400,3,more than 30,more than 30,2 to 4,7 years,51 to 65,No,No,External,3 to 5,no change,1 vehicle,1994,All Perils
11,3,1,Mazda,Urban,1,11,3,Male,Married,44,Policy Holder,Sedan - Liability,Sport,30000 to 39000,0,2382,3,400,3,more than 30,more than 30,more than 4,7 years,36 to 40,No,No,External,none,no change,1 vehicle,1994,Liability
11,2,1,Pontiac,Urban,5,4,2,Male,Married,62,Policy Holder,Sedan - Liability,Sport,30000 to 39000,0,2383,4,400,4,more than 30,more than 30,2 to 4,more than 7,51 to 65,No,No,External,1 to 2,no change,1 vehicle,1994,Liability
3,5,7,Mazda,Urban,1,10,2,Female,Married,43,Policy Holder,Sedan - Collision,Sedan,20000 to 29000,1,2384,13,400,3,more than 30,more than 30,none,7 years,36 to 40,No,No,External,none,no change,1 vehicle,1994,Collision
10,4,7,Honda,Urban,3,10,4,Male,Married,36,Policy Holder,Sedan - Collision,Sedan,20000 to 29000,0,2385,7,400,1,more than 30,more than 30,none,7 years,36 to 40,No,No,External,none,no change,1 vehicle,1994,Collision
10,4,4,Honda,Urban,3,10,4,Male,Married,43,Third Party,Sedan - All Perils,Sedan,20000 to 29000,0,2386,14,400,2,more than 30,more than 30,none,more than 7,36 to 40,No,No,External,none,no change,1 vehicle,1994,All Perils
10,3,1,Mazda,Urban,2,4,4,Male,Married,49,Third Party,Sedan - All Perils,Sedan,more than 69000,0,2387,12,400,1,more than 30,more than 30,none,7 years,41 to 50,Yes,No,External,1 to 2,no change,1 vehicle,1994,All Perils
3,5,2,Ford,Urban,2,4,1,Male,Married,50,Policy Holder,Sedan - All Perils,Sedan,20000 to 29000,1,2388,16,700,2,more than 30,more than 30,none,more than 7,41 to 50,No,No,External,3 to 5,no change,1 vehicle,1994,All Perils
3,5,4,Toyota,Urban,2,7,1,Male,Married,58,Policy Holder,Sedan - All Perils,Sedan,less than 20000,1,2389,2,400,2,more than 30,more than 30,none,more than 7,51 to 65,No,No,External,more than 5,no change,1 vehicle,1994,All Perils
7,3,5,Toyota,Urban,1,7,3,Male,Single,28,Policy Holder,Sedan - All Perils,Sedan,20000 to 29000,0,2390,1,400,1,more than 30,more than 30,none,6 years,31 to 35,No,No,External,none,no change,1 vehicle,1994,All Perils
7,3,2,Dodge,Rural,4,7,3,Male,Married,34,Policy Holder,Sedan - Collision,Sedan,30000 to 39000,0,2391,4,400,4,more than 30,more than 30,1,6 years,31 to 35,No,No,External,more than 5,no change,1 vehicle,1994,Collision
7,1,2,Pontiac,Urban,2,4,2,Male,Married,43,Third Party,Sedan - Liability,Sport,20000 to 29000,0,2392,6,400,1,more than 30,more than 30,none,7 years,36 to 40,No,No,External,3 to 5,no change,1 vehicle,1994,Liability
3,5,5,Honda,Urban,5,6,1,Male,Married,41,Third Party,Sedan - All Perils,Sedan,20000 to 29000,0,2393,16,400,3,more than 30,more than 30,none,6 years,36 to 40,No,No,External,none,no change,1 vehicle,1994,All Perils
6,4,6,Honda,Urban,1,6,4,Male,Married,38,Policy Holder,Sedan - Liability,Sport,more than 69000,0,2394,11,400,2,more than 30,more than 30,2 to 4,more than 7,36 to 40,No,No,External,1 to 2,no change,1 vehicle,1994,Liability
6,4,3,Honda,Urban,3,6,4,Male,Single,29,Policy Holder,Sedan - Liability,Sport,20000 to 29000,0,2395,8,400,3,more than 30,more than 30,2 to 4,6 years,31 to 35,No,No,External,1 to 2,4 to 8 years,2 vehicles,1994,Liability
6,3,5,Mazda,Urban,4,6,3,Male,Single,31,Policy Holder,Sedan - Liability,Sport,less than 20000,0,2396,12,400,4,more than 30,more than 30,2 to 4,7 years,31 to 35,No,No,External,1 to 2,no change,1 vehicle,1994,Liability
5,4,3,Pontiac,Urban,3,5,1,Female,Married,35,Policy Holder,Sedan - Collision,Sedan,less than 20000,0,2397,1,400,4,more than 30,more than 30,1,5 years,31 to 35,No,No,External,1 to 2,no change,1 vehicle,1994,Collision
5,4,6,Toyota,Urban,4,4,4,Male,Married,53,Policy Holder,Sedan - Liability,Sport,more than 69000,0,2398,16,500,3,more than 30,more than 30,2 to 4,more than 7,41 to 50,No,No,External,more than 5,2 to 3 years,1 vehicle,1994,Liability
4,3,7,Mazda,Urban,1,4,4,Male,Married,64,Policy Holder,Sedan - Liability,Sport,20000 to 29000,0,2399,4,400,3,more than 30,more than 30,more than 4,more than 7,51 to 65,No,No,External,3 to 5,no change,1 vehicle,1994,Liability
4,2,5,Mazda,Urban,1,9,2,Male,Married,38,Policy Holder,Sedan - Liability,Sport,30000 to 39000,0,2400,8,400,1,more than 30,more than 30,none,7 years,36 to 40,No,No,External,more than 5,no change,1 vehicle,1994,Liability
9,1,7,Toyota,Urban,2,4,1,Male,Married,26,Policy Holder,Sedan - Liability,Sport,20000 to 29000,0,2401,13,400,4,more than 30,more than 30,1,6 years,31 to 35,No,No,External,none,no change,1 vehicle,1994,Liability
4,1,7,Pontiac,Urban,2,3,1,Male,Single,28,Policy Holder,Sedan - Collision,Sedan,20000 to 29000,0,2402,10,400,4,more than 30,more than 30,2 to 4,6 years,31 to 35,No,No,External,more than 5,no change,1 vehicle,1994,Collision
3,3,2,Toyota,Urban,2,9,5,Male,Married,29,Third Party,Sedan - All Perils,Sedan,20000 to 29000,0,2403,10,400,4,more than 30,more than 30,2 to 4,7 years,31 to 35,No,No,External,none,no change,1 vehicle,1994,All Perils
7,4,4,Pontiac,Urban,5,8,4,Female,Single,34,Policy Holder,Sedan - All Perils,Sedan,20000 to 29000,0,2404,9,400,2,more than 30,more than 30,2 to 4,3 years,31 to 35,No,No,External,more than 5,no change,1 vehicle,1994,All Perils
7,5,7,Toyota,Urban,2,5,1,Male,Married,55,Third Party,Sedan - Collision,Sedan,30000 to 39000,0,2405,1,400,3,more than 30,more than 30,1,more than 7,41 to 50,Yes,No,External,none,no change,1 vehicle,1994,Collision
5,5,5,Chevrolet,Rural,2,4,5,Male,Single,21,Policy Holder,Sedan - Liability,Sport,20000 to 29000,0,2406,6,400,3,more than 30,more than 30,2 to 4,5 years,26 to 30,No,No,External,1 to 2,no change,1 vehicle,1994,Liability
4,2,6,Mazda,Urban,1,4,2,Male,Married,27,Policy Holder,Sedan - Liability,Sport,30000 to 39000,0,2407,8,400,1,more than 30,more than 30,2 to 4,7 years,31 to 35,No,No,External,more than 5,no change,1 vehicle,1994,Liability
4,1,4,Toyota,Urban,3,8,1,Male,Single,32,Third Party,Sedan - Collision,Sedan,20000 to 29000,0,2408,6,400,3,more than 30,more than 30,2 to 4,6 years,31 to 35,No,No,External,none,no change,1 vehicle,1994,Collision
7,4,2,Toyota,Rural,5,3,1,Male,Married,54,Third Party,Sedan - Collision,Sedan,20000 to 29000,0,2409,4,400,4,more than 30,more than 30,1,7 years,41 to 50,No,No,External,more than 5,no change,1 vehicle,1994,Collision
3,3,3,Honda,Urban,4,3,3,Male,Married,32,Policy Holder,Sedan - Liability,Sport,20000 to 29000,0,2410,3,400,4,more than 30,more than 30,none,5 years,31 to 35,No,No,External,none,no change,1 vehicle,1994,Liability
3,3,2,Pontiac,Urban,3,3,3,Male,Married,42,Policy Holder,Sedan - Collision,Sedan,more than 69000,0,2411,3,400,1,more than 30,more than 30,none,7 years,36 to 40,No,No,External,more than 5,no change,1 vehicle,1994,Collision
3,3,2,Toyota,Urban,3,5,4,Female,Married,38,Policy Holder,Sedan - Liability,Sport,30000 to 39000,0,2412,10,400,4,more than 30,more than 30,2 to 4,7 years,36 to 40,No,No,External,none,no change,1 vehicle,1994,Liability
3,4,1,Honda,Urban,5,4,3,Male,Married,53,Policy Holder,Sedan - All Perils,Sedan,20000 to 29000,0,2413,9,400,3,more than 30,more than 30,1,more than 7,41 to 50,No,No,External,3 to 5,no change,1 vehicle,1994,All Perils
3,5,6,Accura,Urban,1,4,4,Male,Single,43,Policy Holder,Sedan - Liability,Sport,30000 to 39000,0,2414,16,400,1,more than 30,more than 30,1,7 years,36 to 40,No,No,External,none,no change,1 vehicle,1994,Liability
4,1,4,Pontiac,Urban,4,4,1,Male,Married,41,Third Party,Sedan - Liability,Sport,30000 to 39000,0,2415,11,400,3,more than 30,more than 30,none,7 years,36 to 40,No,No,External,more than 5,no change,1 vehicle,1994,Liability
3,5,2,Pontiac,Urban,4,4,3,Male,Married,31,Third Party,Sedan - Collision,Sedan,20000 to 29000,0,2416,5,400,4,more than 30,more than 30,none,6 years,31 to 35,No,No,External,1 to 2,4 to 8 years,2 vehicles,1994,Collision
4,1,1,Toyota,Urban,2,4,2,Male,Single,28,Policy Holder,Sedan - All Perils,Sedan,less than 20000,0,2417,2,400,3,more than 30,more than 30,none,5 years,31 to 35,No,No,External,none,no change,1 vehicle,1994,All Perils
4,2,5,Saturn,Urban,5,4,2,Male,Single,43,Policy Holder,Sedan - Collision,Sedan,40000 to 59000,0,2418,12,400,2,more than 30,more than 30,1,7 years,36 to 40,No,No,External,none,no change,1 vehicle,1994,Collision
4,3,6,Toyota,Rural,1,10,3,Male,Married,42,Third Party,Sedan - All Perils,Sedan,20000 to 29000,0,2419,15,400,1,more than 30,more than 30,2 to 4,5 years,36 to 40,No,No,External,1 to 2,no change,1 vehicle,1994,All Perils
10,1,7,Pontiac,Urban,2,3,5,Male,Married,62,Policy Holder,Sedan - All Perils,Sedan,20000 to 29000,0,2420,7,400,4,more than 30,more than 30,2 to 4,more than 7,51 to 65,No,No,External,3 to 5,no change,3 to 4,1994,All Perils
3,1,1,Toyota,Urban,1,3,2,Male,Married,32,Policy Holder,Sedan - Liability,Sport,30000 to 39000,0,2421,10,400,1,more than 30,more than 30,2 to 4,6 years,31 to 35,No,No,External,none,no change,1 vehicle,1994,Liability
3,1,4,Pontiac,Urban,1,3,1,Male,Married,28,Third Party,Sedan - Collision,Sedan,20000 to 29000,0,2422,1,400,4,more than 30,more than 30,none,6 years,31 to 35,No,No,External,1 to 2,no change,1 vehicle,1994,Collision
3,2,2,Pontiac,Urban,3,4,2,Male,Married,53,Policy Holder,Sedan - All Perils,Sedan,20000 to 29000,0,2423,3,400,1,more than 30,more than 30,none,more than 7,41 to 50,No,No,External,none,no change,1 vehicle,1994,All Perils
3,5,5,Pontiac,Urban,5,3,3,Female,Married,32,Policy Holder,Sedan - All Perils,Sedan,20000 to 29000,1,2424,15,400,4,more than 30,more than 30,1,6 years,31 to 35,No,No,External,1 to 2,no change,1 vehicle,1994,All Perils
3,2,6,Honda,Urban,3,3,2,Female,Married,45,Third Party,Sedan - All Perils,Sedan,less than 20000,0,2425,13,400,3,more than 30,more than 30,none,6 years,36 to 40,No,No,External,none,no change,1 vehicle,1994,All Perils
3,3,1,Honda,Urban,5,3,5,Male,Married,55,Third Party,Sedan - Collision,Sedan,20000 to 29000,0,2426,8,400,2,more than 30,more than 30,more than 4,more than 7,41 to 50,No,No,External,none,no change,1 vehicle,1994,Collision
3,3,2,Ford,Urban,2,3,4,Male,Single,43,Third Party,Sedan - Liability,Sport,30000 to 39000,0,2427,12,400,3,more than 30,more than 30,1,more than 7,36 to 40,No,No,Internal,more than 5,no change,1 vehicle,1994,Liability
3,5,2,Mazda,Urban,3,6,5,Male,Married,44,Policy Holder,Sedan - Collision,Sedan,20000 to 29000,0,2428,4,400,2,more than 30,more than 30,none,7 years,36 to 40,No,No,External,1 to 2,no change,1 vehicle,1994,Collision
6,1,3,Honda,Urban,4,6,2,Male,Married,63,Third Party,Sedan - All Perils,Sedan,20000 to 29000,0,2429,9,400,1,more than 30,more than 30,none,more than 7,51 to 65,No,No,External,none,no change,1 vehicle,1994,All Perils
6,3,6,Dodge,Urban,1,6,3,Male,Married,53,Policy Holder,Sedan - Liability,Sport,30000 to 39000,0,2430,15,400,2,more than 30,more than 30,1,more than 7,41 to 50,No,No,External,none,no change,1 vehicle,1994,Liability
6,4,3,Toyota,Urban,3,7,4,Male,Married,47,Policy Holder,Sedan - Collision,Sedan,20000 to 29000,0,2431,12,400,4,more than 30,more than 30,none,7 years,41 to 50,No,No,External,none,no change,1 vehicle,1994,Collision
7,2,2,Pontiac,Urban,4,11,2,Female,Single,35,Policy Holder,Sedan - Liability,Sport,20000 to 29000,0,2432,12,400,1,more than 30,more than 30,more than 4,7 years,31 to 35,No,No,External,3 to 5,no change,1 vehicle,1994,Liability
10,5,3,Toyota,Rural,1,4,2,Male,Single,31,Third Party,Sedan - All Perils,Sedan,30000 to 39000,0,2433,10,400,3,more than 30,more than 30,1,7 years,31 to 35,No,No,External,none,no change,1 vehicle,1994,All Perils
3,5,5,Chevrolet,Urban,5,11,2,Male,Married,51,Policy Holder,Sedan - Liability,Sport,more than 69000,1,2434,15,400,1,more than 30,more than 30,2 to 4,more than 7,41 to 50,No,No,External,1 to 2,no change,1 vehicle,1994,Liability
11,3,5,Honda,Urban,1,11,3,Male,Married,78,Policy Holder,Sedan - All Perils,Sedan,20000 to 29000,0,2435,14,400,3,more than 30,more than 30,none,7 years,over 65,No,No,External,none,no change,1 vehicle,1994,All Perils
11,3,3,Toyota,Urban,5,5,3,Female,Married,32,Policy Holder,Sedan - Collision,Sedan,more than 69000,0,2436,14,400,2,more than 30,more than 30,none,6 years,31 to 35,Yes,No,External,1 to 2,no change,1 vehicle,1994,Collision
3,5,3,Toyota,Rural,2,11,1,Male,Single,28,Policy Holder,Sedan - All Perils,Sedan,20000 to 29000,1,2437,5,400,2,more than 30,more than 30,1,6 years,31 to 35,No,No,External,1 to 2,4 to 8 years,2 vehicles,1994,All Perils
11,2,2,Mazda,Urban,2,11,4,Male,Single,35,Policy Holder,Sedan - Liability,Sport,30000 to 39000,0,2438,7,400,1,more than 30,more than 30,2 to 4,6 years,31 to 35,No,No,External,more than 5,no change,1 vehicle,1994,Liability
11,2,2,Chevrolet,Urban,1,11,2,Male,Single,41,Policy Holder,Sedan - Liability,Sport,30000 to 39000,0,2439,2,400,4,more than 30,more than 30,1,6 years,36 to 40,No,No,External,none,no change,1 vehicle,1994,Liability
10,5,1,Chevrolet,Urban,5,11,1,Male,Single,33,Third Party,Sedan - Liability,Sport,more than 69000,0,2440,8,400,1,more than 30,more than 30,more than 4,7 years,31 to 35,No,No,External,more than 5,no change,1 vehicle,1994,Liability
10,5,2,Chevrolet,Urban,2,10,1,Male,Single,34,Third Party,Sedan - Liability,Sport,more than 69000,0,2441,5,400,2,more than 30,more than 30,more than 4,7 years,31 to 35,No,No,External,more than 5,no change,1 vehicle,1994,Liability
10,4,1,Honda,Urban,4,7,4,Male,Single,28,Policy Holder,Sedan - Liability,Sport,30000 to 39000,0,2442,4,400,1,more than 30,more than 30,none,7 years,31 to 35,No,No,External,3 to 5,no change,1 vehicle,1994,Liability
7,1,2,Toyota,Urban,2,7,1,Male,Married,46,Policy Holder,Sedan - All Perils,Sedan,20000 to 29000,0,2443,10,400,4,more than 30,more than 30,none,more than 7,41 to 50,No,No,External,none,no change,1 vehicle,1994,All Perils
7,1,7,Pontiac,Rural,1,6,1,Male,Married,38,Policy Holder,Sedan - Collision,Sedan,30000 to 39000,0,2444,7,400,3,more than 30,more than 30,2 to 4,7 years,36 to 40,No,No,External,none,no change,1 vehicle,1994,Collision
6,4,3,Mazda,Urban,5,8,4,Male,Married,31,Policy Holder,Sedan - Collision,Sedan,30000 to 39000,0,2445,6,400,1,more than 30,more than 30,none,7 years,31 to 35,No,No,External,none,no change,1 vehicle,1994,Collision
6,4,2,Toyota,Urban,2,6,1,Male,Single,38,Third Party,Sedan - Collision,Sedan,30000 to 39000,0,2446,12,400,2,more than 30,more than 30,none,more than 7,36 to 40,No,No,Internal,none,no change,1 vehicle,1994,Collision
6,3,5,Honda,Urban,5,6,3,Female,Married,43,Policy Holder,Sedan - Collision,Sedan,30000 to 39000,0,2447,12,400,1,more than 30,more than 30,none,7 years,36 to 40,No,No,External,3 to 5,no change,1 vehicle,1994,Collision
6,3,6,Pontiac,Urban,1,6,3,Male,Married,49,Policy Holder,Sedan - Collision,Sedan,20000 to 29000,0,2448,3,400,2,more than 30,more than 30,none,more than 7,41 to 50,No,No,External,none,no change,1 vehicle,1994,Collision
6,3,7,Toyota,Urban,1,6,3,Male,Single,26,Policy Holder,Sedan - Liability,Sport,20000 to 29000,0,2449,3,500,3,more than 30,more than 30,2 to 4,6 years,31 to 35,No,No,External,3 to 5,2 to 3 years,1 vehicle,1994,Liability
6,1,2,Mazda,Urban,2,3,1,Male,Married,28,Policy Holder,Sedan - Liability,Sport,30000 to 39000,0,2450,7,400,3,more than 30,more than 30,2 to 4,6 years,31 to 35,No,No,External,more than 5,no change,1 vehicle,1994,Liability
3,5,7,Honda,Urban,2,3,5,Male,Married,42,Policy Holder,Sedan - Liability,Sport,20000 to 29000,0,2451,7,400,4,more than 30,more than 30,1,more than 7,36 to 40,No,No,Internal,none,no change,1 vehicle,1994,Liability
3,3,6,Accura,Urban,2,3,4,Male,Married,49,Policy Holder,Sedan - Collision,Sedan,20000 to 29000,0,2452,4,400,2,more than 30,more than 30,none,7 years,41 to 50,No,No,External,none,no change,1 vehicle,1994,Collision
3,3,5,Chevrolet,Urban,2,3,4,Male,Married,50,Policy Holder,Sedan - Liability,Sport,more than 69000,0,2453,2,400,1,more than 30,more than 30,none,7 years,41 to 50,No,No,External,1 to 2,no change,1 vehicle,1994,Liability
3,3,6,Chevrolet,Urban,4,11,4,Male,Married,48,Third Party,Sedan - Liability,Sport,60000 to 69000,0,2454,14,400,2,more than 30,more than 30,2 to 4,7 years,41 to 50,No,No,External,none,no change,1 vehicle,1994,Liability
3,3,2,Pontiac,Urban,2,3,4,Male,Married,46,Policy Holder,Sedan - Liability,Sport,20000 to 29000,0,2455,10,400,4,more than 30,more than 30,2 to 4,more than 7,41 to 50,No,No,External,3 to 5,no change,1 vehicle,1994,Liability
3,3,2,Mazda,Urban,3,3,4,Male,Single,45,Policy Holder,Sedan - Liability,Sport,20000 to 29000,0,2456,2,400,2,more than 30,more than 30,1,7 years,36 to 40,No,No,Internal,3 to 5,no change,1 vehicle,1994,Liability
3,3,6,Toyota,Urban,5,3,3,Male,Married,47,Policy Holder,Sedan - All Perils,Sedan,more than 69000,0,2457,10,400,1,more than 30,more than 30,1,more than 7,41 to 50,No,No,External,3 to 5,no change,1 vehicle,1994,All Perils
3,2,4,Toyota,Urban,1,4,3,Male,Married,42,Policy Holder,Sedan - Liability,Sport,more than 69000,0,2458,15,400,1,more than 30,more than 30,more than 4,more than 7,36 to 40,No,No,External,none,1 year,2 vehicles,1994,Liability
3,5,5,Honda,Rural,2,3,1,Male,Married,33,Policy Holder,Sedan - Collision,Sedan,20000 to 29000,1,2459,10,400,2,none,8 to 15,2 to 4,6 years,31 to 35,No,No,External,none,no change,1 vehicle,1994,Collision
3,1,5,Mazda,Urban,1,11,4,Male,Married,29,Policy Holder,Sedan - Liability,Sport,20000 to 29000,0,2460,14,400,3,more than 30,more than 30,more than 4,6 years,31 to 35,No,No,External,1 to 2,no change,1 vehicle,1994,Liability
10,5,4,Toyota,Urban,5,9,5,Male,Single,44,Policy Holder,Sedan - All Perils,Sedan,more than 69000,0,2461,3,400,1,more than 30,more than 30,more than 4,more than 7,36 to 40,No,No,External,more than 5,no change,3 to 4,1994,All Perils
9,5,4,Toyota,Rural,5,9,5,Male,Married,28,Policy Holder,Sedan - Collision,Sedan,less than 20000,0,2462,4,400,2,more than 30,more than 30,2 to 4,6 years,31 to 35,No,No,External,3 to 5,no change,1 vehicle,1994,Collision
9,5,6,Toyota,Urban,2,5,5,Male,Married,32,Policy Holder,Sedan - All Perils,Sedan,20000 to 29000,0,2463,16,400,4,more than 30,more than 30,2 to 4,6 years,31 to 35,No,No,External,more than 5,no change,1 vehicle,1994,All Perils
5,5,7,Chevrolet,Urban,3,6,5,Male,Single,30,Third Party,Sedan - Collision,Sedan,20000 to 29000,0,2464,15,400,2,more than 30,more than 30,2 to 4,6 years,31 to 35,No,No,External,none,no change,1 vehicle,1994,Collision
5,2,7,Ford,Urban,1,4,1,Male,Married,41,Policy Holder,Sedan - Liability,Sport,30000 to 39000,0,2465,8,400,3,more than 30,more than 30,2 to 4,7 years,36 to 40,No,No,External,3 to 5,no change,1 vehicle,1994,Liability
4,3,4,Mazda,Urban,3,4,3,Male,Single,35,Third Party,Sedan - Collision,Sedan,30000 to 39000,0,2466,6,400,1,more than 30,more than 30,2 to 4,6 years,31 to 35,No,No,External,1 to 2,no change,1 vehicle,1994,Collision
4,3,7,Toyota,Urban,1,4,3,Female,Married,37,Third Party,Sedan - Liability,Sport,more than 69000,0,2467,10,400,2,more than 30,more than 30,1,7 years,36 to 40,No,No,External,1 to 2,no change,1 vehicle,1994,Liability
4,2,4,Pontiac,Urban,4,4,2,Male,Married,54,Third Party,Sedan - Liability,Sport,20000 to 29000,0,2468,15,400,3,more than 30,more than 30,none,6 years,41 to 50,No,No,External,1 to 2,no change,1 vehicle,1994,Liability
3,5,4,Toyota,Urban,2,5,4,Male,Married,61,Policy Holder,Sedan - All Perils,Sedan,30000 to 39000,1,2469,15,400,4,more than 30,more than 30,more than 4,more than 7,51 to 65,No,No,External,none,no change,1 vehicle,1994,All Perils
3,5,2,Toyota,Urban,3,4,2,Male,Married,66,Policy Holder,Sedan - All Perils,Sedan,less than 20000,0,2470,1,400,4,more than 30,more than 30,none,7 years,over 65,No,No,External,1 to 2,no change,1 vehicle,1994,All Perils
3,4,7,Honda,Urban,4,4,1,Male,Married,58,Policy Holder,Sedan - Liability,Sport,30000 to 39000,0,2471,6,400,3,more than 30,more than 30,2 to 4,more than 7,51 to 65,No,No,External,more than 5,no change,1 vehicle,1994,Liability
3,3,5,Mazda,Urban,1,3,2,Male,Single,32,Policy Holder,Sedan - Liability,Sport,20000 to 29000,0,2472,1,400,1,more than 30,more than 30,1,5 years,31 to 35,No,No,External,1 to 2,no change,1 vehicle,1994,Liability
3,3,3,Honda,Urban,1,3,4,Male,Single,0,Policy Holder,Sedan - Liability,Sport,more than 69000,0,2473,8,400,1,more than 30,more than 30,2 to 4,new,16 to 17,No,No,External,none,no change,1 vehicle,1994,Liability
3,3,6,Pontiac,Urban,4,3,4,Male,Married,54,Third Party,Sedan - All Perils,Sedan,20000 to 29000,0,2474,7,400,1,more than 30,more than 30,none,more than 7,41 to 50,No,No,External,more than 5,no change,1 vehicle,1994,All Perils
3,2,7,Mazda,Urban,5,3,4,Male,Single,27,Policy Holder,Sedan - Liability,Sport,30000 to 39000,0,2475,13,400,1,more than 30,more than 30,2 to 4,6 years,31 to 35,No,No,External,none,no change,1 vehicle,1994,Liability
2,4,1,Pontiac,Urban,3,2,2,Male,Married,37,Policy Holder,Sedan - Liability,Sport,20000 to 29000,0,2476,1,400,4,more than 30,more than 30,2 to 4,7 years,36 to 40,No,No,External,none,no change,1 vehicle,1994,Liability
1,1,5,Pontiac,Urban,5,6,1,Female,Married,59,Policy Holder,Sedan - Liability,Sport,20000 to 29000,0,2477,9,400,1,more than 30,more than 30,1,7 years,51 to 65,No,No,External,none,no change,1 vehicle,1994,Liability
6,2,7,Mazda,Urban,1,5,2,Male,Married,39,Policy Holder,Sedan - Liability,Sport,30000 to 39000,0,2478,10,400,4,more than 30,more than 30,more than 4,7 years,36 to 40,No,No,External,3 to 5,no change,1 vehicle,1994,Liability
5,1,4,Chevrolet,Urban,5,7,2,Male,Married,26,Third Party,Sedan - All Perils,Sedan,30000 to 39000,0,2479,2,400,1,more than 30,more than 30,2 to 4,7 years,31 to 35,No,No,External,none,4 to 8 years,2 vehicles,1994,All Perils
7,5,5,Pontiac,Urban,1,8,5,Male,Single,41,Policy Holder,Sedan - Collision,Sedan,20000 to 29000,0,2480,13,400,2,more than 30,more than 30,none,7 years,36 to 40,No,No,External,3 to 5,no change,1 vehicle,1994,Collision
8,1,3,Chevrolet,Urban,5,5,2,Male,Married,31,Policy Holder,Sedan - Liability,Sport,20000 to 29000,0,2481,1,400,4,more than 30,more than 30,1,6 years,31 to 35,No,No,External,3 to 5,no change,1 vehicle,1994,Liability
4,3,2,Pontiac,Urban,5,5,2,Female,Married,42,Policy Holder,Sedan - All Perils,Sedan,less than 20000,0,2482,4,400,2,more than 30,more than 30,none,7 years,36 to 40,No,No,External,none,no change,1 vehicle,1994,All Perils
5,2,7,Pontiac,Urban,5,7,2,Male,Married,42,Policy Holder,Sedan - Liability,Sport,20000 to 29000,0,2483,13,400,4,more than 30,more than 30,none,7 years,36 to 40,No,No,External,1 to 2,no change,1 vehicle,1994,Liability
6,4,5,Toyota,Urban,3,12,1,Female,Single,35,Policy Holder,Sedan - All Perils,Sedan,20000 to 29000,0,2484,2,400,3,more than 30,more than 30,1,5 years,31 to 35,No,No,External,none,no change,1 vehicle,1994,All Perils
4,1,2,Pontiac,Rural,2,8,3,Male,Married,26,Policy Holder,Sedan - All Perils,Sedan,20000 to 29000,1,2485,6,400,4,more than 30,more than 30,none,7 years,31 to 35,No,No,External,none,no change,1 vehicle,1994,All Perils
8,2,4,Mazda,Urban,5,9,2,Male,Married,34,Third Party,Sedan - All Perils,Sedan,more than 69000,0,2486,3,400,2,more than 30,more than 30,2 to 4,6 years,31 to 35,No,No,External,1 to 2,no change,1 vehicle,1994,All Perils
9,1,2,Pontiac,Urban,1,9,1,Male,Married,34,Third Party,Sedan - All Perils,Sedan,20000 to 29000,0,2487,15,400,3,more than 30,more than 30,none,5 years,31 to 35,No,No,External,none,no change,1 vehicle,1994,All Perils
8,5,2,Honda,Urban,4,9,1,Male,Married,51,Policy Holder,Sport - Collision,Sport,more than 69000,0,2488,6,400,1,more than 30,more than 30,none,7 years,41 to 50,No,No,External,none,no change,1 vehicle,1994,Collision
9,1,1,Toyota,Urban,1,9,2,Female,Married,29,Policy Holder,Sedan - Collision,Sedan,20000 to 29000,0,2489,7,400,1,more than 30,more than 30,2 to 4,7 years,31 to 35,No,No,External,3 to 5,no change,1 vehicle,1994,Collision
9,1,1,Honda,Urban,2,10,1,Male,Married,51,Policy Holder,Sedan - Liability,Sport,20000 to 29000,0,2490,15,400,3,more than 30,more than 30,more than 4,7 years,41 to 50,No,No,External,more than 5,no change,1 vehicle,1994,Liability
10,1,6,Chevrolet,Rural,1,11,2,Male,Married,27,Policy Holder,Sedan - Collision,Sedan,more than 69000,0,2491,3,400,1,more than 30,more than 30,2 to 4,7 years,31 to 35,No,No,External,none,no change,1 vehicle,1994,Collision
11,3,2,Pontiac,Urban,3,12,4,Male,Married,77,Third Party,Sedan - Liability,Sport,20000 to 29000,0,2492,6,400,2,more than 30,more than 30,1,more than 7,over 65,No,No,External,more than 5,no change,1 vehicle,1994,Liability
12,2,5,Toyota,Urban,4,12,3,Male,Married,31,Third Party,Sedan - All Perils,Sedan,20000 to 29000,0,2493,16,400,3,more than 30,more than 30,1,6 years,31 to 35,No,No,External,more than 5,no change,1 vehicle,1994,All Perils
12,2,7,Pontiac,Urban,2,5,3,Female,Single,32,Third Party,Sedan - Collision,Sedan,20000 to 29000,0,2494,3,400,1,more than 30,more than 30,none,5 years,31 to 35,No,No,External,none,no change,1 vehicle,1994,Collision
5,4,6,Pontiac,Urban,1,5,4,Male,Married,40,Policy Holder,Sedan - Liability,Sport,20000 to 29000,0,2495,10,400,1,more than 30,more than 30,2 to 4,7 years,36 to 40,No,No,External,none,no change,1 vehicle,1994,Liability
5,2,3,Honda,Rural,2,5,3,Male,Single,21,Policy Holder,Sedan - Collision,Sedan,20000 to 29000,0,2496,9,400,3,more than 30,more than 30,1,5 years,26 to 30,No,No,External,none,no change,1 vehicle,1994,Collision
5,2,1,Saab,Urban,5,9,3,Male,Married,47,Policy Holder,Sedan - Liability,Sport,30000 to 39000,0,2497,9,400,1,more than 30,more than 30,2 to 4,more than 7,41 to 50,No,No,External,none,no change,1 vehicle,1994,Liability
8,5,2,Mazda,Rural,3,8,1,Male,Single,30,Policy Holder,Sedan - Collision,Sedan,30000 to 39000,0,2498,5,400,1,more than 30,more than 30,none,7 years,31 to 35,No,No,External,3 to 5,no change,1 vehicle,1994,Collision
8,4,5,Pontiac,Urban,5,5,4,Male,Married,27,Third Party,Sedan - Collision,Sedan,20000 to 29000,0,2499,16,400,4,more than 30,more than 30,2 to 4,7 years,31 to 35,No,No,External,1 to 2,no change,1 vehicle,1994,Collision
5,3,5,Chevrolet,Urban,5,4,3,Male,Married,53,Policy Holder,Sedan - Liability,Sport,30000 to 39000,0,2500,8,500,3,more than 30,more than 30,2 to 4,7 years,41 to 50,No,No,External,1 to 2,2 to 3 years,2 vehicles,1994,Liability
4,1,1,Pontiac,Urban,4,5,2,Male,Married,55,Policy Holder,Sedan - All Perils,Sedan,30000 to 39000,1,2501,2,400,1,more than 30,more than 30,2 to 4,more than 7,41 to 50,No,No,External,none,no change,1 vehicle,1994,All Perils
5,1,5,Pontiac,Urban,3,7,1,Male,Married,31,Policy Holder,Sedan - Collision,Sedan,20000 to 29000,0,2502,9,400,2,more than 30,more than 30,more than 4,6 years,31 to 35,No,No,Internal,more than 5,no change,3 to 4,1994,Collision
7,1,3,Toyota,Urban,1,8,1,Male,Single,56,Policy Holder,Sedan - All Perils,Sedan,more than 69000,0,2503,10,400,1,more than 30,more than 30,2 to 4,more than 7,51 to 65,No,No,External,1 to 2,no change,1 vehicle,1994,All Perils
6,5,3,Honda,Urban,4,6,1,Male,Single,29,Policy Holder,Sedan - Collision,Sedan,more than 69000,0,2504,7,400,4,more than 30,more than 30,2 to 4,new,31 to 35,No,No,External,none,no change,1 vehicle,1994,Collision
6,4,6,Honda,Urban,2,8,4,Male,Married,29,Policy Holder,Sedan - Collision,Sedan,20000 to 29000,0,2505,3,400,3,more than 30,more than 30,1,7 years,31 to 35,No,No,External,1 to 2,no change,1 vehicle,1994,Collision
8,1,1,Mazda,Urban,2,8,2,Male,Single,21,Policy Holder,Sedan - Collision,Sedan,20000 to 29000,0,2506,9,400,1,more than 30,more than 30,1,6 years,26 to 30,No,No,External,more than 5,no change,1 vehicle,1994,Collision
8,1,3,Pontiac,Urban,4,9,2,Male,Married,36,Policy Holder,Sedan - Liability,Sport,20000 to 29000,0,2507,15,400,4,more than 30,more than 30,2 to 4,7 years,36 to 40,No,No,External,more than 5,no change,1 vehicle,1994,Liability
9,3,1,Toyota,Urban,1,9,3,Male,Single,28,Policy Holder,Sedan - Collision,Sedan,20000 to 29000,0,2508,6,400,2,more than 30,more than 30,none,6 years,31 to 35,No,No,Internal,none,no change,1 vehicle,1994,Collision
9,4,7,Pontiac,Urban,4,9,4,Male,Married,48,Policy Holder,Sedan - Liability,Sport,20000 to 29000,0,2509,5,400,4,more than 30,more than 30,more than 4,7 years,41 to 50,No,No,External,more than 5,no change,1 vehicle,1994,Liability
9,4,1,Toyota,Urban,1,10,5,Male,Single,31,Policy Holder,Sedan - All Perils,Sedan,20000 to 29000,0,2510,3,400,1,more than 30,more than 30,none,6 years,31 to 35,No,No,External,more than 5,no change,1 vehicle,1994,All Perils
10,3,6,Honda,Urban,1,12,4,Male,Single,43,Third Party,Sedan - All Perils,Sedan,20000 to 29000,0,2511,14,400,4,more than 30,more than 30,2 to 4,7 years,36 to 40,No,No,External,3 to 5,no change,1 vehicle,1994,All Perils
12,3,4,Pontiac,Urban,5,12,3,Male,Married,49,Policy Holder,Utility - All Perils,Utility,40000 to 59000,0,2512,5,700,3,more than 30,more than 30,1,more than 7,41 to 50,No,No,External,none,no change,1 vehicle,1994,All Perils
12,3,4,Pontiac,Rural,4,4,3,Male,Married,39,Policy Holder,Sedan - Collision,Sedan,20000 to 29000,0,2513,7,400,3,more than 30,more than 30,none,7 years,36 to 40,No,No,External,3 to 5,no change,1 vehicle,1994,Collision
4,1,6,Pontiac,Urban,4,6,1,Male,Married,43,Policy Holder,Sedan - Collision,Sedan,20000 to 29000,0,2514,4,400,2,more than 30,more than 30,2 to 4,7 years,36 to 40,No,No,External,none,no change,1 vehicle,1994,Collision
5,4,2,Pontiac,Urban,2,5,1,Male,Married,30,Policy Holder,Sedan - Collision,Sedan,20000 to 29000,0,2515,12,400,3,more than 30,more than 30,2 to 4,7 years,31 to 35,No,No,External,none,no change,1 vehicle,1994,Collision
5,4,6,Honda,Urban,1,5,4,Male,Married,53,Policy Holder,Sedan - Liability,Sport,more than 69000,0,2516,15,400,1,more than 30,more than 30,2 to 4,7 years,41 to 50,No,No,External,more than 5,no change,1 vehicle,1994,Liability
5,3,1,Toyota,Urban,1,5,5,Male,Married,64,Third Party,Sedan - Liability,Sport,20000 to 29000,0,2517,6,400,1,more than 30,more than 30,none,more than 7,51 to 65,No,No,External,3 to 5,no change,1 vehicle,1994,Liability
5,3,6,Pontiac,Urban,2,6,3,Male,Married,52,Policy Holder,Sedan - Liability,Sport,30000 to 39000,0,2518,9,400,2,more than 30,more than 30,more than 4,more than 7,41 to 50,No,No,External,more than 5,no change,1 vehicle,1994,Liability
6,1,6,Mazda,Urban,2,4,1,Male,Married,60,Policy Holder,Sedan - Liability,Sport,30000 to 39000,0,2519,14,400,1,more than 30,more than 30,none,7 years,51 to 65,No,No,External,more than 5,no change,1 vehicle,1994,Liability
4,1,1,Accura,Urban,2,9,2,Male,Married,33,Third Party,Sedan - All Perils,Sedan,30000 to 39000,0,2520,7,400,3,more than 30,more than 30,1,6 years,31 to 35,No,No,External,none,no change,1 vehicle,1994,All Perils
9,4,7,Pontiac,Urban,4,10,4,Male,Married,65,Policy Holder,Sedan - Collision,Sedan,30000 to 39000,0,2521,9,400,1,more than 30,more than 30,none,5 years,51 to 65,No,No,External,1 to 2,4 to 8 years,2 vehicles,1994,Collision
10,2,4,Honda,Urban,4,12,3,Male,Married,33,Policy Holder,Sedan - Collision,Sedan,20000 to 29000,0,2522,8,400,2,more than 30,more than 30,2 to 4,5 years,31 to 35,No,No,External,none,no change,1 vehicle,1994,Collision
12,4,6,Toyota,Rural,5,9,5,Male,Single,45,Policy Holder,Sedan - All Perils,Sedan,less than 20000,0,2523,11,400,2,more than 30,more than 30,none,7 years,36 to 40,No,No,External,more than 5,no change,1 vehicle,1994,All Perils
8,4,4,Mazda,Urban,2,3,1,Male,Single,33,Policy Holder,Sedan - Liability,Sport,20000 to 29000,0,2524,16,400,2,more than 30,more than 30,2 to 4,6 years,31 to 35,No,No,External,more than 5,no change,1 vehicle,1994,Liability
1,1,3,Toyota,Urban,5,2,4,Male,Married,46,Policy Holder,Sedan - Liability,Sport,20000 to 29000,0,2525,9,400,4,more than 30,more than 30,2 to 4,more than 7,41 to 50,No,No,External,none,no change,1 vehicle,1994,Liability
1,4,4,Honda,Urban,4,12,1,Male,Single,0,Policy Holder,Sedan - Liability,Sport,more than 69000,0,2526,8,400,3,more than 30,more than 30,1,new,16 to 17,No,No,External,none,no change,1 vehicle,1994,Liability
12,1,5,Chevrolet,Rural,1,1,3,Male,Married,41,Policy Holder,Sedan - Collision,Sedan,more than 69000,0,2527,15,400,1,more than 30,more than 30,none,7 years,36 to 40,No,No,External,none,no change,1 vehicle,1994,Collision
1,2,4,Toyota,Urban,4,1,3,Male,Married,52,Third Party,Sedan - All Perils,Sedan,less than 20000,0,2528,14,400,3,more than 30,more than 30,2 to 4,more than 7,41 to 50,No,No,External,3 to 5,no change,1 vehicle,1994,All Perils
1,1,7,Honda,Urban,2,1,1,Female,Married,37,Third Party,Sedan - Collision,Sedan,20000 to 29000,0,2529,2,400,1,more than 30,more than 30,2 to 4,6 years,36 to 40,No,No,External,more than 5,no change,1 vehicle,1994,Collision
1,1,4,Toyota,Urban,5,3,1,Male,Married,41,Policy Holder,Sedan - Liability,Sport,30000 to 39000,0,2530,11,400,2,more than 30,more than 30,more than 4,7 years,36 to 40,No,No,External,3 to 5,no change,1 vehicle,1994,Liability
2,1,2,Pontiac,Urban,2,3,4,Male,Married,43,Policy Holder,Sedan - Liability,Sport,less than 20000,0,2531,10,400,3,more than 30,more than 30,more than 4,7 years,36 to 40,No,No,External,none,no change,1 vehicle,1994,Liability
3,1,2,Toyota,Urban,2,2,1,Male,Married,35,Policy Holder,Sedan - All Perils,Sedan,20000 to 29000,0,2532,2,400,1,more than 30,more than 30,none,7 years,31 to 35,No,No,External,1 to 2,no change,1 vehicle,1994,All Perils
2,4,4,Toyota,Urban,3,2,4,Male,Single,31,Policy Holder,Sedan - Liability,Sport,20000 to 29000,0,2533,10,400,1,more than 30,more than 30,2 to 4,6 years,31 to 35,No,No,External,none,no change,1 vehicle,1994,Liability
2,3,6,Honda,Rural,3,2,4,Male,Married,40,Policy Holder,Sedan - Liability,Sport,20000 to 29000,0,2534,10,400,3,more than 30,more than 30,more than 4,7 years,36 to 40,No,No,External,none,no change,1 vehicle,1994,Liability
1,4,5,Toyota,Rural,1,11,2,Male,Married,30,Policy Holder,Sedan - Collision,Sedan,20000 to 29000,0,2535,6,400,4,more than 30,more than 30,none,7 years,31 to 35,No,No,External,1 to 2,no change,1 vehicle,1994,Collision
11,4,3,Honda,Urban,3,11,4,Male,Married,71,Third Party,Sedan - All Perils,Sedan,20000 to 29000,0,2536,8,400,4,more than 30,more than 30,2 to 4,more than 7,over 65,No,No,External,3 to 5,no change,1 vehicle,1994,All Perils
11,4,4,Mazda,Urban,1,11,4,Male,Married,59,Third Party,Sedan - Collision,Sedan,20000 to 29000,0,2537,6,400,1,more than 30,more than 30,none,more than 7,51 to 65,No,No,External,1 to 2,no change,1 vehicle,1994,Collision
11,4,7,Chevrolet,Urban,4,3,4,Male,Married,48,Third Party,Sedan - Collision,Sedan,more than 69000,0,2538,11,400,2,more than 30,more than 30,more than 4,7 years,41 to 50,No,No,External,more than 5,no change,1 vehicle,1994,Collision
2,4,5,Pontiac,Urban,3,3,1,Male,Married,28,Third Party,Sedan - Collision,Sedan,20000 to 29000,0,2539,5,400,2,more than 30,more than 30,2 to 4,6 years,31 to 35,No,No,External,none,no change,1 vehicle,1994,Collision
2,4,4,Honda,Urban,5,3,4,Male,Single,56,Third Party,Sedan - Liability,Sport,30000 to 39000,0,2540,1,400,4,more than 30,more than 30,more than 4,more than 7,51 to 65,No,No,External,none,no change,1 vehicle,1994,Liability
3,4,7,Accura,Urban,1,4,4,Male,Married,54,Third Party,Sedan - Collision,Sedan,30000 to 39000,0,2541,14,400,1,more than 30,more than 30,1,7 years,41 to 50,No,No,External,more than 5,no change,1 vehicle,1994,Collision
4,1,4,Honda,Rural,1,1,1,Male,Married,34,Third Party,Sedan - Collision,Sedan,20000 to 29000,0,2542,16,400,1,more than 30,more than 30,none,6 years,31 to 35,No,No,External,3 to 5,4 to 8 years,2 vehicles,1994,Collision
1,4,3,Pontiac,Rural,3,8,5,Male,Married,40,Policy Holder,Sedan - Liability,Sport,20000 to 29000,0,2543,11,700,4,more than 30,more than 30,1,7 years,36 to 40,No,No,External,1 to 2,no change,3 to 4,1994,Liability
8,2,2,Honda,Urban,4,7,3,Female,Married,42,Policy Holder,Sedan - Collision,Sedan,20000 to 29000,0,2544,4,400,4,more than 30,more than 30,1,6 years,36 to 40,No,No,External,1 to 2,no change,1 vehicle,1994,Collision
7,3,2,Chevrolet,Urban,4,8,4,Male,Married,46,Policy Holder,Utility - All Perils,Utility,more than 69000,0,2545,2,400,4,more than 30,more than 30,2 to 4,more than 7,41 to 50,No,No,External,more than 5,no change,1 vehicle,1994,All Perils
7,3,2,Saturn,Urban,2,6,1,Male,Married,58,Third Party,Sedan - All Perils,Sedan,40000 to 59000,0,2546,7,400,2,more than 30,more than 30,2 to 4,more than 7,51 to 65,No,No,External,3 to 5,no change,1 vehicle,1994,All Perils
6,4,2,Toyota,Urban,5,6,4,Male,Single,31,Policy Holder,Sedan - Liability,Sport,less than 20000,0,2547,6,400,2,more than 30,more than 30,more than 4,5 years,31 to 35,No,No,External,more than 5,no change,1 vehicle,1994,Liability
5,5,6,Pontiac,Urban,2,4,1,Male,Married,73,Policy Holder,Sedan - All Perils,Sedan,less than 20000,0,2548,2,400,3,more than 30,more than 30,none,more than 7,over 65,No,No,External,1 to 2,no change,1 vehicle,1994,All Perils
4,4,1,Honda,Urban,4,1,4,Female,Married,31,Policy Holder,Sedan - Liability,Sport,20000 to 29000,0,2549,16,400,4,more than 30,more than 30,2 to 4,5 years,31 to 35,No,No,External,more than 5,1 year,1 vehicle,1994,Liability
12,2,7,Mazda,Urban,5,11,4,Female,Married,54,Policy Holder,Sedan - Liability,Sport,20000 to 29000,0,2550,14,400,1,more than 30,more than 30,more than 4,7 years,41 to 50,No,No,External,more than 5,no change,1 vehicle,1994,Liability
5,1,5,Honda,Urban,5,10,3,Male,Married,44,Policy Holder,Sedan - Collision,Sedan,20000 to 29000,0,2551,4,500,1,more than 30,more than 30,2 to 4,7 years,36 to 40,No,No,External,none,2 to 3 years,1 vehicle,1994,Collision
10,2,6,Mazda,Urban,1,8,2,Male,Single,27,Policy Holder,Sedan - Liability,Sport,20000 to 29000,0,2552,16,400,4,more than 30,more than 30,more than 4,6 years,31 to 35,No,No,External,3 to 5,no change,1 vehicle,1994,Liability
8,1,2,Pontiac,Rural,2,8,2,Female,Single,34,Third Party,Sedan - All Perils,Sedan,more than 69000,0,2553,16,400,3,more than 30,more than 30,1,6 years,31 to 35,Yes,Yes,External,none,no change,1 vehicle,1994,All Perils
8,1,1,Chevrolet,Urban,3,8,1,Male,Married,31,Policy Holder,Sedan - Collision,Sedan,20000 to 29000,0,2554,1,400,4,more than 30,more than 30,more than 4,6 years,31 to 35,No,No,External,3 to 5,no change,1 vehicle,1994,Collision
7,5,4,Honda,Urban,2,8,1,Male,Married,41,Policy Holder,Sedan - Collision,Sedan,20000 to 29000,0,2555,7,400,3,more than 30,more than 30,1,5 years,36 to 40,No,No,External,3 to 5,no change,1 vehicle,1994,Collision
7,4,3,Mazda,Rural,4,7,1,Male,Single,30,Policy Holder,Sedan - Collision,Sedan,20000 to 29000,0,2556,10,400,4,more than 30,more than 30,none,5 years,31 to 35,No,No,External,none,no change,1 vehicle,1994,Collision
7,4,3,Mazda,Urban,3,8,4,Male,Married,57,Third Party,Sedan - All Perils,Sedan,20000 to 29000,0,2557,13,400,2,more than 30,more than 30,none,7 years,51 to 65,No,No,External,none,no change,1 vehicle,1994,All Perils
7,4,4,Chevrolet,Urban,5,5,1,Male,Single,34,Policy Holder,Sedan - Collision,Sedan,20000 to 29000,0,2558,6,400,1,more than 30,more than 30,more than 4,6 years,31 to 35,No,No,External,3 to 5,no change,1 vehicle,1994,Collision
5,1,3,Honda,Urban,5,5,1,Male,Married,35,Third Party,Sedan - Collision,Sedan,20000 to 29000,0,2559,15,400,2,more than 30,more than 30,none,6 years,31 to 35,No,No,External,1 to 2,no change,1 vehicle,1994,Collision
5,1,1,Toyota,Urban,2,11,1,Male,Divorced,65,Third Party,Sedan - Collision,Sedan,20000 to 29000,0,2560,7,400,1,more than 30,more than 30,2 to 4,more than 7,51 to 65,No,No,External,none,no change,1 vehicle,1994,Collision
11,4,1,Honda,Urban,1,11,4,Male,Married,36,Policy Holder,Sedan - Collision,Sedan,30000 to 39000,0,2561,11,400,4,more than 30,more than 30,more than 4,7 years,36 to 40,No,No,External,more than 5,no change,1 vehicle,1994,Collision
11,4,6,Pontiac,Urban,1,11,4,Male,Married,31,Policy Holder,Sedan - Liability,Sport,20000 to 29000,0,2562,5,400,4,more than 30,more than 30,2 to 4,5 years,31 to 35,No,No,External,3 to 5,no change,1 vehicle,1994,Liability
11,2,6,Mazda,Urban,1,9,3,Female,Married,44,Policy Holder,Sedan - All Perils,Sedan,less than 20000,0,2563,15,400,2,more than 30,more than 30,none,7 years,36 to 40,Yes,No,External,none,4 to 8 years,2 vehicles,1994,All Perils
9,2,3,Honda,Urban,4,8,2,Male,Married,47,Policy Holder,Sedan - All Perils,Sedan,20000 to 29000,0,2564,13,400,3,more than 30,more than 30,2 to 4,more than 7,41 to 50,No,No,External,none,no change,1 vehicle,1994,All Perils
8,3,4,Mercury,Urban,3,8,4,Male,Married,43,Policy Holder,Sedan - Liability,Sport,more than 69000,0,2565,9,400,1,more than 30,more than 30,2 to 4,more than 7,36 to 40,No,No,External,none,no change,1 vehicle,1994,Liability
8,2,3,Pontiac,Urban,4,7,3,Female,Single,44,Third Party,Sedan - Collision,Sedan,20000 to 29000,0,2566,14,400,2,more than 30,more than 30,2 to 4,6 years,36 to 40,No,No,External,none,no change,1 vehicle,1994,Collision
7,3,3,Mercury,Rural,2,7,4,Male,Married,55,Policy Holder,Utility - All Perils,Utility,30000 to 39000,0,2567,12,400,4,more than 30,more than 30,2 to 4,more than 7,41 to 50,No,No,External,none,no change,1 vehicle,1994,All Perils
7,2,7,Mazda,Urban,2,12,3,Female,Single,61,Policy Holder,Sedan - Liability,Sport,20000 to 29000,0,2568,1,400,4,more than 30,more than 30,more than 4,7 years,51 to 65,No,No,External,1 to 2,no change,1 vehicle,1994,Liability
12,1,3,Honda,Urban,3,11,4,Male,Single,47,Policy Holder,Sedan - Liability,Sport,20000 to 29000,0,2569,6,400,2,more than 30,more than 30,more than 4,7 years,41 to 50,No,No,External,none,no change,1 vehicle,1994,Liability
11,5,1,Toyota,Urban,2,11,5,Male,Single,20,Policy Holder,Sedan - Collision,Sedan,20000 to 29000,0,2570,2,400,1,more than 30,more than 30,1,2 years,21 to 25,No,No,External,3 to 5,no change,1 vehicle,1994,Collision
11,4,7,Mazda,Urban,1,11,5,Male,Married,39,Third Party,Sedan - Liability,Sport,30000 to 39000,0,2571,4,400,3,more than 30,more than 30,2 to 4,7 years,36 to 40,No,No,External,more than 5,no change,1 vehicle,1994,Liability
11,3,6,Mercury,Urban,1,11,3,Female,Married,32,Policy Holder,Sedan - Collision,Sedan,more than 69000,0,2572,3,400,4,more than 30,more than 30,1,7 years,31 to 35,No,No,External,1 to 2,no change,1 vehicle,1994,Collision
11,3,5,Pontiac,Urban,3,11,3,Male,Married,42,Third Party,Sedan - Collision,Sedan,less than 20000,0,2573,15,400,4,more than 30,more than 30,2 to 4,more than 7,36 to 40,No,No,External,more than 5,no change,1 vehicle,1994,Collision
9,3,7,Chevrolet,Urban,3,9,4,Male,Single,31,Policy Holder,Sedan - All Perils,Sedan,20000 to 29000,0,2574,8,400,3,more than 30,more than 30,2 to 4,5 years,31 to 35,No,No,External,more than 5,no change,1 vehicle,1994,All Perils
8,3,3,Pontiac,Urban,5,8,1,Male,Married,38,Third Party,Sport - All Perils,Sport,20000 to 29000,0,2575,5,400,4,more than 30,more than 30,2 to 4,7 years,36 to 40,No,No,External,more than 5,no change,1 vehicle,1994,All Perils
8,3,3,Chevrolet,Urban,3,11,3,Female,Single,29,Policy Holder,Sedan - Collision,Sedan,20000 to 29000,0,2576,1,400,4,more than 30,more than 30,1,4 years,31 to 35,No,No,External,none,no change,1 vehicle,1994,Collision
11,3,1,Honda,Urban,3,11,3,Male,Single,31,Policy Holder,Sedan - Liability,Sport,30000 to 39000,0,2577,11,400,3,more than 30,more than 30,2 to 4,7 years,31 to 35,No,No,External,more than 5,no change,1 vehicle,1994,Liability
11,3,2,Toyota,Urban,3,11,3,Male,Married,49,Policy Holder,Sedan - All Perils,Sedan,20000 to 29000,0,2578,1,400,3,more than 30,more than 30,1,more than 7,41 to 50,No,No,External,none,no change,1 vehicle,1994,All Perils
11,3,3,Mazda,Rural,3,5,4,Female,Married,41,Policy Holder,Sedan - Liability,Sport,20000 to 29000,0,2579,11,400,1,more than 30,more than 30,2 to 4,6 years,36 to 40,No,No,External,none,no change,1 vehicle,1994,Liability
4,3,6,Chevrolet,Urban,2,4,1,Male,Married,38,Third Party,Sedan - Collision,Sedan,20000 to 29000,0,2580,5,400,1,more than 30,more than 30,none,7 years,36 to 40,No,No,External,more than 5,no change,1 vehicle,1994,Collision
4,4,7,Honda,Urban,2,4,4,Male,Married,39,Third Party,Sedan - Collision,Sedan,20000 to 29000,0,2581,2,400,3,more than 30,more than 30,2 to 4,7 years,36 to 40,No,No,External,none,no change,1 vehicle,1994,Collision
4,4,2,Pontiac,Urban,4,5,4,Male,Married,35,Third Party,Sedan - Collision,Sedan,less than 20000,0,2582,1,400,2,more than 30,more than 30,1,6 years,31 to 35,No,No,External,none,no change,1 vehicle,1994,Collision
4,4,3,Toyota,Urban,5,5,1,Male,Married,40,Policy Holder,Sedan - All Perils,Sedan,20000 to 29000,0,2583,5,400,3,more than 30,more than 30,none,7 years,36 to 40,No,No,External,more than 5,no change,1 vehicle,1994,All Perils
5,1,1,Pontiac,Urban,5,5,1,Male,Single,35,Policy Holder,Sedan - Liability,Sport,20000 to 29000,0,2584,3,400,3,more than 30,more than 30,1,6 years,31 to 35,No,No,External,none,4 to 8 years,3 to 4,1994,Liability
5,1,1,Toyota,Urban,2,4,1,Male,Married,55,Third Party,Sedan - All Perils,Sedan,20000 to 29000,0,2585,13,400,1,more than 30,more than 30,2 to 4,more than 7,41 to 50,No,No,External,1 to 2,no change,1 vehicle,1994,All Perils
4,1,5,Ford,Urban,5,6,1,Male,Single,32,Policy Holder,Sedan - Collision,Sedan,20000 to 29000,1,2586,7,400,1,more than 30,more than 30,1,6 years,31 to 35,No,No,External,more than 5,no change,1 vehicle,1994,Collision
5,3,4,Mazda,Urban,4,6,1,Male,Married,39,Third Party,Sedan - Liability,Sport,20000 to 29000,0,2587,14,400,4,more than 30,more than 30,2 to 4,7 years,36 to 40,No,No,External,1 to 2,no change,1 vehicle,1994,Liability
6,1,1,Mazda,Urban,2,5,1,Female,Single,24,Policy Holder,Sedan - Liability,Sport,20000 to 29000,0,2588,7,400,3,more than 30,more than 30,2 to 4,5 years,26 to 30,No,No,External,none,no change,1 vehicle,1994,Liability
4,1,1,Toyota,Urban,5,4,2,Female,Married,50,Third Party,Sedan - Collision,Sedan,20000 to 29000,0,2589,2,400,2,more than 30,more than 30,2 to 4,more than 7,41 to 50,No,No,External,none,no change,1 vehicle,1994,Collision
4,1,5,Pontiac,Urban,1,6,4,Male,Married,33,Policy Holder,Sedan - All Perils,Sedan,less than 20000,1,2590,16,400,3,more than 30,more than 30,1,6 years,31 to 35,No,No,External,none,no change,1 vehicle,1994,All Perils
6,2,7,Toyota,Urban,3,8,2,Male,Single,31,Third Party,Sedan - All Perils,Sedan,20000 to 29000,0,2591,8,400,3,more than 30,more than 30,2 to 4,7 years,31 to 35,No,No,External,none,no change,1 vehicle,1994,All Perils
6,3,5,Pontiac,Urban,5,7,4,Female,Married,35,Policy Holder,Sedan - Collision,Sedan,less than 20000,0,2592,9,400,1,more than 30,more than 30,2 to 4,7 years,31 to 35,No,No,External,more than 5,no change,1 vehicle,1994,Collision
6,4,2,Honda,Urban,1,7,1,Female,Married,54,Policy Holder,Sedan - Collision,Sedan,less than 20000,0,2593,16,400,3,more than 30,more than 30,none,more than 7,41 to 50,No,No,External,1 to 2,no change,1 vehicle,1994,Collision
7,1,7,Pontiac,Urban,3,7,2,Male,Married,47,Policy Holder,Sedan - All Perils,Sedan,less than 20000,0,2594,3,400,1,more than 30,more than 30,none,more than 7,41 to 50,No,No,External,none,no change,1 vehicle,1994,All Perils
7,2,5,Toyota,Urban,1,7,2,Male,Single,33,Third Party,Sedan - All Perils,Sedan,20000 to 29000,0,2595,13,400,2,more than 30,more than 30,1,4 years,31 to 35,No,No,External,none,no change,1 vehicle,1994,All Perils
7,2,6,Pontiac,Urban,4,8,2,Male,Married,46,Policy Holder,Sedan - Collision,Sedan,20000 to 29000,0,2596,13,400,4,more than 30,more than 30,more than 4,more than 7,41 to 50,No,No,External,more than 5,no change,1 vehicle,1994,Collision
7,5,2,Honda,Urban,4,8,1,Male,Married,63,Policy Holder,Sport - Collision,Sport,more than 69000,0,2597,8,400,1,more than 30,more than 30,none,more than 7,51 to 65,No,No,External,none,no change,1 vehicle,1994,Collision
8,2,1,Toyota,Urban,2,8,3,Female,Married,53,Policy Holder,Sedan - Collision,Sedan,20000 to 29000,0,2598,5,400,1,more than 30,more than 30,1,7 years,41 to 50,No,No,External,none,no change,1 vehicle,1994,Collision
8,3,2,Pontiac,Rural,3,8,3,Male,Married,59,Policy Holder,Sedan - Liability,Sport,20000 to 29000,0,2599,10,400,4,more than 30,more than 30,2 to 4,more than 7,51 to 65,No,No,External,none,no change,1 vehicle,1994,Liability
8,4,3,Saab,Urban,5,9,4,Male,Married,38,Policy Holder,Sedan - Collision,Sedan,30000 to 39000,0,2600,14,400,4,more than 30,more than 30,none,7 years,36 to 40,No,No,External,none,no change,1 vehicle,1994,Collision
8,4,2,VW,Urban,2,11,1,Male,Married,28,Policy Holder,Sedan - All Perils,Sedan,30000 to 39000,0,2601,8,400,3,more than 30,more than 30,2 to 4,7 years,31 to 35,No,No,External,more than 5,no change,1 vehicle,1994,All Perils
9,3,2,Pontiac,Urban,3,9,1,Female,Married,67,Policy Holder,Sedan - Liability,Sport,20000 to 29000,0,2602,1,500,4,more than 30,more than 30,none,more than 7,over 65,No,No,External,none,2 to 3 years,1 vehicle,1994,Liability
9,4,1,Pontiac,Urban,1,10,5,Male,Single,35,Policy Holder,Sedan - Liability,Sport,20000 to 29000,0,2603,3,400,2,more than 30,more than 30,none,6 years,31 to 35,No,No,External,more than 5,no change,1 vehicle,1994,Liability
10,1,7,Mazda,Urban,4,11,1,Male,Single,25,Policy Holder,Sedan - Liability,Sport,20000 to 29000,0,2604,5,400,1,more than 30,more than 30,none,5 years,26 to 30,No,No,External,3 to 5,no change,1 vehicle,1994,Liability
10,3,5,Toyota,Urban,3,11,1,Male,Married,52,Third Party,Sedan - Collision,Sedan,20000 to 29000,0,2605,8,700,1,more than 30,more than 30,none,more than 7,41 to 50,No,No,External,none,4 to 8 years,2 vehicles,1994,Collision
10,4,3,Pontiac,Urban,4,11,1,Male,Single,44,Policy Holder,Sedan - Liability,Sport,20000 to 29000,0,2606,1,400,2,more than 30,more than 30,2 to 4,7 years,36 to 40,No,No,External,1 to 2,no change,1 vehicle,1994,Liability
11,1,3,Mazda,Urban,1,11,1,Male,Married,47,Policy Holder,Utility - All Perils,Utility,more than 69000,0,2607,2,400,4,more than 30,more than 30,none,more than 7,41 to 50,No,No,External,none,no change,1 vehicle,1994,All Perils
11,2,2,Chevrolet,Urban,5,11,3,Female,Married,37,Policy Holder,Sedan - Liability,Sport,30000 to 39000,0,2608,12,400,1,more than 30,more than 30,none,7 years,36 to 40,No,No,Internal,none,no change,1 vehicle,1994,Liability
11,2,2,Toyota,Urban,5,12,3,Male,Married,42,Policy Holder,Sedan - Liability,Sport,30000 to 39000,0,2609,9,400,2,more than 30,more than 30,2 to 4,more than 7,36 to 40,No,No,External,more than 5,no change,1 vehicle,1994,Liability
12,2,7,Toyota,Urban,2,12,3,Male,Married,43,Third Party,Sedan - Liability,Sport,20000 to 29000,0,2610,5,400,4,more than 30,more than 30,more than 4,7 years,36 to 40,No,No,External,3 to 5,no change,1 vehicle,1994,Liability
12,4,4,Chevrolet,Urban,4,3,4,Female,Married,38,Third Party,Sedan - Collision,Sedan,20000 to 29000,0,2611,3,400,2,more than 30,more than 30,2 to 4,6 years,36 to 40,No,No,External,none,no change,1 vehicle,1994,Collision
3,4,6,Mazda,Urban,3,4,4,Male,Married,54,Policy Holder,Sedan - Liability,Sport,20000 to 29000,0,2612,4,400,3,more than 30,more than 30,2 to 4,7 years,41 to 50,No,No,External,none,no change,1 vehicle,1994,Liability
4,1,1,Chevrolet,Urban,1,4,3,Male,Married,45,Policy Holder,Sedan - Collision,Sedan,20000 to 29000,0,2613,8,400,2,more than 30,more than 30,none,7 years,36 to 40,No,No,External,more than 5,no change,1 vehicle,1994,Collision
4,1,4,Honda,Urban,5,4,1,Male,Single,44,Policy Holder,Sedan - Liability,Sport,more than 69000,0,2614,8,400,2,more than 30,more than 30,more than 4,more than 7,36 to 40,No,No,External,more than 5,no change,1 vehicle,1994,Liability
4,3,4,VW,Rural,4,5,4,Male,Married,47,Policy Holder,Sedan - Liability,Sport,more than 69000,0,2615,6,400,2,more than 30,more than 30,2 to 4,7 years,41 to 50,No,No,External,none,no change,1 vehicle,1994,Liability
4,4,2,Mazda,Urban,4,5,1,Male,Married,51,Policy Holder,Sedan - Liability,Sport,20000 to 29000,0,2616,2,400,4,more than 30,more than 30,none,more than 7,41 to 50,No,No,Internal,3 to 5,no change,1 vehicle,1994,Liability
5,2,2,Toyota,Urban,1,4,2,Male,Single,35,Policy Holder,Sedan - Liability,Sport,20000 to 29000,0,2617,12,400,2,more than 30,more than 30,2 to 4,6 years,31 to 35,No,No,External,1 to 2,no change,1 vehicle,1994,Liability
4,1,1,Toyota,Urban,1,5,3,Male,Married,36,Third Party,Sedan - All Perils,Sedan,20000 to 29000,0,2618,14,400,1,more than 30,more than 30,none,5 years,36 to 40,No,No,External,1 to 2,no change,1 vehicle,1994,All Perils
5,4,4,Honda,Urban,4,6,4,Male,Married,56,Policy Holder,Sedan - Liability,Sport,20000 to 29000,0,2619,2,400,3,more than 30,more than 30,2 to 4,7 years,51 to 65,No,No,External,none,no change,1 vehicle,1994,Liability
5,4,1,Honda,Urban,5,6,2,Male,Married,49,Third Party,Sport - Collision,Sport,more than 69000,0,2620,15,400,3,more than 30,more than 30,none,more than 7,41 to 50,No,No,External,3 to 5,no change,1 vehicle,1994,Collision
6,2,6,Honda,Urban,4,7,3,Female,Single,35,Third Party,Sport - Collision,Sport,more than 69000,0,2621,5,400,3,more than 30,more than 30,none,6 years,31 to 35,No,No,External,none,no change,1 vehicle,1994,Collision
7,3,1,Honda,Urban,3,7,4,Male,Married,51,Policy Holder,Sedan - Liability,Sport,20000 to 29000,0,2622,5,400,3,more than 30,more than 30,1,7 years,41 to 50,No,No,External,none,no change,1 vehicle,1994,Liability
7,3,6,BMW,Urban,3,7,3,Male,Married,55,Third Party,Sedan - All Perils,Sedan,20000 to 29000,0,2623,5,400,1,more than 30,more than 30,none,7 years,41 to 50,No,No,External,none,no change,1 vehicle,1994,All Perils
7,4,2,Mazda,Urban,5,7,4,Male,Single,26,Policy Holder,Sedan - Collision,Sedan,20000 to 29000,0,2624,2,400,1,more than 30,more than 30,2 to 4,6 years,31 to 35,No,No,External,none,no change,1 vehicle,1994,Collision
7,4,5,Pontiac,Urban,3,8,5,Female,Married,39,Policy Holder,Sedan - Liability,Sport,20000 to 29000,0,2625,16,400,3,more than 30,more than 30,1,5 years,36 to 40,No,No,External,none,no change,3 to 4,1994,Liability
7,5,4,Accura,Urban,4,8,2,Male,Married,47,Third Party,Sedan - Collision,Sedan,30000 to 39000,0,2626,3,400,4,more than 30,more than 30,2 to 4,more than 7,41 to 50,No,No,External,more than 5,4 to 8 years,2 vehicles,1994,Collision
8,1,2,Toyota,Urban,5,4,1,Male,Single,26,Policy Holder,Sedan - Liability,Sport,30000 to 39000,0,2627,13,400,4,more than 30,more than 30,more than 4,5 years,31 to 35,No,No,External,more than 5,no change,1 vehicle,1994,Liability
4,1,6,Toyota,Urban,1,8,2,Male,Married,54,Policy Holder,Sedan - All Perils,Sedan,30000 to 39000,1,2628,12,400,4,more than 30,more than 30,1,more than 7,41 to 50,No,No,External,none,no change,1 vehicle,1994,All Perils
8,1,6,Pontiac,Urban,1,11,2,Male,Married,75,Third Party,Sedan - All Perils,Sedan,20000 to 29000,0,2629,11,400,1,more than 30,more than 30,1,more than 7,over 65,Yes,No,External,1 to 2,no change,1 vehicle,1994,All Perils
11,3,1,Pontiac,Urban,3,11,3,Male,Married,64,Third Party,Sedan - Liability,Sport,20000 to 29000,0,2630,7,400,4,more than 30,more than 30,2 to 4,more than 7,51 to 65,No,No,External,none,no change,1 vehicle,1994,Liability
11,3,2,Honda,Urban,2,4,4,Male,Single,30,Policy Holder,Sedan - Liability,Sport,30000 to 39000,0,2631,5,400,3,more than 30,more than 30,2 to 4,5 years,31 to 35,No,No,External,none,no change,1 vehicle,1994,Liability
4,1,4,Pontiac,Urban,3,9,1,Male,Married,63,Third Party,Sedan - All Perils,Sedan,20000 to 29000,0,2632,11,400,2,more than 30,more than 30,none,more than 7,51 to 65,No,No,External,none,no change,1 vehicle,1994,All Perils
9,4,1,Pontiac,Urban,4,8,4,Male,Married,46,Policy Holder,Sedan - Collision,Sedan,20000 to 29000,0,2633,16,400,1,more than 30,more than 30,none,more than 7,41 to 50,No,No,External,none,no change,1 vehicle,1994,Collision
8,4,4,Honda,Urban,5,8,5,Male,Single,21,Policy Holder,Sedan - Collision,Sedan,30000 to 39000,0,2634,16,400,2,more than 30,more than 30,none,5 years,26 to 30,No,No,External,none,no change,1 vehicle,1994,Collision
8,1,6,Toyota,Urban,2,9,1,Male,Married,63,Policy Holder,Sedan - All Perils,Sedan,20000 to 29000,0,2635,15,400,2,more than 30,more than 30,none,6 years,51 to 65,No,No,External,none,no change,1 vehicle,1994,All Perils
8,1,2,Toyota,Urban,3,4,1,Male,Married,44,Policy Holder,Sedan - Collision,Sedan,20000 to 29000,0,2636,8,700,4,more than 30,more than 30,1,7 years,36 to 40,No,No,External,more than 5,no change,1 vehicle,1994,Collision
4,1,7,Toyota,Urban,2,8,1,Male,Married,29,Third Party,Sedan - All Perils,Sedan,20000 to 29000,0,2637,6,400,1,more than 30,more than 30,2 to 4,6 years,31 to 35,No,No,External,more than 5,no change,1 vehicle,1994,All Perils
7,5,1,Honda,Urban,1,8,5,Male,Married,60,Policy Holder,Sedan - Collision,Sedan,20000 to 29000,0,2638,12,400,2,more than 30,more than 30,1,more than 7,51 to 65,No,No,External,none,no change,1 vehicle,1994,Collision
7,5,3,Pontiac,Urban,4,9,3,Male,Married,72,Third Party,Sedan - All Perils,Sedan,20000 to 29000,0,2639,12,400,3,more than 30,more than 30,1,7 years,over 65,No,No,External,more than 5,no change,1 vehicle,1994,All Perils
7,4,7,Toyota,Rural,1,8,2,Male,Married,41,Policy Holder,Sedan - Collision,Sedan,30000 to 39000,0,2640,9,400,3,more than 30,more than 30,none,7 years,36 to 40,No,No,External,none,1 year,1 vehicle,1994,Collision
7,2,3,Pontiac,Urban,2,4,2,Male,Married,62,Policy Holder,Sedan - Liability,Sport,20000 to 29000,0,2641,3,400,1,more than 30,more than 30,2 to 4,more than 7,51 to 65,No,No,External,more than 5,no change,1 vehicle,1994,Liability
4,1,3,Honda,Urban,4,6,2,Male,Single,0,Policy Holder,Sedan - All Perils,Sedan,more than 69000,1,2642,2,400,3,more than 30,more than 30,none,new,16 to 17,No,No,External,none,no change,1 vehicle,1994,All Perils
6,2,5,Pontiac,Rural,4,6,2,Male,Married,42,Policy Holder,Sedan - Liability,Sport,30000 to 39000,0,2643,3,400,4,more than 30,more than 30,2 to 4,more than 7,36 to 40,No,No,External,more than 5,no change,1 vehicle,1994,Liability
5,4,6,Pontiac,Urban,1,5,1,Male,Married,56,Policy Holder,Sedan - All Perils,Sedan,30000 to 39000,0,2644,12,400,3,more than 30,more than 30,2 to 4,more than 7,51 to 65,No,No,External,none,no change,1 vehicle,1994,All Perils
5,4,3,Mazda,Urban,5,6,5,Male,Single,44,Third Party,Sedan - Collision,Sedan,30000 to 39000,0,2645,9,400,3,more than 30,more than 30,1,7 years,36 to 40,No,No,External,none,no change,1 vehicle,1994,Collision
4,1,1,Pontiac,Urban,4,5,1,Male,Single,32,Policy Holder,Sedan - All Perils,Sedan,20000 to 29000,1,2646,4,400,2,more than 30,more than 30,2 to 4,5 years,31 to 35,No,No,External,1 to 2,no change,1 vehicle,1994,All Perils
5,1,5,Pontiac,Urban,1,6,1,Female,Married,62,Policy Holder,Sedan - Collision,Sedan,20000 to 29000,0,2647,2,400,4,more than 30,more than 30,more than 4,more than 7,51 to 65,No,No,External,none,4 to 8 years,2 vehicles,1994,Collision
4,4,1,Mazda,Urban,1,4,4,Male,Married,38,Policy Holder,Sedan - Collision,Sedan,30000 to 39000,0,2648,15,400,4,more than 30,more than 30,1,7 years,36 to 40,No,No,External,none,no change,1 vehicle,1994,Collision
4,1,2,Mazda,Urban,2,4,1,Female,Single,45,Third Party,Sedan - Collision,Sedan,20000 to 29000,0,2649,3,400,4,more than 30,more than 30,none,7 years,36 to 40,No,No,External,none,no change,1 vehicle,1994,Collision
4,1,7,Toyota,Urban,2,4,1,Male,Married,56,Policy Holder,Sedan - Liability,Sport,30000 to 39000,0,2650,8,400,2,more than 30,more than 30,2 to 4,more than 7,51 to 65,No,No,External,none,no change,1 vehicle,1994,Liability
4,1,5,Pontiac,Urban,5,3,1,Male,Married,62,Policy Holder,Sedan - Collision,Sedan,less than 20000,0,2651,2,400,2,more than 30,more than 30,2 to 4,more than 7,51 to 65,No,No,External,more than 5,no change,1 vehicle,1994,Collision
3,4,4,Pontiac,Urban,5,3,5,Male,Married,33,Policy Holder,Sedan - Liability,Sport,30000 to 39000,0,2652,11,400,1,more than 30,more than 30,more than 4,7 years,31 to 35,Yes,No,External,3 to 5,no change,1 vehicle,1994,Liability
3,4,5,Toyota,Urban,2,12,4,Female,Single,27,Third Party,Sedan - Liability,Sport,more than 69000,0,2653,11,500,2,more than 30,more than 30,more than 4,7 years,31 to 35,No,No,External,3 to 5,2 to 3 years,1 vehicle,1994,Liability
12,4,4,Honda,Rural,3,1,4,Male,Single,37,Policy Holder,Sedan - Liability,Sport,20000 to 29000,0,2654,5,400,1,more than 30,more than 30,more than 4,7 years,36 to 40,No,No,External,none,no change,1 vehicle,1994,Liability
12,4,2,Accura,Urban,6,12,1,Male,Married,31,Policy Holder,Sedan - Liability,Sport,20000 to 29000,0,2655,8,400,1,more than 30,more than 30,1,7 years,31 to 35,No,No,External,none,no change,1 vehicle,1994,Liability
12,2,6,Pontiac,Urban,1,11,3,Female,Single,35,Policy Holder,Sedan - All Perils,Sedan,less than 20000,0,2656,14,400,3,more than 30,more than 30,none,5 years,31 to 35,No,No,External,none,no change,1 vehicle,1994,All Perils
11,3,2,Honda,Urban,4,12,4,Male,Married,36,Third Party,Sedan - Liability,Sport,30000 to 39000,0,2657,11,400,2,more than 30,more than 30,more than 4,7 years,36 to 40,No,No,External,none,no change,1 vehicle,1994,Liability
11,3,1,Toyota,Urban,5,11,1,Male,Married,39,Policy Holder,Sedan - Liability,Sport,20000 to 29000,0,2658,2,400,1,more than 30,more than 30,more than 4,7 years,36 to 40,No,No,External,more than 5,no change,1 vehicle,1994,Liability
11,3,1,VW,Urban,2,11,3,Male,Married,27,Policy Holder,Sedan - All Perils,Sedan,20000 to 29000,0,2659,13,400,1,more than 30,more than 30,none,7 years,31 to 35,No,No,External,none,no change,1 vehicle,1994,All Perils
11,2,4,Honda,Urban,5,11,2,Male,Married,63,Third Party,Sedan - Collision,Sedan,20000 to 29000,0,2660,5,400,4,more than 30,more than 30,2 to 4,more than 7,51 to 65,No,No,External,3 to 5,no change,1 vehicle,1994,Collision
11,1,2,Pontiac,Urban,2,11,1,Male,Married,62,Third Party,Sedan - All Perils,Sedan,less than 20000,0,2661,7,400,2,more than 30,more than 30,none,7 years,51 to 65,No,No,External,3 to 5,no change,1 vehicle,1994,All Perils
11,1,1,Toyota,Urban,2,10,2,Male,Married,57,Third Party,Sedan - Collision,Sedan,more than 69000,0,2662,10,400,4,more than 30,more than 30,1,7 years,51 to 65,No,No,External,none,no change,1 vehicle,1994,Collision
10,4,1,Pontiac,Urban,2,10,4,Male,Single,21,Policy Holder,Sedan - All Perils,Sedan,20000 to 29000,0,2663,6,400,1,more than 30,more than 30,none,5 years,26 to 30,No,No,External,none,no change,1 vehicle,1994,All Perils
10,3,6,Toyota,Urban,1,10,3,Male,Married,64,Policy Holder,Sedan - Liability,Sport,more than 69000,0,2664,12,400,1,more than 30,more than 30,1,6 years,51 to 65,No,No,External,none,no change,1 vehicle,1994,Liability
10,3,2,Pontiac,Urban,3,11,3,Male,Married,39,Policy Holder,Sedan - Collision,Sedan,30000 to 39000,0,2665,16,400,1,more than 30,more than 30,2 to 4,6 years,36 to 40,No,No,External,3 to 5,no change,1 vehicle,1994,Collision
10,1,7,Honda,Urban,1,10,3,Male,Single,27,Third Party,Sedan - All Perils,Sedan,20000 to 29000,0,2666,14,400,4,more than 30,more than 30,2 to 4,6 years,31 to 35,No,No,External,none,no change,3 to 4,1994,All Perils
10,1,3,Mazda,Rural,4,9,4,Male,Married,41,Policy Holder,Sedan - Collision,Sedan,20000 to 29000,0,2667,3,400,4,more than 30,more than 30,none,6 years,36 to 40,No,No,External,1 to 2,no change,1 vehicle,1994,Collision
9,5,7,Pontiac,Urban,3,11,5,Male,Married,59,Third Party,Sedan - Collision,Sedan,more than 69000,0,2668,1,400,2,more than 30,more than 30,1,more than 7,51 to 65,No,No,External,more than 5,4 to 8 years,2 vehicles,1994,Collision
9,4,4,Pontiac,Urban,1,4,2,Male,Single,34,Policy Holder,Sedan - Collision,Sedan,20000 to 29000,0,2669,15,400,1,more than 30,more than 30,1,7 years,31 to 35,No,No,External,3 to 5,no change,1 vehicle,1994,Collision
9,4,6,Honda,Urban,2,10,1,Male,Married,51,Policy Holder,Sedan - All Perils,Sedan,more than 69000,0,2670,12,400,4,more than 30,more than 30,more than 4,6 years,41 to 50,No,No,External,1 to 2,no change,1 vehicle,1994,All Perils
9,3,1,Toyota,Urban,2,9,2,Male,Single,32,Policy Holder,Sedan - All Perils,Sedan,20000 to 29000,0,2671,15,400,3,more than 30,more than 30,2 to 4,6 years,31 to 35,No,No,External,none,no change,1 vehicle,1994,All Perils
9,3,4,Toyota,Urban,5,9,3,Male,Married,40,Third Party,Sedan - Liability,Sport,20000 to 29000,0,2672,7,400,3,more than 30,more than 30,none,7 years,36 to 40,No,No,External,none,no change,1 vehicle,1994,Liability
9,2,3,Pontiac,Urban,4,8,2,Male,Married,50,Policy Holder,Sedan - Collision,Sedan,20000 to 29000,0,2673,1,400,4,more than 30,more than 30,none,7 years,41 to 50,No,No,External,more than 5,no change,1 vehicle,1994,Collision
8,4,1,Mazda,Urban,4,9,4,Male,Single,30,Policy Holder,Sedan - Collision,Sedan,20000 to 29000,0,2674,9,400,1,more than 30,more than 30,none,6 years,31 to 35,No,No,External,none,no change,1 vehicle,1994,Collision
8,3,1,Toyota,Urban,1,8,4,Female,Married,26,Policy Holder,Sedan - Liability,Sport,20000 to 29000,0,2675,5,400,1,more than 30,more than 30,none,6 years,31 to 35,No,No,External,more than 5,no change,1 vehicle,1994,Liability
8,2,4,Pontiac,Urban,5,8,2,Male,Single,25,Policy Holder,Sedan - Liability,Sport,20000 to 29000,0,2676,16,400,4,more than 30,more than 30,more than 4,4 years,26 to 30,No,No,External,none,no change,1 vehicle,1994,Liability
8,1,5,Pontiac,Urban,4,4,1,Male,Married,21,Policy Holder,Sedan - All Perils,Sedan,20000 to 29000,0,2677,9,400,2,8 to 15,15 to 30,none,5 years,26 to 30,No,No,External,none,no change,1 vehicle,1994,All Perils
4,2,6,Ford,Rural,1,8,3,Male,Married,32,Policy Holder,Sedan - All Perils,Sedan,20000 to 29000,1,2678,4,400,2,more than 30,more than 30,none,6 years,31 to 35,No,No,External,none,no change,1 vehicle,1994,All Perils
7,4,6,Pontiac,Urban,4,9,1,Male,Married,54,Policy Holder,Sedan - All Perils,Sedan,30000 to 39000,0,2679,8,400,3,more than 30,more than 30,1,more than 7,41 to 50,No,No,External,none,no change,1 vehicle,1994,All Perils
7,3,4,Pontiac,Rural,4,8,1,Female,Divorced,30,Policy Holder,Sedan - Collision,Sedan,20000 to 29000,0,2680,14,400,3,more than 30,more than 30,none,6 years,31 to 35,No,No,External,more than 5,no change,1 vehicle,1994,Collision
7,3,1,Saab,Urban,2,7,2,Male,Married,40,Policy Holder,Sedan - Collision,Sedan,30000 to 39000,0,2681,9,400,3,more than 30,more than 30,1,7 years,36 to 40,No,No,External,none,no change,1 vehicle,1994,Collision
7,2,1,Toyota,Rural,2,7,2,Male,Married,42,Policy Holder,Sedan - All Perils,Sedan,less than 20000,0,2682,15,400,4,more than 30,more than 30,2 to 4,6 years,36 to 40,No,No,External,more than 5,no change,1 vehicle,1994,All Perils
7,1,3,Mazda,Rural,3,7,1,Male,Single,25,Third Party,Sedan - All Perils,Sedan,20000 to 29000,0,2683,3,400,1,more than 30,more than 30,none,4 years,26 to 30,No,No,External,more than 5,no change,1 vehicle,1994,All Perils
7,1,6,Pontiac,Urban,3,4,2,Male,Married,54,Policy Holder,Sedan - All Perils,Sedan,20000 to 29000,0,2684,13,400,3,more than 30,more than 30,1,6 years,41 to 50,No,No,External,none,no change,1 vehicle,1994,All Perils
4,2,7,Mazda,Urban,4,7,2,Male,Single,28,Third Party,Sport - Collision,Sport,more than 69000,0,2685,6,400,2,more than 30,more than 30,1,6 years,31 to 35,No,No,External,more than 5,no change,1 vehicle,1994,Collision
6,4,7,Pontiac,Rural,1,6,2,Male,Married,40,Policy Holder,Sedan - All Perils,Sedan,20000 to 29000,0,2686,3,400,1,more than 30,more than 30,1,7 years,36 to 40,No,No,External,none,no change,1 vehicle,1994,All Perils
6,3,5,Pontiac,Urban,1,6,3,Male,Single,21,Policy Holder,Sedan - Collision,Sedan,30000 to 39000,0,2687,9,400,2,more than 30,more than 30,more than 4,5 years,26 to 30,No,No,External,1 to 2,no change,1 vehicle,1994,Collision
6,3,7,Pontiac,Urban,1,6,3,Male,Married,34,Policy Holder,Sedan - All Perils,Sedan,less than 20000,0,2688,11,400,4,more than 30,more than 30,more than 4,7 years,31 to 35,No,No,External,none,no change,1 vehicle,1994,All Perils
6,2,6,Toyota,Urban,1,6,3,Male,Married,39,Policy Holder,Sedan - Liability,Sport,30000 to 39000,0,2689,7,400,2,more than 30,more than 30,2 to 4,7 years,36 to 40,No,No,External,none,4 to 8 years,2 vehicles,1994,Liability
6,2,6,Honda,Rural,2,4,2,Male,Married,41,Third Party,Sedan - Collision,Sedan,20000 to 29000,0,2690,14,400,4,more than 30,more than 30,none,more than 7,36 to 40,No,No,External,more than 5,no change,1 vehicle,1994,Collision
4,2,3,Honda,Urban,2,6,2,Male,Married,47,Third Party,Sedan - All Perils,Sedan,20000 to 29000,0,2691,12,400,3,more than 30,more than 30,1,more than 7,41 to 50,No,No,External,more than 5,no change,1 vehicle,1994,All Perils
6,2,3,Toyota,Urban,4,6,3,Male,Married,54,Third Party,Sedan - Collision,Sedan,20000 to 29000,0,2692,6,400,1,more than 30,more than 30,none,7 years,41 to 50,No,No,External,none,no change,1 vehicle,1994,Collision
6,1,1,Accura,Rural,3,5,1,Male,Married,65,Policy Holder,Utility - All Perils,Utility,more than 69000,0,2693,16,400,1,more than 30,more than 30,none,more than 7,51 to 65,No,No,External,none,no change,1 vehicle,1994,All Perils
5,4,1,Pontiac,Urban,1,6,4,Male,Married,39,Policy Holder,Sedan - Liability,Sport,30000 to 39000,0,2694,7,400,4,more than 30,more than 30,2 to 4,7 years,36 to 40,No,No,External,none,no change,1 vehicle,1994,Liability
5,4,2,Pontiac,Rural,5,6,3,Male,Single,36,Third Party,Sedan - Liability,Sport,20000 to 29000,0,2695,8,400,1,more than 30,more than 30,1,7 years,36 to 40,No,No,External,more than 5,no change,1 vehicle,1994,Liability
5,3,2,Honda,Urban,2,5,2,Male,Single,0,Policy Holder,Sedan - Liability,Sport,more than 69000,0,2696,10,400,1,more than 30,more than 30,1,new,16 to 17,No,No,External,none,no change,1 vehicle,1994,Liability
5,2,2,Pontiac,Urban,2,5,2,Male,Married,28,Policy Holder,Sedan - Liability,Sport,20000 to 29000,0,2697,1,400,1,more than 30,more than 30,more than 4,6 years,31 to 35,No,No,External,1 to 2,no change,1 vehicle,1994,Liability
5,1,5,Toyota,Urban,1,5,1,Female,Married,52,Policy Holder,Sedan - Liability,Sport,20000 to 29000,0,2698,8,700,3,more than 30,more than 30,2 to 4,7 years,41 to 50,No,No,External,1 to 2,no change,1 vehicle,1994,Liability
4,5,4,Mazda,Urban,1,5,1,Male,Married,70,Third Party,Sport - Collision,Sport,more than 69000,0,2699,11,400,2,more than 30,more than 30,none,more than 7,over 65,No,No,External,none,no change,1 vehicle,1994,Collision
4,5,2,Toyota,Urban,4,4,1,Male,Married,27,Policy Holder,Sedan - All Perils,Sedan,20000 to 29000,0,2700,6,400,2,more than 30,more than 30,2 to 4,7 years,31 to 35,No,No,External,1 to 2,no change,1 vehicle,1994,All Perils
4,3,3,Chevrolet,Urban,2,8,4,Male,Married,36,Third Party,Sedan - Liability,Sport,30000 to 39000,0,2701,13,400,2,more than 30,more than 30,1,7 years,36 to 40,No,No,Internal,more than 5,no change,1 vehicle,1994,Liability
4,3,5,Honda,Rural,2,2,1,Female,Married,36,Policy Holder,Sedan - Collision,Sedan,less than 20000,0,2702,10,400,1,more than 30,more than 30,2 to 4,6 years,36 to 40,No,No,External,more than 5,no change,1 vehicle,1994,Collision
12,3,5,Toyota,Urban,5,9,2,Female,Single,29,Policy Holder,Sedan - All Perils,Sedan,20000 to 29000,0,2703,2,400,2,more than 30,more than 30,2 to 4,5 years,31 to 35,No,No,External,none,no change,1 vehicle,1994,All Perils
9,3,4,Toyota,Urban,4,9,3,Male,Single,28,Policy Holder,Sedan - Liability,Sport,20000 to 29000,0,2704,16,400,4,more than 30,more than 30,2 to 4,5 years,31 to 35,No,No,External,more than 5,2 to 3 years,1 vehicle,1994,Liability
9,2,1,VW,Urban,5,12,3,Female,Single,28,Policy Holder,Sedan - Collision,Sedan,more than 69000,0,2705,7,400,2,more than 30,more than 30,1,6 years,31 to 35,No,No,External,more than 5,no change,1 vehicle,1994,Collision
11,4,2,Honda,Urban,3,11,1,Male,Married,26,Third Party,Sport - Collision,Sport,more than 69000,0,2706,15,400,2,15 to 30,more than 30,1,7 years,31 to 35,No,No,External,none,no change,1 vehicle,1994,Collision
11,5,7,Chevrolet,Urban,1,4,5,Male,Married,52,Policy Holder,Sedan - Liability,Sport,20000 to 29000,0,2707,8,400,3,more than 30,more than 30,more than 4,7 years,41 to 50,No,No,External,3 to 5,no change,3 to 4,1994,Liability
4,2,7,Pontiac,Urban,1,8,2,Male,Married,45,Policy Holder,Sedan - Collision,Sedan,20000 to 29000,1,2708,10,400,2,more than 30,more than 30,none,7 years,36 to 40,No,No,External,none,no change,1 vehicle,1994,Collision
8,1,2,Pontiac,Urban,1,9,2,Female,Single,57,Policy Holder,Sedan - Collision,Sedan,20000 to 29000,0,2709,4,400,4,more than 30,more than 30,none,6 years,51 to 65,No,No,External,3 to 5,no change,1 vehicle,1994,Collision
9,3,7,Honda,Urban,4,9,4,Male,Married,33,Policy Holder,Sedan - All Perils,Sedan,30000 to 39000,0,2710,2,400,2,more than 30,more than 30,2 to 4,6 years,31 to 35,No,No,External,none,4 to 8 years,2 vehicles,1994,All Perils
9,1,2,Chevrolet,Rural,4,10,2,Female,Single,27,Third Party,Sedan - All Perils,Sedan,20000 to 29000,0,2711,12,400,2,more than 30,more than 30,1,6 years,31 to 35,No,No,External,1 to 2,no change,1 vehicle,1994,All Perils
10,1,1,Pontiac,Urban,1,10,1,Male,Married,33,Third Party,Sedan - Collision,Sedan,20000 to 29000,0,2712,8,400,4,more than 30,more than 30,none,5 years,31 to 35,No,No,External,none,no change,1 vehicle,1994,Collision
10,1,3,Mazda,Urban,4,12,3,Male,Married,62,Policy Holder,Sedan - Collision,Sedan,less than 20000,0,2713,3,400,4,more than 30,more than 30,1,7 years,51 to 65,No,No,External,more than 5,no change,1 vehicle,1994,Collision
12,1,7,Chevrolet,Urban,3,4,2,Male,Married,48,Third Party,Sedan - Liability,Sport,20000 to 29000,0,2714,2,400,2,more than 30,more than 30,1,7 years,41 to 50,No,No,External,more than 5,no change,1 vehicle,1994,Liability
12,3,2,VW,Urban,2,1,1,Male,Married,50,Policy Holder,Sedan - Collision,Sedan,more than 69000,0,2715,1,400,1,more than 30,more than 30,none,more than 7,41 to 50,No,No,External,none,no change,1 vehicle,1994,Collision
1,2,2,Toyota,Urban,2,10,3,Female,Married,39,Third Party,Sedan - Liability,Sport,20000 to 29000,0,2716,3,400,4,more than 30,more than 30,2 to 4,7 years,36 to 40,No,No,External,more than 5,no change,1 vehicle,1994,Liability
10,3,7,Pontiac,Urban,4,2,3,Male,Married,44,Policy Holder,Sedan - Collision,Sedan,30000 to 39000,0,2717,6,400,4,more than 30,more than 30,none,6 years,36 to 40,No,No,External,more than 5,no change,1 vehicle,1994,Collision
1,5,3,Toyota,Urban,5,3,4,Male,Married,36,Policy Holder,Sedan - Collision,Sedan,30000 to 39000,0,2718,4,400,3,more than 30,more than 30,1,more than 7,36 to 40,No,No,External,3 to 5,no change,1 vehicle,1994,Collision
2,4,4,Honda,Urban,1,1,3,Male,Single,0,Policy Holder,Sedan - Liability,Sport,more than 69000,0,2719,4,400,3,more than 30,more than 30,none,new,16 to 17,No,No,External,none,no change,1 vehicle,1994,Liability
1,3,3,Toyota,Urban,2,2,4,Female,Single,35,Policy Holder,Sedan - Liability,Sport,30000 to 39000,0,2720,13,400,1,more than 30,more than 30,2 to 4,6 years,31 to 35,No,No,External,none,no change,1 vehicle,1994,Liability
2,1,1,Mazda,Urban,4,6,2,Male,Married,33,Third Party,Sedan - Collision,Sedan,20000 to 29000,0,2721,2,400,3,more than 30,more than 30,2 to 4,5 years,31 to 35,No,No,External,1 to 2,no change,1 vehicle,1994,Collision
2,3,5,Dodge,Urban,1,12,2,Male,Single,30,Policy Holder,Sedan - Collision,Sedan,30000 to 39000,0,2722,15,400,1,more than 30,more than 30,2 to 4,5 years,31 to 35,No,No,External,none,no change,1 vehicle,1994,Collision
12,2,4,Mazda,Urban,4,7,2,Male,Married,61,Policy Holder,Sedan - Collision,Sedan,20000 to 29000,0,2723,6,400,3,more than 30,more than 30,2 to 4,more than 7,51 to 65,No,No,External,more than 5,no change,1 vehicle,1994,Collision
6,4,5,Saab,Urban,2,6,2,Male,Married,36,Policy Holder,Sedan - Liability,Sport,more than 69000,0,2724,7,400,3,more than 30,more than 30,1,7 years,36 to 40,No,No,External,1 to 2,no change,1 vehicle,1994,Liability
6,1,1,Ford,Urban,1,3,1,Male,Married,41,Policy Holder,Sedan - Liability,Sport,more than 69000,0,2725,11,400,2,more than 30,more than 30,2 to 4,7 years,36 to 40,No,No,Internal,more than 5,no change,1 vehicle,1994,Liability
3,3,7,Honda,Urban,1,3,3,Female,Married,39,Policy Holder,Sedan - All Perils,Sedan,more than 69000,0,2726,2,400,4,more than 30,more than 30,2 to 4,7 years,36 to 40,No,No,External,1 to 2,no change,1 vehicle,1994,All Perils
3,2,6,Pontiac,Urban,1,4,3,Male,Single,40,Policy Holder,Sedan - Collision,Sedan,30000 to 39000,0,2727,9,400,3,more than 30,more than 30,1,more than 7,36 to 40,No,No,External,1 to 2,no change,1 vehicle,1994,Collision
4,1,1,Honda,Urban,4,5,1,Male,Married,62,Policy Holder,Sedan - All Perils,Sedan,20000 to 29000,0,2728,2,400,1,more than 30,more than 30,2 to 4,more than 7,51 to 65,No,No,External,more than 5,no change,1 vehicle,1994,All Perils
3,4,4,Honda,Urban,5,4,2,Male,Married,59,Third Party,Sport - Collision,Sport,more than 69000,0,2729,3,700,1,more than 30,more than 30,none,more than 7,51 to 65,No,No,External,none,no change,1 vehicle,1994,Collision
4,3,6,Mercury,Urban,1,4,5,Male,Single,42,Policy Holder,Utility - All Perils,Utility,30000 to 39000,0,2730,8,400,2,more than 30,more than 30,1,7 years,36 to 40,No,No,External,more than 5,no change,1 vehicle,1994,All Perils
4,2,4,Honda,Rural,2,4,2,Male,Single,0,Policy Holder,Sedan - Collision,Sedan,more than 69000,0,2731,6,400,3,more than 30,more than 30,none,new,16 to 17,No,No,External,none,1 year,2 vehicles,1994,Collision
4,2,3,Pontiac,Urban,3,4,2,Male,Married,33,Policy Holder,Sedan - All Perils,Sedan,more than 69000,0,2732,9,400,3,more than 30,more than 30,none,6 years,31 to 35,No,No,External,none,no change,1 vehicle,1994,All Perils
4,1,5,Honda,Urban,3,5,1,Male,Married,46,Policy Holder,Sedan - Liability,Sport,30000 to 39000,0,2733,1,400,3,more than 30,more than 30,more than 4,more than 7,41 to 50,No,No,External,none,no change,1 vehicle,1994,Liability
3,2,4,Mazda,Urban,3,3,3,Male,Single,27,Third Party,Sedan - Collision,Sedan,30000 to 39000,0,2734,4,400,1,more than 30,more than 30,1,6 years,31 to 35,No,No,External,none,no change,1 vehicle,1994,Collision
3,2,1,Mazda,Urban,2,6,5,Male,Married,47,Policy Holder,Utility - Liability,Utility,more than 69000,0,2735,11,400,3,more than 30,more than 30,none,more than 7,41 to 50,No,No,External,more than 5,no change,1 vehicle,1994,Liability
6,1,7,Toyota,Urban,3,4,1,Male,Married,27,Policy Holder,Sedan - Collision,Sedan,30000 to 39000,0,2736,5,400,1,more than 30,more than 30,1,7 years,31 to 35,No,No,External,none,no change,1 vehicle,1994,Collision
4,2,4,Pontiac,Urban,5,6,2,Male,Single,26,Third Party,Sedan - All Perils,Sedan,20000 to 29000,0,2737,16,400,1,more than 30,more than 30,none,7 years,31 to 35,Yes,Yes,External,3 to 5,no change,1 vehicle,1994,All Perils
6,5,5,Mazda,Urban,6,7,5,Male,Married,37,Policy Holder,Sedan - Collision,Sedan,20000 to 29000,0,2738,11,400,1,more than 30,more than 30,2 to 4,7 years,36 to 40,No,No,External,more than 5,no change,1 vehicle,1994,Collision
6,4,1,Ford,Rural,1,7,1,Female,Single,40,Policy Holder,Sedan - Collision,Sedan,30000 to 39000,0,2739,4,400,2,more than 30,more than 30,none,4 years,36 to 40,No,No,External,none,no change,1 vehicle,1994,Collision
7,2,4,Accura,Rural,1,10,2,Female,Married,38,Policy Holder,Sedan - Liability,Sport,30000 to 39000,0,2740,13,400,3,more than 30,more than 30,more than 4,7 years,36 to 40,No,No,External,none,no change,1 vehicle,1994,Liability
7,1,4,Pontiac,Rural,4,10,3,Female,Single,22,Policy Holder,Sedan - Liability,Sport,20000 to 29000,0,2741,15,400,4,more than 30,more than 30,2 to 4,5 years,26 to 30,Yes,No,External,none,no change,1 vehicle,1994,Liability
10,4,2,Toyota,Urban,1,11,4,Male,Single,48,Policy Holder,Sedan - Collision,Sedan,30000 to 39000,0,2742,11,400,2,more than 30,more than 30,none,more than 7,41 to 50,No,No,External,none,no change,1 vehicle,1994,Collision
11,3,6,Toyota,Urban,2,11,3,Male,Single,24,Policy Holder,Sedan - Liability,Sport,20000 to 29000,0,2743,3,400,2,more than 30,more than 30,2 to 4,5 years,26 to 30,No,No,External,3 to 5,no change,1 vehicle,1994,Liability
11,2,3,Pontiac,Rural,3,10,3,Male,Single,21,Policy Holder,Sedan - Collision,Sedan,20000 to 29000,0,2744,6,400,2,more than 30,more than 30,1,5 years,26 to 30,No,No,External,more than 5,no change,1 vehicle,1994,Collision
10,4,4,Mazda,Urban,5,7,4,Male,Married,64,Policy Holder,Sedan - Collision,Sedan,20000 to 29000,0,2745,12,400,3,more than 30,more than 30,none,more than 7,51 to 65,No,No,External,more than 5,no change,1 vehicle,1994,Collision
7,1,6,Toyota,Urban,4,7,2,Male,Married,47,Third Party,Sedan - Collision,Sedan,20000 to 29000,0,2746,8,400,1,more than 30,more than 30,2 to 4,more than 7,41 to 50,No,No,External,3 to 5,no change,1 vehicle,1994,Collision
7,1,7,Honda,Urban,2,6,1,Female,Married,32,Policy Holder,Sedan - Collision,Sedan,20000 to 29000,0,2747,6,400,4,more than 30,more than 30,2 to 4,4 years,31 to 35,No,No,External,1 to 2,no change,1 vehicle,1994,Collision
6,3,4,Toyota,Urban,1,4,3,Male,Single,21,Policy Holder,Sedan - Collision,Sedan,20000 to 29000,0,2748,4,400,2,more than 30,more than 30,2 to 4,5 years,26 to 30,No,No,External,none,no change,3 to 4,1994,Collision
3,5,3,Mazda,Urban,4,3,1,Female,Married,46,Third Party,Sedan - Liability,Sport,20000 to 29000,0,2749,5,400,3,more than 30,more than 30,2 to 4,7 years,41 to 50,Yes,Yes,Internal,none,no change,1 vehicle,1994,Liability
3,5,1,Toyota,Urban,3,4,5,Female,Single,18,Policy Holder,Sedan - All Perils,Sedan,less than 20000,0,2750,7,400,4,more than 30,more than 30,2 to 4,4 years,21 to 25,No,No,External,more than 5,no change,1 vehicle,1994,All Perils
4,2,7,Honda,Urban,2,3,2,Male,Married,33,Policy Holder,Sedan - Liability,Sport,20000 to 29000,0,2751,3,400,2,more than 30,more than 30,2 to 4,7 years,31 to 35,No,No,External,3 to 5,no change,1 vehicle,1994,Liability
3,3,5,Toyota,Urban,1,10,4,Male,Single,26,Third Party,Sedan - Collision,Sedan,20000 to 29000,0,2752,15,400,3,more than 30,more than 30,1,5 years,31 to 35,No,No,External,none,4 to 8 years,2 vehicles,1994,Collision
9,5,6,Toyota,Urban,1,10,1,Male,Married,29,Third Party,Sedan - All Perils,Sedan,20000 to 29000,0,2753,2,400,2,more than 30,more than 30,none,7 years,31 to 35,No,No,External,1 to 2,no change,1 vehicle,1994,All Perils
10,1,1,Honda,Urban,1,5,1,Male,Single,36,Third Party,Sedan - Liability,Sport,more than 69000,0,2754,15,400,4,more than 30,more than 30,2 to 4,7 years,36 to 40,No,No,External,more than 5,no change,1 vehicle,1994,Liability
5,5,1,Pontiac,Urban,5,5,5,Male,Married,39,Policy Holder,Sedan - Liability,Sport,20000 to 29000,0,2755,13,500,4,more than 30,more than 30,more than 4,more than 7,36 to 40,No,No,External,3 to 5,2 to 3 years,1 vehicle,1994,Liability
5,2,1,Toyota,Urban,2,4,2,Male,Married,57,Policy Holder,Sedan - All Perils,Sedan,20000 to 29000,0,2756,16,400,1,more than 30,more than 30,none,more than 7,51 to 65,No,No,External,none,no change,1 vehicle,1994,All Perils
4,2,7,Chevrolet,Urban,2,4,2,Female,Divorced,40,Policy Holder,Sedan - All Perils,Sedan,20000 to 29000,1,2757,12,400,2,more than 30,more than 30,none,7 years,36 to 40,No,No,External,more than 5,no change,1 vehicle,1994,All Perils
4,3,5,Toyota,Urban,4,3,4,Male,Married,26,Policy Holder,Sedan - All Perils,Sedan,20000 to 29000,0,2758,14,400,2,more than 30,more than 30,none,7 years,31 to 35,No,No,External,none,no change,1 vehicle,1994,All Perils
3,1,1,Toyota,Urban,3,11,2,Female,Married,53,Policy Holder,Sedan - All Perils,Sedan,more than 69000,0,2759,12,400,3,more than 30,more than 30,1,6 years,41 to 50,No,No,External,3 to 5,no change,1 vehicle,1994,All Perils
11,2,1,Pontiac,Rural,4,12,2,Male,Single,26,Policy Holder,Sedan - Collision,Sedan,20000 to 29000,0,2760,16,400,4,more than 30,more than 30,none,6 years,31 to 35,No,No,External,3 to 5,no change,1 vehicle,1994,Collision
12,3,2,Mazda,Urban,5,1,5,Male,Married,28,Policy Holder,Sedan - Liability,Sport,30000 to 39000,0,2761,9,400,2,more than 30,more than 30,more than 4,7 years,31 to 35,No,No,External,more than 5,no change,1 vehicle,1994,Liability
1,4,4,Honda,Urban,7,5,4,Male,Married,51,Policy Holder,Sedan - Liability,Sport,20000 to 29000,0,2762,16,400,2,more than 30,more than 30,2 to 4,more than 7,41 to 50,No,No,External,more than 5,no change,1 vehicle,1994,Liability
3,4,2,Mazda,Urban,2,3,1,Male,Married,29,Third Party,Sport - Collision,Sport,more than 69000,0,2763,9,400,3,more than 30,more than 30,1,7 years,31 to 35,No,No,External,none,no change,1 vehicle,1994,Collision
3,1,7,Pontiac,Rural,5,3,1,Male,Married,63,Third Party,Sedan - All Perils,Sedan,less than 20000,0,2764,2,400,3,more than 30,more than 30,none,more than 7,51 to 65,No,No,External,none,no change,1 vehicle,1994,All Perils
2,1,5,Honda,Urban,5,2,1,Female,Married,67,Policy Holder,Sedan - Collision,Sedan,20000 to 29000,0,2765,9,400,2,more than 30,more than 30,none,more than 7,over 65,No,No,External,none,no change,1 vehicle,1994,Collision
1,5,1,Ford,Urban,3,9,2,Male,Married,56,Policy Holder,Sedan - Collision,Sedan,30000 to 39000,0,2766,11,400,2,more than 30,more than 30,none,7 years,51 to 65,No,No,External,more than 5,no change,1 vehicle,1994,Collision
9,4,2,Toyota,Urban,1,8,4,Male,Married,30,Policy Holder,Sedan - Collision,Sedan,less than 20000,0,2767,3,400,2,more than 30,more than 30,1,5 years,31 to 35,No,No,External,1 to 2,no change,1 vehicle,1994,Collision
8,2,2,Honda,Urban,1,8,3,Male,Married,55,Policy Holder,Sedan - Collision,Sedan,30000 to 39000,0,2768,11,400,3,more than 30,more than 30,1,more than 7,41 to 50,No,No,External,1 to 2,no change,1 vehicle,1994,Collision
8,2,3,Mazda,Urban,4,12,4,Male,Married,53,Policy Holder,Sedan - Collision,Sedan,20000 to 29000,0,2769,10,400,1,more than 30,more than 30,none,more than 7,41 to 50,No,No,External,1 to 2,no change,1 vehicle,1994,Collision
11,5,4,Honda,Urban,3,12,1,Male,Single,25,Policy Holder,Sedan - All Perils,Sedan,20000 to 29000,0,2770,1,400,1,more than 30,more than 30,1,5 years,26 to 30,No,No,External,none,no change,1 vehicle,1994,All Perils
12,1,1,Mazda,Urban,3,6,2,Male,Married,26,Policy Holder,Sport - Collision,Sport,more than 69000,0,2771,8,400,1,more than 30,more than 30,none,5 years,31 to 35,No,No,External,none,no change,1 vehicle,1994,Collision
5,5,3,Mazda,Urban,5,6,1,Male,Single,31,Third Party,Sedan - All Perils,Sedan,20000 to 29000,0,2772,12,400,1,more than 30,more than 30,none,6 years,31 to 35,No,No,External,none,no change,1 vehicle,1994,All Perils
6,4,1,Honda,Urban,5,7,4,Male,Married,35,Policy Holder,Sedan - Liability,Sport,more than 69000,0,2773,6,400,3,more than 30,more than 30,2 to 4,7 years,31 to 35,No,No,External,3 to 5,4 to 8 years,2 vehicles,1994,Liability
7,2,2,Pontiac,Urban,4,9,5,Male,Married,58,Policy Holder,Sedan - Liability,Sport,20000 to 29000,0,2774,14,400,4,more than 30,more than 30,1,more than 7,51 to 65,No,No,External,1 to 2,no change,1 vehicle,1994,Liability
8,5,3,Toyota,Urban,3,9,5,Male,Married,62,Third Party,Sedan - All Perils,Sedan,20000 to 29000,0,2775,7,400,2,more than 30,more than 30,none,more than 7,51 to 65,No,No,External,none,no change,1 vehicle,1994,All Perils
8,5,5,Toyota,Rural,5,9,2,Female,Married,50,Third Party,Sedan - All Perils,Sedan,20000 to 29000,0,2776,13,400,3,more than 30,more than 30,none,more than 7,41 to 50,No,No,External,1 to 2,no change,1 vehicle,1994,All Perils
9,3,7,Mazda,Urban,2,11,3,Male,Married,31,Policy Holder,Sedan - Liability,Sport,30000 to 39000,0,2777,14,400,3,more than 30,more than 30,2 to 4,6 years,31 to 35,No,No,External,none,no change,1 vehicle,1994,Liability
10,5,5,Toyota,Urban,3,11,1,Female,Married,50,Policy Holder,Sedan - Liability,Sport,less than 20000,0,2778,2,400,4,more than 30,more than 30,2 to 4,more than 7,41 to 50,No,No,External,more than 5,no change,1 vehicle,1994,Liability
11,2,1,Pontiac,Urban,4,12,4,Male,Married,28,Policy Holder,Sedan - Collision,Sedan,20000 to 29000,0,2779,12,400,4,more than 30,more than 30,1,6 years,31 to 35,No,No,External,1 to 2,no change,1 vehicle,1994,Collision
11,4,5,Chevrolet,Urban,5,11,1,Male,Married,44,Policy Holder,Sedan - Collision,Sedan,30000 to 39000,0,2780,9,400,4,more than 30,more than 30,2 to 4,7 years,36 to 40,No,No,External,1 to 2,no change,1 vehicle,1994,Collision
11,4,6,Pontiac,Urban,1,11,4,Female,Single,45,Policy Holder,Sedan - Liability,Sport,less than 20000,0,2781,13,400,1,more than 30,more than 30,more than 4,7 years,36 to 40,No,No,External,1 to 2,no change,1 vehicle,1994,Liability
11,4,5,Pontiac,Urban,2,11,5,Male,Single,41,Policy Holder,Sedan - Liability,Sport,20000 to 29000,0,2782,11,400,2,more than 30,more than 30,2 to 4,7 years,36 to 40,No,No,External,more than 5,no change,1 vehicle,1994,Liability
11,4,1,Honda,Urban,3,12,5,Male,Married,26,Third Party,Sedan - Liability,Sport,20000 to 29000,0,2783,8,400,3,more than 30,more than 30,2 to 4,6 years,31 to 35,No,No,External,none,no change,1 vehicle,1994,Liability
12,1,6,Chevrolet,Urban,2,6,2,Male,Married,37,Policy Holder,Sedan - Collision,Sedan,40000 to 59000,0,2784,1,400,1,more than 30,more than 30,2 to 4,7 years,36 to 40,No,No,External,none,no change,1 vehicle,1994,Collision
6,1,3,VW,Urban,3,8,2,Male,Married,34,Policy Holder,Sedan - All Perils,Sedan,40000 to 59000,0,2785,7,400,1,more than 30,more than 30,1,7 years,31 to 35,No,No,External,none,no change,1 vehicle,1994,All Perils
8,2,4,Toyota,Urban,2,8,3,Male,Single,32,Policy Holder,Sedan - Collision,Sedan,20000 to 29000,0,2786,11,400,2,more than 30,more than 30,2 to 4,6 years,31 to 35,No,No,External,more than 5,no change,1 vehicle,1994,Collision
8,2,5,Toyota,Urban,5,8,4,Male,Married,44,Policy Holder,Sedan - Liability,Sport,20000 to 29000,0,2787,3,400,4,more than 30,more than 30,1,7 years,36 to 40,No,No,External,1 to 2,no change,1 vehicle,1994,Liability
8,2,2,Pontiac,Urban,2,4,2,Male,Single,30,Third Party,Sedan - Collision,Sedan,20000 to 29000,0,2788,3,400,3,more than 30,more than 30,none,6 years,31 to 35,Yes,No,External,3 to 5,no change,1 vehicle,1994,Collision
4,2,2,Saturn,Urban,5,4,3,Male,Single,25,Policy Holder,Sedan - All Perils,Sedan,20000 to 29000,1,2789,1,400,4,more than 30,more than 30,1,5 years,26 to 30,No,No,External,none,no change,3 to 4,1994,All Perils
4,2,5,Toyota,Urban,2,8,4,Male,Married,38,Policy Holder,Sedan - All Perils,Sedan,20000 to 29000,1,2790,4,400,4,more than 30,more than 30,1,7 years,36 to 40,No,No,External,1 to 2,no change,1 vehicle,1994,All Perils
8,3,2,Honda,Urban,2,9,4,Male,Single,32,Policy Holder,Sport - Collision,Sport,more than 69000,0,2791,16,400,4,more than 30,more than 30,none,6 years,31 to 35,No,No,External,none,no change,1 vehicle,1994,Collision
9,1,5,Pontiac,Urban,4,10,1,Male,Married,49,Policy Holder,Sedan - Collision,Sedan,20000 to 29000,0,2792,6,400,4,more than 30,more than 30,2 to 4,7 years,41 to 50,No,No,External,none,no change,1 vehicle,1994,Collision
9,3,4,Pontiac,Urban,2,10,1,Male,Married,21,Third Party,Sedan - Collision,Sedan,30000 to 39000,0,2793,6,400,4,more than 30,more than 30,1,4 years,26 to 30,No,No,External,none,no change,1 vehicle,1994,Collision
9,5,6,Ford,Urban,1,11,1,Male,Single,34,Policy Holder,Utility - All Perils,Utility,more than 69000,0,2794,12,400,1,more than 30,more than 30,1,6 years,31 to 35,No,No,External,more than 5,4 to 8 years,2 vehicles,1994,All Perils
11,4,2,Pontiac,Urban,3,4,4,Male,Married,68,Policy Holder,Sedan - Liability,Sport,20000 to 29000,0,2795,11,400,3,more than 30,more than 30,2 to 4,more than 7,over 65,No,No,External,none,no change,1 vehicle,1994,Liability
4,2,4,Chevrolet,Urban,1,12,2,Male,Single,34,Third Party,Sedan - All Perils,Sedan,20000 to 29000,0,2796,6,400,2,more than 30,more than 30,2 to 4,6 years,31 to 35,No,No,External,none,no change,1 vehicle,1994,All Perils
11,5,5,Honda,Urban,5,12,1,Male,Married,31,Third Party,Sedan - Collision,Sedan,20000 to 29000,0,2797,14,400,2,more than 30,more than 30,none,7 years,31 to 35,No,No,External,1 to 2,no change,1 vehicle,1994,Collision
12,1,1,Toyota,Urban,2,12,1,Male,Married,49,Policy Holder,Sedan - Liability,Sport,40000 to 59000,0,2798,5,400,2,more than 30,more than 30,2 to 4,more than 7,41 to 50,No,No,Internal,none,no change,1 vehicle,1994,Liability
12,1,1,Honda,Urban,4,12,1,Male,Married,29,Policy Holder,Sedan - Liability,Sport,20000 to 29000,0,2799,6,400,2,more than 30,more than 30,more than 4,7 years,31 to 35,No,No,External,none,no change,1 vehicle,1994,Liability
12,1,5,Pontiac,Urban,2,12,2,Male,Married,49,Third Party,Sedan - All Perils,Sedan,20000 to 29000,0,2800,2,400,4,more than 30,more than 30,none,more than 7,41 to 50,No,No,External,none,no change,1 vehicle,1994,All Perils
12,1,5,Pontiac,Urban,1,12,1,Male,Single,32,Policy Holder,Sedan - Liability,Sport,20000 to 29000,0,2801,8,400,1,more than 30,more than 30,more than 4,7 years,31 to 35,No,No,External,3 to 5,no change,1 vehicle,1994,Liability
12,1,2,Mazda,Urban,1,4,1,Male,Married,29,Third Party,Sport - Collision,Sport,more than 69000,0,2802,8,400,1,more than 30,more than 30,1,6 years,31 to 35,No,No,External,1 to 2,no change,1 vehicle,1994,Collision
4,2,6,Chevrolet,Rural,6,10,3,Male,Married,79,Third Party,Sedan - Collision,Sedan,20000 to 29000,0,2803,10,400,1,more than 30,more than 30,1,more than 7,over 65,No,No,External,1 to 2,no change,1 vehicle,1994,Collision
10,2,4,Honda,Urban,2,10,2,Male,Married,59,Policy Holder,Sedan - Liability,Sport,20000 to 29000,0,2804,14,400,3,more than 30,more than 30,2 to 4,more than 7,51 to 65,No,No,External,none,no change,1 vehicle,1994,Liability
10,1,2,Pontiac,Urban,2,4,5,Male,Single,45,Policy Holder,Sedan - Liability,Sport,30000 to 39000,0,2805,15,400,2,more than 30,more than 30,more than 4,more than 7,36 to 40,No,No,External,3 to 5,no change,1 vehicle,1994,Liability
4,2,5,Ford,Urban,3,9,3,Male,Married,44,Policy Holder,Sedan - All Perils,Sedan,20000 to 29000,1,2806,15,500,1,more than 30,more than 30,none,7 years,36 to 40,No,No,External,more than 5,2 to 3 years,1 vehicle,1994,All Perils
9,3,2,Chevrolet,Urban,4,9,3,Female,Single,31,Policy Holder,Sedan - Liability,Sport,20000 to 29000,0,2807,16,400,1,more than 30,more than 30,none,6 years,31 to 35,No,No,External,none,no change,1 vehicle,1994,Liability
9,1,2,Pontiac,Urban,3,4,2,Male,Married,35,Policy Holder,Sedan - Liability,Sport,20000 to 29000,0,2808,2,400,3,more than 30,more than 30,2 to 4,6 years,31 to 35,No,No,External,more than 5,no change,1 vehicle,1994,Liability
4,2,7,Accura,Rural,5,9,3,Male,Married,55,Policy Holder,Sedan - Collision,Sedan,30000 to 39000,1,2809,10,400,2,more than 30,more than 30,2 to 4,more than 7,41 to 50,No,No,External,none,no change,1 vehicle,1994,Collision
8,4,3,Accura,Urban,4,8,1,Male,Single,43,Policy Holder,Sedan - Collision,Sedan,30000 to 39000,0,2810,5,400,1,more than 30,more than 30,2 to 4,7 years,36 to 40,No,No,External,more than 5,no change,1 vehicle,1994,Collision
8,4,2,Chevrolet,Urban,3,8,4,Female,Single,35,Third Party,Sedan - Collision,Sedan,20000 to 29000,0,2811,5,400,1,more than 30,more than 30,none,7 years,31 to 35,No,No,External,none,no change,1 vehicle,1994,Collision
8,4,4,Honda,Urban,1,9,4,Male,Married,55,Policy Holder,Sedan - All Perils,Sedan,less than 20000,0,2812,11,400,1,more than 30,more than 30,2 to 4,more than 7,41 to 50,No,No,External,1 to 2,no change,1 vehicle,1994,All Perils
8,4,5,Toyota,Urban,3,8,1,Female,Single,35,Policy Holder,Sedan - Liability,Sport,20000 to 29000,0,2813,2,400,2,more than 30,more than 30,2 to 4,6 years,31 to 35,No,No,External,1 to 2,no change,1 vehicle,1994,Liability
8,3,6,Chevrolet,Urban,1,8,4,Male,Married,47,Third Party,Sedan - Collision,Sedan,20000 to 29000,0,2814,12,400,1,more than 30,more than 30,2 to 4,more than 7,41 to 50,No,No,External,none,no change,1 vehicle,1994,Collision
8,3,4,Mazda,Urban,1,9,4,Female,Married,29,Policy Holder,Sedan - Liability,Sport,20000 to 29000,0,2815,11,400,3,more than 30,more than 30,2 to 4,5 years,31 to 35,No,No,External,none,4 to 8 years,2 vehicles,1994,Liability
8,3,2,Honda,Urban,5,8,1,Female,Single,28,Third Party,Sport - Collision,Sport,more than 69000,0,2816,16,400,2,more than 30,more than 30,none,5 years,31 to 35,No,Yes,External,none,no change,1 vehicle,1994,Collision
8,2,1,Accura,Urban,4,8,4,Male,Married,54,Policy Holder,Sedan - Liability,Sport,more than 69000,0,2817,11,400,1,more than 30,more than 30,1,7 years,41 to 50,No,No,External,none,no change,1 vehicle,1994,Liability
8,2,1,Chevrolet,Urban,1,12,4,Female,Married,37,Policy Holder,Sedan - All Perils,Sedan,more than 69000,0,2818,11,400,2,more than 30,more than 30,1,6 years,36 to 40,No,No,External,3 to 5,no change,1 vehicle,1994,All Perils
12,3,7,Pontiac,Urban,1,12,3,Male,Married,42,Policy Holder,Sedan - Liability,Sport,20000 to 29000,0,2819,5,400,1,more than 30,more than 30,2 to 4,7 years,36 to 40,No,No,External,none,no change,1 vehicle,1994,Liability
12,3,3,Pontiac,Urban,5,4,3,Male,Single,31,Policy Holder,Sedan - Liability,Sport,30000 to 39000,0,2820,10,400,3,more than 30,more than 30,none,6 years,31 to 35,No,No,External,none,no change,1 vehicle,1994,Liability
4,2,3,Chevrolet,Urban,4,4,3,Male,Married,37,Policy Holder,Sedan - Collision,Sedan,more than 69000,1,2821,12,400,2,more than 30,more than 30,none,more than 7,36 to 40,No,No,External,none,no change,1 vehicle,1994,Collision
4,2,1,Pontiac,Urban,1,12,4,Female,Married,30,Policy Holder,Sedan - All Perils,Sedan,20000 to 29000,1,2822,11,700,4,more than 30,more than 30,2 to 4,7 years,31 to 35,No,No,External,none,1 year,1 vehicle,1994,All Perils
12,1,6,Toyota,Urban,1,12,1,Male,Married,44,Policy Holder,Sedan - Liability,Sport,more than 69000,0,2823,12,400,4,more than 30,more than 30,more than 4,6 years,36 to 40,No,No,External,3 to 5,no change,1 vehicle,1994,Liability
12,1,3,Toyota,Urban,5,12,3,Male,Married,39,Policy Holder,Sedan - Liability,Sport,20000 to 29000,0,2824,7,400,4,more than 30,more than 30,more than 4,7 years,36 to 40,No,No,External,none,no change,1 vehicle,1994,Liability
11,5,7,Pontiac,Urban,1,12,2,Male,Married,35,Policy Holder,Sedan - Collision,Sedan,20000 to 29000,0,2825,4,400,1,more than 30,more than 30,1,6 years,31 to 35,No,No,External,none,no change,1 vehicle,1994,Collision
11,4,4,Pontiac,Rural,4,11,1,Male,Single,33,Policy Holder,Sedan - All Perils,Sedan,20000 to 29000,0,2826,11,400,3,more than 30,more than 30,1,7 years,31 to 35,No,No,External,none,no change,1 vehicle,1994,All Perils
11,4,7,Saab,Urban,4,10,4,Male,Single,31,Policy Holder,Sedan - Liability,Sport,30000 to 39000,0,2827,16,400,4,more than 30,more than 30,2 to 4,7 years,31 to 35,No,No,External,3 to 5,no change,1 vehicle,1994,Liability
10,2,6,VW,Urban,1,9,3,Female,Single,23,Policy Holder,Sedan - Liability,Sport,less than 20000,0,2828,6,400,1,more than 30,more than 30,2 to 4,5 years,26 to 30,No,No,External,none,no change,1 vehicle,1994,Liability
9,3,5,Chevrolet,Urban,5,9,3,Male,Married,59,Policy Holder,Sedan - Liability,Sport,20000 to 29000,0,2829,14,400,2,more than 30,more than 30,2 to 4,more than 7,51 to 65,No,No,External,none,no change,1 vehicle,1994,Liability
9,1,4,Chevrolet,Urban,5,9,1,Male,Married,30,Policy Holder,Sedan - Liability,Sport,more than 69000,0,2830,6,400,3,more than 30,more than 30,2 to 4,7 years,31 to 35,No,No,External,none,no change,3 to 4,1994,Liability
9,1,4,Pontiac,Urban,4,9,1,Male,Single,36,Policy Holder,Sedan - Liability,Sport,30000 to 39000,0,2831,16,400,3,more than 30,more than 30,more than 4,7 years,36 to 40,No,No,External,more than 5,no change,1 vehicle,1994,Liability
9,1,5,Toyota,Urban,3,8,1,Male,Married,28,Policy Holder,Sedan - Collision,Sedan,20000 to 29000,0,2832,5,400,2,more than 30,more than 30,1,6 years,31 to 35,No,No,External,more than 5,no change,1 vehicle,1994,Collision
8,3,2,Accura,Urban,2,7,5,Male,Married,50,Policy Holder,Sedan - Collision,Sedan,30000 to 39000,0,2833,8,400,2,15 to 30,15 to 30,none,more than 7,41 to 50,No,No,External,none,no change,1 vehicle,1994,Collision
7,4,3,Honda,Urban,2,7,4,Male,Married,48,Policy Holder,Sedan - Liability,Sport,20000 to 29000,0,2834,12,400,3,more than 30,more than 30,2 to 4,7 years,41 to 50,No,No,External,more than 5,no change,1 vehicle,1994,Liability
7,3,1,Honda,Urban,3,7,4,Female,Married,28,Third Party,Sedan - Collision,Sedan,20000 to 29000,0,2835,7,400,3,more than 30,more than 30,1,5 years,31 to 35,No,No,External,none,no change,1 vehicle,1994,Collision
7,2,3,Mazda,Urban,4,7,3,Male,Married,54,Policy Holder,Sedan - Collision,Sedan,20000 to 29000,0,2836,2,400,2,more than 30,more than 30,none,6 years,41 to 50,No,No,External,more than 5,4 to 8 years,2 vehicles,1994,Collision
7,2,3,VW,Urban,4,6,3,Male,Married,56,Policy Holder,Sedan - Liability,Sport,40000 to 59000,0,2837,9,400,3,more than 30,more than 30,2 to 4,more than 7,51 to 65,No,No,External,none,no change,1 vehicle,1994,Liability
6,1,7,Saab,Urban,1,12,4,Female,Married,80,Policy Holder,Sedan - Liability,Sport,30000 to 39000,0,2838,5,400,1,more than 30,more than 30,2 to 4,6 years,over 65,No,No,External,more than 5,no change,1 vehicle,1994,Liability
11,5,2,Toyota,Urban,4,1,2,Male,Married,29,Policy Holder,Sedan - All Perils,Sedan,20000 to 29000,0,2839,6,400,4,more than 30,more than 30,1,7 years,31 to 35,No,No,External,none,no change,1 vehicle,1994,All Perils
1,1,3,Pontiac,Urban,1,4,1,Male,Married,56,Policy Holder,Sedan - Liability,Sport,30000 to 39000,0,2840,16,400,2,more than 30,more than 30,2 to 4,more than 7,51 to 65,No,No,External,more than 5,no change,1 vehicle,1994,Liability
2,1,2,Toyota,Urban,2,2,2,Male,Married,43,Policy Holder,Sedan - All Perils,Sedan,20000 to 29000,0,2841,4,400,2,more than 30,more than 30,1,7 years,36 to 40,No,No,External,1 to 2,no change,5 to 8,1994,All Perils
2,3,3,Chevrolet,Urban,3,3,3,Male,Single,37,Policy Holder,Sedan - Liability,Sport,30000 to 39000,0,2842,5,400,3,more than 30,more than 30,1,7 years,36 to 40,No,No,External,3 to 5,no change,1 vehicle,1994,Liability
2,3,6,Pontiac,Urban,5,2,1,Male,Married,45,Policy Holder,Sedan - Collision,Sedan,20000 to 29000,0,2843,9,400,4,more than 30,more than 30,none,7 years,36 to 40,No,No,External,none,no change,1 vehicle,1994,Collision
2,1,5,Chevrolet,Urban,3,2,2,Male,Single,45,Policy Holder,Sedan - Liability,Sport,40000 to 59000,0,2844,12,400,4,more than 30,more than 30,more than 4,7 years,36 to 40,No,No,External,none,no change,1 vehicle,1994,Liability
1,1,7,Toyota,Urban,2,1,1,Male,Married,29,Third Party,Sedan - Liability,Sport,20000 to 29000,0,2845,12,400,2,more than 30,more than 30,1,7 years,31 to 35,No,No,External,none,no change,1 vehicle,1994,Liability
1,4,1,Chevrolet,Urban,2,2,4,Male,Single,30,Third Party,Sedan - Collision,Sedan,more than 69000,0,2846,10,400,3,more than 30,more than 30,2 to 4,5 years,31 to 35,No,No,External,more than 5,no change,1 vehicle,1994,Collision
2,1,7,Mazda,Urban,3,3,2,Male,Single,22,Policy Holder,Sedan - Collision,Sedan,20000 to 29000,0,2847,7,400,4,more than 30,more than 30,2 to 4,5 years,26 to 30,No,No,External,none,no change,1 vehicle,1994,Collision
2,4,1,Toyota,Urban,2,2,1,Male,Married,33,Policy Holder,Sedan - Collision,Sedan,20000 to 29000,0,2848,6,400,4,more than 30,more than 30,none,7 years,31 to 35,No,No,External,more than 5,no change,1 vehicle,1994,Collision
2,3,7,VW,Urban,3,3,4,Male,Married,54,Policy Holder,Sedan - Liability,Sport,40000 to 59000,0,2849,15,400,3,more than 30,more than 30,2 to 4,7 years,41 to 50,No,No,External,none,no change,1 vehicle,1994,Liability
12,4,3,Pontiac,Urban,6,1,2,Male,Married,29,Policy Holder,Sedan - All Perils,Sedan,20000 to 29000,0,2850,3,400,3,more than 30,more than 30,2 to 4,5 years,31 to 35,No,No,External,1 to 2,no change,1 vehicle,1994,All Perils
11,2,4,Accura,Rural,4,5,1,Male,Married,42,Policy Holder,Sedan - All Perils,Sedan,more than 69000,0,2851,2,400,2,more than 30,more than 30,none,more than 7,36 to 40,No,No,External,none,no change,1 vehicle,1994,All Perils
4,3,2,Honda,Urban,4,5,3,Male,Married,51,Policy Holder,Sport - Collision,Sport,more than 69000,1,2852,8,400,1,more than 30,more than 30,none,7 years,41 to 50,No,No,External,none,no change,1 vehicle,1994,Collision
3,2,7,Ford,Urban,5,4,2,Male,Married,51,Policy Holder,Sedan - Liability,Sport,more than 69000,0,2853,4,700,3,more than 30,more than 30,2 to 4,more than 7,41 to 50,No,No,External,more than 5,no change,1 vehicle,1994,Liability
3,4,1,Toyota,Urban,4,3,1,Male,Married,39,Policy Holder,Sedan - All Perils,Sedan,20000 to 29000,0,2854,8,400,2,more than 30,more than 30,1,7 years,36 to 40,No,No,External,more than 5,no change,1 vehicle,1994,All Perils
3,4,3,Mazda,Urban,3,4,4,Female,Married,44,Policy Holder,Sedan - Liability,Sport,20000 to 29000,0,2855,15,400,1,more than 30,more than 30,2 to 4,7 years,36 to 40,No,No,External,more than 5,no change,1 vehicle,1994,Liability
4,2,1,Toyota,Urban,5,4,2,Male,Married,45,Policy Holder,Sedan - Liability,Sport,20000 to 29000,0,2856,16,400,2,more than 30,more than 30,2 to 4,7 years,36 to 40,No,No,External,3 to 5,no change,1 vehicle,1994,Liability
4,2,2,Pontiac,Urban,3,4,3,Male,Married,41,Third Party,Sedan - All Perils,Sedan,20000 to 29000,1,2857,12,500,2,more than 30,more than 30,none,7 years,36 to 40,No,No,External,none,2 to 3 years,2 vehicles,1994,All Perils
4,1,5,Pontiac,Urban,1,4,1,Male,Single,46,Third Party,Sedan - All Perils,Sedan,20000 to 29000,0,2858,8,400,4,more than 30,more than 30,none,7 years,41 to 50,No,No,External,none,no change,1 vehicle,1994,All Perils
4,1,3,Pontiac,Urban,4,10,2,Female,Married,36,Policy Holder,Sedan - Collision,Sedan,more than 69000,0,2859,4,400,1,more than 30,more than 30,2 to 4,7 years,36 to 40,No,No,External,more than 5,no change,1 vehicle,1994,Collision
10,2,2,Toyota,Urban,4,4,2,Female,Married,49,Policy Holder,Sedan - Liability,Sport,30000 to 39000,0,2860,3,400,2,more than 30,more than 30,2 to 4,more than 7,41 to 50,No,No,External,none,no change,1 vehicle,1994,Liability
4,2,6,Chevrolet,Urban,3,4,3,Male,Single,35,Policy Holder,Sedan - All Perils,Sedan,more than 69000,0,2861,4,400,4,more than 30,more than 30,2 to 4,5 years,31 to 35,No,No,External,more than 5,no change,1 vehicle,1994,All Perils
4,2,3,Pontiac,Urban,2,4,3,Male,Married,37,Policy Holder,Sedan - All Perils,Sedan,less than 20000,0,2862,13,400,2,more than 30,more than 30,1,7 years,36 to 40,No,No,External,none,no change,1 vehicle,1994,All Perils
3,5,5,Pontiac,Urban,2,4,1,Male,Single,36,Policy Holder,Sedan - Collision,Sedan,20000 to 29000,0,2863,13,400,2,more than 30,more than 30,none,7 years,36 to 40,No,No,External,more than 5,no change,1 vehicle,1994,Collision
4,3,3,Pontiac,Urban,4,6,3,Male,Married,33,Policy Holder,Sedan - Collision,Sedan,30000 to 39000,1,2864,8,400,2,more than 30,more than 30,2 to 4,5 years,31 to 35,No,No,External,none,no change,1 vehicle,1994,Collision
6,4,7,Pontiac,Urban,5,11,4,Male,Single,32,Policy Holder,Sedan - Collision,Sedan,20000 to 29000,0,2865,10,400,3,more than 30,more than 30,2 to 4,6 years,31 to 35,No,No,External,none,no change,1 vehicle,1994,Collision
10,5,4,Honda,Urban,1,12,1,Male,Single,18,Policy Holder,Sedan - Collision,Sedan,20000 to 29000,0,2866,10,400,4,more than 30,more than 30,none,4 years,21 to 25,No,No,External,none,no change,1 vehicle,1994,Collision
11,3,5,Toyota,Urban,3,4,2,Male,Married,31,Policy Holder,Sedan - All Perils,Sedan,20000 to 29000,0,2867,2,400,2,more than 30,more than 30,1,5 years,31 to 35,No,Yes,External,1 to 2,no change,1 vehicle,1994,All Perils
4,3,5,Pontiac,Urban,5,11,4,Male,Married,33,Third Party,Sedan - All Perils,Sedan,20000 to 29000,0,2868,8,400,3,more than 30,more than 30,1,7 years,31 to 35,No,No,External,more than 5,no change,1 vehicle,1994,All Perils
11,2,1,Pontiac,Urban,4,12,2,Male,Single,32,Third Party,Sedan - Collision,Sedan,30000 to 39000,0,2869,10,400,4,more than 30,more than 30,none,7 years,31 to 35,No,No,External,more than 5,no change,1 vehicle,1994,Collision
12,3,1,Honda,Urban,2,9,4,Male,Married,44,Policy Holder,Sedan - Collision,Sedan,20000 to 29000,0,2870,1,400,4,more than 30,more than 30,2 to 4,7 years,36 to 40,No,No,External,more than 5,no change,1 vehicle,1994,Collision
9,1,5,Pontiac,Urban,1,5,1,Male,Married,42,Third Party,Sedan - All Perils,Sedan,20000 to 29000,0,2871,5,400,1,more than 30,more than 30,none,more than 7,36 to 40,No,No,External,none,no change,3 to 4,1994,All Perils
4,5,2,Pontiac,Urban,2,4,1,Male,Married,53,Policy Holder,Sedan - All Perils,Sedan,20000 to 29000,0,2872,16,400,1,more than 30,more than 30,none,more than 7,41 to 50,No,No,External,3 to 5,no change,1 vehicle,1994,All Perils
4,4,5,Pontiac,Urban,1,8,4,Male,Married,30,Policy Holder,Sedan - Liability,Sport,20000 to 29000,0,2873,2,400,3,more than 30,more than 30,none,7 years,31 to 35,No,No,Internal,more than 5,no change,1 vehicle,1994,Liability
5,2,2,Honda,Urban,1,5,1,Male,Single,0,Policy Holder,Sport - All Perils,Sport,more than 69000,0,2874,14,400,1,more than 30,more than 30,none,new,16 to 17,No,No,External,none,no change,1 vehicle,1994,All Perils
5,2,2,Mazda,Urban,2,6,3,Male,Married,39,Policy Holder,Sedan - All Perils,Sedan,less than 20000,0,2875,5,400,1,more than 30,more than 30,1,more than 7,36 to 40,No,No,External,3 to 5,no change,1 vehicle,1994,All Perils
6,2,6,Honda,Urban,5,7,2,Female,Single,41,Policy Holder,Sedan - Collision,Sedan,less than 20000,0,2876,1,400,4,more than 30,more than 30,none,7 years,36 to 40,No,No,External,3 to 5,no change,1 vehicle,1994,Collision
6,4,6,Ford,Urban,1,8,1,Male,Married,48,Policy Holder,Sedan - Collision,Sedan,60000 to 69000,0,2877,4,400,4,more than 30,more than 30,2 to 4,more than 7,41 to 50,No,No,External,more than 5,no change,1 vehicle,1994,Collision
6,3,4,Honda,Urban,4,6,2,Male,Married,30,Third Party,Sedan - All Perils,Sedan,20000 to 29000,0,2878,14,400,4,more than 30,more than 30,none,5 years,31 to 35,No,No,External,none,4 to 8 years,2 vehicles,1994,All Perils
6,3,7,Pontiac,Urban,2,7,3,Female,Married,33,Third Party,Sedan - All Perils,Sedan,20000 to 29000,0,2879,9,400,1,more than 30,more than 30,1,6 years,31 to 35,No,No,External,none,no change,1 vehicle,1994,All Perils
7,2,1,Toyota,Urban,3,12,3,Male,Single,41,Policy Holder,Sedan - All Perils,Sedan,20000 to 29000,0,2880,3,400,3,more than 30,more than 30,2 to 4,7 years,36 to 40,No,No,External,none,no change,1 vehicle,1994,All Perils
8,1,2,Nisson,Urban,4,8,2,Male,Married,49,Policy Holder,Sedan - All Perils,Sedan,30000 to 39000,0,2881,15,400,2,8 to 15,more than 30,1,more than 7,41 to 50,No,No,External,none,no change,1 vehicle,1994,All Perils
8,1,5,Chevrolet,Urban,5,7,4,Male,Married,55,Policy Holder,Sedan - Collision,Sedan,30000 to 39000,0,2882,11,400,2,more than 30,more than 30,2 to 4,more than 7,41 to 50,No,No,External,3 to 5,no change,1 vehicle,1994,Collision
7,4,2,Ford,Urban,3,8,4,Male,Single,51,Policy Holder,Sedan - Liability,Sport,more than 69000,0,2883,5,400,4,more than 30,more than 30,more than 4,6 years,41 to 50,No,No,External,none,no change,1 vehicle,1994,Liability
8,3,2,Toyota,Urban,3,8,4,Male,Single,26,Third Party,Sedan - Collision,Sedan,20000 to 29000,0,2884,9,400,4,8 to 15,15 to 30,none,6 years,31 to 35,No,No,External,none,no change,1 vehicle,1994,Collision
8,2,5,Pontiac,Rural,1,4,2,Male,Married,38,Third Party,Utility - All Perils,Utility,40000 to 59000,0,2885,16,400,1,more than 30,more than 30,1,7 years,36 to 40,No,No,External,none,no change,1 vehicle,1994,All Perils
4,3,1,Pontiac,Urban,1,9,3,Female,Single,28,Policy Holder,Sedan - All Perils,Sedan,20000 to 29000,1,2886,1,400,1,more than 30,more than 30,2 to 4,7 years,31 to 35,No,No,External,none,no change,1 vehicle,1994,All Perils
8,5,4,Toyota,Urban,5,8,1,Female,Married,52,Policy Holder,Sedan - Liability,Sport,20000 to 29000,0,2887,14,400,1,more than 30,more than 30,more than 4,7 years,41 to 50,No,No,External,none,no change,1 vehicle,1994,Liability
8,4,1,Mazda,Urban,3,10,4,Male,Married,28,Policy Holder,Sedan - Collision,Sedan,30000 to 39000,0,2888,4,400,4,more than 30,more than 30,2 to 4,7 years,31 to 35,No,No,External,3 to 5,no change,1 vehicle,1994,Collision
9,4,4,Mazda,Urban,2,9,1,Male,Single,55,Policy Holder,Sedan - Liability,Sport,30000 to 39000,0,2889,9,400,3,more than 30,more than 30,2 to 4,more than 7,41 to 50,No,No,External,more than 5,no change,1 vehicle,1994,Liability
9,4,1,Pontiac,Rural,3,11,4,Male,Single,28,Third Party,Sedan - All Perils,Sedan,30000 to 39000,0,2890,7,400,4,more than 30,more than 30,1,6 years,31 to 35,No,No,External,none,no change,1 vehicle,1994,All Perils
11,3,2,Honda,Urban,3,12,3,Male,Married,34,Third Party,Sedan - Liability,Sport,20000 to 29000,0,2891,12,400,4,more than 30,more than 30,2 to 4,7 years,31 to 35,No,No,External,1 to 2,no change,1 vehicle,1994,Liability
12,2,2,Toyota,Urban,3,12,3,Male,Married,64,Policy Holder,Sedan - Liability,Sport,20000 to 29000,0,2892,7,400,1,more than 30,more than 30,2 to 4,more than 7,51 to 65,No,No,External,1 to 2,no change,1 vehicle,1994,Liability
12,2,5,Chevrolet,Rural,3,12,3,Male,Married,39,Policy Holder,Sedan - Liability,Sport,20000 to 29000,0,2893,9,400,3,more than 30,more than 30,more than 4,7 years,36 to 40,No,No,External,none,no change,1 vehicle,1994,Liability
11,3,6,Honda,Urban,3,4,2,Female,Single,32,Third Party,Sport - Collision,Sport,more than 69000,0,2894,11,400,3,more than 30,more than 30,none,6 years,31 to 35,Yes,No,External,more than 5,no change,1 vehicle,1994,Collision
4,1,5,Mazda,Urban,4,5,1,Male,Single,28,Policy Holder,Sedan - Collision,Sedan,20000 to 29000,0,2895,4,400,3,more than 30,more than 30,none,6 years,31 to 35,No,No,External,more than 5,no change,1 vehicle,1994,Collision
4,4,4,Mazda,Rural,5,4,2,Male,Single,28,Policy Holder,Sedan - All Perils,Sedan,20000 to 29000,0,2896,6,400,4,more than 30,more than 30,1,7 years,31 to 35,No,No,External,more than 5,no change,1 vehicle,1994,All Perils
4,3,4,Chevrolet,Urban,3,5,4,Female,Single,28,Policy Holder,Sedan - Liability,Sport,20000 to 29000,0,2897,13,400,3,more than 30,more than 30,2 to 4,7 years,31 to 35,No,No,External,1 to 2,no change,1 vehicle,1994,Liability
4,3,5,Mazda,Urban,3,5,1,Male,Single,18,Policy Holder,Sedan - All Perils,Sedan,more than 69000,0,2898,8,400,1,more than 30,more than 30,more than 4,3 years,21 to 25,No,No,External,3 to 5,no change,1 vehicle,1994,All Perils
4,3,5,Toyota,Urban,5,6,2,Male,Married,41,Third Party,Sedan - All Perils,Sedan,20000 to 29000,0,2899,9,400,4,more than 30,more than 30,none,7 years,36 to 40,No,No,External,more than 5,4 to 8 years,2 vehicles,1994,All Perils
6,2,4,Chevrolet,Urban,3,10,2,Male,Married,40,Policy Holder,Sedan - Liability,Sport,30000 to 39000,0,2900,9,400,2,more than 30,more than 30,more than 4,more than 7,36 to 40,No,No,External,3 to 5,no change,1 vehicle,1994,Liability
7,4,6,Chevrolet,Urban,4,11,4,Male,Married,37,Policy Holder,Sedan - Liability,Sport,20000 to 29000,0,2901,5,400,4,more than 30,more than 30,none,more than 7,36 to 40,No,No,External,3 to 5,no change,1 vehicle,1994,Liability
10,4,5,Accura,Urban,1,10,2,Male,Married,52,Policy Holder,Utility - All Perils,Utility,more than 69000,0,2902,8,400,3,more than 30,more than 30,none,more than 7,41 to 50,No,No,External,1 to 2,no change,1 vehicle,1994,All Perils
10,2,5,Pontiac,Urban,5,12,3,Male,Married,38,Policy Holder,Sedan - Liability,Sport,20000 to 29000,0,2903,2,400,2,more than 30,more than 30,1,7 years,36 to 40,No,No,External,more than 5,no change,1 vehicle,1994,Liability
11,3,5,Accura,Urban,2,8,3,Male,Married,74,Policy Holder,Utility - All Perils,Utility,more than 69000,0,2904,4,400,2,more than 30,more than 30,none,7 years,over 65,Yes,No,External,1 to 2,no change,1 vehicle,1994,All Perils
8,1,3,Pontiac,Urban,5,8,2,Female,Single,31,Policy Holder,Sedan - Liability,Sport,30000 to 39000,0,2905,16,400,3,more than 30,more than 30,more than 4,6 years,31 to 35,No,No,External,more than 5,no change,1 vehicle,1994,Liability
8,1,7,VW,Urban,2,8,3,Male,Married,45,Policy Holder,Sedan - Liability,Sport,20000 to 29000,0,2906,6,400,3,more than 30,more than 30,2 to 4,7 years,36 to 40,No,No,External,1 to 2,no change,1 vehicle,1994,Liability
7,5,6,Honda,Urban,1,7,1,Female,Married,29,Policy Holder,Sedan - Liability,Sport,30000 to 39000,0,2907,11,400,1,more than 30,more than 30,1,3 years,31 to 35,No,No,External,more than 5,no change,1 vehicle,1994,Liability
7,3,3,Honda,Rural,3,5,3,Male,Married,45,Policy Holder,Sedan - Collision,Sedan,20000 to 29000,0,2908,14,500,3,more than 30,more than 30,1,7 years,36 to 40,No,No,External,more than 5,2 to 3 years,1 vehicle,1994,Collision
5,3,6,Pontiac,Rural,4,6,3,Female,Married,30,Policy Holder,Sedan - All Perils,Sedan,20000 to 29000,0,2909,12,400,1,more than 30,more than 30,none,6 years,31 to 35,No,No,External,more than 5,no change,1 vehicle,1994,All Perils
4,3,7,Toyota,Rural,2,4,4,Female,Single,28,Policy Holder,Sedan - All Perils,Sedan,20000 to 29000,1,2910,3,400,1,more than 30,more than 30,2 to 4,7 years,31 to 35,No,No,External,none,no change,1 vehicle,1994,All Perils
4,3,6,Pontiac,Urban,2,4,3,Male,Married,65,Policy Holder,Sedan - All Perils,Sedan,20000 to 29000,0,2911,5,400,3,more than 30,more than 30,none,more than 7,51 to 65,No,No,External,none,no change,1 vehicle,1994,All Perils
4,3,3,Pontiac,Urban,3,4,3,Male,Single,42,Policy Holder,Sedan - Liability,Sport,30000 to 39000,0,2912,3,400,2,more than 30,more than 30,1,7 years,36 to 40,No,No,External,none,no change,3 to 4,1994,Liability
4,2,3,Pontiac,Urban,3,4,3,Female,Single,27,Policy Holder,Sedan - Collision,Sedan,20000 to 29000,0,2913,10,400,2,more than 30,more than 30,1,6 years,31 to 35,No,No,External,1 to 2,1 year,1 vehicle,1994,Collision
4,1,2,Toyota,Rural,2,4,1,Female,Single,46,Policy Holder,Sedan - All Perils,Sedan,20000 to 29000,0,2914,6,400,3,more than 30,more than 30,none,7 years,41 to 50,No,No,External,more than 5,no change,1 vehicle,1994,All Perils
4,1,3,Honda,Urban,2,11,3,Male,Married,43,Policy Holder,Sedan - All Perils,Sedan,20000 to 29000,0,2915,16,700,2,more than 30,more than 30,1,7 years,36 to 40,No,No,External,3 to 5,no change,1 vehicle,1994,All Perils
11,3,6,Pontiac,Rural,1,11,4,Male,Married,40,Policy Holder,Sedan - Collision,Sedan,30000 to 39000,0,2916,16,400,1,more than 30,more than 30,2 to 4,6 years,36 to 40,No,No,External,more than 5,no change,1 vehicle,1994,Collision
11,1,6,Mazda,Urban,2,4,2,Male,Married,43,Policy Holder,Sedan - Collision,Sedan,20000 to 29000,0,2917,1,400,3,more than 30,more than 30,1,7 years,36 to 40,No,No,External,more than 5,no change,1 vehicle,1994,Collision
4,3,2,Toyota,Rural,3,10,3,Male,Married,37,Third Party,Sedan - All Perils,Sedan,20000 to 29000,0,2918,5,400,3,more than 30,more than 30,1,5 years,36 to 40,No,No,External,none,no change,1 vehicle,1994,All Perils
10,4,7,Chevrolet,Urban,1,10,4,Male,Single,34,Policy Holder,Sedan - Liability,Sport,30000 to 39000,0,2919,14,400,1,more than 30,more than 30,2 to 4,5 years,31 to 35,No,No,External,none,no change,1 vehicle,1994,Liability
10,4,1,Pontiac,Urban,2,10,4,Male,Married,35,Third Party,Sedan - Liability,Sport,20000 to 29000,0,2920,7,400,3,more than 30,more than 30,2 to 4,6 years,31 to 35,No,No,External,none,4 to 8 years,2 vehicles,1994,Liability
10,2,3,Chevrolet,Urban,5,10,2,Male,Single,32,Policy Holder,Sedan - Collision,Sedan,20000 to 29000,0,2921,12,400,2,more than 30,more than 30,2 to 4,6 years,31 to 35,No,No,External,3 to 5,no change,1 vehicle,1994,Collision
10,1,6,Toyota,Urban,1,5,2,Male,Married,44,Policy Holder,Sedan - Liability,Sport,20000 to 29000,0,2922,8,400,2,more than 30,more than 30,2 to 4,7 years,36 to 40,No,No,External,none,no change,1 vehicle,1994,Liability
4,3,1,Ford,Rural,2,8,1,Male,Single,34,Policy Holder,Sedan - Collision,Sedan,20000 to 29000,1,2923,6,400,4,more than 30,more than 30,2 to 4,6 years,31 to 35,No,No,External,none,no change,1 vehicle,1994,Collision
8,4,7,Pontiac,Urban,3,8,4,Male,Married,41,Policy Holder,Sedan - Collision,Sedan,20000 to 29000,0,2924,16,400,4,more than 30,more than 30,2 to 4,7 years,36 to 40,No,No,External,none,no change,1 vehicle,1994,Collision
8,4,7,Mazda,Urban,5,8,4,Male,Married,47,Policy Holder,Sedan - Collision,Sedan,30000 to 39000,0,2925,5,400,2,more than 30,more than 30,2 to 4,more than 7,41 to 50,No,No,External,none,no change,1 vehicle,1994,Collision
8,2,1,Pontiac,Urban,3,7,3,Male,Married,26,Policy Holder,Sedan - All Perils,Sedan,20000 to 29000,0,2926,11,400,2,more than 30,more than 30,none,6 years,31 to 35,No,No,External,more than 5,no change,1 vehicle,1994,All Perils
7,3,1,Accura,Urban,1,7,3,Male,Married,43,Policy Holder,Sedan - All Perils,Sedan,20000 to 29000,0,2927,10,400,3,more than 30,more than 30,none,more than 7,36 to 40,No,No,External,none,no change,1 vehicle,1994,All Perils
7,3,4,Mazda,Urban,4,7,3,Female,Married,28,Policy Holder,Sedan - Collision,Sedan,30000 to 39000,0,2928,6,400,3,more than 30,more than 30,2 to 4,7 years,31 to 35,No,No,External,none,no change,1 vehicle,1994,Collision
7,3,3,Pontiac,Urban,1,7,3,Male,Single,27,Policy Holder,Sedan - All Perils,Sedan,20000 to 29000,0,2929,1,400,2,more than 30,more than 30,none,6 years,31 to 35,No,No,External,none,no change,1 vehicle,1994,All Perils
7,1,1,Toyota,Urban,3,7,2,Male,Single,40,Policy Holder,Sedan - Collision,Sedan,30000 to 39000,0,2930,1,400,4,more than 30,more than 30,2 to 4,7 years,36 to 40,No,No,External,more than 5,no change,1 vehicle,1994,Collision
7,1,6,Honda,Urban,3,7,2,Female,Married,42,Third Party,Sport - Collision,Sport,more than 69000,0,2931,10,400,4,1 to 7,15 to 30,none,7 years,36 to 40,No,No,External,none,no change,1 vehicle,1994,Collision
7,1,5,Saab,Urban,3,7,1,Male,Married,27,Third Party,Sedan - Collision,Sedan,more than 69000,0,2932,11,400,4,more than 30,more than 30,none,6 years,31 to 35,No,No,External,none,no change,1 vehicle,1994,Collision
7,1,7,Toyota,Urban,3,6,3,Male,Married,42,Policy Holder,Sedan - Liability,Sport,20000 to 29000,0,2933,11,400,3,more than 30,more than 30,more than 4,5 years,36 to 40,No,No,External,none,no change,1 vehicle,1994,Liability
4,3,6,Honda,Urban,3,6,4,Male,Single,30,Policy Holder,Sedan - Liability,Sport,20000 to 29000,0,2934,13,400,4,more than 30,more than 30,none,6 years,31 to 35,No,No,External,none,no change,1 vehicle,1994,Liability
6,2,4,Mazda,Urban,2,6,4,Male,Single,42,Third Party,Sedan - Collision,Sedan,20000 to 29000,0,2935,11,400,2,more than 30,more than 30,2 to 4,7 years,36 to 40,No,No,External,more than 5,no change,1 vehicle,1994,Collision
6,2,7,Mazda,Urban,1,5,3,Male,Single,32,Policy Holder,Sedan - All Perils,Sedan,30000 to 39000,0,2936,6,400,4,more than 30,more than 30,1,7 years,31 to 35,No,No,External,more than 5,no change,1 vehicle,1994,All Perils
5,4,1,Pontiac,Urban,1,5,4,Male,Married,78,Policy Holder,Sedan - Liability,Sport,20000 to 29000,0,2937,8,400,2,more than 30,more than 30,1,7 years,over 65,No,No,External,3 to 5,no change,1 vehicle,1994,Liability
5,1,7,Mazda,Urban,3,4,1,Male,Married,44,Third Party,Sedan - Collision,Sedan,20000 to 29000,0,2938,6,400,1,more than 30,more than 30,1,7 years,36 to 40,No,No,External,none,no change,1 vehicle,1994,Collision
4,3,3,Honda,Urban,3,1,3,Male,Married,48,Policy Holder,Sedan - Collision,Sedan,20000 to 29000,1,2939,8,400,4,more than 30,more than 30,1,more than 7,41 to 50,No,No,External,none,no change,1 vehicle,1994,Collision
1,3,3,Accura,Urban,3,11,3,Male,Single,52,Policy Holder,Sedan - Collision,Sedan,more than 69000,0,2940,5,400,1,more than 30,more than 30,more than 4,more than 7,41 to 50,No,No,External,1 to 2,no change,1 vehicle,1994,Collision
11,4,5,Honda,Urban,4,12,5,Male,Married,44,Third Party,Sedan - Collision,Sedan,20000 to 29000,0,2941,1,400,1,more than 30,more than 30,none,more than 7,36 to 40,No,No,External,1 to 2,4 to 8 years,2 vehicles,1994,Collision
3,2,1,Pontiac,Urban,3,11,3,Male,Married,29,Policy Holder,Sedan - Liability,Sport,20000 to 29000,0,2942,15,400,4,more than 30,more than 30,2 to 4,6 years,31 to 35,No,No,External,1 to 2,no change,1 vehicle,1994,Liability
11,1,5,VW,Urban,1,12,2,Male,Married,41,Policy Holder,Sedan - Liability,Sport,40000 to 59000,0,2943,3,400,3,more than 30,more than 30,2 to 4,7 years,36 to 40,No,No,External,none,no change,1 vehicle,1994,Liability
10,3,2,Accura,Urban,3,7,2,Male,Married,45,Third Party,Utility - All Perils,Utility,more than 69000,0,2944,14,400,4,more than 30,more than 30,none,more than 7,36 to 40,No,No,External,1 to 2,no change,1 vehicle,1994,All Perils
7,1,4,Toyota,Urban,5,7,1,Male,Single,28,Policy Holder,Sedan - Liability,Sport,20000 to 29000,0,2945,8,400,4,more than 30,more than 30,1,6 years,31 to 35,No,No,External,3 to 5,no change,1 vehicle,1994,Liability
6,5,4,Chevrolet,Urban,5,8,5,Male,Single,33,Policy Holder,Sedan - Collision,Sedan,20000 to 29000,0,2946,8,400,3,more than 30,more than 30,none,6 years,31 to 35,No,No,External,none,no change,1 vehicle,1994,Collision
6,3,2,VW,Urban,1,4,4,Male,Single,65,Policy Holder,Sedan - Liability,Sport,60000 to 69000,0,2947,2,400,4,more than 30,more than 30,2 to 4,more than 7,51 to 65,No,No,External,none,no change,1 vehicle,1994,Liability
3,4,6,Toyota,Urban,1,3,2,Male,Married,44,Third Party,Sedan - All Perils,Sedan,less than 20000,0,2948,13,400,4,more than 30,more than 30,none,7 years,36 to 40,No,No,External,none,no change,1 vehicle,1994,All Perils
3,2,7,Toyota,Urban,1,3,2,Male,Married,53,Policy Holder,Sedan - All Perils,Sedan,more than 69000,0,2949,8,400,3,more than 30,more than 30,none,more than 7,41 to 50,No,No,External,3 to 5,no change,1 vehicle,1994,All Perils
3,1,4,Chevrolet,Urban,4,4,1,Male,Married,35,Policy Holder,Sedan - Collision,Sedan,more than 69000,0,2950,1,400,1,more than 30,more than 30,1,7 years,31 to 35,No,No,External,1 to 2,no change,1 vehicle,1994,Collision
3,3,3,Mazda,Urban,3,3,4,Male,Married,28,Third Party,Sedan - Collision,Sedan,30000 to 39000,0,2951,8,400,2,more than 30,more than 30,2 to 4,6 years,31 to 35,No,No,External,3 to 5,no change,1 vehicle,1994,Collision
3,1,5,Honda,Rural,1,2,1,Male,Single,0,Policy Holder,Sport - Collision,Sport,more than 69000,0,2952,2,400,4,more than 30,more than 30,none,new,16 to 17,No,No,External,none,no change,1 vehicle,1994,Collision
2,4,7,Honda,Urban,3,4,5,Male,Married,26,Policy Holder,Sedan - Liability,Sport,20000 to 29000,0,2953,7,400,4,more than 30,more than 30,more than 4,7 years,31 to 35,No,No,External,more than 5,no change,3 to 4,1994,Liability
4,3,3,Mazda,Urban,4,12,3,Male,Married,32,Policy Holder,Sedan - Collision,Sedan,30000 to 39000,1,2954,8,400,2,more than 30,more than 30,2 to 4,6 years,31 to 35,No,No,External,more than 5,no change,1 vehicle,1994,Collision
12,2,3,Pontiac,Urban,4,12,3,Male,Married,63,Policy Holder,Sedan - Liability,Sport,30000 to 39000,0,2955,8,400,4,more than 30,more than 30,1,more than 7,51 to 65,No,No,Internal,none,no change,1 vehicle,1994,Liability
12,2,6,Chevrolet,Urban,5,3,3,Male,Married,47,Policy Holder,Sedan - All Perils,Sedan,more than 69000,0,2956,16,400,4,more than 30,more than 30,none,more than 7,41 to 50,No,No,External,1 to 2,no change,1 vehicle,1994,All Perils
2,3,4,Mazda,Urban,3,12,4,Female,Single,22,Third Party,Sedan - All Perils,Sedan,20000 to 29000,0,2957,10,400,1,more than 30,more than 30,more than 4,4 years,26 to 30,No,No,External,more than 5,no change,1 vehicle,1994,All Perils
12,1,3,Pontiac,Urban,4,12,2,Male,Married,41,Policy Holder,Sedan - All Perils,Sedan,20000 to 29000,0,2958,2,400,2,more than 30,more than 30,1,7 years,36 to 40,No,No,External,none,no change,1 vehicle,1994,All Perils
11,5,7,VW,Urban,4,5,1,Male,Single,33,Policy Holder,Sedan - Liability,Sport,more than 69000,0,2959,13,500,4,more than 30,more than 30,more than 4,7 years,31 to 35,No,No,External,more than 5,2 to 3 years,1 vehicle,1994,Liability
4,3,3,Pontiac,Urban,4,12,3,Female,Married,63,Third Party,Sedan - All Perils,Sedan,20000 to 29000,0,2960,16,400,4,more than 30,more than 30,none,5 years,51 to 65,No,No,External,none,no change,1 vehicle,1994,All Perils
12,3,6,Mazda,Urban,1,12,3,Male,Single,36,Policy Holder,Sedan - Liability,Sport,30000 to 39000,0,2961,5,400,2,more than 30,more than 30,more than 4,7 years,36 to 40,No,No,External,1 to 2,no change,1 vehicle,1994,Liability
12,3,1,Chevrolet,Urban,4,4,3,Female,Married,46,Third Party,Sedan - All Perils,Sedan,more than 69000,0,2962,2,400,1,more than 30,more than 30,2 to 4,7 years,41 to 50,No,No,External,more than 5,4 to 8 years,2 vehicles,1994,All Perils
4,3,1,Honda,Urban,4,4,4,Male,Married,37,Policy Holder,Sedan - All Perils,Sedan,30000 to 39000,1,2963,16,400,1,more than 30,more than 30,2 to 4,more than 7,36 to 40,No,No,External,more than 5,no change,1 vehicle,1994,All Perils
4,3,2,Toyota,Rural,3,8,4,Male,Married,28,Third Party,Sedan - All Perils,Sedan,less than 20000,0,2964,13,400,1,more than 30,more than 30,none,6 years,31 to 35,No,No,External,more than 5,no change,1 vehicle,1994,All Perils
8,5,1,Chevrolet,Urban,3,10,5,Male,Married,42,Policy Holder,Sedan - Liability,Sport,30000 to 39000,0,2965,11,400,2,more than 30,more than 30,2 to 4,more than 7,36 to 40,No,No,External,more than 5,no change,1 vehicle,1994,Liability
10,1,2,Mazda,Urban,2,10,1,Male,Married,50,Policy Holder,Sedan - Liability,Sport,20000 to 29000,0,2966,9,400,3,more than 30,more than 30,2 to 4,more than 7,41 to 50,No,No,External,3 to 5,no change,1 vehicle,1994,Liability
10,1,1,Toyota,Urban,2,4,1,Male,Single,34,Policy Holder,Sedan - Liability,Sport,more than 69000,0,2967,7,400,3,more than 30,more than 30,2 to 4,6 years,31 to 35,No,No,External,none,no change,1 vehicle,1994,Liability
4,3,1,Honda,Urban,3,5,3,Male,Single,0,Policy Holder,Sedan - Liability,Sport,more than 69000,1,2968,11,400,4,more than 30,more than 30,more than 4,new,16 to 17,No,No,External,none,no change,1 vehicle,1994,Liability
4,3,1,Pontiac,Rural,4,4,1,Male,Single,23,Policy Holder,Sedan - Liability,Sport,20000 to 29000,0,2969,11,400,1,none,more than 30,1,5 years,26 to 30,No,No,External,1 to 2,no change,1 vehicle,1994,Liability
4,3,1,Dodge,Urban,2,12,4,Male,Married,64,Third Party,Sedan - Collision,Sedan,30000 to 39000,0,2970,6,400,1,more than 30,more than 30,1,more than 7,51 to 65,No,No,External,more than 5,no change,1 vehicle,1994,Collision
12,2,2,Honda,Urban,2,12,2,Male,Single,77,Policy Holder,Sedan - Liability,Sport,20000 to 29000,0,2971,11,400,2,more than 30,more than 30,more than 4,more than 7,over 65,No,No,External,none,no change,1 vehicle,1994,Liability
12,2,7,Mazda,Urban,3,12,2,Female,Single,32,Policy Holder,Sedan - Liability,Sport,30000 to 39000,0,2972,6,400,2,more than 30,more than 30,2 to 4,7 years,31 to 35,No,No,External,none,no change,1 vehicle,1994,Liability
12,2,1,Chevrolet,Urban,3,5,2,Female,Married,35,Policy Holder,Sedan - Collision,Sedan,20000 to 29000,0,2973,8,400,4,more than 30,more than 30,1,6 years,31 to 35,No,No,External,1 to 2,no change,1 vehicle,1994,Collision
4,3,2,Honda,Urban,3,12,2,Male,Married,30,Policy Holder,Sport - Collision,Sport,more than 69000,1,2974,6,400,4,more than 30,more than 30,none,6 years,31 to 35,No,No,External,none,no change,1 vehicle,1994,Collision
12,1,1,Toyota,Urban,2,10,2,Male,Married,36,Third Party,Sedan - Collision,Sedan,30000 to 39000,0,2975,7,400,4,more than 30,more than 30,2 to 4,7 years,36 to 40,No,No,External,more than 5,no change,1 vehicle,1994,Collision
10,1,7,Chevrolet,Urban,2,9,1,Male,Married,53,Policy Holder,Sedan - All Perils,Sedan,20000 to 29000,0,2976,14,400,4,more than 30,more than 30,none,more than 7,41 to 50,No,No,External,more than 5,no change,1 vehicle,1994,All Perils
9,1,6,Mazda,Urban,3,9,1,Male,Single,31,Third Party,Sedan - All Perils,Sedan,20000 to 29000,0,2977,2,400,3,more than 30,more than 30,none,6 years,31 to 35,No,No,External,none,no change,1 vehicle,1994,All Perils
9,1,2,Toyota,Urban,1,9,2,Female,Single,32,Policy Holder,Sedan - Collision,Sedan,20000 to 29000,0,2978,4,400,4,15 to 30,more than 30,2 to 4,5 years,31 to 35,No,No,External,1 to 2,no change,1 vehicle,1994,Collision
8,5,1,Pontiac,Urban,1,5,1,Male,Married,47,Policy Holder,Sedan - All Perils,Sedan,20000 to 29000,0,2979,14,400,4,more than 30,more than 30,1,more than 7,41 to 50,No,No,External,1 to 2,no change,1 vehicle,1994,All Perils
4,2,4,Toyota,Urban,5,3,1,Male,Married,65,Policy Holder,Sedan - Collision,Sedan,20000 to 29000,0,2980,10,400,4,more than 30,more than 30,2 to 4,more than 7,51 to 65,No,No,External,none,no change,1 vehicle,1994,Collision
3,1,3,Chevrolet,Urban,6,12,1,Male,Married,56,Policy Holder,Sedan - Liability,Sport,more than 69000,0,2981,12,400,3,more than 30,more than 30,none,more than 7,51 to 65,No,No,External,more than 5,no change,1 vehicle,1994,Liability
12,3,2,VW,Urban,5,12,3,Male,Single,32,Policy Holder,Sedan - All Perils,Sedan,20000 to 29000,0,2982,16,400,4,more than 30,more than 30,1,7 years,31 to 35,No,No,External,1 to 2,no change,1 vehicle,1994,All Perils
12,1,1,Honda,Urban,3,2,4,Male,Married,35,Third Party,Sedan - All Perils,Sedan,20000 to 29000,0,2983,9,400,2,more than 30,more than 30,2 to 4,6 years,31 to 35,No,No,External,none,4 to 8 years,2 vehicles,1994,All Perils
1,2,3,Toyota,Urban,3,3,1,Male,Single,23,Policy Holder,Sedan - All Perils,Sedan,20000 to 29000,0,2984,15,400,3,more than 30,more than 30,1,5 years,26 to 30,No,No,External,none,no change,1 vehicle,1994,All Perils
8,2,3,Mazda,Rural,5,3,1,Male,Single,27,Policy Holder,Sport - Collision,Sport,more than 69000,0,2985,3,400,3,more than 30,more than 30,2 to 4,7 years,31 to 35,No,No,External,none,no change,1 vehicle,1994,Collision
3,1,5,Chevrolet,Urban,3,3,1,Female,Married,46,Policy Holder,Sedan - Liability,Sport,40000 to 59000,0,2986,4,400,2,more than 30,more than 30,more than 4,more than 7,41 to 50,No,No,External,1 to 2,no change,1 vehicle,1994,Liability
2,4,5,Chevrolet,Urban,1,3,1,Male,Married,43,Policy Holder,Sedan - Liability,Sport,40000 to 59000,0,2987,1,400,1,none,8 to 15,more than 4,7 years,36 to 40,No,No,External,1 to 2,no change,1 vehicle,1994,Liability
3,2,1,Pontiac,Urban,3,4,5,Male,Married,38,Policy Holder,Sedan - All Perils,Sedan,less than 20000,0,2988,2,400,3,more than 30,more than 30,2 to 4,6 years,36 to 40,No,No,External,1 to 2,no change,1 vehicle,1994,All Perils
4,2,5,Toyota,Urban,1,10,3,Male,Married,30,Policy Holder,Sedan - Collision,Sedan,20000 to 29000,0,2989,14,400,3,more than 30,more than 30,2 to 4,7 years,31 to 35,No,No,External,none,no change,1 vehicle,1994,Collision
9,5,6,Mazda,Urban,1,5,1,Male,Married,30,Third Party,Sedan - Liability,Sport,20000 to 29000,0,2990,11,400,1,more than 30,more than 30,2 to 4,7 years,31 to 35,No,No,External,none,no change,1 vehicle,1994,Liability
5,5,6,Honda,Urban,1,3,5,Male,Married,61,Policy Holder,Sedan - Liability,Sport,20000 to 29000,0,2991,11,400,4,more than 30,more than 30,more than 4,more than 7,51 to 65,No,No,External,more than 5,no change,1 vehicle,1994,Liability
3,2,2,Toyota,Urban,3,7,3,Male,Single,30,Policy Holder,Sedan - Collision,Sedan,20000 to 29000,0,2992,5,400,3,more than 30,more than 30,1,7 years,31 to 35,No,No,External,none,no change,1 vehicle,1994,Collision
7,1,6,Honda,Urban,3,11,1,Male,Single,62,Policy Holder,Sedan - Liability,Sport,40000 to 59000,0,2993,9,400,3,more than 30,more than 30,2 to 4,more than 7,51 to 65,No,No,External,none,no change,1 vehicle,1994,Liability
10,5,5,Mazda,Rural,5,11,3,Male,Married,44,Policy Holder,Sedan - Collision,Sedan,30000 to 39000,0,2994,16,400,4,more than 30,more than 30,none,7 years,36 to 40,No,No,External,none,no change,3 to 4,1994,Collision
11,2,2,Mazda,Urban,2,4,2,Male,Married,32,Policy Holder,Sedan - Collision,Sedan,20000 to 29000,0,2995,16,400,4,more than 30,more than 30,1,7 years,31 to 35,No,No,Internal,none,no change,1 vehicle,1994,Collision
4,4,4,VW,Urban,2,5,4,Female,Married,39,Policy Holder,Sedan - Liability,Sport,more than 69000,0,2996,6,400,1,more than 30,more than 30,2 to 4,7 years,36 to 40,No,No,External,none,no change,1 vehicle,1994,Liability
5,2,5,Pontiac,Rural,5,5,3,Male,Married,27,Policy Holder,Sedan - Liability,Sport,20000 to 29000,0,2997,16,400,1,more than 30,more than 30,2 to 4,5 years,31 to 35,No,No,External,more than 5,no change,1 vehicle,1994,Liability
5,1,2,Pontiac,Rural,3,5,1,Male,Married,64,Third Party,Sedan - Collision,Sedan,30000 to 39000,0,2998,7,400,3,more than 30,more than 30,1,more than 7,51 to 65,No,No,External,3 to 5,no change,1 vehicle,1994,Collision
5,1,3,Pontiac,Urban,4,5,1,Male,Married,52,Policy Holder,Sedan - Liability,Sport,30000 to 39000,0,2999,10,400,3,more than 30,more than 30,2 to 4,7 years,41 to 50,No,No,External,more than 5,no change,1 vehicle,1994,Liability
4,3,4,Pontiac,Urban,5,6,2,Male,Married,32,Policy Holder,Sedan - All Perils,Sedan,20000 to 29000,1,3000,2,400,4,more than 30,more than 30,1,6 years,31 to 35,No,No,External,more than 5,no change,1 vehicle,1994,All Perils
6,1,2,Mazda,Urban,4,5,2,Male,Married,64,Policy Holder,Sedan - Collision,Sedan,20000 to 29000,0,3001,3,400,2,more than 30,more than 30,2 to 4,7 years,51 to 65,No,No,External,none,no change,1 vehicle,1994,Collision
5,4,4,Toyota,Rural,4,6,4,Male,Married,60,Policy Holder,Sedan - All Perils,Sedan,20000 to 29000,0,3002,11,400,2,more than 30,more than 30,none,more than 7,51 to 65,No,No,External,none,no change,1 vehicle,1994,All Perils
6,3,2,Chevrolet,Rural,3,6,5,Male,Married,34,Third Party,Sedan - Collision,Sedan,20000 to 29000,0,3003,4,400,2,more than 30,more than 30,1,6 years,31 to 35,No,No,External,none,no change,1 vehicle,1994,Collision
6,5,7,Mazda,Urban,4,8,5,Male,Married,52,Policy Holder,Sedan - Liability,Sport,20000 to 29000,0,3004,1,400,2,more than 30,more than 30,more than 4,more than 7,41 to 50,No,No,External,3 to 5,1 year,2 vehicles,1994,Liability
7,5,7,Mazda,Urban,4,9,1,Male,Married,56,Policy Holder,Sedan - All Perils,Sedan,20000 to 29000,0,3005,16,400,3,more than 30,more than 30,none,more than 7,51 to 65,No,No,External,more than 5,no change,1 vehicle,1994,All Perils
8,5,6,Honda,Urban,2,8,1,Male,Married,54,Policy Holder,Sport - Collision,Sport,more than 69000,0,3006,5,400,1,more than 30,more than 30,none,more than 7,41 to 50,No,No,External,none,no change,1 vehicle,1994,Collision
8,4,4,Mazda,Urban,2,9,5,Male,Married,41,Policy Holder,Sedan - Liability,Sport,20000 to 29000,0,3007,16,400,3,more than 30,more than 30,1,7 years,36 to 40,No,No,External,none,no change,1 vehicle,1994,Liability
8,4,3,Pontiac,Urban,3,9,1,Male,Married,29,Policy Holder,Sedan - Liability,Sport,20000 to 29000,0,3008,13,700,1,more than 30,more than 30,more than 4,7 years,31 to 35,No,No,External,more than 5,no change,1 vehicle,1994,Liability
9,4,7,Accura,Urban,1,9,4,Male,Married,42,Third Party,Sedan - Liability,Sport,20000 to 29000,0,3009,4,400,2,more than 30,more than 30,more than 4,more than 7,36 to 40,No,No,External,none,no change,1 vehicle,1994,Liability
9,3,3,Pontiac,Urban,1,5,3,Male,Single,23,Third Party,Sedan - All Perils,Sedan,20000 to 29000,0,3010,13,400,4,more than 30,more than 30,none,5 years,26 to 30,No,No,External,3 to 5,2 to 3 years,1 vehicle,1994,All Perils
4,3,7,Pontiac,Urban,3,10,2,Male,Married,37,Policy Holder,Sedan - Collision,Sedan,20000 to 29000,1,3011,10,400,4,more than 30,more than 30,more than 4,7 years,36 to 40,No,No,External,none,no change,1 vehicle,1994,Collision
10,1,6,Ford,Urban,4,10,1,Male,Married,66,Policy Holder,Sedan - Liability,Sport,40000 to 59000,0,3012,15,400,1,more than 30,more than 30,2 to 4,more than 7,over 65,No,No,External,none,no change,1 vehicle,1994,Liability
10,4,3,Honda,Rural,4,11,4,Male,Married,28,Third Party,Sedan - Collision,Sedan,20000 to 29000,0,3013,13,400,1,more than 30,more than 30,2 to 4,7 years,31 to 35,No,No,External,none,no change,1 vehicle,1994,Collision
11,3,2,Accura,Urban,2,5,4,Male,Married,46,Third Party,Sedan - All Perils,Sedan,20000 to 29000,0,3014,7,400,2,more than 30,more than 30,none,more than 7,41 to 50,No,No,External,1 to 2,no change,1 vehicle,1994,All Perils
5,3,2,Mazda,Urban,2,6,3,Male,Married,27,Policy Holder,Sedan - Collision,Sedan,20000 to 29000,0,3015,8,400,2,more than 30,more than 30,none,6 years,31 to 35,No,No,External,more than 5,no change,1 vehicle,1994,Collision
6,1,5,Pontiac,Urban,6,9,1,Female,Single,36,Policy Holder,Sedan - Collision,Sedan,20000 to 29000,0,3016,5,400,3,more than 30,more than 30,2 to 4,7 years,36 to 40,No,No,External,more than 5,no change,1 vehicle,1994,Collision
9,4,1,Toyota,Urban,3,8,4,Male,Married,76,Policy Holder,Sedan - Collision,Sedan,less than 20000,0,3017,2,400,2,more than 30,more than 30,none,more than 7,over 65,No,No,External,none,no change,1 vehicle,1994,Collision
8,4,5,Toyota,Urban,1,5,4,Male,Married,30,Third Party,Sedan - Liability,Sport,30000 to 39000,0,3018,8,400,2,more than 30,more than 30,1,6 years,31 to 35,No,No,External,more than 5,no change,1 vehicle,1994,Liability
5,1,2,Honda,Urban,3,7,2,Male,Married,27,Policy Holder,Sedan - Collision,Sedan,20000 to 29000,0,3019,16,400,3,more than 30,more than 30,none,6 years,31 to 35,No,No,External,1 to 2,no change,1 vehicle,1994,Collision
7,3,2,Pontiac,Urban,3,7,3,Male,Married,38,Third Party,Sedan - Collision,Sedan,20000 to 29000,0,3020,10,400,1,more than 30,more than 30,none,7 years,36 to 40,No,No,External,1 to 2,no change,1 vehicle,1994,Collision
7,2,6,Mazda,Urban,2,9,2,Male,Married,71,Third Party,Sedan - Collision,Sedan,more than 69000,0,3021,8,400,1,more than 30,more than 30,none,6 years,over 65,No,No,External,none,no change,1 vehicle,1994,Collision
9,1,2,Chevrolet,Urban,2,8,2,Male,Single,29,Policy Holder,Sedan - Collision,Sedan,20000 to 29000,0,3022,15,400,1,more than 30,more than 30,1,5 years,31 to 35,No,No,External,none,no change,1 vehicle,1994,Collision
8,5,3,Mazda,Urban,4,9,5,Male,Married,58,Policy Holder,Sedan - Collision,Sedan,20000 to 29000,0,3023,15,400,1,more than 30,more than 30,1,more than 7,51 to 65,No,No,External,none,no change,1 vehicle,1994,Collision
8,5,5,Toyota,Urban,1,9,1,Female,Single,53,Policy Holder,Sedan - Liability,Sport,20000 to 29000,0,3024,1,400,1,more than 30,more than 30,2 to 4,more than 7,41 to 50,No,No,External,none,no change,1 vehicle,1994,Liability
8,3,6,Chevrolet,Urban,3,12,1,Male,Married,27,Policy Holder,Sedan - Liability,Sport,20000 to 29000,0,3025,8,400,2,more than 30,more than 30,more than 4,7 years,31 to 35,No,No,External,1 to 2,4 to 8 years,2 vehicles,1994,Liability
12,2,2,Toyota,Urban,2,11,5,Male,Single,37,Policy Holder,Sedan - Liability,Sport,20000 to 29000,0,3026,5,400,3,more than 30,more than 30,2 to 4,7 years,36 to 40,No,No,External,none,no change,1 vehicle,1994,Liability
11,5,5,Honda,Urban,1,9,5,Male,Married,45,Policy Holder,Sedan - Liability,Sport,20000 to 29000,0,3027,1,400,2,more than 30,more than 30,2 to 4,7 years,36 to 40,No,No,External,3 to 5,no change,1 vehicle,1994,Liability
8,4,1,Toyota,Urban,3,9,2,Male,Single,37,Policy Holder,Sedan - Liability,Sport,30000 to 39000,0,3028,12,400,2,more than 30,more than 30,2 to 4,7 years,36 to 40,No,No,External,more than 5,no change,1 vehicle,1994,Liability
8,3,2,Mazda,Urban,4,9,1,Male,Married,30,Third Party,Sedan - Collision,Sedan,20000 to 29000,0,3029,2,400,3,more than 30,more than 30,1,7 years,31 to 35,No,No,External,none,no change,1 vehicle,1994,Collision
8,3,2,Toyota,Urban,2,9,2,Male,Single,29,Policy Holder,Sedan - Collision,Sedan,20000 to 29000,0,3030,7,400,3,more than 30,more than 30,none,4 years,31 to 35,Yes,No,External,none,no change,1 vehicle,1994,Collision
9,2,4,Mercury,Urban,4,9,2,Male,Married,34,Policy Holder,Sedan - Collision,Sedan,20000 to 29000,0,3031,2,400,3,more than 30,more than 30,2 to 4,6 years,31 to 35,No,No,External,more than 5,no change,1 vehicle,1994,Collision
9,3,4,Mazda,Urban,5,7,3,Male,Single,23,Policy Holder,Sedan - Collision,Sedan,20000 to 29000,0,3032,13,400,4,more than 30,more than 30,2 to 4,5 years,26 to 30,No,No,External,none,no change,1 vehicle,1994,Collision
4,4,5,Chevrolet,Urban,1,10,1,Male,Married,29,Policy Holder,Sedan - All Perils,Sedan,30000 to 39000,1,3033,10,400,1,more than 30,more than 30,more than 4,7 years,31 to 35,No,No,External,none,no change,1 vehicle,1994,All Perils
9,5,3,Honda,Urban,4,9,1,Male,Married,35,Policy Holder,Sedan - Collision,Sedan,20000 to 29000,0,3034,14,400,2,more than 30,more than 30,none,6 years,31 to 35,No,No,External,none,no change,1 vehicle,1994,Collision
9,4,5,Mazda,Urban,5,9,5,Female,Married,31,Third Party,Sedan - All Perils,Sedan,less than 20000,0,3035,9,400,2,more than 30,more than 30,1,6 years,31 to 35,No,No,External,1 to 2,no change,3 to 4,1994,All Perils
9,3,7,Pontiac,Rural,2,12,4,Male,Married,42,Policy Holder,Sedan - Liability,Sport,20000 to 29000,0,3036,16,400,2,more than 30,more than 30,2 to 4,7 years,36 to 40,No,No,External,3 to 5,no change,1 vehicle,1994,Liability
12,1,5,Honda,Urban,2,4,1,Male,Married,53,Policy Holder,Sport - Collision,Sport,more than 69000,0,3037,10,400,2,more than 30,more than 30,none,7 years,41 to 50,No,No,External,none,no change,1 vehicle,1994,Collision
4,4,4,Toyota,Urban,5,10,4,Male,Married,39,Third Party,Sedan - All Perils,Sedan,less than 20000,0,3038,9,400,3,more than 30,more than 30,2 to 4,7 years,36 to 40,No,No,External,1 to 2,no change,1 vehicle,1994,All Perils
10,1,5,Chevrolet,Urban,1,9,1,Female,Married,47,Policy Holder,Sedan - Liability,Sport,40000 to 59000,0,3039,8,700,3,more than 30,more than 30,2 to 4,7 years,41 to 50,No,No,External,more than 5,no change,1 vehicle,1994,Liability
9,2,5,Pontiac,Urban,5,9,2,Male,Married,63,Policy Holder,Sedan - Collision,Sedan,20000 to 29000,0,3040,3,400,3,more than 30,more than 30,2 to 4,7 years,51 to 65,No,No,External,1 to 2,no change,1 vehicle,1994,Collision
9,2,5,Mazda,Urban,2,4,2,Female,Single,39,Policy Holder,Sedan - Liability,Sport,20000 to 29000,0,3041,12,400,1,more than 30,more than 30,more than 4,7 years,36 to 40,No,No,External,3 to 5,no change,1 vehicle,1994,Liability
4,4,4,Honda,Urban,1,9,4,Male,Single,0,Policy Holder,Sedan - All Perils,Sedan,more than 69000,1,3042,9,400,4,more than 30,more than 30,2 to 4,new,16 to 17,No,No,External,none,no change,1 vehicle,1994,All Perils
9,2,3,Ford,Urban,4,9,2,Male,Married,71,Policy Holder,Sedan - Liability,Sport,40000 to 59000,0,3043,3,400,2,more than 30,more than 30,1,more than 7,over 65,No,No,External,1 to 2,no change,1 vehicle,1994,Liability
9,1,5,Mazda,Urban,2,4,2,Female,Single,44,Third Party,Sedan - Liability,Sport,30000 to 39000,0,3044,8,400,2,more than 30,more than 30,none,more than 7,36 to 40,Yes,No,Internal,3 to 5,no change,1 vehicle,1994,Liability
4,4,5,Honda,Urban,2,8,4,Male,Single,0,Policy Holder,Sedan - All Perils,Sedan,more than 69000,1,3045,2,400,2,more than 30,more than 30,none,new,16 to 17,No,No,External,none,no change,1 vehicle,1994,All Perils
8,2,5,Pontiac,Urban,3,9,4,Male,Single,33,Third Party,Sedan - Collision,Sedan,20000 to 29000,0,3046,14,400,1,more than 30,more than 30,2 to 4,6 years,31 to 35,No,No,External,none,4 to 8 years,2 vehicles,1994,Collision
5,3,3,Mazda,Urban,3,5,1,Male,Married,52,Policy Holder,Sedan - Liability,Sport,20000 to 29000,0,3047,1,400,2,more than 30,more than 30,1,7 years,41 to 50,No,No,External,1 to 2,no change,1 vehicle,1994,Liability
5,1,1,Chevrolet,Urban,4,12,1,Male,Married,62,Policy Holder,Sedan - Liability,Sport,20000 to 29000,0,3048,10,400,2,more than 30,more than 30,2 to 4,6 years,51 to 65,No,No,External,none,no change,1 vehicle,1994,Liability
12,3,4,Pontiac,Urban,3,9,4,Male,Single,18,Third Party,Sedan - Collision,Sedan,20000 to 29000,0,3049,8,400,3,more than 30,more than 30,2 to 4,4 years,21 to 25,No,No,External,1 to 2,no change,1 vehicle,1994,Collision
9,3,4,Honda,Urban,4,9,4,Female,Single,40,Third Party,Sedan - All Perils,Sedan,30000 to 39000,0,3050,2,400,1,more than 30,more than 30,2 to 4,7 years,36 to 40,No,No,External,more than 5,no change,1 vehicle,1994,All Perils
9,3,6,Honda,Urban,1,9,3,Male,Married,44,Policy Holder,Sedan - Collision,Sedan,20000 to 29000,0,3051,4,400,1,more than 30,more than 30,2 to 4,more than 7,36 to 40,No,No,External,none,no change,1 vehicle,1994,Collision
9,2,2,Pontiac,Urban,1,8,2,Male,Married,41,Policy Holder,Sedan - Liability,Sport,30000 to 39000,0,3052,12,400,2,more than 30,more than 30,none,7 years,36 to 40,No,No,External,more than 5,no change,1 vehicle,1994,Liability
7,4,5,Mazda,Urban,5,6,1,Male,Single,26,Third Party,Sport - Collision,Sport,more than 69000,0,3053,2,400,4,more than 30,more than 30,none,6 years,31 to 35,No,No,External,none,no change,1 vehicle,1994,Collision
4,4,2,Pontiac,Urban,1,7,3,Male,Single,25,Policy Holder,Sedan - All Perils,Sedan,20000 to 29000,1,3054,6,400,4,more than 30,more than 30,none,3 years,26 to 30,No,No,External,none,no change,1 vehicle,1994,All Perils
6,4,5,Honda,Urban,3,2,3,Female,Single,21,Policy Holder,Sedan - All Perils,Sedan,less than 20000,0,3055,1,400,1,more than 30,more than 30,none,5 years,26 to 30,No,No,External,more than 5,no change,1 vehicle,1994,All Perils
2,3,4,Mazda,Urban,5,3,4,Male,Single,29,Policy Holder,Sedan - Collision,Sedan,20000 to 29000,0,3056,12,400,1,more than 30,more than 30,more than 4,6 years,31 to 35,No,No,External,none,no change,1 vehicle,1994,Collision
2,3,7,Pontiac,Urban,4,5,2,Male,Single,33,Policy Holder,Sedan - Collision,Sedan,20000 to 29000,0,3057,8,400,4,more than 30,more than 30,none,6 years,31 to 35,No,No,External,none,no change,1 vehicle,1994,Collision
1,2,1,Pontiac,Urban,1,7,4,Male,Married,32,Policy Holder,Utility - All Perils,Utility,40000 to 59000,0,3058,8,400,4,more than 30,more than 30,more than 4,7 years,31 to 35,No,Yes,External,none,no change,1 vehicle,1994,All Perils
7,3,7,Pontiac,Urban,1,5,3,Male,Married,44,Policy Holder,Sedan - Collision,Sedan,20000 to 29000,0,3059,16,400,2,more than 30,more than 30,1,7 years,36 to 40,No,No,External,1 to 2,no change,1 vehicle,1994,Collision
5,2,7,Toyota,Urban,2,5,2,Male,Married,55,Policy Holder,Sedan - Liability,Sport,20000 to 29000,0,3060,12,400,2,more than 30,more than 30,more than 4,more than 7,41 to 50,No,No,External,none,no change,1 vehicle,1994,Liability
4,5,5,Pontiac,Urban,2,5,1,Male,Married,76,Third Party,Sedan - Collision,Sedan,20000 to 29000,0,3061,6,500,3,more than 30,more than 30,none,more than 7,over 65,No,No,External,none,2 to 3 years,1 vehicle,1994,Collision
4,4,6,Toyota,Rural,1,5,1,Male,Married,73,Third Party,Sedan - All Perils,Sedan,20000 to 29000,0,3062,13,400,3,more than 30,more than 30,none,more than 7,over 65,No,No,External,3 to 5,no change,1 vehicle,1994,All Perils
4,5,4,Mazda,Urban,1,5,2,Male,Single,31,Policy Holder,Sedan - All Perils,Sedan,20000 to 29000,0,3063,10,400,1,more than 30,more than 30,2 to 4,6 years,31 to 35,No,No,External,none,no change,1 vehicle,1994,All Perils
4,4,6,Toyota,Urban,2,5,1,Male,Married,33,Third Party,Sedan - Collision,Sedan,20000 to 29000,0,3064,14,400,4,more than 30,more than 30,1,7 years,31 to 35,No,No,External,none,no change,1 vehicle,1994,Collision
4,4,7,Accura,Urban,3,5,1,Male,Single,32,Policy Holder,Sedan - Collision,Sedan,30000 to 39000,0,3065,11,400,2,more than 30,more than 30,more than 4,6 years,31 to 35,No,No,External,none,no change,1 vehicle,1994,Collision
4,4,6,Accura,Rural,3,4,1,Male,Married,35,Policy Holder,Sedan - All Perils,Sedan,30000 to 39000,0,3066,14,400,1,more than 30,more than 30,none,7 years,31 to 35,No,No,External,none,no change,1 vehicle,1994,All Perils
4,4,2,Chevrolet,Urban,2,5,4,Male,Married,36,Policy Holder,Sedan - Collision,Sedan,30000 to 39000,0,3067,3,400,1,more than 30,more than 30,more than 4,7 years,36 to 40,No,No,External,more than 5,4 to 8 years,2 vehicles,1994,Collision
4,3,3,Mazda,Urban,1,1,1,Male,Married,53,Policy Holder,Sedan - Collision,Sedan,20000 to 29000,0,3068,8,400,2,more than 30,more than 30,1,6 years,41 to 50,Yes,No,External,none,no change,1 vehicle,1994,Collision
12,5,5,Pontiac,Urban,5,12,1,Male,Married,49,Policy Holder,Sedan - Collision,Sedan,30000 to 39000,0,3069,2,400,2,more than 30,more than 30,2 to 4,more than 7,41 to 50,No,No,Internal,none,no change,1 vehicle,1994,Collision
12,4,4,Chevrolet,Urban,3,12,4,Male,Married,41,Policy Holder,Utility - All Perils,Utility,more than 69000,0,3070,4,700,1,more than 30,more than 30,2 to 4,7 years,36 to 40,No,No,External,none,no change,1 vehicle,1994,All Perils
12,4,2,Honda,Urban,2,12,5,Male,Married,33,Third Party,Sedan - Liability,Sport,30000 to 39000,0,3071,3,400,2,more than 30,more than 30,2 to 4,6 years,31 to 35,No,No,External,more than 5,no change,1 vehicle,1994,Liability
12,2,1,Pontiac,Urban,5,12,3,Female,Single,30,Third Party,Sedan - Collision,Sedan,20000 to 29000,0,3072,13,400,3,more than 30,more than 30,2 to 4,7 years,31 to 35,No,No,External,more than 5,no change,1 vehicle,1994,Collision
12,2,1,Mazda,Urban,1,10,4,Male,Married,30,Policy Holder,Sedan - Collision,Sedan,30000 to 39000,0,3073,8,400,2,more than 30,more than 30,none,6 years,31 to 35,No,No,External,none,no change,1 vehicle,1994,Collision
10,3,1,Toyota,Urban,4,9,3,Male,Married,34,Policy Holder,Sedan - Collision,Sedan,20000 to 29000,0,3074,5,400,4,more than 30,more than 30,none,6 years,31 to 35,No,No,External,none,no change,1 vehicle,1994,Collision
9,4,3,Toyota,Urban,1,9,5,Male,Married,46,Policy Holder,Sedan - Collision,Sedan,20000 to 29000,0,3075,4,400,3,more than 30,more than 30,more than 4,7 years,41 to 50,No,No,External,none,no change,1 vehicle,1994,Collision
9,2,2,Honda,Urban,2,9,3,Female,Divorced,46,Policy Holder,Sedan - Liability,Sport,20000 to 29000,0,3076,9,400,4,more than 30,more than 30,2 to 4,7 years,41 to 50,No,No,External,none,no change,3 to 4,1994,Liability
9,1,2,Mazda,Urban,4,9,1,Female,Single,50,Policy Holder,Sedan - Liability,Sport,20000 to 29000,0,3077,1,400,3,more than 30,more than 30,2 to 4,7 years,41 to 50,No,No,External,more than 5,no change,1 vehicle,1994,Liability
9,1,6,Mazda,Urban,5,5,3,Male,Married,67,Third Party,Sedan - All Perils,Sedan,20000 to 29000,0,3078,11,400,4,more than 30,more than 30,2 to 4,more than 7,over 65,No,No,External,3 to 5,no change,1 vehicle,1994,All Perils
4,4,7,Toyota,Urban,1,8,1,Male,Married,34,Policy Holder,Sedan - Collision,Sedan,20000 to 29000,1,3079,2,400,2,more than 30,more than 30,1,7 years,31 to 35,No,No,External,more than 5,no change,1 vehicle,1994,Collision
8,2,6,Chevrolet,Urban,1,7,2,Male,Married,47,Policy Holder,Sedan - Collision,Sedan,30000 to 39000,0,3080,12,400,3,more than 30,more than 30,none,6 years,41 to 50,No,No,External,more than 5,no change,1 vehicle,1994,Collision
7,3,4,Toyota,Urban,4,7,3,Male,Married,41,Policy Holder,Sedan - Collision,Sedan,20000 to 29000,0,3081,16,400,3,more than 30,more than 30,none,6 years,36 to 40,No,No,External,3 to 5,no change,1 vehicle,1994,Collision
7,3,4,Honda,Urban,3,7,4,Male,Single,30,Third Party,Sedan - Collision,Sedan,20000 to 29000,0,3082,9,400,3,more than 30,more than 30,1,6 years,31 to 35,No,No,External,more than 5,no change,1 vehicle,1994,Collision
7,2,4,Toyota,Urban,1,7,4,Male,Married,61,Policy Holder,Sedan - Collision,Sedan,20000 to 29000,0,3083,8,400,1,more than 30,more than 30,1,more than 7,51 to 65,No,No,External,more than 5,no change,1 vehicle,1994,Collision
7,2,4,Pontiac,Urban,1,6,3,Male,Married,56,Policy Holder,Sedan - Liability,Sport,30000 to 39000,0,3084,8,400,3,more than 30,more than 30,more than 4,more than 7,51 to 65,No,No,External,none,no change,1 vehicle,1994,Liability
6,2,3,Pontiac,Urban,4,6,2,Female,Single,45,Policy Holder,Sedan - Liability,Sport,30000 to 39000,0,3085,14,400,2,more than 30,more than 30,more than 4,7 years,36 to 40,No,No,External,more than 5,no change,1 vehicle,1994,Liability
6,2,4,Toyota,Urban,4,5,4,Male,Married,47,Policy Holder,Sedan - Collision,Sedan,20000 to 29000,0,3086,12,400,3,none,more than 30,none,more than 7,41 to 50,No,No,External,none,no change,1 vehicle,1994,Collision
5,3,6,Honda,Urban,2,4,3,Male,Single,0,Policy Holder,Sedan - Liability,Sport,more than 69000,0,3087,5,400,2,more than 30,more than 30,2 to 4,new,16 to 17,No,No,External,none,no change,1 vehicle,1994,Liability
4,4,5,Toyota,Rural,3,5,4,Female,Single,34,Policy Holder,Sedan - All Perils,Sedan,20000 to 29000,1,3088,7,400,1,more than 30,more than 30,1,6 years,31 to 35,No,No,External,3 to 5,4 to 8 years,2 vehicles,1994,All Perils
4,5,2,Toyota,Urban,3,4,2,Male,Married,28,Policy Holder,Sedan - All Perils,Sedan,more than 69000,0,3089,1,400,2,more than 30,more than 30,1,7 years,31 to 35,No,No,External,more than 5,no change,1 vehicle,1994,All Perils
4,3,3,Toyota,Urban,3,5,3,Male,Married,60,Policy Holder,Sedan - Liability,Sport,20000 to 29000,0,3090,4,400,1,more than 30,more than 30,2 to 4,7 years,51 to 65,No,No,External,none,no change,1 vehicle,1994,Liability
4,3,6,Honda,Urban,1,6,1,Male,Married,49,Third Party,Sport - Collision,Sport,more than 69000,0,3091,15,400,1,8 to 15,more than 30,none,more than 7,41 to 50,No,No,External,none,no change,1 vehicle,1994,Collision
6,4,3,Toyota,Urban,3,10,4,Male,Married,27,Policy Holder,Sedan - Collision,Sedan,20000 to 29000,0,3092,16,400,3,more than 30,more than 30,1,6 years,31 to 35,No,No,External,more than 5,no change,1 vehicle,1994,Collision
10,2,6,Mazda,Urban,2,5,3,Male,Married,27,Policy Holder,Utility - All Perils,Utility,more than 69000,0,3093,3,400,4,more than 30,more than 30,more than 4,6 years,31 to 35,No,No,External,3 to 5,no change,1 vehicle,1994,All Perils
5,2,5,Honda,Rural,2,5,2,Male,Single,69,Policy Holder,Sedan - All Perils,Sedan,20000 to 29000,0,3094,6,400,3,more than 30,more than 30,2 to 4,more than 7,over 65,No,No,External,1 to 2,no change,1 vehicle,1994,All Perils
4,3,7,Pontiac,Urban,2,5,2,Male,Married,37,Policy Holder,Sedan - All Perils,Sedan,20000 to 29000,0,3095,16,400,1,more than 30,more than 30,1,more than 7,36 to 40,No,No,External,1 to 2,1 year,1 vehicle,1994,All Perils
4,4,5,Pontiac,Urban,4,2,1,Female,Married,27,Policy Holder,Sedan - Collision,Sedan,20000 to 29000,1,3096,9,400,1,more than 30,more than 30,2 to 4,7 years,31 to 35,No,No,External,more than 5,no change,1 vehicle,1994,Collision
2,3,7,Honda,Urban,2,5,4,Male,Single,0,Policy Holder,Sedan - Liability,Sport,more than 69000,0,3097,15,400,1,more than 30,more than 30,2 to 4,new,16 to 17,No,No,External,none,no change,1 vehicle,1994,Liability
4,4,7,Pontiac,Urban,2,4,1,Male,Single,30,Policy Holder,Sedan - Collision,Sedan,20000 to 29000,1,3098,16,400,1,more than 30,more than 30,none,5 years,31 to 35,No,No,External,none,no change,1 vehicle,1994,Collision
4,4,6,Pontiac,Urban,3,3,4,Male,Married,35,Third Party,Sedan - All Perils,Sedan,20000 to 29000,0,3099,4,400,4,more than 30,more than 30,1,5 years,31 to 35,No,No,External,none,no change,1 vehicle,1994,All Perils
2,2,1,Pontiac,Urban,2,3,1,Male,Single,29,Policy Holder,Sedan - All Perils,Sedan,20000 to 29000,0,3100,2,400,4,more than 30,more than 30,none,7 years,31 to 35,No,No,External,1 to 2,no change,1 vehicle,1994,All Perils
3,1,7,Toyota,Urban,3,4,2,Male,Married,49,Policy Holder,Sedan - Liability,Sport,more than 69000,0,3101,16,700,3,more than 30,more than 30,more than 4,more than 7,41 to 50,No,No,External,none,no change,1 vehicle,1994,Liability
4,2,5,Honda,Urban,5,12,3,Male,Married,53,Policy Holder,Sedan - Liability,Sport,30000 to 39000,0,3102,12,400,2,more than 30,more than 30,1,7 years,41 to 50,No,No,External,none,no change,1 vehicle,1994,Liability
12,3,5,Toyota,Urban,5,12,3,Male,Married,26,Policy Holder,Sedan - Liability,Sport,30000 to 39000,0,3103,2,400,1,more than 30,more than 30,more than 4,6 years,31 to 35,No,No,External,more than 5,no change,1 vehicle,1994,Liability
12,3,7,Toyota,Urban,4,12,4,Male,Single,29,Policy Holder,Sedan - Collision,Sedan,20000 to 29000,0,3104,11,400,1,more than 30,more than 30,2 to 4,7 years,31 to 35,No,No,External,3 to 5,no change,1 vehicle,1994,Collision
12,3,1,Mazda,Urban,3,12,4,Male,Married,38,Policy Holder,Sedan - Collision,Sedan,30000 to 39000,0,3105,16,400,1,more than 30,more than 30,none,more than 7,36 to 40,No,No,External,1 to 2,no change,1 vehicle,1994,Collision
12,3,6,Toyota,Urban,4,12,3,Male,Single,21,Policy Holder,Sedan - Collision,Sedan,30000 to 39000,0,3106,3,400,4,more than 30,more than 30,2 to 4,5 years,26 to 30,No,No,External,more than 5,no change,1 vehicle,1994,Collision
12,3,1,Ford,Urban,1,12,4,Female,Single,32,Policy Holder,Sedan - All Perils,Sedan,less than 20000,0,3107,15,400,2,more than 30,more than 30,none,6 years,31 to 35,No,No,External,1 to 2,no change,1 vehicle,1994,All Perils
12,3,3,VW,Urban,4,12,3,Male,Married,42,Policy Holder,Sedan - Liability,Sport,40000 to 59000,0,3108,6,400,4,more than 30,more than 30,more than 4,7 years,36 to 40,No,No,External,none,no change,1 vehicle,1994,Liability
12,3,6,Toyota,Urban,3,12,4,Male,Single,28,Policy Holder,Sedan - Liability,Sport,20000 to 29000,0,3109,9,400,2,more than 30,more than 30,1,6 years,31 to 35,No,No,External,none,4 to 8 years,2 vehicles,1994,Liability
12,4,5,Pontiac,Urban,5,12,4,Male,Married,53,Policy Holder,Sedan - Collision,Sedan,20000 to 29000,0,3110,5,400,4,more than 30,more than 30,2 to 4,6 years,41 to 50,No,No,External,more than 5,no change,1 vehicle,1994,Collision
12,4,5,Toyota,Rural,2,12,4,Male,Married,36,Policy Holder,Sedan - Liability,Sport,30000 to 39000,0,3111,6,400,4,more than 30,more than 30,2 to 4,more than 7,36 to 40,No,No,External,more than 5,no change,1 vehicle,1994,Liability
12,4,3,Chevrolet,Urban,4,12,4,Male,Married,60,Policy Holder,Sedan - All Perils,Sedan,30000 to 39000,0,3112,13,500,4,more than 30,more than 30,1,more than 7,51 to 65,Yes,Yes,External,none,no change,1 vehicle,1994,All Perils
12,3,6,Toyota,Urban,1,12,4,Male,Single,18,Policy Holder,Sedan - All Perils,Sedan,20000 to 29000,0,3113,3,400,3,more than 30,more than 30,none,4 years,21 to 25,Yes,No,External,1 to 2,no change,1 vehicle,1994,All Perils
12,1,4,Pontiac,Urban,1,12,1,Male,Married,62,Policy Holder,Sedan - Collision,Sedan,20000 to 29000,0,3114,16,400,3,more than 30,more than 30,none,more than 7,51 to 65,No,No,External,more than 5,no change,1 vehicle,1994,Collision
11,5,7,Honda,Urban,5,7,1,Male,Married,53,Policy Holder,Sedan - Liability,Sport,20000 to 29000,0,3115,8,400,2,more than 30,more than 30,2 to 4,7 years,41 to 50,No,No,External,none,no change,1 vehicle,1994,Liability
7,2,3,Mazda,Urban,4,6,5,Male,Married,74,Policy Holder,Sedan - Liability,Sport,20000 to 29000,0,3116,15,400,4,more than 30,more than 30,1,more than 7,over 65,No,No,External,none,no change,1 vehicle,1994,Liability
6,3,1,Honda,Urban,2,5,3,Male,Single,20,Third Party,Sport - Collision,Sport,more than 69000,0,3117,12,400,4,more than 30,more than 30,none,3 years,21 to 25,No,No,External,more than 5,no change,3 to 4,1994,Collision
4,4,1,Accura,Urban,4,3,2,Male,Married,51,Policy Holder,Sedan - All Perils,Sedan,20000 to 29000,1,3118,7,400,4,more than 30,more than 30,2 to 4,7 years,41 to 50,No,No,External,none,no change,1 vehicle,1994,All Perils
11,5,4,Mazda,Urban,1,11,2,Male,Single,32,Policy Holder,Sedan - Collision,Sedan,20000 to 29000,0,3119,6,400,2,more than 30,more than 30,1,6 years,31 to 35,No,No,External,none,no change,1 vehicle,1994,Collision
11,1,5,Pontiac,Urban,5,10,3,Male,Single,34,Policy Holder,Sedan - Collision,Sedan,30000 to 39000,0,3120,3,400,4,more than 30,more than 30,2 to 4,5 years,31 to 35,No,No,External,1 to 2,no change,1 vehicle,1994,Collision
10,5,2,Pontiac,Urban,5,6,5,Male,Single,32,Policy Holder,Sedan - Liability,Sport,30000 to 39000,0,3121,7,400,1,more than 30,more than 30,2 to 4,7 years,31 to 35,No,No,Internal,more than 5,no change,1 vehicle,1994,Liability
6,3,6,Toyota,Urban,1,6,4,Male,Married,26,Policy Holder,Sedan - Liability,Sport,20000 to 29000,0,3122,9,400,1,more than 30,more than 30,more than 4,7 years,31 to 35,No,No,External,3 to 5,no change,1 vehicle,1994,Liability
6,3,5,Pontiac,Urban,5,11,3,Female,Married,44,Policy Holder,Sedan - Collision,Sedan,30000 to 39000,0,3123,5,400,3,more than 30,more than 30,2 to 4,6 years,36 to 40,No,No,External,none,no change,1 vehicle,1994,Collision
10,4,4,Honda,Urban,1,1,2,Male,Married,41,Third Party,Sedan - Collision,Sedan,30000 to 39000,0,3124,2,400,1,more than 30,more than 30,none,more than 7,36 to 40,No,No,External,more than 5,no change,1 vehicle,1994,Collision
1,3,2,Mazda,Urban,1,5,5,Male,Married,30,Policy Holder,Sedan - Collision,Sedan,20000 to 29000,0,3125,14,400,4,more than 30,more than 30,2 to 4,6 years,31 to 35,No,No,External,none,no change,1 vehicle,1994,Collision
5,2,4,Pontiac,Urban,4,6,3,Male,Married,28,Third Party,Sedan - Collision,Sedan,30000 to 39000,0,3126,14,400,2,more than 30,more than 30,2 to 4,7 years,31 to 35,No,No,External,3 to 5,no change,1 vehicle,1994,Collision
6,1,5,Toyota,Urban,1,5,2,Female,Single,34,Policy Holder,Sedan - Liability,Sport,20000 to 29000,0,3127,10,400,2,more than 30,more than 30,2 to 4,5 years,31 to 35,No,No,External,none,no change,1 vehicle,1994,Liability
5,3,3,Chevrolet,Rural,3,5,4,Male,Married,45,Third Party,Sedan - Collision,Sedan,more than 69000,0,3128,2,400,2,more than 30,more than 30,none,7 years,36 to 40,No,No,External,none,no change,1 vehicle,1994,Collision
5,3,2,Honda,Rural,1,5,4,Male,Married,34,Third Party,Sedan - Collision,Sedan,20000 to 29000,0,3129,13,400,2,more than 30,more than 30,1,5 years,31 to 35,No,No,External,3 to 5,no change,1 vehicle,1994,Collision
4,4,5,Honda,Urban,1,7,1,Male,Single,0,Policy Holder,Sedan - All Perils,Sedan,more than 69000,1,3130,8,400,3,more than 30,more than 30,none,new,16 to 17,No,No,External,none,4 to 8 years,2 vehicles,1994,All Perils
7,1,2,VW,Urban,2,4,1,Male,Single,34,Third Party,Sedan - Liability,Sport,more than 69000,0,3131,6,400,3,more than 30,more than 30,more than 4,5 years,31 to 35,No,No,External,none,no change,1 vehicle,1994,Liability
4,4,7,Toyota,Urban,3,8,4,Male,Married,36,Policy Holder,Sedan - Liability,Sport,30000 to 39000,1,3132,6,700,3,more than 30,more than 30,2 to 4,7 years,36 to 40,No,No,External,none,no change,1 vehicle,1994,Liability
7,3,6,Pontiac,Urban,1,7,1,Male,Married,26,Third Party,Sedan - All Perils,Sedan,20000 to 29000,0,3133,15,400,2,more than 30,more than 30,none,7 years,31 to 35,No,No,External,none,no change,1 vehicle,1994,All Perils
7,3,7,Pontiac,Urban,2,8,3,Male,Single,30,Policy Holder,Sedan - Collision,Sedan,more than 69000,0,3134,5,400,3,more than 30,more than 30,2 to 4,6 years,31 to 35,No,No,External,none,no change,1 vehicle,1994,Collision
8,2,6,Toyota,Urban,2,8,2,Male,Married,41,Policy Holder,Sedan - Liability,Sport,20000 to 29000,0,3135,4,400,2,more than 30,more than 30,1,more than 7,36 to 40,No,No,External,more than 5,no change,1 vehicle,1994,Liability
8,2,3,Honda,Urban,5,9,3,Male,Married,31,Policy Holder,Sedan - Collision,Sedan,20000 to 29000,0,3136,2,400,1,more than 30,more than 30,none,7 years,31 to 35,No,No,External,none,no change,1 vehicle,1994,Collision
9,4,7,Chevrolet,Urban,3,9,4,Male,Married,52,Policy Holder,Sedan - All Perils,Sedan,20000 to 29000,0,3137,3,400,2,more than 30,more than 30,1,more than 7,41 to 50,No,No,External,none,no change,1 vehicle,1994,All Perils
9,3,1,Toyota,Urban,3,10,4,Male,Single,30,Policy Holder,Sedan - All Perils,Sedan,less than 20000,0,3138,10,400,1,more than 30,more than 30,none,6 years,31 to 35,No,No,External,none,no change,1 vehicle,1994,All Perils
10,2,4,Chevrolet,Urban,5,10,3,Male,Married,45,Policy Holder,Sedan - Liability,Sport,20000 to 29000,0,3139,2,400,3,more than 30,more than 30,2 to 4,7 years,36 to 40,No,No,External,3 to 5,no change,1 vehicle,1994,Liability
10,1,2,Pontiac,Rural,4,5,2,Male,Married,30,Policy Holder,Sedan - Liability,Sport,30000 to 39000,0,3140,16,400,4,more than 30,more than 30,2 to 4,5 years,31 to 35,No,No,External,3 to 5,no change,1 vehicle,1994,Liability
4,4,3,Mazda,Rural,4,10,1,Male,Married,36,Policy Holder,Sedan - Collision,Sedan,20000 to 29000,1,3141,1,400,4,more than 30,more than 30,none,7 years,36 to 40,No,No,External,none,no change,1 vehicle,1994,Collision
10,4,2,Pontiac,Urban,2,5,4,Male,Single,38,Policy Holder,Sedan - Liability,Sport,30000 to 39000,0,3142,15,400,1,more than 30,more than 30,1,7 years,36 to 40,No,No,External,none,no change,1 vehicle,1994,Liability
4,4,2,Toyota,Urban,4,11,3,Female,Single,35,Policy Holder,Sedan - All Perils,Sedan,20000 to 29000,1,3143,10,400,3,more than 30,more than 30,2 to 4,7 years,31 to 35,No,No,External,more than 5,no change,1 vehicle,1994,All Perils
11,2,1,Toyota,Urban,1,1,3,Male,Married,36,Policy Holder,Sedan - Collision,Sedan,more than 69000,0,3144,14,400,2,more than 30,more than 30,2 to 4,6 years,36 to 40,No,No,External,more than 5,no change,1 vehicle,1994,Collision
12,4,4,Honda,Urban,1,1,1,Male,Married,43,Policy Holder,Sedan - Liability,Sport,30000 to 39000,0,3145,15,400,1,more than 30,more than 30,2 to 4,7 years,36 to 40,No,No,External,more than 5,no change,1 vehicle,1994,Liability
12,4,1,Pontiac,Urban,5,5,1,Male,Married,61,Third Party,Sedan - Liability,Sport,more than 69000,0,3146,7,400,4,more than 30,more than 30,2 to 4,6 years,51 to 65,No,No,External,more than 5,no change,1 vehicle,1994,Liability
5,3,1,Toyota,Urban,1,5,3,Female,Married,52,Policy Holder,Sedan - Collision,Sedan,20000 to 29000,0,3147,12,400,2,more than 30,more than 30,none,5 years,41 to 50,No,No,External,1 to 2,no change,1 vehicle,1994,Collision
5,3,2,Toyota,Urban,2,5,3,Male,Married,28,Policy Holder,Sedan - Liability,Sport,30000 to 39000,0,3148,3,400,1,more than 30,more than 30,1,7 years,31 to 35,No,No,External,none,no change,1 vehicle,1994,Liability
4,4,3,Honda,Urban,3,11,2,Male,Married,45,Third Party,Sedan - Collision,Sedan,20000 to 29000,0,3149,4,400,3,more than 30,more than 30,none,7 years,36 to 40,No,No,External,none,no change,1 vehicle,1994,Collision
11,4,3,Honda,Urban,3,6,4,Male,Married,28,Policy Holder,Sedan - Collision,Sedan,20000 to 29000,0,3150,2,400,4,more than 30,more than 30,1,6 years,31 to 35,No,No,External,none,no change,1 vehicle,1994,Collision
6,4,3,VW,Rural,4,9,4,Male,Married,53,Policy Holder,Sedan - Liability,Sport,more than 69000,0,3151,13,400,1,more than 30,more than 30,2 to 4,more than 7,41 to 50,No,No,External,1 to 2,4 to 8 years,2 vehicles,1994,Liability
8,5,2,Toyota,Rural,2,7,1,Female,Single,32,Policy Holder,Sedan - Collision,Sedan,20000 to 29000,0,3152,6,400,1,more than 30,more than 30,1,5 years,31 to 35,No,No,External,none,no change,1 vehicle,1994,Collision
7,3,2,Toyota,Urban,3,7,4,Male,Married,51,Policy Holder,Sedan - Collision,Sedan,20000 to 29000,0,3153,11,400,3,more than 30,more than 30,2 to 4,7 years,41 to 50,No,No,External,3 to 5,no change,1 vehicle,1994,Collision
7,3,6,Pontiac,Urban,3,1,3,Male,Married,38,Policy Holder,Sedan - Collision,Sedan,20000 to 29000,0,3154,15,400,2,more than 30,more than 30,1,7 years,36 to 40,No,No,External,more than 5,no change,1 vehicle,1994,Collision
12,1,3,Pontiac,Urban,3,12,1,Male,Married,55,Third Party,Sedan - Collision,Sedan,20000 to 29000,0,3155,4,400,2,more than 30,more than 30,2 to 4,7 years,41 to 50,No,No,External,3 to 5,no change,1 vehicle,1994,Collision
11,5,3,Mazda,Urban,5,5,4,Male,Single,32,Policy Holder,Sedan - Liability,Sport,20000 to 29000,0,3156,7,400,1,more than 30,more than 30,2 to 4,6 years,31 to 35,No,No,External,1 to 2,no change,1 vehicle,1994,Liability
4,4,5,Honda,Urban,5,8,1,Male,Single,0,Third Party,Sedan - Collision,Sedan,more than 69000,0,3157,8,400,3,more than 30,more than 30,none,new,16 to 17,No,No,External,none,no change,1 vehicle,1994,Collision
8,3,6,Pontiac,Urban,5,9,4,Male,Married,38,Third Party,Sedan - Collision,Sedan,20000 to 29000,0,3158,3,400,2,more than 30,more than 30,none,more than 7,36 to 40,No,No,External,none,no change,3 to 4,1994,Collision
9,2,2,Chevrolet,Urban,2,9,3,Male,Married,33,Policy Holder,Sedan - All Perils,Sedan,more than 69000,0,3159,6,400,1,more than 30,more than 30,none,6 years,31 to 35,Yes,No,External,1 to 2,no change,1 vehicle,1994,All Perils
9,4,1,Mazda,Urban,2,9,4,Male,Married,32,Policy Holder,Sedan - Collision,Sedan,30000 to 39000,0,3160,8,400,1,more than 30,more than 30,1,7 years,31 to 35,No,No,External,1 to 2,no change,1 vehicle,1994,Collision
9,3,1,Pontiac,Urban,2,9,3,Male,Single,34,Policy Holder,Sedan - All Perils,Sedan,20000 to 29000,0,3161,10,400,2,more than 30,more than 30,2 to 4,6 years,31 to 35,No,No,External,more than 5,no change,1 vehicle,1994,All Perils
9,3,1,Honda,Urban,3,10,3,Female,Married,41,Policy Holder,Sedan - Liability,Sport,more than 69000,0,3162,16,400,3,more than 30,more than 30,2 to 4,3 years,36 to 40,No,No,External,none,no change,1 vehicle,1994,Liability
10,2,7,Pontiac,Urban,1,11,2,Male,Married,43,Policy Holder,Sedan - All Perils,Sedan,20000 to 29000,0,3163,16,700,4,more than 30,more than 30,none,more than 7,36 to 40,No,No,External,1 to 2,2 to 3 years,1 vehicle,1994,All Perils
11,4,5,Honda,Urban,5,3,4,Male,Single,34,Third Party,Sedan - Liability,Sport,20000 to 29000,0,3164,8,400,3,more than 30,more than 30,none,6 years,31 to 35,No,No,External,none,no change,1 vehicle,1994,Liability
1,2,6,Mazda,Urban,1,3,2,Male,Married,36,Policy Holder,Sport - Collision,Sport,more than 69000,0,3165,10,400,4,more than 30,more than 30,none,7 years,36 to 40,No,No,External,none,no change,1 vehicle,1994,Collision
1,2,5,Pontiac,Urban,5,3,4,Male,Single,20,Policy Holder,Sedan - Collision,Sedan,20000 to 29000,0,3166,15,400,3,more than 30,more than 30,2 to 4,3 years,21 to 25,No,No,External,more than 5,no change,1 vehicle,1994,Collision
2,4,7,Toyota,Urban,4,12,1,Male,Married,26,Third Party,Sedan - Collision,Sedan,20000 to 29000,0,3167,6,400,2,more than 30,more than 30,2 to 4,6 years,31 to 35,No,No,External,1 to 2,no change,1 vehicle,1994,Collision
1,1,1,Pontiac,Urban,5,3,5,Male,Married,58,Policy Holder,Sedan - All Perils,Sedan,20000 to 29000,0,3168,9,400,3,more than 30,more than 30,1,more than 7,51 to 65,No,No,External,3 to 5,no change,1 vehicle,1994,All Perils
2,4,5,VW,Rural,1,1,1,Male,Married,40,Policy Holder,Sedan - All Perils,Sedan,30000 to 39000,0,3169,12,400,4,more than 30,more than 30,2 to 4,more than 7,36 to 40,No,No,External,1 to 2,no change,1 vehicle,1994,All Perils
12,3,5,VW,Urban,2,8,2,Male,Married,47,Third Party,Sedan - Liability,Sport,40000 to 59000,0,3170,11,400,2,more than 30,more than 30,none,7 years,41 to 50,No,No,External,none,no change,1 vehicle,1994,Liability
8,1,2,Mazda,Urban,1,5,2,Female,Single,27,Policy Holder,Sedan - Liability,Sport,30000 to 39000,0,3171,1,400,1,more than 30,more than 30,1,7 years,31 to 35,No,No,External,more than 5,no change,1 vehicle,1994,Liability
4,2,3,Toyota,Urban,2,5,3,Male,Married,57,Policy Holder,Sedan - Collision,Sedan,20000 to 29000,0,3172,1,400,4,more than 30,more than 30,1,more than 7,51 to 65,Yes,No,External,3 to 5,4 to 8 years,2 vehicles,1994,Collision
4,4,7,Honda,Urban,1,9,1,Male,Single,0,Policy Holder,Sedan - All Perils,Sedan,more than 69000,1,3173,3,400,1,more than 30,more than 30,none,new,16 to 17,No,No,External,none,no change,1 vehicle,1994,All Perils
9,4,2,Mazda,Urban,4,12,4,Male,Single,30,Policy Holder,Sedan - Liability,Sport,20000 to 29000,0,3174,15,400,1,more than 30,more than 30,2 to 4,6 years,31 to 35,No,No,External,none,no change,1 vehicle,1994,Liability
12,2,6,Pontiac,Rural,1,12,3,Male,Married,50,Policy Holder,Sedan - Collision,Sedan,20000 to 29000,0,3175,5,400,2,more than 30,more than 30,2 to 4,6 years,41 to 50,No,No,External,more than 5,no change,1 vehicle,1994,Collision
12,2,6,Chevrolet,Urban,1,9,2,Male,Married,34,Third Party,Sedan - Liability,Sport,30000 to 39000,0,3176,7,400,2,more than 30,more than 30,2 to 4,6 years,31 to 35,No,No,External,more than 5,no change,1 vehicle,1994,Liability
9,4,3,Toyota,Urban,4,1,4,Male,Married,79,Policy Holder,Sedan - Liability,Sport,30000 to 39000,0,3177,5,400,1,more than 30,more than 30,2 to 4,more than 7,over 65,No,No,External,more than 5,no change,1 vehicle,1994,Liability
12,3,3,VW,Urban,3,12,2,Male,Married,36,Policy Holder,Sedan - All Perils,Sedan,more than 69000,0,3178,10,400,2,more than 30,more than 30,none,7 years,36 to 40,No,No,External,more than 5,no change,1 vehicle,1994,All Perils
12,2,3,Accura,Urban,2,5,2,Male,Married,31,Third Party,Sedan - All Perils,Sedan,20000 to 29000,0,3179,16,400,1,more than 30,more than 30,none,7 years,31 to 35,No,No,External,3 to 5,no change,1 vehicle,1994,All Perils
4,4,3,Chevrolet,Urban,3,6,1,Male,Married,52,Third Party,Utility - All Perils,Utility,more than 69000,0,3180,15,400,4,more than 30,more than 30,2 to 4,more than 7,41 to 50,No,No,External,more than 5,no change,1 vehicle,1994,All Perils
6,2,5,Pontiac,Rural,2,10,3,Male,Married,39,Policy Holder,Sedan - Collision,Sedan,30000 to 39000,0,3181,4,400,4,more than 30,more than 30,2 to 4,7 years,36 to 40,No,No,External,more than 5,no change,1 vehicle,1994,Collision
9,5,5,Pontiac,Urban,3,10,1,Male,Single,27,Third Party,Sedan - Liability,Sport,20000 to 29000,0,3182,6,400,1,more than 30,more than 30,none,6 years,31 to 35,No,No,External,more than 5,no change,1 vehicle,1994,Liability
9,5,3,Pontiac,Rural,4,9,1,Male,Married,34,Policy Holder,Sedan - Collision,Sedan,more than 69000,0,3183,3,400,1,more than 30,more than 30,none,7 years,31 to 35,No,No,Internal,more than 5,no change,1 vehicle,1994,Collision
9,2,7,Pontiac,Urban,1,9,3,Male,Single,20,Third Party,Sedan - Collision,Sedan,20000 to 29000,0,3184,11,400,2,more than 30,more than 30,none,3 years,21 to 25,No,No,External,3 to 5,no change,1 vehicle,1994,Collision
9,2,1,Pontiac,Urban,2,12,4,Male,Single,34,Policy Holder,Sedan - Liability,Sport,20000 to 29000,0,3185,15,400,4,more than 30,more than 30,2 to 4,7 years,31 to 35,No,No,External,1 to 2,no change,1 vehicle,1994,Liability
12,3,3,Mazda,Urban,2,5,3,Male,Married,51,Policy Holder,Sedan - Liability,Sport,20000 to 29000,0,3186,14,400,1,more than 30,more than 30,more than 4,more than 7,41 to 50,No,No,External,1 to 2,1 year,1 vehicle,1994,Liability
4,4,5,Pontiac,Urban,2,9,1,Male,Married,40,Policy Holder,Sedan - All Perils,Sedan,more than 69000,1,3187,1,400,2,more than 30,more than 30,1,5 years,36 to 40,No,No,External,none,no change,1 vehicle,1994,All Perils
9,3,2,Chevrolet,Urban,3,9,4,Male,Married,38,Policy Holder,Sedan - Liability,Sport,20000 to 29000,0,3188,12,400,4,more than 30,more than 30,more than 4,7 years,36 to 40,No,No,External,3 to 5,no change,1 vehicle,1994,Liability
9,2,3,Mazda,Urban,1,9,3,Male,Single,28,Policy Holder,Sedan - Liability,Sport,30000 to 39000,0,3189,9,400,2,more than 30,more than 30,2 to 4,6 years,31 to 35,No,No,External,more than 5,no change,1 vehicle,1994,Liability
9,3,3,Pontiac,Rural,1,7,4,Male,Married,27,Third Party,Sedan - All Perils,Sedan,20000 to 29000,0,3190,1,400,2,more than 30,more than 30,none,7 years,31 to 35,No,No,External,1 to 2,no change,1 vehicle,1994,All Perils
7,2,4,Honda,Urban,4,4,3,Male,Married,54,Policy Holder,Sedan - Liability,Sport,30000 to 39000,0,3191,4,400,3,more than 30,more than 30,none,more than 7,41 to 50,No,No,External,none,no change,1 vehicle,1994,Liability
4,5,4,Toyota,Urban,4,4,5,Male,Single,45,Policy Holder,Sedan - Collision,Sedan,40000 to 59000,1,3192,16,400,4,more than 30,more than 30,2 to 4,more than 7,36 to 40,No,No,External,none,no change,1 vehicle,1994,Collision
4,5,7,Toyota,Urban,3,6,5,Male,Married,63,Policy Holder,Sedan - Collision,Sedan,30000 to 39000,1,3193,2,400,3,more than 30,more than 30,1,more than 7,51 to 65,No,No,External,none,4 to 8 years,2 vehicles,1994,Collision
5,4,6,Pontiac,Urban,3,5,2,Male,Married,50,Policy Holder,Sedan - Collision,Sedan,20000 to 29000,0,3194,10,700,1,more than 30,more than 30,none,more than 7,41 to 50,No,No,External,none,no change,1 vehicle,1994,Collision
5,2,4,Honda,Urban,5,5,3,Female,Single,28,Policy Holder,Sedan - Collision,Sedan,20000 to 29000,0,3195,16,400,2,more than 30,more than 30,2 to 4,6 years,31 to 35,No,No,Internal,1 to 2,no change,1 vehicle,1994,Collision
5,2,3,Honda,Urban,3,5,2,Male,Married,33,Third Party,Sedan - Collision,Sedan,20000 to 29000,0,3196,9,400,1,more than 30,more than 30,2 to 4,7 years,31 to 35,No,No,External,more than 5,no change,1 vehicle,1994,Collision
5,2,3,Pontiac,Urban,4,5,2,Male,Married,39,Policy Holder,Sedan - Liability,Sport,30000 to 39000,0,3197,14,400,2,more than 30,more than 30,2 to 4,7 years,36 to 40,No,No,External,more than 5,no change,1 vehicle,1994,Liability
5,2,5,Honda,Urban,5,5,2,Male,Married,52,Policy Holder,Sedan - Collision,Sedan,20000 to 29000,0,3198,4,400,1,more than 30,more than 30,more than 4,7 years,41 to 50,No,No,External,more than 5,no change,1 vehicle,1994,Collision
5,1,6,Pontiac,Urban,4,5,1,Male,Married,72,Third Party,Sedan - All Perils,Sedan,less than 20000,0,3199,8,400,4,more than 30,more than 30,2 to 4,more than 7,over 65,No,No,External,3 to 5,no change,3 to 4,1994,All Perils
5,1,7,Toyota,Urban,5,5,2,Male,Married,23,Policy Holder,Sedan - Collision,Sedan,20000 to 29000,0,3200,5,400,3,more than 30,more than 30,1,5 years,26 to 30,No,No,External,none,no change,1 vehicle,1994,Collision
4,5,6,Pontiac,Urban,1,11,2,Male,Single,25,Third Party,Sedan - All Perils,Sedan,20000 to 29000,0,3201,4,400,1,more than 30,more than 30,none,2 years,26 to 30,No,No,External,1 to 2,no change,1 vehicle,1994,All Perils
10,3,6,Pontiac,Urban,1,10,3,Male,Married,57,Policy Holder,Sedan - Liability,Sport,20000 to 29000,0,3202,12,400,3,more than 30,more than 30,2 to 4,7 years,51 to 65,No,No,External,3 to 5,no change,1 vehicle,1994,Liability
10,3,7,Pontiac,Urban,3,10,3,Male,Married,44,Policy Holder,Sedan - Collision,Sedan,30000 to 39000,0,3203,16,400,4,more than 30,more than 30,2 to 4,7 years,36 to 40,No,No,External,none,no change,1 vehicle,1994,Collision
9,4,5,Chevrolet,Urban,5,9,1,Male,Married,46,Policy Holder,Sedan - All Perils,Sedan,30000 to 39000,0,3204,8,400,1,more than 30,more than 30,1,more than 7,41 to 50,No,No,External,1 to 2,no change,1 vehicle,1994,All Perils
9,4,6,Toyota,Urban,5,9,4,Male,Married,30,Policy Holder,Sedan - Collision,Sedan,20000 to 29000,0,3205,7,400,3,more than 30,more than 30,2 to 4,7 years,31 to 35,No,No,External,more than 5,no change,1 vehicle,1994,Collision
9,3,1,Pontiac,Urban,4,9,4,Female,Single,22,Policy Holder,Sedan - Collision,Sedan,20000 to 29000,0,3206,7,400,2,more than 30,more than 30,more than 4,5 years,26 to 30,No,No,External,none,no change,1 vehicle,1994,Collision
9,1,2,Chevrolet,Urban,4,9,2,Male,Married,49,Third Party,Sedan - Liability,Sport,more than 69000,0,3207,16,400,3,more than 30,more than 30,none,more than 7,41 to 50,No,No,External,more than 5,no change,1 vehicle,1994,Liability
9,1,5,Mazda,Urban,3,8,3,Female,Single,30,Third Party,Sedan - Liability,Sport,20000 to 29000,0,3208,12,400,4,more than 30,more than 30,none,6 years,31 to 35,No,No,External,more than 5,no change,1 vehicle,1994,Liability
7,5,5,Mazda,Urban,3,5,3,Male,Married,28,Policy Holder,Sedan - All Perils,Sedan,30000 to 39000,0,3209,16,400,3,more than 30,more than 30,2 to 4,6 years,31 to 35,No,No,External,1 to 2,no change,1 vehicle,1994,All Perils
4,5,4,Pontiac,Urban,4,5,1,Male,Married,49,Policy Holder,Sedan - All Perils,Sedan,20000 to 29000,1,3210,2,400,2,more than 30,more than 30,1,6 years,41 to 50,No,No,External,none,no change,1 vehicle,1994,All Perils
5,3,6,Toyota,Urban,1,5,3,Male,Married,26,Policy Holder,Sedan - Liability,Sport,30000 to 39000,0,3211,16,400,4,more than 30,more than 30,more than 4,7 years,31 to 35,No,No,External,more than 5,no change,1 vehicle,1994,Liability
5,3,2,Pontiac,Urban,5,3,4,Male,Married,52,Third Party,Sedan - Liability,Sport,20000 to 29000,0,3212,6,400,2,more than 30,more than 30,1,more than 7,41 to 50,No,No,External,more than 5,no change,1 vehicle,1994,Liability
3,1,1,Honda,Urban,2,3,1,Male,Married,42,Policy Holder,Sedan - Liability,Sport,20000 to 29000,0,3213,16,400,4,more than 30,more than 30,2 to 4,7 years,36 to 40,No,No,External,1 to 2,no change,1 vehicle,1994,Liability
2,5,2,Honda,Urban,2,4,1,Male,Single,0,Policy Holder,Sedan - Collision,Sedan,more than 69000,0,3214,9,300,1,more than 30,more than 30,1,new,16 to 17,No,No,External,none,2 to 3 years,2 vehicles,1994,Collision
4,2,5,Chevrolet,Urban,3,4,2,Male,Married,42,Policy Holder,Sedan - Collision,Sedan,more than 69000,0,3215,4,400,2,more than 30,more than 30,none,more than 7,36 to 40,No,No,External,more than 5,no change,1 vehicle,1994,Collision
4,3,5,Toyota,Urban,5,5,3,Male,Married,52,Policy Holder,Sedan - All Perils,Sedan,20000 to 29000,0,3216,10,400,3,more than 30,more than 30,none,more than 7,41 to 50,No,No,External,1 to 2,no change,1 vehicle,1994,All Perils
4,5,2,Pontiac,Urban,3,6,1,Female,Married,45,Third Party,Sedan - Collision,Sedan,20000 to 29000,0,3217,5,400,1,more than 30,more than 30,1,7 years,36 to 40,No,No,External,none,no change,1 vehicle,1994,Collision
6,2,3,Pontiac,Rural,1,8,2,Male,Married,47,Third Party,Sedan - Liability,Sport,20000 to 29000,0,3218,13,400,4,more than 30,more than 30,more than 4,more than 7,41 to 50,No,No,External,more than 5,no change,1 vehicle,1994,Liability
7,4,2,Accura,Urban,4,9,1,Male,Married,54,Third Party,Sedan - All Perils,Sedan,more than 69000,0,3219,12,400,1,more than 30,more than 30,2 to 4,more than 7,41 to 50,No,No,External,more than 5,no change,1 vehicle,1994,All Perils
8,4,4,Mazda,Urban,2,10,4,Male,Married,35,Policy Holder,Sedan - All Perils,Sedan,30000 to 39000,0,3220,5,400,3,more than 30,more than 30,none,7 years,31 to 35,No,No,External,none,no change,1 vehicle,1994,All Perils
9,5,5,VW,Urban,2,10,1,Male,Married,71,Third Party,Sedan - Liability,Sport,60000 to 69000,0,3221,1,400,1,more than 30,more than 30,2 to 4,more than 7,over 65,No,No,External,none,no change,1 vehicle,1994,Liability
9,5,2,Mazda,Urban,5,11,2,Female,Single,23,Policy Holder,Sedan - Liability,Sport,20000 to 29000,0,3222,8,400,4,more than 30,more than 30,2 to 4,2 years,26 to 30,No,No,External,more than 5,no change,1 vehicle,1994,Liability
11,2,2,Pontiac,Rural,1,1,2,Male,Married,46,Policy Holder,Sedan - Collision,Sedan,30000 to 39000,0,3223,13,400,2,more than 30,more than 30,none,more than 7,41 to 50,No,No,External,3 to 5,no change,1 vehicle,1994,Collision
12,4,6,Pontiac,Urban,3,4,2,Male,Married,34,Policy Holder,Sedan - Collision,Sedan,more than 69000,0,3224,1,400,4,more than 30,more than 30,more than 4,7 years,31 to 35,No,No,External,1 to 2,no change,1 vehicle,1994,Collision
4,4,2,VW,Urban,4,9,4,Male,Married,38,Policy Holder,Sedan - Liability,Sport,more than 69000,0,3225,1,700,1,more than 30,more than 30,2 to 4,7 years,36 to 40,No,No,External,more than 5,no change,1 vehicle,1994,Liability
6,4,4,Pontiac,Urban,5,8,4,Female,Married,33,Third Party,Sedan - Collision,Sedan,less than 20000,0,3226,16,400,1,more than 30,more than 30,1,7 years,31 to 35,No,No,External,none,no change,1 vehicle,1994,Collision
8,4,2,Honda,Urban,4,9,4,Male,Married,45,Policy Holder,Sedan - Liability,Sport,20000 to 29000,0,3227,1,400,4,more than 30,more than 30,more than 4,7 years,36 to 40,No,No,External,more than 5,no change,1 vehicle,1994,Liability
9,1,1,Toyota,Urban,5,11,4,Male,Married,44,Policy Holder,Sedan - Collision,Sedan,20000 to 29000,0,3228,14,400,4,more than 30,more than 30,more than 4,7 years,36 to 40,Yes,No,External,more than 5,no change,1 vehicle,1994,Collision
10,5,1,Honda,Urban,3,11,1,Male,Married,43,Policy Holder,Sedan - All Perils,Sedan,20000 to 29000,0,3229,10,400,2,more than 30,more than 30,1,7 years,36 to 40,No,No,External,more than 5,no change,1 vehicle,1994,All Perils
11,2,4,Pontiac,Urban,5,11,3,Female,Single,30,Policy Holder,Sedan - Liability,Sport,20000 to 29000,0,3230,2,400,3,more than 30,more than 30,2 to 4,5 years,31 to 35,No,No,External,3 to 5,no change,1 vehicle,1994,Liability
11,3,2,Ford,Urban,2,12,3,Male,Married,39,Policy Holder,Sedan - Liability,Sport,20000 to 29000,0,3231,6,400,1,more than 30,more than 30,more than 4,7 years,36 to 40,No,No,External,more than 5,no change,1 vehicle,1994,Liability
12,4,2,Toyota,Urban,4,12,4,Male,Married,41,Policy Holder,Sedan - Collision,Sedan,20000 to 29000,0,3232,2,400,3,more than 30,more than 30,more than 4,7 years,36 to 40,No,No,External,1 to 2,no change,1 vehicle,1994,Collision
12,4,7,Mazda,Urban,1,11,5,Male,Married,58,Policy Holder,Sedan - Liability,Sport,20000 to 29000,0,3233,7,400,2,more than 30,more than 30,2 to 4,more than 7,51 to 65,No,No,External,none,no change,1 vehicle,1994,Liability
11,2,2,Honda,Urban,2,9,2,Female,Single,31,Policy Holder,Sedan - Liability,Sport,20000 to 29000,0,3234,4,400,1,more than 30,more than 30,2 to 4,6 years,31 to 35,No,No,External,1 to 2,no change,1 vehicle,1994,Liability
9,1,7,Ford,Urban,4,9,1,Male,Married,67,Policy Holder,Sedan - Collision,Sedan,30000 to 39000,0,3235,9,400,4,more than 30,more than 30,none,more than 7,over 65,No,No,External,more than 5,4 to 8 years,2 vehicles,1994,Collision
8,3,6,Toyota,Urban,2,6,5,Male,Single,21,Policy Holder,Sedan - Collision,Sedan,20000 to 29000,0,3236,11,400,3,more than 30,more than 30,1,6 years,26 to 30,No,No,External,none,no change,1 vehicle,1994,Collision
6,4,5,Mazda,Urban,2,4,4,Male,Married,33,Policy Holder,Sedan - Collision,Sedan,20000 to 29000,0,3237,3,400,3,more than 30,more than 30,2 to 4,7 years,31 to 35,No,No,External,1 to 2,no change,1 vehicle,1994,Collision
4,4,4,Toyota,Urban,1,3,4,Male,Married,44,Policy Holder,Sedan - Liability,Sport,30000 to 39000,0,3238,1,400,3,more than 30,more than 30,more than 4,7 years,36 to 40,No,No,External,more than 5,no change,1 vehicle,1994,Liability
3,3,1,Pontiac,Urban,1,1,4,Male,Single,30,Policy Holder,Sedan - Liability,Sport,20000 to 29000,0,3239,7,400,2,more than 30,more than 30,2 to 4,5 years,31 to 35,No,No,External,3 to 5,no change,1 vehicle,1994,Liability
1,2,4,Toyota,Urban,1,1,2,Male,Single,34,Policy Holder,Sedan - Collision,Sedan,30000 to 39000,0,3240,12,400,2,more than 30,more than 30,1,6 years,31 to 35,No,No,External,none,no change,3 to 4,1994,Collision
1,1,6,Honda,Urban,4,12,3,Male,Married,28,Policy Holder,Sedan - All Perils,Sedan,30000 to 39000,0,3241,12,400,3,more than 30,more than 30,more than 4,6 years,31 to 35,No,No,External,more than 5,no change,1 vehicle,1994,All Perils
12,4,7,Pontiac,Urban,1,1,5,Female,Married,44,Policy Holder,Sedan - Liability,Sport,40000 to 59000,0,3242,16,400,1,more than 30,more than 30,1,7 years,36 to 40,No,No,External,none,no change,1 vehicle,1994,Liability
12,1,1,Mazda,Urban,1,11,4,Male,Married,43,Policy Holder,Sedan - Collision,Sedan,20000 to 29000,0,3243,16,400,4,more than 30,more than 30,more than 4,7 years,36 to 40,No,No,External,3 to 5,no change,1 vehicle,1994,Collision
11,3,4,Toyota,Urban,2,11,3,Male,Married,65,Policy Holder,Sedan - Liability,Sport,20000 to 29000,0,3244,6,400,2,more than 30,more than 30,more than 4,more than 7,51 to 65,No,No,External,none,no change,1 vehicle,1994,Liability
11,1,4,Honda,Urban,4,10,2,Female,Married,44,Policy Holder,Sedan - Liability,Sport,20000 to 29000,0,3245,5,400,2,more than 30,more than 30,2 to 4,7 years,36 to 40,No,No,External,none,no change,1 vehicle,1994,Liability
9,5,4,Accura,Urban,5,9,1,Male,Single,38,Policy Holder,Sedan - All Perils,Sedan,30000 to 39000,0,3246,10,400,3,more than 30,more than 30,2 to 4,7 years,36 to 40,No,No,External,none,no change,1 vehicle,1994,All Perils
9,4,1,Honda,Urban,1,9,4,Male,Married,38,Policy Holder,Sedan - Collision,Sedan,20000 to 29000,0,3247,8,400,4,more than 30,more than 30,2 to 4,7 years,36 to 40,No,No,External,more than 5,no change,1 vehicle,1994,Collision
8,5,5,Pontiac,Urban,3,8,1,Male,Single,34,Policy Holder,Sedan - Liability,Sport,30000 to 39000,0,3248,14,400,3,more than 30,more than 30,none,6 years,31 to 35,No,No,External,1 to 2,no change,1 vehicle,1994,Liability
8,4,4,Chevrolet,Rural,4,9,5,Male,Married,61,Policy Holder,Sedan - Liability,Sport,30000 to 39000,0,3249,12,400,1,more than 30,more than 30,none,7 years,51 to 65,No,No,External,more than 5,no change,1 vehicle,1994,Liability
8,4,7,Honda,Urban,2,5,1,Female,Single,28,Policy Holder,Sedan - Liability,Sport,20000 to 29000,0,3250,1,400,1,more than 30,more than 30,more than 4,6 years,31 to 35,No,No,External,none,no change,1 vehicle,1994,Liability
5,1,3,Honda,Urban,2,8,3,Male,Single,0,Policy Holder,Sedan - All Perils,Sedan,more than 69000,1,3251,1,400,4,more than 30,more than 30,none,new,16 to 17,No,No,External,none,no change,1 vehicle,1994,All Perils
8,2,3,Ford,Urban,2,8,3,Male,Married,27,Policy Holder,Sedan - All Perils,Sedan,30000 to 39000,0,3252,5,400,2,more than 30,more than 30,more than 4,7 years,31 to 35,No,No,External,none,no change,1 vehicle,1994,All Perils
7,4,3,Pontiac,Urban,4,7,1,Male,Married,29,Third Party,Sedan - All Perils,Sedan,20000 to 29000,0,3253,16,400,1,more than 30,more than 30,1,7 years,31 to 35,No,No,External,1 to 2,no change,1 vehicle,1994,All Perils
6,5,5,Pontiac,Urban,6,7,2,Male,Married,32,Third Party,Sedan - Liability,Sport,more than 69000,0,3254,8,400,1,more than 30,more than 30,2 to 4,7 years,31 to 35,No,No,External,more than 5,no change,1 vehicle,1994,Liability
7,1,7,Pontiac,Urban,2,6,1,Male,Married,27,Policy Holder,Sedan - All Perils,Sedan,20000 to 29000,0,3255,14,400,1,more than 30,more than 30,1,5 years,31 to 35,No,No,External,more than 5,no change,1 vehicle,1994,All Perils
6,4,6,Toyota,Urban,1,5,5,Female,Married,21,Third Party,Sedan - All Perils,Sedan,20000 to 29000,0,3256,15,400,4,more than 30,more than 30,1,2 years,26 to 30,No,No,External,more than 5,4 to 8 years,2 vehicles,1994,All Perils
5,5,1,Pontiac,Urban,2,4,5,Male,Married,46,Policy Holder,Sedan - All Perils,Sedan,20000 to 29000,0,3257,8,400,4,more than 30,more than 30,2 to 4,more than 7,41 to 50,No,No,External,3 to 5,no change,1 vehicle,1994,All Perils
4,4,7,Chevrolet,Urban,2,5,4,Male,Married,51,Policy Holder,Sedan - Liability,Sport,30000 to 39000,0,3258,6,400,4,more than 30,more than 30,none,more than 7,41 to 50,No,No,External,more than 5,no change,1 vehicle,1994,Liability
5,1,4,Honda,Urban,4,4,1,Male,Single,0,Policy Holder,Sedan - All Perils,Sedan,more than 69000,1,3259,1,400,2,more than 30,more than 30,none,new,16 to 17,No,No,External,none,no change,1 vehicle,1994,All Perils
4,3,7,Honda,Urban,1,4,5,Male,Single,37,Policy Holder,Sedan - Collision,Sedan,20000 to 29000,0,3260,5,400,3,more than 30,more than 30,more than 4,7 years,36 to 40,No,No,External,1 to 2,no change,1 vehicle,1994,Collision
4,2,2,Pontiac,Urban,2,3,3,Male,Married,31,Policy Holder,Sedan - Collision,Sedan,20000 to 29000,0,3261,14,400,4,more than 30,more than 30,2 to 4,6 years,31 to 35,No,No,External,3 to 5,no change,1 vehicle,1994,Collision
3,1,6,Toyota,Urban,3,1,3,Male,Married,44,Policy Holder,Sedan - Liability,Sport,40000 to 59000,0,3262,1,400,2,more than 30,more than 30,more than 4,7 years,36 to 40,No,No,External,more than 5,no change,1 vehicle,1994,Liability
1,3,6,Toyota,Urban,1,1,3,Male,Single,34,Policy Holder,Sedan - Collision,Sedan,20000 to 29000,0,3263,12,400,1,more than 30,more than 30,2 to 4,7 years,31 to 35,No,No,External,more than 5,no change,1 vehicle,1994,Collision
1,3,5,Pontiac,Urban,1,5,3,Male,Married,36,Policy Holder,Sedan - Liability,Sport,20000 to 29000,0,3264,12,400,2,more than 30,more than 30,more than 4,7 years,36 to 40,No,No,External,3 to 5,no change,1 vehicle,1994,Liability
5,3,4,Mazda,Urban,4,5,4,Male,Married,40,Third Party,Sedan - Collision,Sedan,30000 to 39000,1,3265,14,500,1,more than 30,more than 30,none,7 years,36 to 40,No,No,External,none,2 to 3 years,1 vehicle,1994,Collision
5,2,4,Pontiac,Urban,3,8,2,Male,Married,32,Policy Holder,Sedan - All Perils,Sedan,20000 to 29000,0,3266,10,400,4,more than 30,more than 30,2 to 4,6 years,31 to 35,No,No,External,none,no change,1 vehicle,1994,All Perils
8,1,1,Pontiac,Rural,1,5,2,Female,Divorced,41,Third Party,Sedan - Collision,Sedan,20000 to 29000,0,3267,5,400,3,more than 30,more than 30,2 to 4,7 years,36 to 40,No,No,External,3 to 5,no change,1 vehicle,1994,Collision
5,1,3,Pontiac,Rural,5,4,2,Male,Single,36,Policy Holder,Sedan - Collision,Sedan,less than 20000,1,3268,4,400,3,more than 30,more than 30,none,7 years,36 to 40,No,No,External,more than 5,no change,1 vehicle,1994,Collision
3,4,5,Chevrolet,Urban,3,5,2,Male,Single,34,Third Party,Sedan - Liability,Sport,20000 to 29000,0,3269,12,400,1,more than 30,more than 30,1,5 years,31 to 35,No,No,External,none,no change,1 vehicle,1994,Liability
5,1,3,Chevrolet,Urban,3,5,3,Male,Married,51,Third Party,Sedan - All Perils,Sedan,30000 to 39000,0,3270,7,400,3,more than 30,more than 30,1,more than 7,41 to 50,No,No,External,3 to 5,no change,1 vehicle,1994,All Perils
5,5,4,Chevrolet,Urban,4,6,5,Male,Single,41,Policy Holder,Sedan - Liability,Sport,30000 to 39000,0,3271,5,400,2,more than 30,more than 30,more than 4,7 years,36 to 40,No,No,External,more than 5,no change,1 vehicle,1994,Liability
6,1,3,Pontiac,Urban,2,7,1,Male,Married,45,Policy Holder,Sedan - Liability,Sport,more than 69000,0,3272,7,400,3,more than 30,more than 30,2 to 4,7 years,36 to 40,No,No,External,more than 5,no change,1 vehicle,1994,Liability
8,3,2,Toyota,Urban,2,6,2,Male,Married,35,Policy Holder,Sedan - All Perils,Sedan,20000 to 29000,0,3273,4,400,3,more than 30,more than 30,1,7 years,31 to 35,No,No,External,more than 5,no change,1 vehicle,1994,All Perils
5,5,2,Pontiac,Urban,1,9,3,Male,Married,46,Policy Holder,Sedan - Liability,Sport,30000 to 39000,0,3274,4,400,1,more than 30,more than 30,more than 4,more than 7,41 to 50,No,No,External,more than 5,no change,1 vehicle,1994,Liability
7,3,2,Pontiac,Urban,3,5,4,Female,Married,46,Policy Holder,Sedan - Liability,Sport,30000 to 39000,0,3275,12,400,3,more than 30,more than 30,2 to 4,more than 7,41 to 50,No,No,External,1 to 2,no change,1 vehicle,1994,Liability
5,1,6,Chevrolet,Urban,1,9,2,Male,Married,31,Policy Holder,Sedan - Collision,Sedan,20000 to 29000,1,3276,2,400,4,more than 30,more than 30,more than 4,6 years,31 to 35,No,No,External,none,no change,1 vehicle,1994,Collision
9,1,5,Toyota,Urban,2,9,1,Female,Married,26,Policy Holder,Sedan - Liability,Sport,more than 69000,0,3277,14,400,4,more than 30,more than 30,1,5 years,31 to 35,No,No,External,none,1 year,2 vehicles,1994,Liability
9,1,5,Mazda,Urban,1,10,1,Male,Married,52,Third Party,Sedan - All Perils,Sedan,30000 to 39000,0,3278,2,400,3,more than 30,more than 30,none,6 years,41 to 50,No,No,External,none,no change,1 vehicle,1994,All Perils
10,2,5,Toyota,Urban,1,5,2,Male,Married,54,Policy Holder,Sedan - Liability,Sport,20000 to 29000,0,3279,8,400,1,more than 30,more than 30,2 to 4,7 years,41 to 50,No,No,External,none,no change,1 vehicle,1994,Liability
5,3,5,Mazda,Urban,4,9,5,Female,Married,54,Third Party,Sedan - Liability,Sport,20000 to 29000,0,3280,15,400,1,more than 30,more than 30,2 to 4,more than 7,41 to 50,No,No,External,more than 5,no change,1 vehicle,1994,Liability
9,3,1,Pontiac,Urban,2,10,5,Male,Married,39,Policy Holder,Sedan - Liability,Sport,30000 to 39000,0,3281,8,400,3,more than 30,more than 30,2 to 4,more than 7,36 to 40,No,No,External,1 to 2,no change,3 to 4,1994,Liability
10,2,4,Mazda,Rural,5,10,2,Male,Single,27,Policy Holder,Sedan - All Perils,Sedan,20000 to 29000,0,3282,12,400,1,more than 30,more than 30,1,6 years,31 to 35,No,No,External,none,no change,1 vehicle,1994,All Perils
10,1,5,Chevrolet,Urban,2,10,1,Female,Single,31,Policy Holder,Sedan - Collision,Sedan,20000 to 29000,0,3283,10,400,1,more than 30,more than 30,2 to 4,5 years,31 to 35,No,No,External,1 to 2,no change,1 vehicle,1994,Collision
9,5,7,Chevrolet,Urban,1,1,1,Male,Single,28,Policy Holder,Sedan - Collision,Sedan,20000 to 29000,0,3284,4,400,2,more than 30,more than 30,1,7 years,31 to 35,Yes,No,External,1 to 2,no change,1 vehicle,1994,Collision
1,4,7,Saab,Urban,1,3,4,Male,Single,42,Policy Holder,Sedan - Liability,Sport,more than 69000,0,3285,11,400,4,more than 30,more than 30,1,more than 7,36 to 40,No,No,External,more than 5,no change,1 vehicle,1994,Liability
3,2,2,Ford,Urban,3,12,3,Male,Married,52,Policy Holder,Sedan - Liability,Sport,60000 to 69000,0,3286,5,400,3,more than 30,more than 30,2 to 4,6 years,41 to 50,No,No,External,1 to 2,no change,1 vehicle,1994,Liability
12,1,4,Honda,Urban,2,4,2,Male,Married,50,Policy Holder,Sedan - Collision,Sedan,20000 to 29000,0,3287,1,700,4,more than 30,more than 30,1,7 years,41 to 50,No,No,External,none,no change,1 vehicle,1994,Collision
3,5,2,Pontiac,Urban,3,10,1,Male,Married,42,Third Party,Sedan - Collision,Sedan,30000 to 39000,0,3288,7,400,2,more than 30,more than 30,none,7 years,36 to 40,No,No,External,none,no change,1 vehicle,1994,Collision
10,2,2,Pontiac,Urban,4,10,2,Male,Married,39,Policy Holder,Sedan - All Perils,Sedan,20000 to 29000,0,3289,9,400,4,more than 30,more than 30,none,7 years,36 to 40,No,No,External,more than 5,no change,1 vehicle,1994,All Perils
10,1,4,Mazda,Urban,1,12,1,Male,Married,41,Policy Holder,Sedan - Liability,Sport,20000 to 29000,0,3290,4,400,4,more than 30,more than 30,2 to 4,6 years,36 to 40,No,No,External,1 to 2,no change,1 vehicle,1994,Liability
12,1,6,Toyota,Urban,2,6,2,Male,Married,51,Third Party,Sedan - Liability,Sport,20000 to 29000,0,3291,2,400,1,more than 30,more than 30,2 to 4,more than 7,41 to 50,No,No,External,none,no change,1 vehicle,1994,Liability
6,2,1,Pontiac,Urban,1,5,3,Male,Married,41,Third Party,Sedan - Collision,Sedan,20000 to 29000,0,3292,13,400,1,more than 30,more than 30,2 to 4,7 years,36 to 40,No,No,External,none,no change,1 vehicle,1994,Collision
5,2,6,Dodge,Urban,2,7,2,Male,Married,39,Policy Holder,Sedan - Collision,Sedan,30000 to 39000,0,3293,3,400,4,8 to 15,8 to 15,none,6 years,36 to 40,No,No,External,none,no change,1 vehicle,1994,Collision
7,2,1,Pontiac,Urban,4,3,2,Male,Married,26,Third Party,Sedan - Liability,Sport,30000 to 39000,0,3294,8,400,4,more than 30,more than 30,2 to 4,7 years,31 to 35,No,No,External,none,no change,1 vehicle,1994,Liability
3,3,4,Mazda,Urban,5,12,4,Male,Married,31,Policy Holder,Sedan - Liability,Sport,20000 to 29000,0,3295,7,400,1,more than 30,more than 30,2 to 4,7 years,31 to 35,No,No,External,none,no change,1 vehicle,1994,Liability
12,3,4,Toyota,Urban,2,12,3,Male,Married,46,Policy Holder,Sedan - Collision,Sedan,20000 to 29000,0,3296,8,400,3,more than 30,more than 30,none,7 years,41 to 50,No,No,External,none,no change,1 vehicle,1994,Collision
11,5,2,Honda,Urban,4,5,1,Male,Married,57,Policy Holder,Sedan - Collision,Sedan,20000 to 29000,0,3297,3,400,1,more than 30,more than 30,more than 4,more than 7,51 to 65,No,No,External,1 to 2,no change,1 vehicle,1994,Collision
5,1,5,Toyota,Urban,5,9,1,Male,Married,46,Policy Holder,Sedan - Collision,Sedan,20000 to 29000,1,3298,14,400,1,more than 30,more than 30,1,7 years,41 to 50,No,No,External,none,4 to 8 years,2 vehicles,1994,Collision
9,1,5,Mazda,Urban,1,1,5,Female,Married,33,Policy Holder,Sedan - Liability,Sport,20000 to 29000,0,3299,16,400,1,more than 30,more than 30,none,7 years,31 to 35,No,No,External,1 to 2,no change,1 vehicle,1994,Liability
12,5,6,Chevrolet,Urban,3,7,1,Male,Married,63,Policy Holder,Sedan - Collision,Sedan,30000 to 39000,0,3300,4,400,1,more than 30,more than 30,2 to 4,more than 7,51 to 65,No,No,External,none,no change,1 vehicle,1994,Collision
7,4,7,Pontiac,Urban,2,8,4,Male,Married,47,Policy Holder,Sedan - Collision,Sedan,30000 to 39000,0,3301,4,400,4,more than 30,more than 30,none,more than 7,41 to 50,No,No,External,none,no change,1 vehicle,1994,Collision
8,3,2,Pontiac,Urban,4,8,3,Male,Married,45,Policy Holder,Sedan - Liability,Sport,20000 to 29000,0,3302,5,400,4,more than 30,more than 30,2 to 4,7 years,36 to 40,No,No,External,none,no change,1 vehicle,1994,Liability
7,4,7,Pontiac,Urban,1,10,2,Female,Married,35,Third Party,Sedan - Collision,Sedan,20000 to 29000,0,3303,12,400,1,more than 30,more than 30,1,6 years,31 to 35,No,No,External,none,no change,1 vehicle,1994,Collision
10,3,5,Honda,Urban,1,3,4,Male,Married,55,Policy Holder,Sedan - Collision,Sedan,20000 to 29000,0,3304,11,400,3,more than 30,more than 30,1,7 years,41 to 50,No,No,External,none,no change,1 vehicle,1994,Collision
3,1,5,Pontiac,Urban,4,10,3,Male,Married,33,Policy Holder,Sedan - Liability,Sport,20000 to 29000,0,3305,2,400,1,more than 30,more than 30,more than 4,7 years,31 to 35,No,No,External,none,no change,1 vehicle,1994,Liability
9,5,4,Ford,Urban,2,10,1,Male,Married,47,Policy Holder,Utility - All Perils,Utility,more than 69000,0,3306,2,400,3,more than 30,more than 30,1,more than 7,41 to 50,Yes,No,External,more than 5,no change,1 vehicle,1994,All Perils
9,5,3,Honda,Urban,3,9,1,Female,Single,23,Policy Holder,Sedan - All Perils,Sedan,20000 to 29000,0,3307,14,400,1,more than 30,more than 30,none,3 years,26 to 30,No,No,External,none,no change,1 vehicle,1994,All Perils
9,4,3,Pontiac,Urban,4,5,4,Male,Single,50,Policy Holder,Sedan - Liability,Sport,30000 to 39000,0,3308,13,400,2,more than 30,more than 30,1,7 years,41 to 50,No,No,External,1 to 2,no change,1 vehicle,1994,Liability
5,4,4,Toyota,Urban,1,5,4,Male,Married,26,Third Party,Sedan - Collision,Sedan,20000 to 29000,0,3309,3,400,3,more than 30,more than 30,1,6 years,31 to 35,No,No,Internal,none,no change,1 vehicle,1994,Collision
5,4,4,Pontiac,Urban,5,5,5,Male,Married,41,Policy Holder,Sedan - Collision,Sedan,20000 to 29000,0,3310,2,400,2,more than 30,more than 30,none,7 years,36 to 40,No,No,External,none,no change,1 vehicle,1994,Collision
5,4,4,Honda,Urban,1,1,4,Male,Married,80,Third Party,Sport - Collision,Sport,more than 69000,0,3311,16,400,3,more than 30,more than 30,none,7 years,over 65,No,No,External,none,no change,1 vehicle,1994,Collision
1,3,5,Honda,Urban,5,1,4,Male,Married,55,Policy Holder,Sport - Collision,Sport,more than 69000,0,3312,8,400,4,more than 30,more than 30,none,more than 7,41 to 50,Yes,No,External,none,no change,1 vehicle,1994,Collision
1,3,1,Toyota,Urban,2,1,4,Female,Single,22,Third Party,Sedan - Collision,Sedan,20000 to 29000,0,3313,1,400,2,more than 30,more than 30,2 to 4,6 years,26 to 30,Yes,No,External,none,no change,1 vehicle,1994,Collision
1,3,2,Toyota,Urban,5,1,3,Male,Married,57,Policy Holder,Sedan - Liability,Sport,20000 to 29000,0,3314,5,400,2,more than 30,more than 30,2 to 4,more than 7,51 to 65,No,No,External,1 to 2,no change,1 vehicle,1994,Liability
1,3,1,Pontiac,Urban,1,5,3,Female,Single,21,Policy Holder,Sedan - Liability,Sport,less than 20000,0,3315,7,400,2,more than 30,more than 30,2 to 4,5 years,26 to 30,No,No,External,3 to 5,no change,1 vehicle,1994,Liability
5,1,3,Chevrolet,Urban,1,5,5,Female,Married,46,Policy Holder,Sedan - Liability,Sport,20000 to 29000,0,3316,15,500,4,more than 30,more than 30,1,more than 7,41 to 50,No,No,External,1 to 2,2 to 3 years,1 vehicle,1994,Liability
5,3,7,Honda,Urban,1,6,4,Male,Married,42,Third Party,Sedan - Collision,Sedan,20000 to 29000,0,3317,6,400,4,more than 30,more than 30,2 to 4,7 years,36 to 40,No,No,External,more than 5,no change,1 vehicle,1994,Collision
6,2,4,Pontiac,Urban,4,8,2,Male,Single,24,Policy Holder,Sedan - Liability,Sport,20000 to 29000,0,3318,12,400,2,more than 30,more than 30,2 to 4,5 years,26 to 30,No,No,External,more than 5,no change,1 vehicle,1994,Liability
8,1,1,Mazda,Urban,2,10,1,Male,Single,48,Policy Holder,Sedan - Liability,Sport,30000 to 39000,0,3319,10,400,3,more than 30,more than 30,more than 4,7 years,41 to 50,No,No,External,none,4 to 8 years,2 vehicles,1994,Liability
9,4,1,Toyota,Rural,1,10,1,Male,Single,35,Policy Holder,Sedan - Liability,Sport,30000 to 39000,0,3320,1,400,1,more than 30,more than 30,more than 4,6 years,31 to 35,No,No,External,3 to 5,no change,1 vehicle,1994,Liability
10,1,3,Mazda,Urban,1,12,1,Male,Married,35,Policy Holder,Sedan - Liability,Sport,more than 69000,0,3321,16,400,3,more than 30,more than 30,2 to 4,7 years,31 to 35,No,No,External,more than 5,no change,1 vehicle,1994,Liability
10,2,6,Pontiac,Urban,2,12,2,Male,Married,44,Third Party,Sedan - Liability,Sport,30000 to 39000,0,3322,15,400,2,more than 30,more than 30,2 to 4,more than 7,36 to 40,No,No,External,more than 5,no change,3 to 4,1994,Liability
12,3,1,Toyota,Urban,3,12,3,Male,Single,28,Third Party,Sedan - Collision,Sedan,30000 to 39000,0,3323,15,400,2,more than 30,more than 30,2 to 4,5 years,31 to 35,No,No,External,none,no change,1 vehicle,1994,Collision
12,3,5,Ford,Urban,3,1,4,Male,Married,27,Policy Holder,Sedan - Collision,Sedan,30000 to 39000,0,3324,1,400,4,more than 30,more than 30,more than 4,6 years,31 to 35,No,No,External,none,no change,1 vehicle,1994,Collision
1,2,1,Chevrolet,Urban,5,4,3,Male,Single,27,Third Party,Sedan - Liability,Sport,30000 to 39000,0,3325,9,400,1,more than 30,more than 30,more than 4,6 years,31 to 35,No,No,External,more than 5,no change,1 vehicle,1994,Liability
4,1,2,Honda,Urban,2,4,2,Male,Married,64,Policy Holder,Sedan - Collision,Sedan,30000 to 39000,0,3326,9,400,3,more than 30,more than 30,2 to 4,more than 7,51 to 65,No,No,External,none,no change,1 vehicle,1994,Collision
4,1,2,Mazda,Urban,2,6,1,Male,Married,61,Third Party,Sedan - Liability,Sport,more than 69000,0,3327,13,400,3,more than 30,more than 30,2 to 4,more than 7,51 to 65,No,No,External,more than 5,no change,1 vehicle,1994,Liability
6,3,7,Mazda,Urban,3,8,3,Male,Married,62,Policy Holder,Sedan - Liability,Sport,20000 to 29000,0,3328,12,400,1,more than 30,more than 30,more than 4,7 years,51 to 65,No,No,External,3 to 5,no change,1 vehicle,1994,Liability
8,4,4,VW,Urban,1,10,5,Male,Married,42,Policy Holder,Sedan - Liability,Sport,more than 69000,0,3329,14,400,3,more than 30,more than 30,2 to 4,7 years,36 to 40,No,No,External,more than 5,no change,1 vehicle,1994,Liability
9,3,3,Pontiac,Urban,5,12,1,Male,Single,26,Policy Holder,Sedan - All Perils,Sedan,20000 to 29000,0,3330,3,400,2,more than 30,more than 30,1,7 years,31 to 35,No,No,External,3 to 5,no change,1 vehicle,1994,All Perils
12,3,2,Dodge,Urban,2,12,4,Male,Married,35,Policy Holder,Sedan - Liability,Sport,30000 to 39000,0,3331,2,400,1,more than 30,more than 30,1,6 years,31 to 35,No,No,External,none,no change,1 vehicle,1994,Liability
12,4,7,Mazda,Urban,1,10,4,Female,Single,33,Policy Holder,Sedan - Liability,Sport,20000 to 29000,0,3332,5,400,4,more than 30,more than 30,2 to 4,4 years,31 to 35,No,No,External,none,no change,1 vehicle,1994,Liability
10,1,3,Pontiac,Rural,1,8,1,Male,Married,31,Third Party,Sedan - Collision,Sedan,20000 to 29000,0,3333,3,400,4,more than 30,more than 30,2 to 4,7 years,31 to 35,Yes,No,External,none,no change,1 vehicle,1994,Collision
7,4,3,Pontiac,Urban,5,5,2,Male,Married,49,Third Party,Sedan - All Perils,Sedan,20000 to 29000,0,3334,8,400,2,more than 30,more than 30,2 to 4,more than 7,41 to 50,No,No,External,3 to 5,no change,1 vehicle,1994,All Perils
5,1,5,Honda,Urban,2,6,2,Male,Single,20,Policy Holder,Sport - Collision,Sport,more than 69000,1,3335,6,400,2,more than 30,more than 30,none,3 years,21 to 25,No,No,External,none,no change,1 vehicle,1994,Collision
3,5,3,Honda,Urban,2,1,2,Male,Single,29,Policy Holder,Sedan - All Perils,Sedan,20000 to 29000,0,3336,4,400,4,more than 30,more than 30,more than 4,7 years,31 to 35,No,No,External,none,no change,1 vehicle,1994,All Perils
1,3,5,Pontiac,Urban,2,1,4,Male,Married,60,Policy Holder,Sedan - All Perils,Sedan,less than 20000,0,3337,6,400,2,more than 30,more than 30,none,more than 7,51 to 65,No,No,External,none,no change,1 vehicle,1994,All Perils
1,2,6,Chevrolet,Rural,3,11,3,Male,Married,76,Third Party,Sedan - All Perils,Sedan,30000 to 39000,0,3338,12,400,1,more than 30,more than 30,1,more than 7,over 65,No,No,External,more than 5,no change,1 vehicle,1994,All Perils
11,2,1,Chevrolet,Urban,2,11,3,Male,Married,57,Policy Holder,Sedan - Collision,Sedan,20000 to 29000,0,3339,15,400,4,more than 30,more than 30,2 to 4,more than 7,51 to 65,No,No,External,more than 5,no change,1 vehicle,1994,Collision
11,2,5,Toyota,Urban,4,11,2,Male,Single,34,Policy Holder,Sedan - Collision,Sedan,20000 to 29000,0,3340,16,400,3,more than 30,more than 30,1,6 years,31 to 35,No,No,External,more than 5,4 to 8 years,2 vehicles,1994,Collision
11,1,5,Honda,Urban,2,10,2,Female,Married,34,Third Party,Sport - Collision,Sport,more than 69000,0,3341,7,400,2,more than 30,more than 30,none,6 years,31 to 35,No,No,External,none,no change,1 vehicle,1994,Collision
10,3,2,Toyota,Urban,2,10,3,Male,Married,31,Policy Holder,Sedan - Liability,Sport,20000 to 29000,0,3342,7,400,3,more than 30,more than 30,2 to 4,7 years,31 to 35,No,No,External,3 to 5,no change,1 vehicle,1994,Liability
10,1,4,Pontiac,Urban,5,9,1,Male,Married,45,Policy Holder,Sedan - Collision,Sedan,30000 to 39000,0,3343,15,400,3,more than 30,more than 30,none,more than 7,36 to 40,No,No,External,more than 5,no change,1 vehicle,1994,Collision
9,2,6,Mazda,Urban,2,8,2,Male,Single,30,Policy Holder,Sedan - All Perils,Sedan,20000 to 29000,0,3344,1,400,3,more than 30,more than 30,1,6 years,31 to 35,No,No,External,none,no change,1 vehicle,1994,All Perils
7,4,7,Chevrolet,Urban,1,7,3,Male,Single,44,Third Party,Sedan - Liability,Sport,20000 to 29000,0,3345,1,400,4,more than 30,more than 30,more than 4,7 years,36 to 40,No,No,External,none,no change,1 vehicle,1994,Liability
7,1,4,Mazda,Rural,5,6,1,Male,Married,55,Third Party,Sedan - Collision,Sedan,30000 to 39000,0,3346,8,400,2,more than 30,more than 30,none,more than 7,41 to 50,No,No,External,more than 5,no change,1 vehicle,1994,Collision
6,1,3,Ford,Urban,3,5,2,Male,Single,55,Third Party,Sedan - All Perils,Sedan,less than 20000,0,3347,16,400,4,more than 30,more than 30,1,more than 7,41 to 50,No,No,External,3 to 5,no change,1 vehicle,1994,All Perils
5,2,7,Chevrolet,Urban,3,5,2,Male,Married,26,Policy Holder,Sedan - Collision,Sedan,20000 to 29000,0,3348,3,400,4,more than 30,more than 30,1,6 years,31 to 35,No,No,External,1 to 2,no change,1 vehicle,1994,Collision
5,1,6,Honda,Urban,4,6,1,Male,Single,0,Policy Holder,Sedan - Liability,Sport,more than 69000,0,3349,7,400,2,more than 30,more than 30,2 to 4,new,16 to 17,No,No,External,none,no change,1 vehicle,1994,Liability
6,2,5,Accura,Urban,1,6,3,Male,Married,31,Policy Holder,Utility - All Perils,Utility,more than 69000,0,3350,15,400,4,more than 30,more than 30,1,6 years,31 to 35,No,No,External,none,no change,1 vehicle,1994,All Perils
6,1,5,Pontiac,Urban,2,6,1,Female,Single,31,Policy Holder,Sedan - Collision,Sedan,20000 to 29000,0,3351,7,400,4,more than 30,more than 30,1,6 years,31 to 35,No,No,External,none,no change,1 vehicle,1994,Collision
6,1,1,Chevrolet,Urban,3,10,1,Male,Married,53,Policy Holder,Sedan - Collision,Sedan,30000 to 39000,0,3352,12,400,2,more than 30,more than 30,1,more than 7,41 to 50,No,No,External,none,no change,1 vehicle,1994,Collision
10,3,1,Chevrolet,Urban,2,10,3,Female,Single,37,Policy Holder,Sedan - Liability,Sport,20000 to 29000,0,3353,10,400,2,more than 30,more than 30,more than 4,7 years,36 to 40,No,No,External,none,no change,1 vehicle,1994,Liability
10,3,1,Pontiac,Urban,4,10,3,Male,Married,64,Third Party,Sedan - All Perils,Sedan,30000 to 39000,0,3354,7,400,3,more than 30,more than 30,2 to 4,more than 7,51 to 65,No,No,External,none,no change,1 vehicle,1994,All Perils
10,3,3,Honda,Urban,5,10,3,Female,Single,27,Third Party,Sedan - All Perils,Sedan,less than 20000,0,3355,16,400,4,more than 30,more than 30,more than 4,6 years,31 to 35,No,No,External,none,no change,1 vehicle,1994,All Perils
8,1,4,Toyota,Urban,4,5,2,Male,Married,68,Policy Holder,Sedan - All Perils,Sedan,20000 to 29000,0,3356,4,400,1,more than 30,more than 30,none,more than 7,over 65,No,No,External,none,no change,1 vehicle,1994,All Perils
5,1,7,Pontiac,Urban,4,2,2,Male,Married,46,Third Party,Sedan - All Perils,Sedan,20000 to 29000,0,3357,12,400,4,more than 30,more than 30,none,more than 7,41 to 50,No,No,External,none,no change,1 vehicle,1994,All Perils
1,5,7,Honda,Urban,1,5,1,Female,Single,29,Policy Holder,Sedan - Collision,Sedan,20000 to 29000,0,3358,10,400,2,more than 30,more than 30,none,6 years,31 to 35,No,No,External,none,no change,1 vehicle,1994,Collision
5,2,4,Chevrolet,Urban,5,4,2,Male,Single,34,Policy Holder,Sedan - Liability,Sport,20000 to 29000,0,3359,10,400,3,more than 30,more than 30,2 to 4,5 years,31 to 35,No,No,External,none,no change,1 vehicle,1994,Liability
3,4,3,Accura,Rural,5,10,4,Male,Married,38,Third Party,Sedan - All Perils,Sedan,30000 to 39000,0,3360,15,400,4,1 to 7,more than 30,1,6 years,36 to 40,No,Yes,External,none,no change,1 vehicle,1994,All Perils
10,3,6,Chevrolet,Urban,4,2,3,Female,Single,34,Policy Holder,Sedan - Collision,Sedan,20000 to 29000,0,3361,5,400,4,more than 30,more than 30,none,6 years,31 to 35,No,No,External,1 to 2,4 to 8 years,2 vehicles,1994,Collision
1,5,2,Honda,Urban,4,1,1,Male,Single,27,Policy Holder,Sedan - Collision,Sedan,20000 to 29000,0,3362,5,400,4,more than 30,more than 30,none,6 years,31 to 35,No,No,External,1 to 2,no change,1 vehicle,1994,Collision
1,2,5,Toyota,Rural,2,10,2,Male,Married,26,Third Party,Sedan - All Perils,Sedan,less than 20000,0,3363,5,400,3,more than 30,more than 30,none,7 years,31 to 35,No,No,External,none,no change,3 to 4,1994,All Perils
10,2,2,Pontiac,Urban,5,4,3,Male,Married,59,Third Party,Sedan - All Perils,Sedan,30000 to 39000,0,3364,8,400,1,more than 30,more than 30,none,more than 7,51 to 65,No,No,External,3 to 5,no change,1 vehicle,1994,All Perils
3,5,6,Pontiac,Urban,1,5,1,Male,Married,38,Policy Holder,Sedan - Liability,Sport,30000 to 39000,0,3365,16,400,1,more than 30,more than 30,2 to 4,7 years,36 to 40,No,No,External,none,no change,1 vehicle,1994,Liability
5,5,3,Honda,Urban,4,8,5,Male,Married,38,Third Party,Sedan - Collision,Sedan,more than 69000,0,3366,10,400,1,more than 30,more than 30,none,7 years,36 to 40,No,No,External,more than 5,no change,1 vehicle,1994,Collision
8,4,6,Honda,Urban,1,12,4,Male,Married,34,Policy Holder,Sedan - Collision,Sedan,20000 to 29000,0,3367,14,500,1,more than 30,more than 30,2 to 4,6 years,31 to 35,No,No,External,none,2 to 3 years,1 vehicle,1994,Collision
12,1,1,Ford,Urban,3,12,1,Male,Married,41,Policy Holder,Sedan - Liability,Sport,30000 to 39000,0,3368,8,400,3,more than 30,more than 30,2 to 4,more than 7,36 to 40,No,No,External,more than 5,1 year,1 vehicle,1994,Liability
12,4,5,Mazda,Urban,3,12,5,Female,Married,32,Policy Holder,Sedan - Liability,Sport,20000 to 29000,0,3369,5,400,4,more than 30,more than 30,none,4 years,31 to 35,No,No,External,1 to 2,no change,1 vehicle,1994,Liability
12,4,4,Honda,Urban,5,5,5,Male,Married,35,Third Party,Sedan - Liability,Sport,20000 to 29000,0,3370,10,400,2,more than 30,more than 30,2 to 4,7 years,31 to 35,No,No,External,3 to 5,no change,1 vehicle,1994,Liability
5,1,2,Toyota,Urban,2,1,1,Male,Married,34,Third Party,Sedan - Collision,Sedan,20000 to 29000,0,3371,13,400,3,more than 30,more than 30,2 to 4,6 years,31 to 35,No,No,External,none,no change,1 vehicle,1994,Collision
1,2,3,Toyota,Urban,3,6,3,Female,Married,50,Policy Holder,Sedan - Liability,Sport,20000 to 29000,0,3372,3,400,3,more than 30,more than 30,more than 4,6 years,41 to 50,No,No,External,1 to 2,no change,1 vehicle,1994,Liability
6,3,4,Pontiac,Urban,3,7,3,Male,Married,26,Policy Holder,Sedan - Collision,Sedan,20000 to 29000,0,3373,2,400,3,more than 30,more than 30,none,6 years,31 to 35,No,No,External,more than 5,no change,1 vehicle,1994,Collision
7,1,6,Mazda,Urban,3,8,3,Male,Single,32,Policy Holder,Sedan - Liability,Sport,20000 to 29000,0,3374,13,400,4,more than 30,more than 30,more than 4,7 years,31 to 35,No,No,External,none,no change,1 vehicle,1994,Liability
7,5,5,Pontiac,Urban,1,10,1,Female,Single,33,Policy Holder,Sedan - Liability,Sport,20000 to 29000,0,3375,6,400,1,more than 30,more than 30,1,5 years,31 to 35,No,No,External,1 to 2,no change,1 vehicle,1994,Liability
10,3,6,Mazda,Urban,1,10,4,Male,Married,28,Policy Holder,Sedan - Collision,Sedan,20000 to 29000,0,3376,14,400,1,more than 30,more than 30,1,7 years,31 to 35,Yes,No,External,more than 5,no change,1 vehicle,1994,Collision
10,4,4,Toyota,Urban,3,7,4,Male,Married,41,Policy Holder,Sedan - Liability,Sport,more than 69000,0,3377,10,400,3,more than 30,more than 30,none,more than 7,36 to 40,No,No,External,none,no change,1 vehicle,1994,Liability
7,2,1,Honda,Urban,4,12,3,Male,Single,32,Third Party,Sedan - Collision,Sedan,30000 to 39000,0,3378,16,400,1,more than 30,more than 30,1,6 years,31 to 35,No,No,External,none,no change,1 vehicle,1994,Collision
12,2,4,Mazda,Urban,5,11,3,Male,Single,21,Third Party,Sedan - Collision,Sedan,20000 to 29000,0,3379,4,400,2,more than 30,more than 30,2 to 4,5 years,26 to 30,No,No,External,none,no change,1 vehicle,1994,Collision
11,1,5,Mazda,Urban,2,11,2,Male,Married,39,Policy Holder,Sedan - Collision,Sedan,20000 to 29000,0,3380,4,700,3,more than 30,more than 30,2 to 4,7 years,36 to 40,No,No,External,more than 5,no change,1 vehicle,1994,Collision
10,5,5,Pontiac,Urban,1,9,2,Female,Single,39,Third Party,Sedan - Collision,Sedan,20000 to 29000,0,3381,13,400,1,none,15 to 30,none,7 years,36 to 40,No,Yes,External,none,no change,1 vehicle,1994,Collision
9,4,1,Mazda,Urban,2,8,4,Male,Married,26,Third Party,Sedan - Collision,Sedan,more than 69000,0,3382,4,400,4,more than 30,more than 30,2 to 4,7 years,31 to 35,No,No,External,none,4 to 8 years,2 vehicles,1994,Collision
8,4,1,Honda,Urban,2,7,4,Male,Single,31,Policy Holder,Sedan - Liability,Sport,20000 to 29000,0,3383,7,400,4,more than 30,more than 30,more than 4,6 years,31 to 35,No,No,External,none,no change,1 vehicle,1994,Liability
7,3,4,Accura,Urban,3,5,3,Male,Married,60,Policy Holder,Sedan - All Perils,Sedan,20000 to 29000,0,3384,14,400,4,more than 30,more than 30,1,more than 7,51 to 65,Yes,No,External,1 to 2,no change,1 vehicle,1994,All Perils
5,1,5,Chevrolet,Urban,3,9,2,Male,Single,29,Policy Holder,Sedan - Collision,Sedan,20000 to 29000,0,3385,3,400,3,more than 30,more than 30,2 to 4,4 years,31 to 35,No,No,External,none,no change,1 vehicle,1994,Collision
8,3,4,Honda,Urban,1,6,2,Male,Single,22,Third Party,Sport - Collision,Sport,more than 69000,0,3386,15,400,4,more than 30,more than 30,2 to 4,6 years,26 to 30,No,No,External,none,no change,1 vehicle,1994,Collision
5,1,4,Mazda,Urban,2,6,1,Male,Married,53,Third Party,Sedan - All Perils,Sedan,20000 to 29000,0,3387,16,400,2,more than 30,more than 30,none,6 years,41 to 50,Yes,No,External,none,no change,1 vehicle,1994,All Perils
6,4,4,Chevrolet,Urban,5,5,5,Male,Married,44,Policy Holder,Sedan - Liability,Sport,40000 to 59000,0,3388,8,400,4,more than 30,more than 30,1,7 years,36 to 40,No,No,External,none,no change,1 vehicle,1994,Liability
5,1,4,Chevrolet,Urban,1,2,2,Male,Married,24,Third Party,Sedan - All Perils,Sedan,20000 to 29000,0,3389,2,400,3,more than 30,more than 30,1,5 years,26 to 30,No,No,External,none,no change,1 vehicle,1994,All Perils
2,1,7,Pontiac,Urban,1,10,2,Male,Single,24,Third Party,Sedan - Collision,Sedan,20000 to 29000,0,3390,13,400,3,more than 30,more than 30,2 to 4,5 years,26 to 30,No,No,External,none,no change,1 vehicle,1994,Collision
10,2,2,Honda,Rural,1,10,2,Male,Married,44,Third Party,Sedan - All Perils,Sedan,20000 to 29000,0,3391,12,400,2,more than 30,more than 30,1,more than 7,36 to 40,No,No,External,none,no change,1 vehicle,1994,All Perils
10,2,6,Chevrolet,Rural,4,11,3,Male,Married,33,Policy Holder,Utility - All Perils,Utility,more than 69000,0,3392,2,400,3,more than 30,more than 30,1,7 years,31 to 35,No,No,External,none,no change,1 vehicle,1994,All Perils
10,3,4,Mazda,Urban,3,1,2,Male,Married,41,Policy Holder,Sedan - Liability,Sport,30000 to 39000,0,3393,12,400,3,more than 30,more than 30,more than 4,7 years,36 to 40,No,No,External,3 to 5,no change,1 vehicle,1994,Liability
1,3,5,Mazda,Urban,2,1,4,Male,Married,35,Third Party,Sedan - Collision,Sedan,more than 69000,0,3394,6,400,3,more than 30,more than 30,2 to 4,6 years,31 to 35,No,No,External,none,no change,1 vehicle,1994,Collision
1,3,3,Mazda,Urban,3,1,4,Female,Single,27,Third Party,Sedan - All Perils,Sedan,20000 to 29000,0,3395,6,400,2,more than 30,more than 30,none,4 years,31 to 35,No,No,External,none,no change,1 vehicle,1994,All Perils
1,4,1,Mazda,Urban,1,1,4,Male,Single,55,Policy Holder,Sedan - Liability,Sport,20000 to 29000,0,3396,15,400,2,more than 30,more than 30,none,7 years,41 to 50,No,No,External,none,no change,1 vehicle,1994,Liability
1,5,3,Mazda,Urban,3,2,5,Male,Married,34,Policy Holder,Sedan - Liability,Sport,30000 to 39000,0,3397,8,400,4,more than 30,more than 30,2 to 4,6 years,31 to 35,No,No,External,none,no change,1 vehicle,1994,Liability
2,1,4,Pontiac,Rural,3,4,1,Male,Married,61,Policy Holder,Sedan - Collision,Sedan,20000 to 29000,0,3398,15,400,1,more than 30,more than 30,1,more than 7,51 to 65,No,No,External,none,no change,1 vehicle,1994,Collision
4,3,6,Pontiac,Urban,1,6,4,Female,Single,62,Policy Holder,Sedan - Liability,Sport,20000 to 29000,0,3399,11,400,1,more than 30,more than 30,1,7 years,51 to 65,No,No,External,none,no change,1 vehicle,1994,Liability
6,1,1,Mazda,Urban,2,6,1,Male,Married,40,Policy Holder,Sedan - Collision,Sedan,20000 to 29000,0,3400,9,400,4,more than 30,more than 30,none,7 years,36 to 40,No,No,External,more than 5,no change,1 vehicle,1994,Collision
6,1,3,Pontiac,Urban,5,6,1,Female,Married,36,Third Party,Sedan - Collision,Sedan,20000 to 29000,0,3401,9,400,4,more than 30,more than 30,1,7 years,36 to 40,No,No,External,none,no change,1 vehicle,1994,Collision
6,2,2,Honda,Urban,2,8,2,Male,Married,65,Policy Holder,Sedan - Liability,Sport,30000 to 39000,0,3402,4,400,1,more than 30,more than 30,2 to 4,more than 7,51 to 65,No,No,External,more than 5,no change,1 vehicle,1994,Liability
8,1,3,Toyota,Urban,2,10,1,Male,Married,47,Policy Holder,Sedan - Liability,Sport,20000 to 29000,0,3403,14,400,2,more than 30,more than 30,1,7 years,41 to 50,No,No,External,more than 5,4 to 8 years,2 vehicles,1994,Liability
10,1,6,Accura,Urban,5,10,3,Male,Married,27,Policy Holder,Utility - All Perils,Utility,more than 69000,0,3404,2,400,4,more than 30,more than 30,none,7 years,31 to 35,No,No,External,none,no change,3 to 4,1994,All Perils
10,2,3,Pontiac,Urban,3,10,2,Female,Single,25,Policy Holder,Sedan - Collision,Sedan,less than 20000,0,3405,5,400,4,more than 30,more than 30,1,5 years,26 to 30,No,No,External,1 to 2,no change,1 vehicle,1994,Collision
10,2,5,Chevrolet,Urban,5,5,3,Male,Married,36,Third Party,Utility - All Perils,Utility,more than 69000,0,3406,11,400,3,more than 30,more than 30,more than 4,more than 7,36 to 40,No,No,External,more than 5,no change,1 vehicle,1994,All Perils
5,1,5,Pontiac,Urban,4,6,1,Male,Single,39,Policy Holder,Sedan - Collision,Sedan,less than 20000,1,3407,5,400,1,more than 30,more than 30,none,7 years,36 to 40,No,No,External,1 to 2,no change,1 vehicle,1994,Collision
5,1,5,Toyota,Urban,3,12,2,Male,Married,51,Policy Holder,Sedan - Collision,Sedan,20000 to 29000,1,3408,11,400,1,more than 30,more than 30,none,7 years,41 to 50,No,No,External,none,no change,1 vehicle,1994,Collision
12,4,1,Ford,Rural,1,12,4,Male,Married,36,Third Party,Utility - All Perils,Utility,more than 69000,0,3409,5,400,3,more than 30,more than 30,none,7 years,36 to 40,No,No,External,1 to 2,no change,1 vehicle,1994,All Perils
12,1,3,Chevrolet,Urban,1,11,3,Male,Single,35,Policy Holder,Sedan - Liability,Sport,20000 to 29000,0,3410,9,400,2,more than 30,more than 30,1,7 years,31 to 35,No,No,External,none,no change,1 vehicle,1994,Liability
10,3,5,Toyota,Urban,4,10,1,Male,Married,40,Policy Holder,Sedan - All Perils,Sedan,30000 to 39000,0,3411,10,700,4,more than 30,more than 30,none,7 years,36 to 40,No,No,External,none,no change,1 vehicle,1994,All Perils
10,2,4,Nisson,Urban,2,11,3,Male,Married,31,Policy Holder,Sedan - Collision,Sedan,30000 to 39000,0,3412,10,400,2,more than 30,more than 30,2 to 4,6 years,31 to 35,No,No,External,none,no change,1 vehicle,1994,Collision
8,5,2,Nisson,Rural,4,8,3,Male,Married,40,Policy Holder,Sedan - Liability,Sport,more than 69000,0,3413,1,400,2,more than 30,more than 30,2 to 4,6 years,36 to 40,No,No,External,more than 5,no change,1 vehicle,1994,Liability
8,3,2,Toyota,Urban,5,8,3,Male,Married,27,Policy Holder,Sedan - All Perils,Sedan,20000 to 29000,0,3414,4,400,1,more than 30,more than 30,none,7 years,31 to 35,No,No,External,more than 5,no change,1 vehicle,1994,All Perils
8,1,2,Pontiac,Urban,2,6,2,Male,Married,29,Policy Holder,Sedan - All Perils,Sedan,20000 to 29000,0,3415,1,400,2,more than 30,more than 30,none,7 years,31 to 35,No,No,External,1 to 2,no change,1 vehicle,1994,All Perils
6,2,1,Honda,Urban,4,10,3,Male,Married,37,Policy Holder,Sedan - Liability,Sport,30000 to 39000,0,3416,3,400,4,more than 30,more than 30,2 to 4,7 years,36 to 40,No,No,External,more than 5,no change,1 vehicle,1994,Liability
6,1,7,Chevrolet,Urban,2,6,4,Male,Married,29,Policy Holder,Sedan - Liability,Sport,20000 to 29000,0,3417,12,400,1,more than 30,more than 30,more than 4,6 years,31 to 35,No,No,External,1 to 2,no change,1 vehicle,1994,Liability
6,1,7,Mazda,Urban,2,5,2,Male,Married,33,Policy Holder,Sedan - All Perils,Sedan,20000 to 29000,0,3418,11,400,4,more than 30,more than 30,none,4 years,31 to 35,No,No,External,3 to 5,2 to 3 years,1 vehicle,1994,All Perils
5,3,1,Chevrolet,Rural,1,5,4,Male,Single,34,Policy Holder,Sedan - All Perils,Sedan,20000 to 29000,0,3419,12,400,4,more than 30,more than 30,none,6 years,31 to 35,No,No,External,1 to 2,no change,1 vehicle,1994,All Perils
5,3,2,Honda,Rural,2,5,3,Male,Married,28,Policy Holder,Sedan - All Perils,Sedan,less than 20000,0,3420,11,400,3,more than 30,more than 30,2 to 4,6 years,31 to 35,No,No,External,1 to 2,no change,1 vehicle,1994,All Perils
5,1,5,Honda,Urban,1,5,1,Male,Married,53,Policy Holder,Sedan - Liability,Sport,30000 to 39000,0,3421,2,400,2,more than 30,more than 30,none,7 years,41 to 50,No,No,External,more than 5,no change,1 vehicle,1994,Liability
5,1,5,Pontiac,Urban,3,5,3,Male,Single,33,Policy Holder,Sedan - All Perils,Sedan,20000 to 29000,1,3422,2,400,2,more than 30,more than 30,1,5 years,31 to 35,No,No,External,none,no change,1 vehicle,1994,All Perils
5,1,6,Honda,Urban,5,2,2,Male,Divorced,30,Policy Holder,Sedan - All Perils,Sedan,30000 to 39000,1,3423,14,400,1,more than 30,more than 30,2 to 4,6 years,31 to 35,No,No,External,none,no change,1 vehicle,1994,All Perils
2,1,3,Mazda,Urban,1,2,2,Female,Married,62,Policy Holder,Sedan - Liability,Sport,less than 20000,0,3424,7,400,1,more than 30,more than 30,1,7 years,51 to 65,No,No,External,1 to 2,4 to 8 years,2 vehicles,1994,Liability
2,1,3,Chevrolet,Urban,4,2,1,Male,Married,45,Policy Holder,Sedan - Liability,Sport,30000 to 39000,0,3425,14,400,3,more than 30,more than 30,1,7 years,36 to 40,No,No,External,more than 5,no change,1 vehicle,1994,Liability
2,1,4,Pontiac,Urban,1,2,1,Female,Married,69,Third Party,Sedan - All Perils,Sedan,20000 to 29000,0,3426,3,400,1,more than 30,more than 30,2 to 4,7 years,over 65,No,No,External,none,no change,1 vehicle,1994,All Perils
2,1,2,Toyota,Urban,5,2,1,Male,Single,27,Policy Holder,Sedan - Collision,Sedan,20000 to 29000,0,3427,12,400,1,more than 30,more than 30,1,6 years,31 to 35,No,No,External,none,no change,1 vehicle,1994,Collision
1,5,1,Mazda,Urban,3,2,1,Female,Single,28,Policy Holder,Sedan - Liability,Sport,20000 to 29000,0,3428,5,400,3,more than 30,more than 30,2 to 4,6 years,31 to 35,No,No,External,3 to 5,no change,1 vehicle,1994,Liability
1,5,5,Pontiac,Urban,1,2,1,Male,Married,61,Policy Holder,Sedan - Collision,Sedan,20000 to 29000,0,3429,7,400,1,more than 30,more than 30,1,more than 7,51 to 65,No,No,External,none,no change,1 vehicle,1994,Collision
1,4,5,Honda,Urban,2,1,1,Male,Single,39,Third Party,Sedan - Liability,Sport,more than 69000,0,3430,3,400,4,more than 30,more than 30,2 to 4,more than 7,36 to 40,No,No,External,1 to 2,no change,1 vehicle,1994,Liability
1,4,6,Saturn,Urban,5,6,5,Male,Married,49,Policy Holder,Sedan - All Perils,Sedan,20000 to 29000,0,3431,1,400,4,more than 30,more than 30,2 to 4,7 years,41 to 50,No,No,External,none,no change,1 vehicle,1994,All Perils
1,5,2,Pontiac,Urban,5,2,3,Female,Married,63,Third Party,Sedan - Liability,Sport,20000 to 29000,0,3432,6,400,3,more than 30,more than 30,2 to 4,7 years,51 to 65,No,No,External,3 to 5,no change,1 vehicle,1994,Liability
1,4,6,Chevrolet,Urban,5,5,1,Male,Married,45,Policy Holder,Utility - All Perils,Utility,more than 69000,0,3433,3,400,2,more than 30,more than 30,more than 4,6 years,36 to 40,No,No,External,3 to 5,no change,1 vehicle,1994,All Perils
5,2,1,Pontiac,Urban,3,2,3,Male,Married,38,Third Party,Sedan - Collision,Sedan,20000 to 29000,0,3434,13,400,3,more than 30,more than 30,2 to 4,more than 7,36 to 40,No,No,External,none,no change,1 vehicle,1994,Collision
1,4,7,Toyota,Rural,1,1,1,Male,Married,60,Policy Holder,Sedan - Liability,Sport,30000 to 39000,0,3435,13,400,2,more than 30,more than 30,none,more than 7,51 to 65,No,No,External,3 to 5,no change,1 vehicle,1994,Liability
1,4,1,Pontiac,Urban,2,2,4,Male,Single,55,Policy Holder,Sedan - Liability,Sport,20000 to 29000,0,3436,9,400,3,more than 30,more than 30,1,7 years,41 to 50,No,No,External,1 to 2,no change,1 vehicle,1994,Liability
1,4,5,Accura,Urban,2,1,2,Male,Single,44,Policy Holder,Sedan - All Perils,Sedan,20000 to 29000,0,3437,12,400,3,more than 30,more than 30,2 to 4,7 years,36 to 40,No,No,External,1 to 2,no change,1 vehicle,1994,All Perils
1,3,4,Toyota,Urban,4,1,4,Male,Married,53,Policy Holder,Sedan - All Perils,Sedan,20000 to 29000,0,3438,9,400,1,more than 30,more than 30,2 to 4,more than 7,41 to 50,No,No,External,more than 5,no change,1 vehicle,1994,All Perils
1,3,6,Honda,Urban,1,1,3,Male,Married,41,Policy Holder,Sedan - Liability,Sport,20000 to 29000,0,3439,4,400,2,more than 30,more than 30,2 to 4,7 years,36 to 40,No,No,External,more than 5,no change,1 vehicle,1994,Liability
1,4,5,Pontiac,Urban,3,1,4,Female,Single,22,Third Party,Sedan - Collision,Sedan,20000 to 29000,0,3440,1,400,1,more than 30,more than 30,more than 4,5 years,26 to 30,Yes,Yes,External,1 to 2,no change,1 vehicle,1994,Collision
1,3,3,Honda,Urban,4,12,4,Female,Single,24,Policy Holder,Sedan - All Perils,Sedan,less than 20000,0,3441,5,400,1,more than 30,more than 30,1,4 years,26 to 30,No,No,External,none,no change,1 vehicle,1994,All Perils
12,5,4,Mazda,Urban,1,1,5,Male,Married,28,Third Party,Sport - Collision,Sport,more than 69000,0,3442,7,400,2,more than 30,more than 30,none,5 years,31 to 35,No,No,External,none,no change,1 vehicle,1994,Collision
12,5,6,Toyota,Urban,1,5,1,Male,Single,39,Policy Holder,Sedan - Collision,Sedan,less than 20000,0,3443,7,400,4,more than 30,more than 30,none,7 years,36 to 40,No,No,External,1 to 2,no change,1 vehicle,1994,Collision
5,2,4,Mazda,Urban,3,12,2,Male,Single,26,Policy Holder,Sedan - Collision,Sedan,20000 to 29000,1,3444,13,400,3,more than 30,more than 30,none,7 years,31 to 35,No,No,External,more than 5,no change,1 vehicle,1994,Collision
12,2,1,Accura,Urban,5,10,3,Male,Single,32,Third Party,Sedan - Collision,Sedan,30000 to 39000,0,3445,10,400,3,more than 30,more than 30,1,7 years,31 to 35,No,No,External,none,4 to 8 years,3 to 4,1994,Collision
10,2,5,Honda,Urban,5,10,3,Male,Single,21,Third Party,Sedan - All Perils,Sedan,30000 to 39000,0,3446,7,400,4,more than 30,more than 30,2 to 4,6 years,26 to 30,No,No,External,more than 5,no change,1 vehicle,1994,All Perils
10,2,3,Pontiac,Urban,3,10,2,Male,Single,35,Policy Holder,Sedan - Collision,Sedan,20000 to 29000,0,3447,7,400,1,more than 30,more than 30,none,7 years,31 to 35,No,No,External,1 to 2,no change,1 vehicle,1994,Collision
9,3,5,Pontiac,Urban,1,9,1,Male,Single,43,Policy Holder,Sedan - All Perils,Sedan,less than 20000,0,3448,11,400,2,more than 30,more than 30,none,7 years,36 to 40,No,No,External,3 to 5,no change,1 vehicle,1994,All Perils
9,2,2,Chevrolet,Urban,4,2,3,Male,Single,24,Policy Holder,Sedan - Collision,Sedan,20000 to 29000,0,3449,14,400,1,more than 30,more than 30,more than 4,5 years,26 to 30,No,No,External,none,no change,1 vehicle,1994,Collision
8,1,3,Pontiac,Urban,5,8,1,Male,Single,18,Policy Holder,Sedan - All Perils,Sedan,less than 20000,0,3450,11,400,2,more than 30,more than 30,1,3 years,21 to 25,No,No,External,more than 5,no change,1 vehicle,1994,All Perils
8,1,5,Mazda,Urban,4,7,2,Male,Married,37,Policy Holder,Utility - All Perils,Utility,more than 69000,0,3451,12,400,3,more than 30,more than 30,2 to 4,7 years,36 to 40,No,No,External,1 to 2,no change,1 vehicle,1994,All Perils
6,4,6,Toyota,Urban,1,5,2,Male,Married,59,Policy Holder,Sedan - All Perils,Sedan,20000 to 29000,0,3452,11,400,1,more than 30,more than 30,more than 4,more than 7,51 to 65,No,No,External,none,no change,1 vehicle,1994,All Perils
5,4,6,Honda,Urban,3,6,4,Male,Married,31,Third Party,Sport - Collision,Sport,more than 69000,0,3453,8,400,2,more than 30,more than 30,none,6 years,31 to 35,No,No,External,none,no change,1 vehicle,1994,Collision
5,4,3,Chevrolet,Urban,5,2,1,Male,Married,42,Policy Holder,Sedan - Collision,Sedan,more than 69000,0,3454,10,400,4,more than 30,more than 30,2 to 4,7 years,36 to 40,No,No,External,3 to 5,no change,1 vehicle,1994,Collision
2,1,4,Pontiac,Urban,4,2,1,Male,Married,36,Policy Holder,Sedan - Liability,Sport,20000 to 29000,0,3455,6,400,4,more than 30,more than 30,more than 4,7 years,36 to 40,No,No,External,more than 5,no change,1 vehicle,1994,Liability
2,1,7,Toyota,Urban,2,5,1,Male,Single,32,Policy Holder,Sedan - Liability,Sport,20000 to 29000,0,3456,2,400,3,more than 30,more than 30,1,6 years,31 to 35,No,No,External,more than 5,no change,1 vehicle,1994,Liability
5,2,4,Mazda,Rural,5,1,4,Male,Single,29,Policy Holder,Sedan - Collision,Sedan,20000 to 29000,1,3457,4,400,1,more than 30,more than 30,1,7 years,31 to 35,No,No,External,none,no change,1 vehicle,1994,Collision
1,3,4,Dodge,Urban,5,1,4,Male,Married,49,Policy Holder,Sedan - Liability,Sport,more than 69000,0,3458,16,400,2,more than 30,more than 30,2 to 4,5 years,41 to 50,No,No,External,3 to 5,no change,1 vehicle,1994,Liability
1,3,1,Toyota,Urban,2,1,4,Male,Married,41,Third Party,Sedan - Collision,Sedan,20000 to 29000,0,3459,1,400,3,more than 30,more than 30,1,7 years,36 to 40,No,No,External,1 to 2,1 year,1 vehicle,1994,Collision
1,4,7,Honda,Urban,1,5,4,Male,Married,46,Policy Holder,Sedan - Liability,Sport,20000 to 29000,0,3460,4,400,4,more than 30,more than 30,1,more than 7,41 to 50,No,No,External,1 to 2,no change,1 vehicle,1994,Liability
5,2,1,Mazda,Urban,1,1,2,Male,Single,21,Policy Holder,Sedan - Collision,Sedan,30000 to 39000,1,3461,10,400,1,more than 30,more than 30,1,5 years,26 to 30,No,No,External,none,no change,1 vehicle,1994,Collision
1,4,7,Pontiac,Urban,5,5,4,Male,Married,51,Policy Holder,Sedan - Liability,Sport,20000 to 29000,0,3462,16,400,3,more than 30,more than 30,1,more than 7,41 to 50,No,No,External,1 to 2,no change,1 vehicle,1994,Liability
5,2,7,Mazda,Urban,1,2,2,Male,Married,28,Policy Holder,Sedan - All Perils,Sedan,30000 to 39000,1,3463,9,400,4,more than 30,more than 30,2 to 4,7 years,31 to 35,No,No,External,none,no change,1 vehicle,1994,All Perils
2,2,6,Toyota,Urban,2,2,2,Male,Single,36,Policy Holder,Sedan - Liability,Sport,20000 to 29000,0,3464,11,400,4,more than 30,more than 30,none,7 years,36 to 40,No,No,External,none,no change,1 vehicle,1994,Liability
2,2,6,Pontiac,Rural,4,3,3,Male,Married,58,Third Party,Sedan - Collision,Sedan,30000 to 39000,0,3465,15,400,3,more than 30,more than 30,none,more than 7,51 to 65,No,No,External,1 to 2,no change,1 vehicle,1994,Collision
2,4,1,Mazda,Urban,2,2,1,Male,Single,31,Policy Holder,Sedan - Liability,Sport,30000 to 39000,0,3466,3,400,2,more than 30,more than 30,more than 4,7 years,31 to 35,No,No,External,none,4 to 8 years,2 vehicles,1994,Liability
2,3,3,Toyota,Rural,4,11,4,Male,Married,71,Third Party,Sedan - All Perils,Sedan,20000 to 29000,0,3467,12,400,3,more than 30,more than 30,none,more than 7,over 65,No,No,External,1 to 2,no change,1 vehicle,1994,All Perils
11,1,5,Mazda,Urban,4,9,1,Female,Married,37,Policy Holder,Sedan - Liability,Sport,20000 to 29000,0,3468,4,400,4,more than 30,more than 30,more than 4,6 years,36 to 40,No,No,External,more than 5,no change,1 vehicle,1994,Liability
9,1,1,Honda,Urban,1,3,2,Female,Married,35,Policy Holder,Sedan - Collision,Sedan,20000 to 29000,0,3469,3,500,3,more than 30,more than 30,2 to 4,7 years,31 to 35,No,No,External,more than 5,2 to 3 years,1 vehicle,1994,Collision
3,4,1,Honda,Urban,3,3,4,Male,Single,37,Policy Holder,Sedan - Collision,Sedan,20000 to 29000,0,3470,14,400,1,more than 30,more than 30,none,6 years,36 to 40,No,No,External,none,no change,1 vehicle,1994,Collision
3,3,1,Pontiac,Urban,5,2,4,Female,Single,40,Policy Holder,Sedan - Liability,Sport,30000 to 39000,0,3471,1,400,3,8 to 15,15 to 30,none,3 years,36 to 40,No,No,External,none,no change,1 vehicle,1994,Liability
2,3,1,Toyota,Rural,1,2,3,Male,Married,80,Policy Holder,Sedan - All Perils,Sedan,less than 20000,0,3472,10,400,3,more than 30,more than 30,1,7 years,over 65,No,No,External,none,no change,1 vehicle,1994,All Perils
2,3,3,Pontiac,Urban,1,6,3,Male,Married,37,Policy Holder,Sedan - All Perils,Sedan,less than 20000,0,3473,15,700,3,more than 30,more than 30,none,7 years,36 to 40,No,No,External,3 to 5,no change,1 vehicle,1994,All Perils
6,1,5,Accura,Urban,5,3,1,Male,Single,18,Policy Holder,Sedan - Collision,Sedan,20000 to 29000,0,3474,14,400,2,more than 30,more than 30,2 to 4,3 years,21 to 25,No,No,External,1 to 2,no change,1 vehicle,1994,Collision
3,1,5,Chevrolet,Urban,3,4,3,Male,Single,27,Policy Holder,Utility - All Perils,Utility,more than 69000,0,3475,13,400,2,more than 30,more than 30,2 to 4,7 years,31 to 35,No,No,External,1 to 2,no change,1 vehicle,1994,All Perils
4,2,7,Pontiac,Urban,2,5,2,Male,Married,39,Policy Holder,Sedan - Collision,Sedan,less than 20000,0,3476,13,400,2,more than 30,more than 30,none,7 years,36 to 40,No,No,External,more than 5,no change,1 vehicle,1994,Collision
5,2,5,Ford,Urban,1,4,3,Male,Married,52,Third Party,Sedan - Collision,Sedan,30000 to 39000,0,3477,3,400,2,more than 30,more than 30,none,more than 7,41 to 50,No,No,External,none,no change,1 vehicle,1994,Collision
4,3,7,Honda,Urban,2,4,3,Male,Single,28,Policy Holder,Sedan - All Perils,Sedan,less than 20000,0,3478,16,400,4,more than 30,more than 30,2 to 4,6 years,31 to 35,No,No,External,more than 5,no change,1 vehicle,1994,All Perils
4,2,4,Honda,Urban,1,6,2,Male,Single,28,Third Party,Sedan - Collision,Sedan,20000 to 29000,0,3479,9,400,3,more than 30,more than 30,1,6 years,31 to 35,No,No,External,more than 5,no change,1 vehicle,1994,Collision
6,2,6,Honda,Urban,1,6,3,Male,Single,54,Policy Holder,Sedan - All Perils,Sedan,20000 to 29000,0,3480,13,400,3,more than 30,more than 30,none,more than 7,41 to 50,No,No,External,more than 5,no change,1 vehicle,1994,All Perils
5,5,6,Pontiac,Urban,5,9,3,Female,Single,27,Policy Holder,Sedan - Collision,Sedan,less than 20000,0,3481,9,400,4,more than 30,more than 30,more than 4,5 years,31 to 35,No,No,External,none,no change,1 vehicle,1994,Collision
8,4,1,Mazda,Urban,5,5,1,Male,Married,49,Third Party,Sedan - All Perils,Sedan,30000 to 39000,0,3482,13,400,1,more than 30,more than 30,2 to 4,more than 7,41 to 50,No,No,External,3 to 5,no change,1 vehicle,1994,All Perils
5,2,5,Pontiac,Urban,1,1,2,Male,Married,34,Third Party,Sedan - All Perils,Sedan,20000 to 29000,0,3483,1,400,2,more than 30,more than 30,1,6 years,31 to 35,No,No,External,3 to 5,no change,1 vehicle,1994,All Perils
9,4,7,Chevrolet,Urban,1,11,3,Male,Married,32,Policy Holder,Sedan - Collision,Sedan,20000 to 29000,0,3484,15,400,3,more than 30,more than 30,more than 4,7 years,31 to 35,No,No,External,3 to 5,no change,1 vehicle,1994,Collision
11,3,6,Mazda,Urban,3,6,5,Male,Married,30,Policy Holder,Sedan - Liability,Sport,30000 to 39000,0,3485,14,400,3,more than 30,more than 30,1,7 years,31 to 35,No,No,External,3 to 5,no change,1 vehicle,1994,Liability
12,4,6,Pontiac,Urban,1,1,5,Male,Married,38,Policy Holder,Sedan - Liability,Sport,30000 to 39000,0,3486,2,400,3,more than 30,more than 30,more than 4,7 years,36 to 40,No,No,External,more than 5,no change,3 to 4,1994,Liability
12,4,4,Chevrolet,Urban,7,1,1,Male,Married,52,Policy Holder,Sedan - All Perils,Sedan,30000 to 39000,0,3487,11,400,3,more than 30,more than 30,1,more than 7,41 to 50,No,No,External,none,4 to 8 years,2 vehicles,1994,All Perils
12,4,5,Mazda,Urban,5,2,1,Male,Married,64,Third Party,Sedan - Collision,Sedan,20000 to 29000,0,3488,10,400,1,more than 30,more than 30,1,more than 7,51 to 65,No,No,External,more than 5,no change,1 vehicle,1994,Collision
2,2,1,Chevrolet,Urban,1,6,2,Male,Single,20,Policy Holder,Sedan - Collision,Sedan,20000 to 29000,0,3489,7,400,2,more than 30,more than 30,1,4 years,21 to 25,No,No,External,more than 5,no change,1 vehicle,1994,Collision
6,4,6,Toyota,Urban,4,8,4,Male,Married,26,Policy Holder,Sedan - Collision,Sedan,20000 to 29000,0,3490,7,400,1,more than 30,more than 30,2 to 4,6 years,31 to 35,No,No,External,more than 5,no change,1 vehicle,1994,Collision
7,4,5,Pontiac,Urban,4,8,5,Male,Single,27,Policy Holder,Sedan - Collision,Sedan,30000 to 39000,0,3491,10,400,3,more than 30,more than 30,1,6 years,31 to 35,No,No,External,3 to 5,no change,1 vehicle,1994,Collision
7,3,1,Pontiac,Urban,1,5,1,Male,Married,37,Policy Holder,Sedan - Collision,Sedan,30000 to 39000,0,3492,4,400,4,more than 30,more than 30,more than 4,7 years,36 to 40,No,No,External,more than 5,no change,1 vehicle,1994,Collision
5,2,5,Honda,Urban,5,6,3,Male,Married,48,Policy Holder,Sedan - All Perils,Sedan,less than 20000,1,3493,16,400,3,more than 30,more than 30,none,more than 7,41 to 50,No,No,External,none,no change,1 vehicle,1994,All Perils
6,2,2,Honda,Urban,5,3,2,Male,Married,57,Policy Holder,Sedan - All Perils,Sedan,20000 to 29000,0,3494,16,400,4,more than 30,more than 30,none,more than 7,51 to 65,Yes,No,External,1 to 2,no change,1 vehicle,1994,All Perils
3,3,7,Mazda,Rural,3,3,3,Male,Married,34,Policy Holder,Sedan - Liability,Sport,20000 to 29000,0,3495,7,400,1,more than 30,more than 30,1,7 years,31 to 35,No,No,External,1 to 2,no change,1 vehicle,1994,Liability
2,4,4,Toyota,Urban,4,6,1,Male,Married,49,Third Party,Sedan - Collision,Sedan,20000 to 29000,0,3496,2,400,3,more than 30,more than 30,none,6 years,41 to 50,No,No,External,more than 5,no change,1 vehicle,1994,Collision
5,2,3,Toyota,Urban,1,5,4,Male,Married,28,Policy Holder,Sedan - Collision,Sedan,more than 69000,0,3497,12,400,2,more than 30,more than 30,2 to 4,7 years,31 to 35,No,No,External,1 to 2,no change,1 vehicle,1994,Collision
5,1,5,Mazda,Urban,2,6,2,Male,Married,26,Policy Holder,Sedan - Collision,Sedan,30000 to 39000,0,3498,10,400,4,more than 30,more than 30,more than 4,7 years,31 to 35,No,No,External,none,no change,1 vehicle,1994,Collision
6,1,6,Mazda,Urban,4,6,2,Male,Married,50,Third Party,Utility - All Perils,Utility,more than 69000,0,3499,13,400,3,more than 30,more than 30,1,more than 7,41 to 50,No,No,External,3 to 5,no change,1 vehicle,1994,All Perils
7,4,6,Ford,Urban,2,7,3,Male,Married,60,Third Party,Sedan - All Perils,Sedan,30000 to 39000,0,3500,16,400,2,more than 30,more than 30,2 to 4,more than 7,51 to 65,No,No,External,1 to 2,no change,1 vehicle,1994,All Perils
7,1,1,Toyota,Urban,3,5,3,Male,Married,31,Policy Holder,Sedan - Collision,Sedan,20000 to 29000,0,3501,2,400,1,more than 30,more than 30,2 to 4,6 years,31 to 35,No,No,External,none,no change,1 vehicle,1994,Collision
5,2,1,Accura,Rural,5,7,2,Male,Married,35,Policy Holder,Sedan - All Perils,Sedan,more than 69000,1,3502,2,400,4,more than 30,more than 30,2 to 4,7 years,31 to 35,No,No,External,none,no change,1 vehicle,1994,All Perils
6,4,2,Pontiac,Urban,3,10,1,Male,Married,54,Third Party,Sedan - All Perils,Sedan,20000 to 29000,0,3503,16,400,1,more than 30,more than 30,none,7 years,41 to 50,No,No,External,more than 5,no change,1 vehicle,1994,All Perils
10,1,7,Toyota,Urban,1,10,1,Female,Married,54,Policy Holder,Sedan - Collision,Sedan,20000 to 29000,0,3504,3,400,1,more than 30,more than 30,1,4 years,41 to 50,No,No,External,none,no change,1 vehicle,1994,Collision
10,1,2,Pontiac,Urban,4,10,1,Male,Married,60,Third Party,Sedan - All Perils,Sedan,20000 to 29000,0,3505,3,400,4,more than 30,more than 30,2 to 4,more than 7,51 to 65,No,No,External,3 to 5,no change,1 vehicle,1994,All Perils
10,3,5,Chevrolet,Urban,1,10,3,Female,Single,38,Policy Holder,Sedan - Collision,Sedan,30000 to 39000,0,3506,4,400,4,more than 30,more than 30,2 to 4,7 years,36 to 40,No,No,External,none,no change,1 vehicle,1994,Collision
10,3,3,Mazda,Urban,1,4,3,Female,Married,28,Policy Holder,Sedan - Collision,Sedan,20000 to 29000,0,3507,13,400,4,more than 30,more than 30,none,5 years,31 to 35,No,No,External,1 to 2,no change,1 vehicle,1994,Collision
3,4,3,Saab,Rural,3,4,1,Male,Married,26,Policy Holder,Sedan - Collision,Sedan,30000 to 39000,0,3508,8,400,3,more than 30,more than 30,2 to 4,6 years,31 to 35,No,No,External,none,4 to 8 years,2 vehicles,1994,Collision
4,1,6,Toyota,Urban,2,6,1,Female,Single,25,Policy Holder,Sedan - Collision,Sedan,more than 69000,0,3509,5,400,3,more than 30,more than 30,2 to 4,5 years,26 to 30,No,No,External,none,no change,1 vehicle,1994,Collision
6,3,5,Toyota,Rural,2,6,4,Male,Married,50,Third Party,Sedan - All Perils,Sedan,20000 to 29000,0,3510,1,400,3,more than 30,more than 30,1,more than 7,41 to 50,Yes,No,External,none,no change,1 vehicle,1994,All Perils
6,3,1,Chevrolet,Urban,2,8,3,Male,Single,29,Policy Holder,Sedan - Liability,Sport,30000 to 39000,0,3511,4,400,3,more than 30,more than 30,1,7 years,31 to 35,No,No,External,3 to 5,no change,1 vehicle,1994,Liability
8,2,5,Pontiac,Rural,2,10,2,Male,Married,34,Third Party,Sedan - All Perils,Sedan,less than 20000,0,3512,16,400,1,more than 30,more than 30,2 to 4,3 years,31 to 35,No,No,External,more than 5,no change,1 vehicle,1994,All Perils
9,5,4,Honda,Urban,2,12,4,Male,Married,60,Policy Holder,Sedan - All Perils,Sedan,30000 to 39000,0,3513,6,400,3,more than 30,more than 30,2 to 4,more than 7,51 to 65,No,No,External,none,no change,1 vehicle,1994,All Perils
12,2,1,Pontiac,Rural,1,12,2,Male,Married,51,Third Party,Sedan - Collision,Sedan,20000 to 29000,0,3514,10,400,2,more than 30,more than 30,none,more than 7,41 to 50,No,No,External,1 to 2,no change,1 vehicle,1994,Collision
12,2,5,Chevrolet,Urban,1,9,2,Male,Married,42,Policy Holder,Sedan - Liability,Sport,30000 to 39000,0,3515,14,400,3,more than 30,more than 30,2 to 4,7 years,36 to 40,No,No,External,more than 5,no change,1 vehicle,1994,Liability
9,3,4,Toyota,Urban,4,6,3,Male,Married,28,Policy Holder,Sedan - Collision,Sedan,20000 to 29000,0,3516,3,400,3,more than 30,more than 30,1,6 years,31 to 35,No,No,External,none,no change,1 vehicle,1994,Collision
6,4,7,Toyota,Urban,1,5,4,Male,Single,33,Policy Holder,Sedan - Liability,Sport,20000 to 29000,0,3517,13,400,1,more than 30,more than 30,none,6 years,31 to 35,No,No,External,more than 5,no change,1 vehicle,1994,Liability
5,4,1,Toyota,Urban,1,5,4,Male,Married,73,Policy Holder,Sedan - Liability,Sport,20000 to 29000,0,3518,14,400,3,more than 30,more than 30,2 to 4,7 years,over 65,No,No,External,3 to 5,no change,1 vehicle,1994,Liability
5,4,5,Chevrolet,Urban,3,5,4,Male,Single,28,Policy Holder,Sedan - Liability,Sport,30000 to 39000,0,3519,5,400,3,more than 30,more than 30,2 to 4,6 years,31 to 35,No,No,External,more than 5,no change,1 vehicle,1994,Liability
5,3,6,Mazda,Urban,1,3,4,Male,Married,33,Third Party,Sport - Collision,Sport,more than 69000,1,3520,11,500,4,more than 30,more than 30,none,7 years,31 to 35,No,No,External,3 to 5,2 to 3 years,1 vehicle,1994,Collision
3,4,5,Pontiac,Urban,5,3,4,Male,Married,42,Third Party,Sedan - All Perils,Sedan,less than 20000,0,3521,7,400,2,more than 30,more than 30,none,7 years,36 to 40,No,No,External,none,no change,1 vehicle,1994,All Perils
3,1,3,Accura,Urban,3,3,1,Male,Married,47,Policy Holder,Sedan - All Perils,Sedan,more than 69000,0,3522,4,400,2,more than 30,more than 30,1,more than 7,41 to 50,No,No,External,more than 5,no change,1 vehicle,1994,All Perils
2,4,3,VW,Urban,4,2,2,Male,Married,39,Policy Holder,Sedan - All Perils,Sedan,20000 to 29000,0,3523,15,400,4,more than 30,more than 30,none,more than 7,36 to 40,No,No,External,more than 5,no change,1 vehicle,1994,All Perils
2,2,1,Toyota,Urban,2,6,2,Male,Married,52,Policy Holder,Sedan - Collision,Sedan,20000 to 29000,0,3524,3,400,1,more than 30,more than 30,none,more than 7,41 to 50,No,No,External,none,no change,1 vehicle,1994,Collision
5,2,3,Honda,Urban,1,2,3,Male,Married,48,Third Party,Sport - Collision,Sport,more than 69000,0,3525,3,400,2,more than 30,more than 30,none,more than 7,41 to 50,No,No,External,none,no change,1 vehicle,1994,Collision
2,2,2,Accura,Urban,2,2,4,Male,Married,41,Policy Holder,Sedan - All Perils,Sedan,20000 to 29000,0,3526,4,400,4,more than 30,more than 30,2 to 4,more than 7,36 to 40,No,No,External,none,no change,1 vehicle,1994,All Perils
2,2,1,Pontiac,Urban,1,1,2,Male,Married,39,Third Party,Sedan - Liability,Sport,30000 to 39000,0,3527,1,400,3,more than 30,more than 30,2 to 4,7 years,36 to 40,No,No,Internal,1 to 2,no change,3 to 4,1994,Liability
1,3,2,Pontiac,Urban,2,1,3,Male,Single,32,Policy Holder,Sedan - Collision,Sedan,30000 to 39000,0,3528,3,400,3,more than 30,more than 30,1,7 years,31 to 35,No,No,External,1 to 2,no change,1 vehicle,1994,Collision
1,3,3,Honda,Rural,3,1,3,Female,Single,41,Policy Holder,Sedan - Collision,Sedan,20000 to 29000,0,3529,6,400,1,more than 30,more than 30,none,7 years,36 to 40,No,No,External,3 to 5,4 to 8 years,2 vehicles,1994,Collision
1,3,1,Ford,Urban,1,1,3,Female,Married,60,Policy Holder,Sedan - Liability,Sport,40000 to 59000,0,3530,12,400,2,more than 30,more than 30,1,more than 7,51 to 65,No,No,External,none,no change,1 vehicle,1994,Liability
1,3,7,Honda,Urban,1,1,3,Male,Married,28,Policy Holder,Sedan - All Perils,Sedan,less than 20000,0,3531,7,400,3,more than 30,more than 30,2 to 4,7 years,31 to 35,No,No,External,1 to 2,no change,1 vehicle,1994,All Perils
1,3,4,Accura,Urban,5,1,5,Male,Single,45,Policy Holder,Utility - All Perils,Utility,more than 69000,0,3532,4,400,3,more than 30,more than 30,none,7 years,36 to 40,No,No,External,none,no change,1 vehicle,1994,All Perils
1,2,2,Pontiac,Urban,2,5,3,Male,Married,32,Policy Holder,Sedan - Liability,Sport,20000 to 29000,0,3533,9,400,4,more than 30,more than 30,more than 4,6 years,31 to 35,No,No,External,none,no change,1 vehicle,1994,Liability
5,2,6,Toyota,Urban,2,12,5,Male,Married,58,Third Party,Sedan - Collision,Sedan,20000 to 29000,0,3534,7,400,3,more than 30,more than 30,2 to 4,more than 7,51 to 65,No,No,External,more than 5,no change,1 vehicle,1994,Collision
12,3,7,Toyota,Urban,1,1,3,Male,Married,58,Policy Holder,Sedan - Liability,Sport,20000 to 29000,0,3535,6,700,1,more than 30,more than 30,1,more than 7,51 to 65,No,No,External,more than 5,no change,1 vehicle,1994,Liability
12,3,3,Honda,Urban,2,10,1,Male,Single,24,Third Party,Sedan - All Perils,Sedan,20000 to 29000,0,3536,1,400,2,more than 30,more than 30,2 to 4,4 years,26 to 30,No,No,External,none,no change,1 vehicle,1994,All Perils
9,4,3,Pontiac,Urban,3,9,1,Male,Married,29,Policy Holder,Sedan - Collision,Sedan,more than 69000,0,3537,11,400,1,more than 30,more than 30,2 to 4,7 years,31 to 35,No,No,External,none,no change,1 vehicle,1994,Collision
9,2,6,VW,Urban,1,8,2,Male,Married,53,Policy Holder,Sedan - Liability,Sport,60000 to 69000,0,3538,15,400,1,more than 30,more than 30,2 to 4,more than 7,41 to 50,No,No,External,more than 5,no change,1 vehicle,1994,Liability
7,5,1,Pontiac,Urban,2,6,4,Female,Single,18,Policy Holder,Sedan - All Perils,Sedan,20000 to 29000,0,3539,1,400,2,more than 30,more than 30,none,4 years,21 to 25,No,No,External,more than 5,no change,1 vehicle,1994,All Perils
6,2,6,Honda,Urban,1,7,3,Male,Married,61,Third Party,Sedan - Collision,Sedan,20000 to 29000,0,3540,8,400,2,more than 30,more than 30,1,7 years,51 to 65,No,Yes,External,3 to 5,no change,1 vehicle,1994,Collision
6,1,4,Pontiac,Urban,2,7,1,Male,Married,26,Policy Holder,Utility - All Perils,Utility,40000 to 59000,0,3541,4,400,1,more than 30,more than 30,more than 4,7 years,31 to 35,No,No,External,none,no change,1 vehicle,1994,All Perils
5,3,3,Accura,Urban,3,4,1,Male,Married,34,Policy Holder,Sedan - All Perils,Sedan,more than 69000,0,3542,13,400,4,more than 30,more than 30,2 to 4,7 years,31 to 35,No,No,External,3 to 5,no change,1 vehicle,1994,All Perils
4,3,6,Honda,Urban,3,3,3,Male,Married,37,Third Party,Sedan - All Perils,Sedan,less than 20000,0,3543,4,400,1,more than 30,more than 30,2 to 4,7 years,36 to 40,No,No,External,more than 5,no change,1 vehicle,1994,All Perils
2,4,5,Honda,Urban,5,2,1,Male,Single,0,Policy Holder,Sedan - All Perils,Sedan,more than 69000,0,3544,3,400,3,more than 30,more than 30,none,new,16 to 17,No,No,External,none,no change,1 vehicle,1994,All Perils
2,4,6,Honda,Urban,2,5,4,Male,Single,0,Policy Holder,Sedan - Liability,Sport,more than 69000,0,3545,16,400,2,more than 30,more than 30,2 to 4,new,16 to 17,No,No,External,none,no change,1 vehicle,1994,Liability
5,2,7,Pontiac,Rural,4,4,2,Male,Married,33,Policy Holder,Sedan - Collision,Sedan,30000 to 39000,0,3546,10,400,4,more than 30,more than 30,1,5 years,31 to 35,No,No,External,none,no change,1 vehicle,1994,Collision
4,1,1,Accura,Urban,1,7,3,Male,Single,40,Third Party,Sedan - Collision,Sedan,more than 69000,0,3547,14,400,3,more than 30,more than 30,2 to 4,3 years,36 to 40,No,No,External,more than 5,no change,1 vehicle,1994,Collision
7,1,1,Honda,Urban,3,5,1,Male,Married,40,Policy Holder,Sedan - Liability,Sport,20000 to 29000,0,3548,2,400,1,more than 30,more than 30,more than 4,7 years,36 to 40,No,No,External,none,no change,1 vehicle,1994,Liability
5,2,2,Chevrolet,Urban,5,6,2,Female,Married,65,Policy Holder,Sedan - Liability,Sport,20000 to 29000,0,3549,8,400,1,more than 30,more than 30,2 to 4,3 years,51 to 65,No,No,External,none,no change,1 vehicle,1994,Liability
5,2,6,Pontiac,Urban,1,10,3,Male,Married,37,Policy Holder,Sedan - All Perils,Sedan,20000 to 29000,1,3550,16,400,1,more than 30,more than 30,2 to 4,7 years,36 to 40,No,No,External,none,1 year,2 vehicles,1994,All Perils
10,4,6,VW,Urban,1,10,4,Female,Widow,43,Policy Holder,Sedan - Collision,Sedan,60000 to 69000,0,3551,4,400,1,more than 30,more than 30,none,7 years,36 to 40,No,No,Internal,none,no change,1 vehicle,1994,Collision
10,4,5,Toyota,Urban,1,10,4,Male,Married,35,Third Party,Sedan - Collision,Sedan,20000 to 29000,0,3552,8,400,1,more than 30,more than 30,none,7 years,31 to 35,No,No,External,none,no change,1 vehicle,1994,Collision
10,3,6,Pontiac,Urban,2,9,4,Male,Single,30,Policy Holder,Sedan - Liability,Sport,30000 to 39000,0,3553,13,400,3,more than 30,more than 30,2 to 4,6 years,31 to 35,No,No,External,more than 5,no change,1 vehicle,1994,Liability
9,3,2,Ford,Urban,2,6,3,Male,Married,31,Policy Holder,Sedan - Collision,Sedan,40000 to 59000,0,3554,11,400,1,more than 30,more than 30,2 to 4,7 years,31 to 35,No,No,External,more than 5,no change,1 vehicle,1994,Collision
6,4,2,Honda,Urban,2,5,4,Male,Married,50,Policy Holder,Sedan - Liability,Sport,20000 to 29000,0,3555,9,400,2,more than 30,more than 30,2 to 4,more than 7,41 to 50,No,No,External,none,no change,1 vehicle,1994,Liability
5,2,2,Toyota,Urban,1,5,3,Male,Married,48,Policy Holder,Sedan - All Perils,Sedan,20000 to 29000,1,3556,5,400,1,more than 30,more than 30,none,7 years,41 to 50,No,No,External,1 to 2,no change,1 vehicle,1994,All Perils
5,2,2,Toyota,Rural,3,5,3,Female,Single,41,Policy Holder,Sedan - All Perils,Sedan,less than 20000,1,3557,15,400,2,more than 30,more than 30,2 to 4,7 years,36 to 40,No,No,External,3 to 5,no change,1 vehicle,1994,All Perils
5,2,4,Ford,Urban,5,2,3,Male,Married,61,Policy Holder,Sedan - Collision,Sedan,40000 to 59000,0,3558,3,400,3,more than 30,more than 30,none,more than 7,51 to 65,No,No,External,none,no change,1 vehicle,1994,Collision
2,2,3,Pontiac,Urban,1,1,2,Female,Married,26,Policy Holder,Sedan - All Perils,Sedan,less than 20000,0,3559,2,400,4,more than 30,more than 30,1,7 years,31 to 35,No,No,External,more than 5,no change,1 vehicle,1994,All Perils
1,2,2,Pontiac,Urban,5,1,3,Male,Married,35,Policy Holder,Sedan - Liability,Sport,40000 to 59000,0,3560,3,400,2,more than 30,more than 30,2 to 4,7 years,31 to 35,No,No,External,none,no change,1 vehicle,1994,Liability
1,2,7,Accura,Urban,3,1,2,Male,Married,44,Policy Holder,Sedan - All Perils,Sedan,40000 to 59000,0,3561,8,400,3,more than 30,more than 30,1,5 years,36 to 40,No,No,External,none,no change,1 vehicle,1994,All Perils
1,2,6,Mazda,Rural,4,1,3,Male,Single,27,Policy Holder,Sedan - Collision,Sedan,20000 to 29000,0,3562,2,400,3,more than 30,more than 30,1,7 years,31 to 35,No,No,External,more than 5,no change,1 vehicle,1994,Collision
1,2,1,Mazda,Urban,4,2,2,Male,Married,66,Third Party,Sedan - Liability,Sport,30000 to 39000,0,3563,15,400,3,more than 30,more than 30,none,7 years,over 65,No,No,External,more than 5,no change,1 vehicle,1994,Liability
1,2,1,Toyota,Urban,2,1,2,Male,Married,68,Policy Holder,Sedan - Collision,Sedan,less than 20000,0,3564,10,400,2,more than 30,more than 30,none,more than 7,over 65,No,No,External,none,no change,1 vehicle,1994,Collision
1,1,2,Pontiac,Urban,3,1,3,Male,Single,28,Policy Holder,Sedan - Collision,Sedan,less than 20000,0,3565,5,400,2,more than 30,more than 30,1,6 years,31 to 35,No,No,External,none,no change,1 vehicle,1994,Collision
1,1,2,Mazda,Urban,2,1,1,Female,Married,43,Third Party,Sedan - Collision,Sedan,more than 69000,0,3566,5,700,1,more than 30,more than 30,1,7 years,36 to 40,No,No,External,none,no change,1 vehicle,1994,Collision
1,1,6,Toyota,Urban,3,1,1,Male,Married,36,Policy Holder,Sedan - All Perils,Sedan,20000 to 29000,0,3567,13,400,1,more than 30,more than 30,none,7 years,36 to 40,No,No,External,none,no change,1 vehicle,1994,All Perils
12,5,6,Mazda,Urban,1,1,2,Male,Married,47,Policy Holder,Sedan - Liability,Sport,20000 to 29000,0,3568,4,400,2,more than 30,more than 30,more than 4,7 years,41 to 50,No,No,External,more than 5,no change,3 to 4,1994,Liability
12,5,3,Honda,Urban,3,5,2,Male,Married,28,Policy Holder,Sedan - Collision,Sedan,20000 to 29000,0,3569,10,400,4,more than 30,more than 30,2 to 4,7 years,31 to 35,No,No,External,1 to 2,no change,1 vehicle,1994,Collision
5,2,1,Accura,Rural,1,1,3,Male,Married,72,Policy Holder,Sedan - All Perils,Sedan,20000 to 29000,1,3570,12,400,2,more than 30,more than 30,none,5 years,over 65,No,No,External,more than 5,no change,1 vehicle,1994,All Perils
12,4,2,Chevrolet,Urban,3,1,1,Male,Single,26,Third Party,Sedan - Liability,Sport,20000 to 29000,0,3571,10,500,2,more than 30,more than 30,none,7 years,31 to 35,No,No,External,3 to 5,2 to 3 years,2 vehicles,1994,Liability
12,4,2,Pontiac,Urban,1,12,4,Male,Married,32,Policy Holder,Sedan - All Perils,Sedan,20000 to 29000,0,3572,9,400,2,more than 30,more than 30,2 to 4,7 years,31 to 35,No,No,External,1 to 2,no change,1 vehicle,1994,All Perils
12,2,1,Toyota,Rural,2,12,3,Male,Single,31,Policy Holder,Sedan - Liability,Sport,30000 to 39000,0,3573,12,400,1,more than 30,more than 30,more than 4,7 years,31 to 35,No,No,External,none,no change,1 vehicle,1994,Liability
12,1,6,Honda,Urban,1,1,2,Male,Married,30,Third Party,Sedan - Collision,Sedan,20000 to 29000,0,3574,1,400,2,more than 30,more than 30,none,7 years,31 to 35,No,No,External,3 to 5,no change,1 vehicle,1994,Collision
12,1,3,Honda,Urban,4,9,2,Male,Single,55,Policy Holder,Sedan - Liability,Sport,20000 to 29000,0,3575,2,400,2,more than 30,more than 30,more than 4,more than 7,41 to 50,No,No,External,more than 5,no change,1 vehicle,1994,Liability
8,5,1,Pontiac,Urban,4,8,1,Female,Married,43,Policy Holder,Sedan - Liability,Sport,30000 to 39000,0,3576,14,400,2,more than 30,more than 30,2 to 4,6 years,36 to 40,No,No,External,1 to 2,no change,1 vehicle,1994,Liability
8,3,4,Pontiac,Urban,4,7,3,Male,Married,42,Policy Holder,Sedan - Collision,Sedan,20000 to 29000,0,3577,10,400,4,more than 30,more than 30,none,5 years,36 to 40,No,No,External,none,no change,1 vehicle,1994,Collision
7,5,5,Pontiac,Urban,1,8,5,Female,Married,44,Policy Holder,Sedan - Collision,Sedan,20000 to 29000,0,3578,8,400,1,more than 30,more than 30,2 to 4,5 years,36 to 40,No,No,External,more than 5,no change,1 vehicle,1994,Collision
7,5,3,Pontiac,Urban,4,5,1,Female,Single,44,Policy Holder,Sedan - Collision,Sedan,20000 to 29000,0,3579,15,400,1,more than 30,more than 30,2 to 4,6 years,36 to 40,No,No,External,more than 5,no change,1 vehicle,1994,Collision
5,2,4,Mazda,Urban,4,5,2,Male,Married,38,Policy Holder,Sedan - All Perils,Sedan,20000 to 29000,1,3580,5,400,1,more than 30,more than 30,1,7 years,36 to 40,No,No,External,1 to 2,no change,1 vehicle,1994,All Perils
5,1,3,Chevrolet,Urban,4,4,1,Male,Married,65,Policy Holder,Sedan - Collision,Sedan,20000 to 29000,0,3581,15,400,1,more than 30,more than 30,none,more than 7,51 to 65,No,No,External,none,no change,1 vehicle,1994,Collision
3,5,1,Mazda,Urban,5,4,2,Male,Married,45,Policy Holder,Sedan - Collision,Sedan,20000 to 29000,0,3582,7,400,2,more than 30,more than 30,2 to 4,7 years,36 to 40,No,No,External,3 to 5,no change,1 vehicle,1994,Collision
3,5,2,Mazda,Rural,5,3,1,Male,Single,34,Policy Holder,Sedan - Collision,Sedan,20000 to 29000,0,3583,1,400,3,more than 30,more than 30,1,7 years,31 to 35,No,No,External,1 to 2,no change,1 vehicle,1994,Collision
3,1,1,Chevrolet,Rural,2,3,1,Male,Married,49,Policy Holder,Sedan - Collision,Sedan,30000 to 39000,0,3584,8,400,4,more than 30,more than 30,none,more than 7,41 to 50,No,No,External,none,no change,1 vehicle,1994,Collision
2,5,3,Dodge,Urban,1,5,1,Male,Married,76,Policy Holder,Sedan - Liability,Sport,30000 to 39000,0,3585,13,400,1,more than 30,more than 30,2 to 4,more than 7,over 65,No,No,External,none,no change,1 vehicle,1994,Liability
5,2,5,Accura,Urban,1,2,3,Male,Married,60,Policy Holder,Utility - All Perils,Utility,more than 69000,1,3586,7,400,1,more than 30,more than 30,none,more than 7,51 to 65,No,No,External,3 to 5,no change,1 vehicle,1994,All Perils
2,1,5,Pontiac,Urban,5,6,2,Male,Married,44,Third Party,Sedan - Liability,Sport,20000 to 29000,0,3587,16,400,1,more than 30,more than 30,2 to 4,more than 7,36 to 40,No,No,External,1 to 2,no change,1 vehicle,1994,Liability
11,2,4,Honda,Urban,2,6,4,Male,Single,0,Policy Holder,Sedan - All Perils,Sedan,more than 69000,0,3588,8,400,3,more than 30,more than 30,1,new,16 to 17,No,No,External,none,no change,1 vehicle,1994,All Perils
5,2,4,Pontiac,Rural,5,6,3,Male,Single,27,Policy Holder,Sedan - All Perils,Sedan,20000 to 29000,1,3589,16,400,4,more than 30,more than 30,none,6 years,31 to 35,No,No,External,3 to 5,no change,1 vehicle,1994,All Perils
5,2,4,Accura,Urban,3,1,4,Male,Married,33,Third Party,Sedan - All Perils,Sedan,30000 to 39000,0,3590,2,400,1,more than 30,more than 30,none,7 years,31 to 35,No,No,External,none,no change,1 vehicle,1994,All Perils
9,3,5,Saturn,Urban,5,12,2,Male,Married,48,Policy Holder,Sedan - All Perils,Sedan,20000 to 29000,0,3591,3,400,2,more than 30,more than 30,none,more than 7,41 to 50,No,No,External,more than 5,no change,1 vehicle,1994,All Perils
12,1,7,Honda,Urban,1,3,4,Male,Married,52,Policy Holder,Sedan - Collision,Sedan,20000 to 29000,0,3592,7,400,4,more than 30,more than 30,2 to 4,more than 7,41 to 50,No,No,External,3 to 5,4 to 8 years,2 vehicles,1994,Collision
3,2,7,Honda,Urban,1,3,2,Female,Married,28,Policy Holder,Sedan - Collision,Sedan,20000 to 29000,0,3593,13,400,4,more than 30,more than 30,more than 4,6 years,31 to 35,No,No,External,none,no change,1 vehicle,1994,Collision
3,2,2,Mazda,Urban,4,3,2,Male,Married,45,Policy Holder,Sedan - Collision,Sedan,20000 to 29000,0,3594,2,400,4,more than 30,more than 30,1,6 years,36 to 40,No,No,External,none,no change,1 vehicle,1994,Collision
3,2,3,Saturn,Urban,5,3,2,Male,Single,48,Policy Holder,Sedan - All Perils,Sedan,20000 to 29000,0,3595,11,400,2,more than 30,more than 30,none,more than 7,41 to 50,No,No,External,none,no change,1 vehicle,1994,All Perils
3,2,1,Chevrolet,Urban,1,3,2,Male,Single,35,Third Party,Sedan - Collision,Sedan,20000 to 29000,0,3596,5,400,2,more than 30,more than 30,2 to 4,6 years,31 to 35,No,No,External,none,no change,1 vehicle,1994,Collision
3,1,5,Pontiac,Urban,5,2,1,Male,Married,29,Policy Holder,Sedan - Liability,Sport,20000 to 29000,0,3597,7,400,2,more than 30,more than 30,2 to 4,5 years,31 to 35,No,No,External,more than 5,no change,1 vehicle,1994,Liability
2,3,4,Honda,Urban,2,5,3,Male,Married,40,Policy Holder,Sedan - Liability,Sport,more than 69000,0,3598,14,400,3,more than 30,more than 30,more than 4,6 years,36 to 40,No,No,External,none,no change,1 vehicle,1994,Liability
5,2,1,Toyota,Urban,1,2,4,Male,Married,39,Policy Holder,Sedan - All Perils,Sedan,less than 20000,1,3599,12,400,3,none,15 to 30,2 to 4,6 years,36 to 40,No,No,External,1 to 2,no change,1 vehicle,1994,All Perils
2,2,7,Mazda,Urban,5,12,2,Male,Married,52,Policy Holder,Sedan - Liability,Sport,30000 to 39000,0,3600,7,400,2,more than 30,more than 30,2 to 4,7 years,41 to 50,No,No,External,none,no change,1 vehicle,1994,Liability
11,4,3,Chevrolet,Rural,4,6,4,Male,Single,27,Policy Holder,Sedan - Liability,Sport,20000 to 29000,0,3601,2,400,2,more than 30,more than 30,1,6 years,31 to 35,No,No,External,more than 5,no change,1 vehicle,1994,Liability
6,3,5,Pontiac,Urban,1,6,3,Male,Single,59,Policy Holder,Sedan - Collision,Sedan,20000 to 29000,0,3602,8,400,4,more than 30,more than 30,2 to 4,7 years,51 to 65,No,No,External,more than 5,no change,1 vehicle,1994,Collision
6,2,6,Honda,Urban,2,6,2,Male,Married,53,Third Party,Sedan - All Perils,Sedan,20000 to 29000,0,3603,14,400,1,more than 30,more than 30,none,more than 7,41 to 50,No,No,External,none,no change,1 vehicle,1994,All Perils
6,2,6,Honda,Urban,2,3,3,Female,Married,40,Policy Holder,Sedan - Liability,Sport,30000 to 39000,0,3604,2,400,1,more than 30,more than 30,more than 4,7 years,36 to 40,No,No,External,more than 5,no change,1 vehicle,1994,Liability
3,3,4,Toyota,Urban,4,3,4,Male,Married,59,Third Party,Sedan - All Perils,Sedan,20000 to 29000,0,3605,14,400,2,more than 30,more than 30,2 to 4,more than 7,51 to 65,No,No,External,none,no change,1 vehicle,1994,All Perils
3,2,4,Pontiac,Urban,5,2,2,Male,Married,48,Policy Holder,Sedan - All Perils,Sedan,less than 20000,0,3606,16,400,4,more than 30,more than 30,1,5 years,41 to 50,No,No,External,none,no change,1 vehicle,1994,All Perils
2,4,5,Pontiac,Urban,3,2,4,Male,Married,40,Third Party,Sedan - Collision,Sedan,less than 20000,0,3607,13,400,3,more than 30,more than 30,2 to 4,more than 7,36 to 40,No,No,External,more than 5,no change,1 vehicle,1994,Collision
2,3,4,Ford,Urban,4,2,4,Male,Married,65,Policy Holder,Sedan - Liability,Sport,30000 to 39000,0,3608,10,400,2,more than 30,more than 30,1,more than 7,51 to 65,No,No,External,none,no change,1 vehicle,1994,Liability
2,2,3,Honda,Urban,5,2,2,Male,Married,41,Policy Holder,Sedan - Collision,Sedan,20000 to 29000,0,3609,12,400,3,more than 30,more than 30,none,5 years,36 to 40,No,No,External,1 to 2,no change,3 to 4,1994,Collision
2,2,4,Honda,Urban,5,2,2,Male,Single,0,Policy Holder,Sedan - Liability,Sport,more than 69000,0,3610,9,400,3,more than 30,more than 30,more than 4,new,16 to 17,No,No,External,none,no change,1 vehicle,1994,Liability
2,2,2,Honda,Urban,2,1,2,Male,Single,32,Policy Holder,Sedan - Liability,Sport,20000 to 29000,0,3611,3,400,4,more than 30,more than 30,more than 4,6 years,31 to 35,No,No,External,more than 5,no change,1 vehicle,1994,Liability
1,3,2,Honda,Urban,5,1,3,Male,Single,33,Policy Holder,Sedan - Liability,Sport,20000 to 29000,0,3612,12,400,2,more than 30,more than 30,none,5 years,31 to 35,No,No,External,none,no change,1 vehicle,1994,Liability
1,3,5,Chevrolet,Urban,5,5,4,Male,Single,28,Policy Holder,Sedan - Collision,Sedan,more than 69000,0,3613,3,400,1,more than 30,more than 30,2 to 4,6 years,31 to 35,No,No,External,1 to 2,4 to 8 years,2 vehicles,1994,Collision
5,2,5,Pontiac,Urban,5,1,2,Male,Married,50,Policy Holder,Sedan - All Perils,Sedan,20000 to 29000,1,3614,5,400,1,more than 30,more than 30,none,7 years,41 to 50,No,No,External,3 to 5,no change,1 vehicle,1994,All Perils
1,2,5,Honda,Urban,1,1,2,Male,Single,33,Policy Holder,Sedan - Liability,Sport,more than 69000,0,3615,3,400,4,more than 30,more than 30,2 to 4,3 years,31 to 35,No,No,External,more than 5,no change,1 vehicle,1994,Liability
1,2,4,Honda,Urban,5,1,2,Male,Married,59,Policy Holder,Sedan - Collision,Sedan,20000 to 29000,0,3616,3,400,2,more than 30,more than 30,2 to 4,more than 7,51 to 65,No,No,External,1 to 2,no change,1 vehicle,1994,Collision
1,1,3,Honda,Rural,6,1,2,Male,Married,34,Policy Holder,Sedan - Liability,Sport,20000 to 29000,0,3617,9,400,2,more than 30,more than 30,none,7 years,31 to 35,No,No,External,more than 5,no change,1 vehicle,1994,Liability
1,1,3,Chevrolet,Urban,5,1,2,Female,Married,48,Third Party,Sedan - All Perils,Sedan,30000 to 39000,0,3618,14,400,1,more than 30,more than 30,none,7 years,41 to 50,No,No,External,none,no change,1 vehicle,1994,All Perils
1,1,3,Mazda,Urban,1,1,2,Male,Single,45,Policy Holder,Sedan - Collision,Sedan,30000 to 39000,0,3619,2,400,2,more than 30,more than 30,2 to 4,more than 7,36 to 40,No,No,External,more than 5,no change,1 vehicle,1994,Collision
12,5,2,Toyota,Urban,3,4,1,Male,Married,42,Third Party,Sedan - All Perils,Sedan,20000 to 29000,0,3620,1,400,1,more than 30,more than 30,2 to 4,7 years,36 to 40,No,No,External,3 to 5,no change,1 vehicle,1994,All Perils
4,2,6,VW,Urban,5,3,2,Male,Married,35,Policy Holder,Sedan - Collision,Sedan,more than 69000,0,3621,4,400,4,more than 30,more than 30,1,7 years,31 to 35,No,No,External,none,no change,1 vehicle,1994,Collision
3,3,4,Toyota,Urban,1,3,4,Male,Single,29,Policy Holder,Sedan - Collision,Sedan,20000 to 29000,0,3622,1,500,3,more than 30,more than 30,2 to 4,7 years,31 to 35,No,No,External,1 to 2,2 to 3 years,1 vehicle,1994,Collision
3,1,5,Mazda,Rural,6,6,1,Male,Married,50,Policy Holder,Sedan - All Perils,Sedan,20000 to 29000,0,3623,14,400,1,more than 30,more than 30,1,more than 7,41 to 50,No,No,External,none,no change,1 vehicle,1994,All Perils
5,2,7,Honda,Urban,3,2,2,Male,Married,41,Third Party,Sedan - All Perils,Sedan,more than 69000,0,3624,10,400,2,more than 30,more than 30,none,new,36 to 40,No,No,External,none,no change,1 vehicle,1994,All Perils
2,3,6,Chevrolet,Urban,5,2,4,Male,Married,36,Policy Holder,Sedan - All Perils,Sedan,30000 to 39000,0,3625,14,400,1,more than 30,more than 30,1,more than 7,36 to 40,No,No,External,none,no change,1 vehicle,1994,All Perils
2,3,6,Mazda,Urban,1,2,4,Male,Married,45,Third Party,Sedan - Liability,Sport,20000 to 29000,0,3626,1,400,3,more than 30,more than 30,1,7 years,36 to 40,No,No,Internal,1 to 2,no change,1 vehicle,1994,Liability
2,3,1,Mazda,Urban,4,2,4,Male,Married,50,Policy Holder,Sedan - Collision,Sedan,30000 to 39000,0,3627,7,400,2,more than 30,more than 30,1,more than 7,41 to 50,No,No,External,more than 5,no change,1 vehicle,1994,Collision
2,3,1,Pontiac,Urban,1,2,3,Female,Married,31,Policy Holder,Sedan - All Perils,Sedan,less than 20000,0,3628,4,400,4,more than 30,more than 30,1,5 years,31 to 35,No,No,External,none,no change,1 vehicle,1994,All Perils
1,5,5,Pontiac,Urban,5,1,2,Male,Married,44,Third Party,Sedan - All Perils,Sedan,20000 to 29000,0,3629,3,400,3,more than 30,more than 30,2 to 4,7 years,36 to 40,No,No,External,3 to 5,no change,1 vehicle,1994,All Perils
1,5,5,Pontiac,Urban,3,2,5,Male,Married,35,Policy Holder,Sedan - Collision,Sedan,20000 to 29000,0,3630,14,400,3,more than 30,more than 30,1,6 years,31 to 35,No,No,External,none,no change,1 vehicle,1994,Collision
1,5,3,Pontiac,Urban,4,1,2,Male,Married,60,Policy Holder,Sedan - Liability,Sport,20000 to 29000,0,3631,4,400,3,more than 30,more than 30,2 to 4,more than 7,51 to 65,No,No,External,none,no change,1 vehicle,1994,Liability
1,2,2,Saab,Rural,3,1,2,Female,Married,42,Policy Holder,Sedan - Collision,Sedan,30000 to 39000,0,3632,10,400,3,more than 30,more than 30,none,7 years,36 to 40,No,No,External,3 to 5,no change,1 vehicle,1994,Collision
1,2,3,Mazda,Urban,4,1,2,Female,Married,38,Third Party,Sedan - Liability,Sport,20000 to 29000,0,3633,12,400,2,more than 30,more than 30,2 to 4,7 years,36 to 40,No,No,External,none,no change,1 vehicle,1994,Liability
1,2,3,Mazda,Urban,3,1,2,Male,Married,32,Third Party,Sedan - Liability,Sport,20000 to 29000,0,3634,10,400,1,more than 30,more than 30,2 to 4,6 years,31 to 35,No,No,External,none,4 to 8 years,2 vehicles,1994,Liability
1,2,7,Honda,Urban,4,2,2,Female,Married,30,Policy Holder,Sedan - Liability,Sport,20000 to 29000,0,3635,13,400,2,more than 30,more than 30,1,4 years,31 to 35,No,No,External,1 to 2,no change,1 vehicle,1994,Liability
2,1,7,Mercury,Urban,1,2,3,Male,Single,34,Policy Holder,Sedan - Liability,Sport,more than 69000,0,3636,12,400,2,more than 30,more than 30,1,7 years,31 to 35,No,No,External,more than 5,no change,1 vehicle,1994,Liability
2,1,7,Chevrolet,Urban,1,1,2,Male,Married,46,Third Party,Sedan - Liability,Sport,30000 to 39000,0,3637,8,400,3,more than 30,more than 30,2 to 4,more than 7,41 to 50,No,No,External,3 to 5,no change,1 vehicle,1994,Liability
1,4,5,Mazda,Urban,2,1,4,Male,Single,31,Policy Holder,Sedan - Liability,Sport,30000 to 39000,0,3638,16,400,1,more than 30,more than 30,more than 4,6 years,31 to 35,No,No,External,more than 5,no change,1 vehicle,1994,Liability
1,4,5,Toyota,Urban,4,2,4,Male,Married,29,Third Party,Sedan - All Perils,Sedan,20000 to 29000,0,3639,8,400,3,more than 30,more than 30,2 to 4,6 years,31 to 35,No,No,External,more than 5,no change,1 vehicle,1994,All Perils
1,4,4,Pontiac,Rural,4,1,1,Male,Married,38,Policy Holder,Sedan - All Perils,Sedan,less than 20000,0,3640,4,400,2,more than 30,more than 30,none,6 years,36 to 40,No,No,External,3 to 5,no change,1 vehicle,1994,All Perils
1,2,6,Honda,Urban,3,1,2,Female,Single,35,Policy Holder,Sedan - Liability,Sport,20000 to 29000,0,3641,11,400,3,more than 30,more than 30,1,6 years,31 to 35,No,No,External,none,1 year,1 vehicle,1994,Liability
1,3,5,Pontiac,Urban,3,1,3,Male,Married,33,Policy Holder,Sedan - Liability,Sport,20000 to 29000,0,3642,7,400,3,more than 30,more than 30,more than 4,6 years,31 to 35,No,No,External,more than 5,no change,1 vehicle,1994,Liability
1,3,5,Honda,Urban,1,1,3,Male,Single,16,Third Party,Sport - Collision,Sport,more than 69000,0,3643,5,400,2,more than 30,more than 30,1,3 years,18 to 20,No,No,External,none,no change,1 vehicle,1994,Collision
12,5,5,Honda,Urban,4,1,1,Male,Married,50,Policy Holder,Sport - Collision,Sport,more than 69000,0,3644,5,400,2,more than 30,more than 30,1,more than 7,41 to 50,No,No,External,none,no change,1 vehicle,1994,Collision
12,4,4,Pontiac,Urban,3,1,2,Male,Married,50,Policy Holder,Sedan - All Perils,Sedan,20000 to 29000,0,3645,9,400,3,more than 30,more than 30,2 to 4,more than 7,41 to 50,No,No,External,1 to 2,no change,1 vehicle,1994,All Perils
12,4,1,Chevrolet,Urban,5,1,1,Male,Single,30,Third Party,Sedan - All Perils,Sedan,20000 to 29000,0,3646,5,400,3,more than 30,more than 30,1,6 years,31 to 35,No,No,External,none,no change,1 vehicle,1994,All Perils
1,2,1,Honda,Urban,3,1,3,Male,Single,0,Policy Holder,Sedan - All Perils,Sedan,more than 69000,0,3647,11,400,1,more than 30,more than 30,2 to 4,new,16 to 17,No,No,External,none,no change,1 vehicle,1994,All Perils
1,2,1,Pontiac,Urban,3,1,3,Male,Married,37,Policy Holder,Sedan - Liability,Sport,20000 to 29000,0,3648,9,400,2,more than 30,more than 30,2 to 4,more than 7,36 to 40,No,No,External,none,no change,1 vehicle,1994,Liability
1,2,6,Mazda,Urban,3,5,2,Male,Single,22,Third Party,Sport - Collision,Sport,more than 69000,0,3649,16,400,1,more than 30,more than 30,none,5 years,26 to 30,No,No,External,more than 5,no change,1 vehicle,1994,Collision
5,3,7,Pontiac,Rural,1,1,3,Male,Single,31,Policy Holder,Sedan - Collision,Sedan,30000 to 39000,1,3650,1,400,1,more than 30,more than 30,2 to 4,6 years,31 to 35,No,No,External,more than 5,no change,3 to 4,1994,Collision
1,1,1,VW,Urban,2,1,1,Male,Single,26,Policy Holder,Sedan - Collision,Sedan,more than 69000,0,3651,2,400,4,more than 30,more than 30,2 to 4,6 years,31 to 35,No,No,External,1 to 2,no change,1 vehicle,1994,Collision
1,1,4,Toyota,Urban,5,1,1,Female,Single,35,Policy Holder,Sedan - Liability,Sport,20000 to 29000,0,3652,5,400,3,more than 30,more than 30,2 to 4,5 years,31 to 35,No,No,External,none,no change,1 vehicle,1994,Liability
12,5,1,Pontiac,Urban,2,1,2,Female,Single,28,Policy Holder,Sedan - Liability,Sport,20000 to 29000,0,3653,5,400,2,more than 30,more than 30,1,5 years,31 to 35,No,No,External,1 to 2,no change,1 vehicle,1994,Liability
12,4,2,Pontiac,Urban,1,1,1,Male,Married,34,Policy Holder,Sedan - All Perils,Sedan,20000 to 29000,0,3654,3,400,1,more than 30,more than 30,none,7 years,31 to 35,No,No,External,3 to 5,no change,1 vehicle,1994,All Perils
12,5,5,Pontiac,Urban,2,1,1,Male,Single,30,Policy Holder,Sedan - Liability,Sport,more than 69000,0,3655,9,400,1,more than 30,more than 30,2 to 4,5 years,31 to 35,No,No,External,1 to 2,4 to 8 years,2 vehicles,1994,Liability
12,5,5,Ford,Urban,1,1,1,Male,Married,43,Policy Holder,Sedan - All Perils,Sedan,more than 69000,0,3656,2,400,2,more than 30,more than 30,none,7 years,36 to 40,No,No,External,none,no change,1 vehicle,1994,All Perils
12,5,4,Accura,Urban,3,1,2,Male,Married,36,Policy Holder,Utility - All Perils,Utility,more than 69000,0,3657,10,400,1,more than 30,more than 30,none,more than 7,36 to 40,No,No,External,1 to 2,no change,1 vehicle,1994,All Perils
12,5,4,Honda,Urban,1,1,1,Male,Married,44,Policy Holder,Sedan - Liability,Sport,20000 to 29000,0,3658,16,400,2,more than 30,more than 30,1,7 years,36 to 40,No,No,External,3 to 5,no change,1 vehicle,1994,Liability
12,5,1,Chevrolet,Urban,1,1,1,Female,Married,39,Policy Holder,Sedan - Liability,Sport,more than 69000,0,3659,16,700,2,more than 30,more than 30,none,7 years,36 to 40,No,No,External,none,no change,1 vehicle,1994,Liability
1,1,1,Honda,Urban,2,1,1,Male,Married,38,Third Party,Sedan - All Perils,Sedan,20000 to 29000,0,3660,2,400,3,more than 30,more than 30,none,7 years,36 to 40,No,No,External,more than 5,no change,1 vehicle,1994,All Perils
1,1,6,Honda,Urban,1,5,1,Female,Single,34,Policy Holder,Sedan - Collision,Sedan,more than 69000,0,3661,6,400,4,more than 30,more than 30,none,5 years,31 to 35,No,No,External,more than 5,no change,1 vehicle,1994,Collision
5,3,6,Ford,Rural,2,5,4,Male,Married,38,Third Party,Sedan - All Perils,Sedan,60000 to 69000,0,3662,14,400,4,more than 30,more than 30,none,more than 7,36 to 40,No,No,External,none,no change,1 vehicle,1994,All Perils
5,3,4,Toyota,Urban,5,1,3,Male,Married,51,Third Party,Sedan - Collision,Sedan,20000 to 29000,0,3663,15,400,1,more than 30,more than 30,more than 4,more than 7,41 to 50,No,No,External,none,no change,1 vehicle,1994,Collision
1,1,1,Toyota,Urban,4,1,2,Male,Single,49,Policy Holder,Sedan - All Perils,Sedan,less than 20000,0,3664,10,400,4,more than 30,more than 30,1,more than 7,41 to 50,No,No,External,none,no change,1 vehicle,1994,All Perils
1,2,6,Chevrolet,Urban,4,1,2,Male,Single,42,Policy Holder,Sedan - Collision,Sedan,more than 69000,0,3665,10,400,2,more than 30,more than 30,more than 4,6 years,36 to 40,No,No,External,1 to 2,no change,1 vehicle,1994,Collision
1,2,6,Toyota,Urban,3,1,2,Female,Married,50,Policy Holder,Sedan - Collision,Sedan,20000 to 29000,0,3666,13,400,4,more than 30,more than 30,2 to 4,7 years,41 to 50,No,No,External,1 to 2,no change,1 vehicle,1994,Collision
1,2,6,Pontiac,Urban,1,1,2,Male,Married,45,Policy Holder,Sedan - Liability,Sport,30000 to 39000,0,3667,12,400,4,more than 30,more than 30,2 to 4,more than 7,36 to 40,No,No,External,more than 5,no change,1 vehicle,1994,Liability
1,2,3,Chevrolet,Urban,4,1,2,Male,Married,71,Policy Holder,Sedan - All Perils,Sedan,20000 to 29000,0,3668,7,400,2,more than 30,more than 30,2 to 4,more than 7,over 65,No,No,External,3 to 5,no change,1 vehicle,1994,All Perils
1,2,5,Honda,Urban,2,1,2,Male,Single,0,Third Party,Sedan - Liability,Sport,more than 69000,0,3669,12,400,1,more than 30,more than 30,1,new,16 to 17,No,No,External,none,no change,1 vehicle,1994,Liability
1,3,5,Pontiac,Urban,5,1,3,Male,Married,54,Policy Holder,Sedan - Liability,Sport,30000 to 39000,0,3670,3,400,1,more than 30,more than 30,2 to 4,more than 7,41 to 50,No,No,External,more than 5,no change,1 vehicle,1994,Liability
1,3,3,Toyota,Rural,3,1,3,Male,Single,34,Policy Holder,Sedan - Liability,Sport,more than 69000,0,3671,11,400,2,more than 30,more than 30,more than 4,6 years,31 to 35,No,No,External,none,no change,1 vehicle,1994,Liability
1,3,2,Toyota,Urban,2,1,4,Male,Married,48,Policy Holder,Sedan - Collision,Sedan,30000 to 39000,0,3672,1,400,3,more than 30,more than 30,none,7 years,41 to 50,No,No,External,none,no change,1 vehicle,1994,Collision
1,3,2,Toyota,Urban,4,1,3,Male,Married,55,Third Party,Sedan - All Perils,Sedan,20000 to 29000,0,3673,8,500,1,more than 30,more than 30,1,more than 7,41 to 50,No,No,External,none,2 to 3 years,1 vehicle,1994,All Perils
1,3,1,Mazda,Rural,4,3,3,Male,Married,30,Third Party,Sedan - Collision,Sedan,30000 to 39000,0,3674,3,400,3,more than 30,more than 30,1,5 years,31 to 35,No,No,External,3 to 5,no change,1 vehicle,1994,Collision
3,3,7,Accura,Urban,1,5,3,Male,Married,51,Policy Holder,Sedan - All Perils,Sedan,30000 to 39000,0,3675,15,400,1,more than 30,more than 30,more than 4,5 years,41 to 50,No,No,External,1 to 2,no change,1 vehicle,1994,All Perils
5,3,1,Pontiac,Urban,3,1,3,Male,Married,27,Policy Holder,Sedan - Collision,Sedan,20000 to 29000,1,3676,16,400,4,more than 30,more than 30,2 to 4,6 years,31 to 35,No,No,External,none,4 to 8 years,2 vehicles,1994,Collision
1,1,2,Dodge,Urban,3,1,4,Male,Married,41,Third Party,Sedan - Collision,Sedan,30000 to 39000,0,3677,5,400,3,more than 30,more than 30,more than 4,7 years,36 to 40,No,No,External,3 to 5,no change,1 vehicle,1994,Collision
1,1,2,Pontiac,Urban,2,1,1,Male,Married,47,Policy Holder,Sedan - All Perils,Sedan,30000 to 39000,0,3678,7,400,3,more than 30,more than 30,none,more than 7,41 to 50,No,No,External,more than 5,no change,1 vehicle,1994,All Perils
1,2,3,Honda,Urban,1,2,2,Female,Single,38,Policy Holder,Sedan - Liability,Sport,20000 to 29000,0,3679,13,400,3,more than 30,more than 30,2 to 4,7 years,36 to 40,No,No,External,more than 5,no change,1 vehicle,1994,Liability
1,2,5,Pontiac,Urban,5,1,2,Male,Married,51,Policy Holder,Sedan - All Perils,Sedan,20000 to 29000,0,3680,6,400,3,more than 30,more than 30,2 to 4,6 years,41 to 50,No,No,External,3 to 5,no change,1 vehicle,1994,All Perils
1,2,7,Honda,Urban,5,5,2,Male,Single,29,Third Party,Sedan - All Perils,Sedan,20000 to 29000,0,3681,1,400,3,more than 30,more than 30,2 to 4,6 years,31 to 35,No,No,External,more than 5,no change,1 vehicle,1994,All Perils
5,3,3,Toyota,Urban,3,2,3,Female,Single,31,Policy Holder,Sedan - Liability,Sport,20000 to 29000,0,3682,4,400,3,more than 30,more than 30,more than 4,6 years,31 to 35,No,No,External,more than 5,no change,1 vehicle,1994,Liability
1,4,7,Toyota,Urban,3,5,1,Male,Married,28,Policy Holder,Sedan - Liability,Sport,20000 to 29000,0,3683,6,400,3,more than 30,more than 30,1,6 years,31 to 35,No,No,External,none,no change,1 vehicle,1994,Liability
5,3,3,Saab,Urban,5,2,4,Male,Married,50,Policy Holder,Sedan - All Perils,Sedan,30000 to 39000,1,3684,4,400,1,more than 30,more than 30,none,7 years,41 to 50,No,No,External,none,no change,1 vehicle,1994,All Perils
2,2,6,Mazda,Urban,5,10,2,Male,Single,28,Policy Holder,Sedan - All Perils,Sedan,40000 to 59000,0,3685,4,400,2,more than 30,more than 30,2 to 4,7 years,31 to 35,Yes,No,External,1 to 2,no change,1 vehicle,1994,All Perils
9,4,6,Pontiac,Urban,3,11,3,Male,Married,36,Third Party,Sedan - Collision,Sedan,20000 to 29000,0,3686,13,400,2,more than 30,more than 30,1,6 years,36 to 40,No,No,External,none,no change,1 vehicle,1994,Collision
9,4,1,Pontiac,Urban,1,2,1,Male,Married,39,Policy Holder,Sedan - Collision,Sedan,30000 to 39000,0,3687,10,400,3,more than 30,more than 30,more than 4,more than 7,36 to 40,No,No,External,none,no change,1 vehicle,1994,Collision
2,2,7,Toyota,Urban,3,5,2,Male,Married,55,Policy Holder,Sedan - Collision,Sedan,less than 20000,0,3688,10,400,2,more than 30,more than 30,2 to 4,more than 7,41 to 50,No,No,External,1 to 2,no change,1 vehicle,1994,Collision
5,3,4,Chevrolet,Urban,5,2,3,Female,Married,36,Third Party,Sedan - Collision,Sedan,20000 to 29000,0,3689,3,400,3,more than 30,more than 30,none,7 years,36 to 40,No,No,External,none,no change,1 vehicle,1994,Collision
2,2,1,Saab,Urban,2,2,2,Male,Married,26,Third Party,Sedan - Collision,Sedan,30000 to 39000,0,3690,10,700,3,more than 30,more than 30,none,7 years,31 to 35,No,No,External,more than 5,no change,1 vehicle,1994,Collision
2,1,1,Chevrolet,Rural,3,2,2,Male,Single,30,Policy Holder,Sedan - Collision,Sedan,30000 to 39000,0,3691,1,400,4,more than 30,more than 30,none,7 years,31 to 35,No,No,External,3 to 5,no change,3 to 4,1994,Collision
2,1,3,Honda,Urban,4,2,2,Male,Single,35,Policy Holder,Sedan - Collision,Sedan,30000 to 39000,0,3692,12,400,4,more than 30,more than 30,1,7 years,31 to 35,No,No,External,none,no change,1 vehicle,1994,Collision
2,2,7,Mazda,Urban,5,6,2,Male,Single,34,Third Party,Sedan - Collision,Sedan,30000 to 39000,0,3693,14,400,4,more than 30,more than 30,2 to 4,6 years,31 to 35,No,No,External,more than 5,no change,5 to 8,1994,Collision
5,3,5,Pontiac,Urban,4,3,1,Male,Single,25,Policy Holder,Sedan - All Perils,Sedan,20000 to 29000,1,3694,3,400,2,more than 30,more than 30,none,6 years,26 to 30,No,No,External,1 to 2,no change,1 vehicle,1994,All Perils
2,1,3,Pontiac,Urban,5,2,4,Male,Single,27,Third Party,Sedan - All Perils,Sedan,30000 to 39000,0,3695,8,400,1,more than 30,more than 30,none,7 years,31 to 35,No,No,External,none,no change,1 vehicle,1994,All Perils
1,4,7,Pontiac,Urban,1,3,1,Female,Married,32,Policy Holder,Sedan - All Perils,Sedan,30000 to 39000,0,3696,16,400,2,none,15 to 30,2 to 4,7 years,31 to 35,No,No,External,none,no change,1 vehicle,1994,All Perils
3,2,7,Pontiac,Urban,1,3,3,Male,Married,48,Policy Holder,Sedan - All Perils,Sedan,less than 20000,0,3697,14,400,4,more than 30,more than 30,none,more than 7,41 to 50,No,No,External,none,4 to 8 years,2 vehicles,1994,All Perils
3,2,2,Chevrolet,Rural,3,2,4,Male,Single,29,Policy Holder,Sedan - Liability,Sport,more than 69000,0,3698,4,400,4,more than 30,more than 30,2 to 4,6 years,31 to 35,No,No,External,more than 5,no change,1 vehicle,1994,Liability
2,2,2,Toyota,Urban,3,3,2,Male,Married,28,Policy Holder,Sedan - Liability,Sport,20000 to 29000,0,3699,8,400,1,more than 30,more than 30,2 to 4,5 years,31 to 35,No,No,External,none,no change,1 vehicle,1994,Liability
2,2,2,Toyota,Urban,3,2,1,Male,Single,35,Policy Holder,Sedan - All Perils,Sedan,20000 to 29000,0,3700,4,400,3,more than 30,more than 30,none,6 years,31 to 35,No,No,External,none,no change,1 vehicle,1994,All Perils
2,1,5,Toyota,Urban,3,2,1,Male,Married,43,Policy Holder,Sedan - Liability,Sport,20000 to 29000,0,3701,7,400,2,more than 30,more than 30,more than 4,7 years,36 to 40,No,No,External,3 to 5,no change,1 vehicle,1994,Liability
1,5,6,Pontiac,Urban,2,3,2,Male,Married,47,Policy Holder,Sedan - All Perils,Sedan,less than 20000,0,3702,15,400,2,more than 30,more than 30,none,more than 7,41 to 50,No,No,External,1 to 2,no change,1 vehicle,1994,All Perils
1,5,5,Pontiac,Urban,1,1,2,Male,Married,38,Policy Holder,Sedan - Collision,Sedan,30000 to 39000,0,3703,7,400,2,more than 30,more than 30,none,7 years,36 to 40,No,No,External,1 to 2,no change,1 vehicle,1994,Collision
1,4,7,Honda,Urban,3,1,4,Female,Single,26,Third Party,Sedan - All Perils,Sedan,less than 20000,0,3704,10,400,1,more than 30,more than 30,2 to 4,7 years,31 to 35,No,No,External,3 to 5,no change,1 vehicle,1994,All Perils
1,4,3,Honda,Urban,5,1,4,Male,Single,35,Policy Holder,Sedan - Liability,Sport,20000 to 29000,0,3705,1,400,4,more than 30,more than 30,2 to 4,5 years,31 to 35,No,No,External,none,no change,1 vehicle,1994,Liability
1,3,1,Ford,Urban,2,2,4,Male,Married,39,Policy Holder,Sedan - Collision,Sedan,40000 to 59000,0,3706,12,400,1,more than 30,more than 30,none,7 years,36 to 40,No,No,External,none,no change,1 vehicle,1994,Collision
1,3,1,Toyota,Rural,3,5,1,Female,Single,34,Third Party,Sedan - All Perils,Sedan,20000 to 29000,0,3707,10,400,3,more than 30,more than 30,none,6 years,31 to 35,No,No,External,none,no change,1 vehicle,1994,All Perils
5,3,4,Pontiac,Urban,2,2,3,Male,Married,51,Third Party,Sedan - Collision,Sedan,20000 to 29000,0,3708,10,400,4,more than 30,more than 30,1,more than 7,41 to 50,No,No,External,3 to 5,no change,1 vehicle,1994,Collision
1,2,7,Pontiac,Urban,1,1,4,Male,Single,43,Policy Holder,Sedan - Collision,Sedan,more than 69000,0,3709,15,400,3,more than 30,more than 30,2 to 4,7 years,36 to 40,No,No,External,3 to 5,no change,1 vehicle,1994,Collision
1,1,2,Toyota,Urban,3,2,2,Male,Married,27,Policy Holder,Sedan - Collision,Sedan,20000 to 29000,0,3710,8,400,1,more than 30,more than 30,2 to 4,7 years,31 to 35,No,No,External,1 to 2,no change,1 vehicle,1994,Collision
12,5,4,Toyota,Urban,2,3,3,Male,Single,30,Third Party,Sedan - All Perils,Sedan,20000 to 29000,0,3711,13,400,3,more than 30,more than 30,1,7 years,31 to 35,No,No,External,more than 5,no change,1 vehicle,1994,All Perils
12,3,3,Ford,Urban,3,1,3,Male,Married,26,Policy Holder,Sedan - All Perils,Sedan,less than 20000,0,3712,12,400,3,more than 30,more than 30,1,6 years,31 to 35,No,No,External,3 to 5,no change,1 vehicle,1994,All Perils
12,2,1,Mercury,Urban,2,2,3,Male,Married,38,Policy Holder,Sedan - Collision,Sedan,more than 69000,0,3713,1,400,3,more than 30,more than 30,2 to 4,7 years,36 to 40,No,No,External,1 to 2,no change,1 vehicle,1994,Collision
2,3,1,Mazda,Urban,2,2,3,Male,Single,38,Policy Holder,Sedan - Collision,Sedan,20000 to 29000,0,3714,4,400,1,more than 30,more than 30,1,7 years,36 to 40,No,No,External,more than 5,no change,1 vehicle,1994,Collision
2,3,3,Toyota,Rural,5,3,3,Male,Married,32,Third Party,Sedan - All Perils,Sedan,less than 20000,0,3715,10,400,2,more than 30,more than 30,2 to 4,6 years,31 to 35,No,No,External,none,no change,1 vehicle,1994,All Perils
3,5,6,Toyota,Urban,2,3,5,Male,Married,43,Third Party,Sedan - Collision,Sedan,20000 to 29000,0,3716,2,400,1,more than 30,more than 30,1,more than 7,36 to 40,No,No,External,more than 5,no change,1 vehicle,1994,Collision
3,3,7,Toyota,Urban,1,3,4,Female,Married,54,Policy Holder,Sedan - All Perils,Sedan,20000 to 29000,0,3717,9,400,3,more than 30,more than 30,1,6 years,41 to 50,No,No,External,none,no change,1 vehicle,1994,All Perils
3,3,5,Honda,Urban,5,3,3,Male,Married,46,Policy Holder,Sedan - Liability,Sport,20000 to 29000,0,3718,10,400,1,more than 30,more than 30,more than 4,more than 7,41 to 50,No,No,External,none,4 to 8 years,2 vehicles,1994,Liability
3,2,4,Mazda,Urban,4,3,2,Male,Married,35,Policy Holder,Sedan - Liability,Sport,20000 to 29000,0,3719,10,400,2,more than 30,more than 30,2 to 4,6 years,31 to 35,No,No,External,none,no change,1 vehicle,1994,Liability
3,2,7,Pontiac,Urban,3,7,2,Male,Married,46,Policy Holder,Sedan - All Perils,Sedan,20000 to 29000,0,3720,7,400,2,more than 30,more than 30,none,7 years,41 to 50,No,No,External,more than 5,no change,1 vehicle,1994,All Perils
7,2,1,Toyota,Urban,2,2,4,Male,Single,28,Policy Holder,Sedan - Collision,Sedan,20000 to 29000,0,3721,2,400,1,more than 30,more than 30,none,5 years,31 to 35,No,No,External,none,no change,1 vehicle,1994,Collision
2,2,5,Pontiac,Urban,1,3,4,Male,Married,42,Policy Holder,Sedan - Liability,Sport,30000 to 39000,0,3722,3,400,2,more than 30,more than 30,1,7 years,36 to 40,No,No,External,more than 5,no change,1 vehicle,1994,Liability
3,2,1,Saturn,Urban,2,5,2,Male,Single,26,Policy Holder,Sedan - All Perils,Sedan,30000 to 39000,0,3723,12,400,1,more than 30,more than 30,2 to 4,7 years,31 to 35,No,No,External,3 to 5,no change,1 vehicle,1994,All Perils
5,3,1,Toyota,Urban,2,5,3,Male,Single,40,Policy Holder,Sedan - Liability,Sport,30000 to 39000,0,3724,9,500,3,more than 30,more than 30,more than 4,7 years,36 to 40,No,No,External,more than 5,2 to 3 years,1 vehicle,1994,Liability
5,3,1,Chevrolet,Urban,2,5,4,Male,Single,30,Policy Holder,Sedan - All Perils,Sedan,20000 to 29000,1,3725,14,400,3,more than 30,more than 30,none,6 years,31 to 35,No,No,External,none,no change,1 vehicle,1994,All Perils
5,3,5,Pontiac,Urban,5,11,3,Male,Single,66,Policy Holder,Sedan - All Perils,Sedan,less than 20000,1,3726,8,400,4,more than 30,more than 30,1,more than 7,over 65,No,No,External,3 to 5,no change,1 vehicle,1994,All Perils
11,1,1,Honda,Urban,3,5,1,Female,Single,39,Policy Holder,Sedan - Liability,Sport,30000 to 39000,0,3727,6,400,4,more than 30,more than 30,more than 4,7 years,36 to 40,No,No,External,none,no change,1 vehicle,1994,Liability
5,3,5,Toyota,Rural,2,8,3,Male,Single,35,Policy Holder,Sedan - Liability,Sport,20000 to 29000,0,3728,5,400,2,more than 30,more than 30,2 to 4,4 years,31 to 35,No,No,Internal,none,no change,1 vehicle,1994,Liability
8,1,1,Pontiac,Urban,2,4,3,Male,Married,42,Policy Holder,Sedan - All Perils,Sedan,30000 to 39000,0,3729,1,400,4,more than 30,more than 30,none,7 years,36 to 40,No,No,External,more than 5,no change,1 vehicle,1994,All Perils
4,1,3,Mazda,Urban,3,4,1,Male,Single,27,Third Party,Sedan - Collision,Sedan,20000 to 29000,0,3730,12,400,4,more than 30,more than 30,1,6 years,31 to 35,No,No,External,none,no change,1 vehicle,1994,Collision
4,1,6,Pontiac,Urban,2,4,2,Male,Married,59,Policy Holder,Sedan - All Perils,Sedan,less than 20000,0,3731,3,400,1,more than 30,more than 30,none,more than 7,51 to 65,No,No,External,3 to 5,no change,1 vehicle,1994,All Perils
4,3,3,Ford,Urban,1,4,4,Male,Married,26,Policy Holder,Sedan - All Perils,Sedan,less than 20000,0,3732,7,400,3,more than 30,more than 30,none,7 years,31 to 35,No,No,External,3 to 5,1 year,3 to 4,1994,All Perils
4,2,3,Pontiac,Urban,3,4,3,Male,Married,55,Third Party,Sedan - All Perils,Sedan,20000 to 29000,0,3733,7,400,2,more than 30,more than 30,1,6 years,41 to 50,No,No,External,more than 5,no change,1 vehicle,1994,All Perils
4,2,1,Mazda,Rural,2,4,3,Male,Married,31,Third Party,Sedan - All Perils,Sedan,20000 to 29000,0,3734,3,400,2,more than 30,more than 30,none,6 years,31 to 35,No,No,External,none,no change,1 vehicle,1994,All Perils
4,2,1,Mazda,Urban,1,5,2,Male,Married,38,Policy Holder,Sedan - Collision,Sedan,20000 to 29000,0,3735,3,400,3,more than 30,more than 30,none,7 years,36 to 40,No,No,External,none,no change,1 vehicle,1994,Collision
5,5,5,Chevrolet,Urban,5,5,5,Male,Married,29,Policy Holder,Sedan - Liability,Sport,20000 to 29000,0,3736,4,400,4,more than 30,more than 30,2 to 4,5 years,31 to 35,No,No,External,none,no change,1 vehicle,1994,Liability
5,1,4,Chevrolet,Urban,5,7,3,Female,Married,63,Policy Holder,Sedan - All Perils,Sedan,more than 69000,0,3737,4,400,4,more than 30,more than 30,none,5 years,51 to 65,No,No,External,none,no change,1 vehicle,1994,All Perils
6,5,2,Honda,Rural,4,9,1,Male,Married,33,Policy Holder,Sedan - Liability,Sport,more than 69000,0,3738,15,400,4,more than 30,more than 30,2 to 4,new,31 to 35,No,No,External,none,no change,1 vehicle,1994,Liability
8,4,2,Mazda,Rural,3,8,2,Male,Single,26,Policy Holder,Sedan - Liability,Sport,20000 to 29000,0,3739,9,400,2,more than 30,more than 30,more than 4,6 years,31 to 35,No,No,External,1 to 2,4 to 8 years,2 vehicles,1994,Liability
8,3,1,Pontiac,Urban,3,5,4,Male,Married,80,Policy Holder,Sedan - All Perils,Sedan,30000 to 39000,0,3740,2,400,1,more than 30,more than 30,1,more than 7,over 65,No,No,External,none,no change,1 vehicle,1994,All Perils
5,3,2,Honda,Urban,2,9,3,Male,Married,40,Policy Holder,Sedan - Collision,Sedan,30000 to 39000,1,3741,10,400,1,more than 30,more than 30,2 to 4,more than 7,36 to 40,No,No,External,more than 5,no change,1 vehicle,1994,Collision
9,4,4,Mazda,Urban,2,9,4,Male,Married,51,Third Party,Sedan - All Perils,Sedan,30000 to 39000,0,3742,2,400,1,more than 30,more than 30,2 to 4,more than 7,41 to 50,No,No,External,3 to 5,no change,1 vehicle,1994,All Perils
9,4,5,Toyota,Urban,1,11,4,Male,Married,49,Policy Holder,Sedan - Collision,Sedan,20000 to 29000,0,3743,7,400,2,more than 30,more than 30,1,more than 7,41 to 50,No,No,External,more than 5,no change,1 vehicle,1994,Collision
11,3,4,Chevrolet,Urban,4,11,4,Female,Single,36,Policy Holder,Sedan - Liability,Sport,more than 69000,0,3744,8,400,2,more than 30,more than 30,2 to 4,7 years,36 to 40,No,No,External,more than 5,no change,1 vehicle,1994,Liability
11,2,5,Toyota,Urban,2,12,2,Male,Single,24,Policy Holder,Sedan - Liability,Sport,30000 to 39000,0,3745,4,400,2,more than 30,more than 30,2 to 4,4 years,26 to 30,No,No,External,more than 5,no change,1 vehicle,1994,Liability
12,2,1,Toyota,Urban,3,5,4,Female,Single,25,Policy Holder,Sedan - Collision,Sedan,20000 to 29000,0,3746,12,400,2,more than 30,more than 30,1,5 years,26 to 30,No,No,External,none,no change,1 vehicle,1994,Collision
5,3,4,Chevrolet,Urban,4,5,3,Male,Single,50,Third Party,Sedan - All Perils,Sedan,more than 69000,0,3747,16,400,4,more than 30,more than 30,none,7 years,41 to 50,No,No,External,none,no change,1 vehicle,1994,All Perils
5,3,5,Honda,Urban,3,7,3,Male,Married,26,Policy Holder,Sedan - Collision,Sedan,20000 to 29000,0,3748,3,400,4,more than 30,more than 30,2 to 4,7 years,31 to 35,No,No,External,more than 5,no change,1 vehicle,1994,Collision
6,5,5,Pontiac,Urban,4,7,1,Male,Married,48,Policy Holder,Sedan - All Perils,Sedan,less than 20000,0,3749,13,400,1,more than 30,more than 30,more than 4,more than 7,41 to 50,No,No,External,more than 5,no change,1 vehicle,1994,All Perils
6,5,4,Pontiac,Urban,6,7,1,Male,Married,53,Policy Holder,Sedan - Liability,Sport,30000 to 39000,0,3750,13,400,1,more than 30,more than 30,1,more than 7,41 to 50,No,No,Internal,1 to 2,no change,1 vehicle,1994,Liability
6,5,1,Chevrolet,Urban,2,7,1,Male,Single,40,Policy Holder,Sedan - All Perils,Sedan,20000 to 29000,0,3751,10,400,2,more than 30,more than 30,2 to 4,7 years,36 to 40,No,No,External,more than 5,no change,1 vehicle,1994,All Perils
7,2,1,Honda,Urban,4,8,2,Male,Single,31,Policy Holder,Sedan - Liability,Sport,20000 to 29000,0,3752,9,400,4,more than 30,more than 30,2 to 4,6 years,31 to 35,No,No,External,none,no change,1 vehicle,1994,Liability
8,4,4,Pontiac,Urban,4,11,5,Male,Single,32,Policy Holder,Sedan - Collision,Sedan,30000 to 39000,0,3753,4,400,4,more than 30,more than 30,none,6 years,31 to 35,No,No,External,none,no change,1 vehicle,1994,Collision
10,4,6,Chevrolet,Urban,1,11,2,Male,Married,41,Policy Holder,Sedan - All Perils,Sedan,more than 69000,0,3754,4,400,1,more than 30,more than 30,2 to 4,7 years,36 to 40,No,No,External,none,no change,1 vehicle,1994,All Perils
11,2,7,Pontiac,Urban,1,11,2,Male,Single,36,Policy Holder,Sedan - Liability,Sport,20000 to 29000,0,3755,8,400,4,more than 30,more than 30,more than 4,7 years,36 to 40,No,No,External,more than 5,no change,1 vehicle,1994,Liability
11,2,1,Chevrolet,Urban,4,11,2,Male,Married,55,Third Party,Sedan - Collision,Sedan,30000 to 39000,0,3756,10,400,2,more than 30,more than 30,1,more than 7,41 to 50,No,No,External,1 to 2,no change,1 vehicle,1994,Collision
10,5,7,Mazda,Urban,1,2,1,Male,Married,65,Policy Holder,Sedan - Collision,Sedan,20000 to 29000,0,3757,10,400,3,more than 30,more than 30,none,more than 7,51 to 65,Yes,No,External,more than 5,no change,1 vehicle,1994,Collision
2,4,7,Toyota,Urban,4,3,4,Male,Single,34,Third Party,Sedan - Collision,Sedan,20000 to 29000,0,3758,1,400,1,more than 30,more than 30,2 to 4,7 years,31 to 35,No,No,External,more than 5,no change,1 vehicle,1994,Collision
2,4,3,Pontiac,Urban,3,4,1,Female,Single,18,Policy Holder,Sedan - Collision,Sedan,30000 to 39000,0,3759,15,400,3,more than 30,more than 30,2 to 4,3 years,21 to 25,No,No,External,more than 5,no change,1 vehicle,1994,Collision
4,2,1,Chevrolet,Urban,1,5,2,Male,Married,63,Policy Holder,Sedan - Collision,Sedan,more than 69000,0,3760,1,400,2,more than 30,more than 30,2 to 4,more than 7,51 to 65,No,No,External,more than 5,4 to 8 years,2 vehicles,1994,Collision
5,1,6,Mazda,Urban,3,5,4,Male,Married,44,Policy Holder,Sedan - Liability,Sport,20000 to 29000,0,3761,14,400,2,more than 30,more than 30,2 to 4,6 years,36 to 40,No,No,External,more than 5,no change,1 vehicle,1994,Liability
4,5,3,Pontiac,Rural,3,5,1,Male,Married,64,Policy Holder,Sedan - Collision,Sedan,20000 to 29000,0,3762,6,400,2,more than 30,more than 30,2 to 4,more than 7,51 to 65,No,No,External,none,no change,1 vehicle,1994,Collision
5,3,6,Pontiac,Urban,1,5,3,Male,Single,35,Policy Holder,Sedan - Liability,Sport,20000 to 29000,0,3763,16,400,3,more than 30,more than 30,more than 4,7 years,31 to 35,No,No,External,more than 5,no change,1 vehicle,1994,Liability
5,3,5,Toyota,Rural,1,9,3,Male,Married,32,Third Party,Sedan - Collision,Sedan,20000 to 29000,0,3764,5,400,1,more than 30,more than 30,2 to 4,7 years,31 to 35,No,No,External,more than 5,no change,1 vehicle,1994,Collision
9,1,5,Pontiac,Urban,1,9,2,Female,Married,33,Policy Holder,Sedan - Liability,Sport,20000 to 29000,0,3765,7,400,3,more than 30,more than 30,2 to 4,6 years,31 to 35,No,No,External,none,no change,1 vehicle,1994,Liability
9,1,7,Toyota,Urban,4,11,1,Male,Married,40,Third Party,Sedan - Collision,Sedan,20000 to 29000,0,3766,14,400,3,more than 30,more than 30,none,more than 7,36 to 40,No,No,External,more than 5,no change,1 vehicle,1994,Collision
9,1,2,Accura,Rural,4,9,1,Male,Married,51,Policy Holder,Sedan - All Perils,Sedan,30000 to 39000,0,3767,7,400,2,more than 30,more than 30,none,more than 7,41 to 50,No,No,External,more than 5,no change,1 vehicle,1994,All Perils
9,4,3,Pontiac,Urban,4,10,5,Male,Married,47,Policy Holder,Sedan - Collision,Sedan,20000 to 29000,0,3768,1,400,3,more than 30,more than 30,none,more than 7,41 to 50,No,No,External,more than 5,no change,1 vehicle,1994,Collision
9,4,1,Honda,Urban,5,11,2,Male,Married,52,Third Party,Sedan - All Perils,Sedan,less than 20000,0,3769,10,400,3,more than 30,more than 30,2 to 4,7 years,41 to 50,Yes,No,External,more than 5,no change,1 vehicle,1994,All Perils
11,2,2,Pontiac,Urban,3,4,2,Male,Single,45,Policy Holder,Sedan - Liability,Sport,20000 to 29000,0,3770,15,400,1,more than 30,more than 30,1,7 years,36 to 40,No,No,External,none,no change,1 vehicle,1994,Liability
4,1,7,Toyota,Urban,1,4,1,Female,Married,28,Policy Holder,Sedan - Liability,Sport,20000 to 29000,0,3771,15,400,4,more than 30,more than 30,more than 4,7 years,31 to 35,No,No,External,more than 5,no change,1 vehicle,1994,Liability
4,1,3,Toyota,Urban,2,6,1,Male,Single,35,Third Party,Sedan - Collision,Sedan,20000 to 29000,0,3772,16,400,1,more than 30,more than 30,2 to 4,7 years,31 to 35,Yes,No,External,more than 5,no change,1 vehicle,1994,Collision
5,3,5,Honda,Urban,5,4,5,Male,Married,42,Policy Holder,Sedan - Collision,Sedan,40000 to 59000,1,3773,10,400,1,more than 30,more than 30,2 to 4,more than 7,36 to 40,No,No,External,3 to 5,no change,3 to 4,1994,Collision
4,3,4,Chevrolet,Urban,1,4,5,Male,Married,42,Policy Holder,Sedan - All Perils,Sedan,30000 to 39000,0,3774,14,400,4,more than 30,more than 30,1,7 years,36 to 40,No,No,External,none,no change,1 vehicle,1994,All Perils
4,2,5,Toyota,Urban,1,7,3,Female,Married,27,Policy Holder,Sedan - All Perils,Sedan,20000 to 29000,0,3775,9,500,2,more than 30,more than 30,none,6 years,31 to 35,No,No,External,none,2 to 3 years,1 vehicle,1994,All Perils
7,4,3,Toyota,Urban,5,7,4,Male,Single,33,Third Party,Sedan - All Perils,Sedan,20000 to 29000,0,3776,8,400,1,more than 30,more than 30,none,6 years,31 to 35,No,No,External,none,no change,1 vehicle,1994,All Perils
7,3,3,Honda,Urban,5,5,4,Female,Married,30,Third Party,Sedan - All Perils,Sedan,20000 to 29000,0,3777,15,400,1,more than 30,more than 30,none,4 years,31 to 35,No,No,External,none,no change,1 vehicle,1994,All Perils
5,3,7,Toyota,Urban,4,10,3,Male,Married,55,Policy Holder,Sedan - Collision,Sedan,more than 69000,1,3778,14,400,4,more than 30,more than 30,1,more than 7,41 to 50,No,No,External,more than 5,no change,1 vehicle,1994,Collision
10,1,6,Pontiac,Rural,1,11,1,Male,Married,50,Policy Holder,Sedan - Collision,Sedan,30000 to 39000,0,3779,10,400,1,more than 30,more than 30,2 to 4,more than 7,41 to 50,No,No,Internal,3 to 5,no change,1 vehicle,1994,Collision
11,4,5,Chevrolet,Urban,2,10,4,Male,Single,32,Policy Holder,Sedan - All Perils,Sedan,more than 69000,0,3780,12,400,4,more than 30,more than 30,2 to 4,6 years,31 to 35,No,No,External,3 to 5,no change,1 vehicle,1994,All Perils
10,4,6,Pontiac,Urban,4,5,5,Male,Single,21,Third Party,Sedan - Collision,Sedan,30000 to 39000,0,3781,8,400,1,more than 30,more than 30,1,5 years,26 to 30,Yes,No,External,1 to 2,4 to 8 years,2 vehicles,1994,Collision
5,4,7,Honda,Urban,4,8,4,Male,Single,33,Policy Holder,Sedan - Collision,Sedan,20000 to 29000,0,3782,3,400,1,more than 30,more than 30,2 to 4,6 years,31 to 35,No,No,External,1 to 2,no change,1 vehicle,1994,Collision
8,3,6,Honda,Urban,2,8,3,Male,Married,61,Policy Holder,Sedan - Collision,Sedan,30000 to 39000,0,3783,3,700,2,more than 30,more than 30,1,more than 7,51 to 65,No,No,External,more than 5,no change,1 vehicle,1994,Collision
8,2,3,Honda,Urban,3,9,3,Male,Single,31,Policy Holder,Sedan - Collision,Sedan,20000 to 29000,0,3784,2,400,3,more than 30,more than 30,none,5 years,31 to 35,No,No,External,none,no change,1 vehicle,1994,Collision
9,3,3,Pontiac,Urban,2,10,3,Male,Married,29,Policy Holder,Sedan - Liability,Sport,20000 to 29000,0,3785,3,400,3,more than 30,more than 30,more than 4,7 years,31 to 35,No,No,External,none,no change,1 vehicle,1994,Liability
5,3,4,Mazda,Rural,3,12,1,Male,Married,67,Policy Holder,Sedan - All Perils,Sedan,30000 to 39000,1,3786,4,400,2,more than 30,more than 30,1,more than 7,over 65,No,No,External,more than 5,no change,1 vehicle,1994,All Perils
12,3,6,Chevrolet,Urban,1,5,4,Male,Single,35,Policy Holder,Sedan - Liability,Sport,30000 to 39000,0,3787,1,400,2,more than 30,more than 30,more than 4,6 years,31 to 35,No,No,External,3 to 5,no change,1 vehicle,1994,Liability
5,1,3,Toyota,Urban,4,5,2,Male,Married,56,Policy Holder,Sedan - All Perils,Sedan,more than 69000,0,3788,3,400,2,more than 30,more than 30,2 to 4,more than 7,51 to 65,No,No,External,more than 5,no change,1 vehicle,1994,All Perils
5,1,5,Pontiac,Urban,5,6,2,Male,Married,50,Policy Holder,Sedan - Collision,Sedan,30000 to 39000,0,3789,8,400,3,more than 30,more than 30,1,more than 7,41 to 50,No,No,External,1 to 2,no change,1 vehicle,1994,Collision
6,1,4,Pontiac,Rural,4,6,2,Male,Single,27,Policy Holder,Sedan - Collision,Sedan,20000 to 29000,0,3790,16,400,4,more than 30,more than 30,none,6 years,31 to 35,No,No,External,more than 5,no change,1 vehicle,1994,Collision
6,1,4,Chevrolet,Rural,5,5,1,Male,Single,32,Policy Holder,Sedan - Liability,Sport,20000 to 29000,0,3791,5,400,3,more than 30,more than 30,2 to 4,6 years,31 to 35,No,No,External,3 to 5,no change,1 vehicle,1994,Liability
5,4,2,Pontiac,Rural,4,10,4,Male,Married,39,Policy Holder,Sedan - Liability,Sport,30000 to 39000,0,3792,4,400,1,more than 30,more than 30,2 to 4,7 years,36 to 40,No,No,External,more than 5,no change,1 vehicle,1994,Liability
10,4,5,Toyota,Urban,1,10,4,Male,Single,31,Third Party,Sedan - Collision,Sedan,20000 to 29000,0,3793,16,400,2,more than 30,more than 30,none,7 years,31 to 35,No,No,External,3 to 5,no change,1 vehicle,1994,Collision
10,2,7,Mazda,Urban,4,11,4,Female,Married,29,Policy Holder,Sedan - Collision,Sedan,20000 to 29000,0,3794,16,400,3,more than 30,more than 30,1,7 years,31 to 35,No,No,External,more than 5,no change,1 vehicle,1994,Collision
11,1,1,Chevrolet,Urban,5,11,2,Female,Married,49,Third Party,Sedan - Collision,Sedan,20000 to 29000,0,3795,9,400,2,more than 30,more than 30,1,7 years,41 to 50,Yes,No,External,none,no change,1 vehicle,1994,Collision
10,1,1,Ford,Urban,4,8,2,Male,Married,45,Third Party,Utility - All Perils,Utility,more than 69000,0,3796,11,400,4,more than 30,more than 30,2 to 4,more than 7,36 to 40,No,No,External,more than 5,no change,1 vehicle,1994,All Perils
8,3,5,Mazda,Urban,5,7,4,Male,Single,34,Policy Holder,Sedan - Liability,Sport,30000 to 39000,0,3797,14,400,4,more than 30,more than 30,none,6 years,31 to 35,No,No,External,none,no change,1 vehicle,1994,Liability
7,2,2,Toyota,Urban,2,7,2,Male,Married,58,Policy Holder,Sedan - Collision,Sedan,20000 to 29000,0,3798,10,400,2,more than 30,more than 30,1,6 years,51 to 65,No,No,External,1 to 2,no change,1 vehicle,1994,Collision
7,1,2,Honda,Urban,2,7,1,Female,Married,37,Policy Holder,Sedan - Collision,Sedan,20000 to 29000,0,3799,16,400,2,more than 30,more than 30,more than 4,7 years,36 to 40,No,No,External,1 to 2,no change,1 vehicle,1994,Collision
7,1,4,Pontiac,Urban,5,5,1,Male,Married,58,Policy Holder,Sedan - Collision,Sedan,30000 to 39000,0,3800,4,400,3,more than 30,more than 30,1,more than 7,51 to 65,No,No,External,more than 5,no change,1 vehicle,1994,Collision
5,3,4,Chevrolet,Urban,1,6,3,Male,Single,26,Policy Holder,Sedan - Collision,Sedan,20000 to 29000,1,3801,1,400,1,more than 30,more than 30,2 to 4,6 years,31 to 35,No,No,External,none,no change,1 vehicle,1994,Collision
6,2,1,Accura,Urban,3,10,2,Male,Married,53,Third Party,Sedan - Liability,Sport,30000 to 39000,0,3802,15,400,4,more than 30,more than 30,more than 4,more than 7,41 to 50,No,No,External,more than 5,4 to 8 years,2 vehicles,1994,Liability
6,1,4,Honda,Urban,4,5,3,Male,Married,37,Third Party,Sedan - Collision,Sedan,20000 to 29000,0,3803,2,400,3,more than 30,more than 30,2 to 4,more than 7,36 to 40,No,No,External,1 to 2,no change,1 vehicle,1994,Collision
4,4,3,Toyota,Urban,1,4,1,Male,Single,29,Policy Holder,Sedan - Collision,Sedan,20000 to 29000,0,3804,3,400,4,more than 30,more than 30,1,7 years,31 to 35,No,No,External,more than 5,no change,1 vehicle,1994,Collision
4,3,1,Pontiac,Urban,2,4,4,Male,Married,47,Third Party,Sedan - All Perils,Sedan,20000 to 29000,0,3805,6,400,3,more than 30,more than 30,none,more than 7,41 to 50,No,No,External,3 to 5,no change,1 vehicle,1994,All Perils
4,3,7,Toyota,Urban,3,10,3,Female,Single,29,Third Party,Sedan - All Perils,Sedan,20000 to 29000,0,3806,4,400,1,more than 30,more than 30,none,5 years,31 to 35,No,No,External,3 to 5,no change,1 vehicle,1994,All Perils
10,3,2,Pontiac,Urban,4,10,3,Male,Married,36,Policy Holder,Sedan - Liability,Sport,20000 to 29000,0,3807,4,400,3,more than 30,more than 30,2 to 4,7 years,36 to 40,No,No,External,none,no change,1 vehicle,1994,Liability
10,2,6,Mazda,Urban,5,9,2,Male,Married,45,Policy Holder,Sedan - Liability,Sport,30000 to 39000,0,3808,7,400,3,more than 30,more than 30,2 to 4,5 years,36 to 40,No,No,External,1 to 2,no change,1 vehicle,1994,Liability
8,3,3,Honda,Urban,1,8,1,Male,Single,28,Policy Holder,Sedan - Collision,Sedan,20000 to 29000,0,3809,3,400,3,more than 30,more than 30,2 to 4,5 years,31 to 35,No,No,External,none,no change,1 vehicle,1994,Collision
8,3,1,Mazda,Urban,2,7,4,Male,Married,53,Third Party,Sedan - Liability,Sport,60000 to 69000,0,3810,4,400,2,more than 30,more than 30,none,more than 7,41 to 50,No,No,External,none,no change,1 vehicle,1994,Liability
7,2,2,Pontiac,Rural,4,5,2,Female,Single,23,Third Party,Sedan - All Perils,Sedan,20000 to 29000,0,3811,13,400,3,more than 30,more than 30,2 to 4,4 years,26 to 30,No,No,External,3 to 5,no change,1 vehicle,1994,All Perils
5,3,2,Mazda,Urban,3,2,4,Male,Married,45,Third Party,Sedan - All Perils,Sedan,30000 to 39000,0,3812,1,400,1,more than 30,more than 30,2 to 4,7 years,36 to 40,No,No,External,more than 5,no change,1 vehicle,1994,All Perils
2,1,3,Toyota,Urban,4,2,1,Male,Married,45,Policy Holder,Sedan - All Perils,Sedan,20000 to 29000,0,3813,12,400,3,more than 30,more than 30,none,7 years,36 to 40,No,No,External,1 to 2,no change,1 vehicle,1994,All Perils
2,1,4,Toyota,Urban,4,10,1,Male,Married,47,Policy Holder,Sedan - Collision,Sedan,less than 20000,0,3814,11,700,3,more than 30,more than 30,2 to 4,7 years,41 to 50,No,No,External,none,no change,3 to 4,1994,Collision
10,3,5,Pontiac,Urban,1,10,3,Male,Single,32,Policy Holder,Sedan - Liability,Sport,20000 to 29000,0,3815,2,400,4,more than 30,more than 30,1,7 years,31 to 35,No,No,External,more than 5,no change,1 vehicle,1994,Liability
10,4,5,Ford,Urban,4,5,4,Male,Widow,69,Third Party,Sedan - Collision,Sedan,30000 to 39000,0,3816,10,400,4,more than 30,more than 30,2 to 4,more than 7,over 65,No,No,External,none,no change,1 vehicle,1994,Collision
5,3,3,Pontiac,Urban,5,9,4,Male,Married,47,Third Party,Sedan - All Perils,Sedan,20000 to 29000,0,3817,14,400,2,more than 30,more than 30,none,more than 7,41 to 50,No,No,External,none,no change,1 vehicle,1994,All Perils
9,2,7,Honda,Urban,1,8,4,Male,Married,34,Policy Holder,Sedan - Liability,Sport,more than 69000,0,3818,7,400,4,more than 30,more than 30,none,7 years,31 to 35,No,No,External,none,no change,1 vehicle,1994,Liability
8,2,5,Honda,Rural,1,5,3,Male,Married,33,Policy Holder,Sedan - Collision,Sedan,30000 to 39000,0,3819,15,400,4,more than 30,more than 30,1,7 years,31 to 35,No,No,External,more than 5,no change,1 vehicle,1994,Collision
5,3,5,Mazda,Urban,2,5,4,Male,Single,34,Policy Holder,Sedan - All Perils,Sedan,20000 to 29000,1,3820,16,400,1,more than 30,more than 30,none,5 years,31 to 35,No,No,External,more than 5,no change,1 vehicle,1994,All Perils
5,3,7,Honda,Urban,2,5,5,Male,Single,27,Third Party,Sedan - All Perils,Sedan,20000 to 29000,0,3821,2,400,4,more than 30,more than 30,2 to 4,7 years,31 to 35,No,No,External,more than 5,no change,1 vehicle,1994,All Perils
5,3,7,Pontiac,Urban,1,3,3,Male,Married,72,Policy Holder,Sedan - Collision,Sedan,20000 to 29000,0,3822,9,400,3,more than 30,more than 30,none,more than 7,over 65,No,No,External,1 to 2,no change,1 vehicle,1994,Collision
3,4,4,Mazda,Urban,4,3,4,Male,Married,31,Policy Holder,Sedan - Collision,Sedan,20000 to 29000,0,3823,5,400,2,more than 30,more than 30,1,7 years,31 to 35,No,No,External,none,1 year,2 vehicles,1994,Collision
3,4,5,Mazda,Urban,5,3,4,Male,Single,26,Policy Holder,Sedan - Liability,Sport,20000 to 29000,0,3824,15,400,4,more than 30,more than 30,2 to 4,6 years,31 to 35,No,No,External,none,no change,1 vehicle,1994,Liability
3,4,5,Mazda,Urban,5,3,4,Female,Married,39,Policy Holder,Sedan - All Perils,Sedan,20000 to 29000,0,3825,11,400,1,more than 30,more than 30,none,7 years,36 to 40,No,No,External,none,no change,1 vehicle,1994,All Perils
3,1,5,Pontiac,Urban,5,3,1,Male,Married,42,Policy Holder,Sedan - All Perils,Sedan,20000 to 29000,0,3826,16,500,3,more than 30,more than 30,1,7 years,36 to 40,No,No,External,none,2 to 3 years,1 vehicle,1994,All Perils
3,1,3,Honda,Urban,3,3,1,Male,Divorced,39,Policy Holder,Sedan - Collision,Sedan,30000 to 39000,0,3827,7,400,3,more than 30,more than 30,none,7 years,36 to 40,No,No,External,none,no change,1 vehicle,1994,Collision
2,4,2,Pontiac,Urban,4,10,1,Female,Married,31,Policy Holder,Sedan - Collision,Sedan,20000 to 29000,0,3828,7,400,3,more than 30,more than 30,more than 4,7 years,31 to 35,No,No,External,1 to 2,no change,1 vehicle,1994,Collision
10,3,5,Toyota,Urban,5,5,3,Male,Married,80,Third Party,Sedan - All Perils,Sedan,less than 20000,0,3829,15,400,1,more than 30,more than 30,2 to 4,7 years,over 65,No,No,External,none,no change,1 vehicle,1994,All Perils
5,3,3,Mazda,Urban,4,10,3,Female,Married,43,Third Party,Sedan - All Perils,Sedan,30000 to 39000,0,3830,3,400,2,more than 30,more than 30,2 to 4,7 years,36 to 40,No,No,External,more than 5,no change,1 vehicle,1994,All Perils
10,1,7,Mazda,Urban,5,10,1,Female,Single,27,Policy Holder,Sedan - Collision,Sedan,30000 to 39000,0,3831,15,400,4,more than 30,more than 30,none,3 years,31 to 35,No,No,External,none,no change,1 vehicle,1994,Collision
10,1,2,Chevrolet,Urban,2,10,2,Male,Married,45,Policy Holder,Sedan - Collision,Sedan,30000 to 39000,0,3832,15,400,3,more than 30,more than 30,more than 4,7 years,36 to 40,No,No,External,more than 5,no change,1 vehicle,1994,Collision
10,1,6,Chevrolet,Urban,4,5,3,Male,Married,43,Policy Holder,Utility - Liability,Utility,more than 69000,0,3833,13,400,1,more than 30,more than 30,1,more than 7,36 to 40,No,No,Internal,more than 5,no change,1 vehicle,1994,Liability
5,4,1,Pontiac,Urban,3,7,4,Male,Single,66,Policy Holder,Sedan - All Perils,Sedan,20000 to 29000,1,3834,2,400,1,more than 30,more than 30,1,more than 7,over 65,No,No,External,3 to 5,no change,1 vehicle,1994,All Perils
7,4,2,Accura,Urban,2,7,4,Male,Married,58,Policy Holder,Sedan - Collision,Sedan,30000 to 39000,0,3835,12,400,4,more than 30,more than 30,none,7 years,51 to 65,No,No,External,1 to 2,no change,1 vehicle,1994,Collision
6,5,1,Mercury,Rural,1,6,1,Male,Single,62,Policy Holder,Sedan - All Perils,Sedan,20000 to 29000,0,3836,15,400,3,more than 30,more than 30,none,more than 7,51 to 65,No,No,External,3 to 5,no change,1 vehicle,1994,All Perils
6,2,7,Pontiac,Urban,4,6,2,Male,Married,39,Policy Holder,Sedan - Collision,Sedan,30000 to 39000,0,3837,9,400,4,more than 30,more than 30,2 to 4,more than 7,36 to 40,No,No,External,none,no change,1 vehicle,1994,Collision
6,2,7,Pontiac,Urban,1,6,4,Male,Married,52,Third Party,Sedan - All Perils,Sedan,20000 to 29000,0,3838,10,400,4,more than 30,more than 30,1,7 years,41 to 50,No,No,External,none,no change,1 vehicle,1994,All Perils
6,2,5,Toyota,Urban,5,5,2,Male,Married,27,Third Party,Sedan - All Perils,Sedan,20000 to 29000,0,3839,11,400,2,more than 30,more than 30,none,5 years,31 to 35,Yes,Yes,External,none,no change,1 vehicle,1994,All Perils
5,2,4,Chevrolet,Urban,5,5,4,Female,Married,35,Policy Holder,Sedan - Liability,Sport,20000 to 29000,0,3840,4,400,4,more than 30,more than 30,2 to 4,6 years,31 to 35,No,No,External,1 to 2,no change,1 vehicle,1994,Liability
5,2,5,Honda,Urban,3,5,2,Male,Married,37,Third Party,Sedan - All Perils,Sedan,more than 69000,0,3841,15,400,3,more than 30,more than 30,1,6 years,36 to 40,No,No,External,1 to 2,no change,1 vehicle,1994,All Perils
4,4,3,Mazda,Urban,5,5,3,Male,Married,44,Policy Holder,Sedan - Liability,Sport,30000 to 39000,0,3842,7,400,3,more than 30,more than 30,more than 4,7 years,36 to 40,No,No,External,1 to 2,no change,1 vehicle,1994,Liability
4,3,5,Mazda,Rural,2,3,1,Male,Single,33,Policy Holder,Sedan - Collision,Sedan,20000 to 29000,0,3843,1,400,1,more than 30,more than 30,none,7 years,31 to 35,No,No,External,more than 5,no change,1 vehicle,1994,Collision
2,4,7,Toyota,Urban,2,3,4,Male,Married,75,Policy Holder,Sedan - All Perils,Sedan,less than 20000,0,3844,12,400,4,more than 30,more than 30,1,more than 7,over 65,No,No,External,3 to 5,4 to 8 years,2 vehicles,1994,All Perils
2,4,6,Mazda,Urban,2,5,2,Male,Married,50,Policy Holder,Sedan - Liability,Sport,30000 to 39000,0,3845,5,700,4,more than 30,more than 30,2 to 4,more than 7,41 to 50,No,No,External,none,no change,1 vehicle,1994,Liability
5,4,1,Pontiac,Urban,2,10,4,Male,Married,55,Third Party,Sedan - Collision,Sedan,20000 to 29000,0,3846,7,400,4,more than 30,more than 30,1,7 years,41 to 50,No,No,External,1 to 2,no change,1 vehicle,1994,Collision
10,5,1,Honda,Urban,1,7,5,Male,Single,40,Third Party,Sedan - All Perils,Sedan,less than 20000,0,3847,8,400,2,more than 30,more than 30,none,7 years,36 to 40,No,No,External,1 to 2,no change,1 vehicle,1994,All Perils
7,5,2,Mazda,Rural,2,7,5,Male,Single,30,Policy Holder,Sedan - Liability,Sport,30000 to 39000,0,3848,14,400,1,more than 30,more than 30,2 to 4,6 years,31 to 35,No,No,External,more than 5,no change,1 vehicle,1994,Liability
7,2,3,Toyota,Urban,4,7,2,Male,Married,76,Policy Holder,Sedan - Collision,Sedan,30000 to 39000,0,3849,10,400,2,more than 30,more than 30,2 to 4,more than 7,over 65,No,No,External,none,no change,1 vehicle,1994,Collision
7,1,3,Pontiac,Urban,1,7,1,Female,Married,36,Policy Holder,Sedan - Liability,Sport,20000 to 29000,0,3850,12,400,3,more than 30,more than 30,more than 4,6 years,36 to 40,No,No,External,1 to 2,no change,1 vehicle,1994,Liability
6,5,1,Honda,Urban,3,8,2,Male,Single,33,Policy Holder,Sedan - Liability,Sport,20000 to 29000,0,3851,15,400,3,more than 30,more than 30,2 to 4,6 years,31 to 35,No,No,External,3 to 5,no change,1 vehicle,1994,Liability
6,4,6,Mazda,Urban,1,5,1,Male,Single,21,Policy Holder,Sedan - Collision,Sedan,20000 to 29000,0,3852,6,400,2,none,more than 30,1,5 years,26 to 30,No,No,External,none,no change,1 vehicle,1994,Collision
5,4,3,Chevrolet,Urban,5,6,4,Male,Married,52,Policy Holder,Sedan - Liability,Sport,40000 to 59000,0,3853,3,400,1,more than 30,more than 30,2 to 4,more than 7,41 to 50,No,No,External,more than 5,no change,1 vehicle,1994,Liability
6,3,4,Pontiac,Urban,2,6,3,Female,Single,41,Third Party,Sedan - Collision,Sedan,30000 to 39000,0,3854,2,400,1,more than 30,more than 30,1,7 years,36 to 40,No,No,External,none,no change,1 vehicle,1994,Collision
6,3,5,Pontiac,Rural,2,5,3,Male,Married,37,Third Party,Sedan - Liability,Sport,30000 to 39000,0,3855,7,400,2,more than 30,more than 30,2 to 4,more than 7,36 to 40,No,No,External,3 to 5,no change,3 to 4,1994,Liability
4,4,6,Honda,Urban,2,5,1,Male,Married,35,Policy Holder,Sport - Collision,Sport,more than 69000,0,3856,6,400,1,more than 30,more than 30,none,5 years,31 to 35,No,No,External,none,no change,1 vehicle,1994,Collision
5,4,3,Honda,Urban,2,3,4,Male,Single,0,Policy Holder,Sedan - All Perils,Sedan,more than 69000,1,3857,3,400,1,more than 30,more than 30,2 to 4,new,16 to 17,No,No,External,none,no change,1 vehicle,1994,All Perils
3,3,4,Toyota,Urban,4,3,4,Male,Married,51,Third Party,Sedan - All Perils,Sedan,20000 to 29000,0,3858,7,400,3,more than 30,more than 30,none,7 years,41 to 50,No,No,External,none,no change,1 vehicle,1994,All Perils
10,4,2,Mazda,Urban,3,10,1,Male,Single,25,Policy Holder,Sport - Collision,Sport,more than 69000,0,3859,2,400,2,more than 30,more than 30,2 to 4,5 years,26 to 30,No,No,External,3 to 5,no change,1 vehicle,1994,Collision
10,4,7,Pontiac,Urban,4,10,4,Female,Married,44,Policy Holder,Sedan - Liability,Sport,20000 to 29000,0,3860,10,400,1,more than 30,more than 30,1,7 years,36 to 40,No,No,External,none,no change,1 vehicle,1994,Liability
9,3,5,Pontiac,Urban,2,8,3,Female,Married,53,Policy Holder,Sedan - All Perils,Sedan,30000 to 39000,0,3861,6,400,1,more than 30,more than 30,1,5 years,41 to 50,No,No,External,more than 5,no change,1 vehicle,1994,All Perils
8,4,1,Chevrolet,Urban,2,7,5,Male,Married,60,Third Party,Sedan - All Perils,Sedan,30000 to 39000,0,3862,5,400,2,more than 30,more than 30,none,6 years,51 to 65,No,No,External,none,no change,1 vehicle,1994,All Perils
7,3,6,Pontiac,Urban,3,6,3,Male,Married,29,Policy Holder,Sedan - Collision,Sedan,20000 to 29000,0,3863,2,400,4,more than 30,more than 30,2 to 4,5 years,31 to 35,No,No,External,none,no change,1 vehicle,1994,Collision
6,4,5,Pontiac,Urban,1,6,5,Female,Married,63,Third Party,Sedan - All Perils,Sedan,20000 to 29000,0,3864,12,400,2,more than 30,more than 30,1,more than 7,51 to 65,No,No,External,none,no change,1 vehicle,1994,All Perils
6,3,4,Mazda,Urban,5,6,3,Male,Married,41,Policy Holder,Sedan - Liability,Sport,20000 to 29000,0,3865,13,400,2,more than 30,more than 30,more than 4,7 years,36 to 40,No,No,External,none,4 to 8 years,2 vehicles,1994,Liability
6,2,4,VW,Urban,4,5,2,Male,Married,64,Policy Holder,Sedan - All Perils,Sedan,more than 69000,0,3866,11,400,4,more than 30,more than 30,2 to 4,more than 7,51 to 65,No,No,External,more than 5,no change,1 vehicle,1994,All Perils
4,5,3,Mazda,Urban,4,4,1,Male,Married,59,Third Party,Sedan - All Perils,Sedan,less than 20000,0,3867,8,400,1,more than 30,more than 30,1,more than 7,51 to 65,No,No,External,none,no change,1 vehicle,1994,All Perils
4,4,2,Honda,Urban,1,5,5,Male,Married,47,Policy Holder,Sedan - Liability,Sport,20000 to 29000,0,3868,13,400,4,more than 30,more than 30,2 to 4,more than 7,41 to 50,No,No,External,none,no change,1 vehicle,1994,Liability
4,4,2,VW,Urban,4,4,1,Male,Married,35,Policy Holder,Sedan - Liability,Sport,more than 69000,0,3869,10,400,4,more than 30,more than 30,2 to 4,6 years,31 to 35,No,No,External,3 to 5,no change,1 vehicle,1994,Liability
4,3,7,Toyota,Urban,2,4,4,Male,Single,21,Policy Holder,Sedan - Collision,Sedan,30000 to 39000,0,3870,10,400,1,more than 30,more than 30,2 to 4,5 years,26 to 30,No,No,External,more than 5,no change,1 vehicle,1994,Collision
4,2,4,Pontiac,Urban,6,4,2,Male,Married,53,Third Party,Sedan - All Perils,Sedan,20000 to 29000,0,3871,3,400,4,more than 30,more than 30,none,more than 7,41 to 50,No,No,External,none,no change,1 vehicle,1994,All Perils
4,2,4,Honda,Urban,1,4,2,Male,Married,38,Policy Holder,Sedan - Liability,Sport,20000 to 29000,0,3872,15,400,2,more than 30,more than 30,none,7 years,36 to 40,No,No,External,more than 5,no change,1 vehicle,1994,Liability
3,5,6,Pontiac,Rural,5,4,2,Male,Married,49,Policy Holder,Sedan - Collision,Sedan,30000 to 39000,0,3873,14,400,3,more than 30,more than 30,none,more than 7,41 to 50,No,No,External,1 to 2,no change,1 vehicle,1994,Collision
3,4,1,Mazda,Urban,5,4,1,Male,Married,44,Policy Holder,Sedan - Collision,Sedan,20000 to 29000,0,3874,9,400,4,more than 30,more than 30,1,7 years,36 to 40,No,No,External,1 to 2,no change,1 vehicle,1994,Collision
3,4,1,Mazda,Urban,4,6,1,Male,Married,52,Policy Holder,Sedan - Collision,Sedan,30000 to 39000,0,3875,3,400,4,more than 30,more than 30,1,more than 7,41 to 50,No,No,External,more than 5,no change,1 vehicle,1994,Collision
3,4,5,Pontiac,Urban,1,3,5,Male,Married,68,Policy Holder,Sedan - Liability,Sport,20000 to 29000,0,3876,15,700,4,more than 30,more than 30,more than 4,more than 7,over 65,No,No,External,none,no change,1 vehicle,1994,Liability
3,1,4,Toyota,Urban,2,3,2,Male,Single,23,Third Party,Sedan - Collision,Sedan,20000 to 29000,0,3877,3,500,2,more than 30,more than 30,2 to 4,6 years,26 to 30,No,No,External,1 to 2,2 to 3 years,1 vehicle,1994,Collision
3,1,4,Pontiac,Urban,3,9,2,Male,Married,48,Policy Holder,Sedan - All Perils,Sedan,20000 to 29000,0,3878,12,400,2,more than 30,more than 30,none,7 years,41 to 50,No,No,External,none,no change,1 vehicle,1994,All Perils
8,5,6,Pontiac,Rural,4,4,2,Male,Single,37,Policy Holder,Sedan - Collision,Sedan,20000 to 29000,0,3879,7,400,3,more than 30,more than 30,none,7 years,36 to 40,No,No,External,more than 5,no change,1 vehicle,1994,Collision
4,2,1,Honda,Rural,2,5,4,Male,Married,30,Policy Holder,Sedan - Liability,Sport,30000 to 39000,0,3880,13,400,2,more than 30,more than 30,1,6 years,31 to 35,No,No,External,1 to 2,no change,1 vehicle,1994,Liability
3,3,2,Mazda,Rural,2,3,1,Male,Single,48,Policy Holder,Sedan - Collision,Sedan,more than 69000,0,3881,13,400,2,more than 30,more than 30,none,more than 7,41 to 50,No,No,External,none,no change,1 vehicle,1994,Collision
3,3,7,Pontiac,Urban,3,5,3,Male,Married,45,Third Party,Sedan - Collision,Sedan,20000 to 29000,0,3882,12,400,1,more than 30,more than 30,1,7 years,36 to 40,No,No,External,none,no change,1 vehicle,1994,Collision
5,4,7,Mazda,Rural,1,3,4,Male,Married,45,Third Party,Sport - Collision,Sport,more than 69000,0,3883,6,400,4,more than 30,more than 30,none,7 years,36 to 40,No,No,External,none,no change,1 vehicle,1994,Collision
3,1,1,Pontiac,Urban,2,5,1,Male,Married,59,Policy Holder,Sedan - All Perils,Sedan,less than 20000,0,3884,10,400,3,more than 30,more than 30,none,more than 7,51 to 65,No,No,External,none,no change,1 vehicle,1994,All Perils
5,4,1,Toyota,Urban,2,2,4,Male,Married,65,Policy Holder,Sedan - All Perils,Sedan,20000 to 29000,1,3885,15,400,2,more than 30,more than 30,1,more than 7,51 to 65,No,No,External,more than 5,no change,1 vehicle,1994,All Perils
2,3,4,Chevrolet,Urban,4,6,4,Male,Single,34,Policy Holder,Sedan - Liability,Sport,20000 to 29000,0,3886,2,400,4,more than 30,more than 30,1,6 years,31 to 35,No,No,External,more than 5,4 to 8 years,2 vehicles,1994,Liability
6,3,5,Chevrolet,Urban,5,6,3,Female,Single,31,Third Party,Sedan - All Perils,Sedan,20000 to 29000,0,3887,13,400,1,more than 30,more than 30,1,6 years,31 to 35,No,No,External,1 to 2,no change,1 vehicle,1994,All Perils
6,2,1,Pontiac,Urban,3,5,2,Male,Married,29,Policy Holder,Sedan - Collision,Sedan,30000 to 39000,0,3888,5,400,2,more than 30,more than 30,1,7 years,31 to 35,No,No,External,none,no change,1 vehicle,1994,Collision
5,4,6,Pontiac,Urban,2,4,4,Male,Married,44,Third Party,Sedan - All Perils,Sedan,20000 to 29000,0,3889,5,400,3,8 to 15,8 to 15,none,more than 7,36 to 40,No,No,External,none,no change,1 vehicle,1994,All Perils
4,1,6,Mazda,Urban,5,4,1,Male,Married,44,Policy Holder,Sedan - Collision,Sedan,20000 to 29000,0,3890,9,400,3,more than 30,more than 30,2 to 4,7 years,36 to 40,No,No,External,3 to 5,no change,1 vehicle,1994,Collision
4,1,2,Mazda,Urban,2,2,2,Male,Single,27,Policy Holder,Sedan - All Perils,Sedan,30000 to 39000,0,3891,5,400,3,more than 30,more than 30,2 to 4,5 years,31 to 35,No,No,External,none,no change,1 vehicle,1994,All Perils
2,4,4,Dodge,Urban,1,2,4,Male,Married,39,Policy Holder,Sedan - Liability,Sport,30000 to 39000,0,3892,14,400,4,more than 30,more than 30,2 to 4,7 years,36 to 40,No,No,External,none,no change,1 vehicle,1994,Liability
2,3,4,Pontiac,Urban,1,2,4,Male,Married,54,Policy Holder,Utility - All Perils,Utility,more than 69000,0,3893,2,400,4,more than 30,more than 30,more than 4,more than 7,41 to 50,No,No,External,none,no change,1 vehicle,1994,All Perils
2,2,2,Chevrolet,Urban,4,3,3,Male,Single,35,Third Party,Sedan - Collision,Sedan,30000 to 39000,0,3894,5,400,2,more than 30,more than 30,none,6 years,31 to 35,No,No,External,more than 5,no change,1 vehicle,1994,Collision
3,2,2,Toyota,Urban,3,3,3,Female,Divorced,43,Policy Holder,Sedan - All Perils,Sedan,less than 20000,0,3895,3,400,4,more than 30,more than 30,1,7 years,36 to 40,No,No,External,none,no change,1 vehicle,1994,All Perils
3,2,1,Pontiac,Urban,2,3,2,Male,Married,44,Policy Holder,Sedan - All Perils,Sedan,20000 to 29000,0,3896,4,400,3,more than 30,more than 30,2 to 4,more than 7,36 to 40,No,No,External,more than 5,no change,3 to 4,1994,All Perils
3,2,1,Pontiac,Urban,5,6,2,Male,Single,26,Policy Holder,Sedan - Collision,Sedan,20000 to 29000,0,3897,8,400,1,more than 30,more than 30,1,6 years,31 to 35,No,No,External,none,no change,1 vehicle,1994,Collision
5,4,4,Saab,Urban,2,4,1,Male,Married,45,Third Party,Sedan - Collision,Sedan,30000 to 39000,0,3898,3,400,1,more than 30,more than 30,none,more than 7,36 to 40,No,No,External,none,no change,1 vehicle,1994,Collision
4,2,1,Honda,Rural,1,1,2,Male,Single,0,Policy Holder,Sedan - Collision,Sedan,more than 69000,0,3899,7,400,4,more than 30,more than 30,1,new,16 to 17,No,No,External,none,no change,1 vehicle,1994,Collision
1,2,2,Mazda,Urban,2,1,2,Male,Married,51,Policy Holder,Utility - All Perils,Utility,more than 69000,0,3900,13,400,4,more than 30,more than 30,2 to 4,7 years,41 to 50,No,No,External,more than 5,no change,1 vehicle,1994,All Perils
1,4,2,Mazda,Urban,3,1,4,Male,Single,45,Third Party,Sedan - All Perils,Sedan,30000 to 39000,0,3901,15,400,1,more than 30,more than 30,2 to 4,7 years,36 to 40,No,No,External,none,no change,1 vehicle,1994,All Perils
1,4,7,Honda,Urban,3,2,4,Male,Married,34,Policy Holder,Sport - Collision,Sport,more than 69000,0,3902,6,400,2,more than 30,more than 30,1,6 years,31 to 35,No,No,External,1 to 2,no change,1 vehicle,1994,Collision
2,1,3,Pontiac,Urban,2,2,2,Male,Married,21,Third Party,Sedan - Liability,Sport,20000 to 29000,0,3903,9,400,3,more than 30,more than 30,1,5 years,26 to 30,No,No,External,3 to 5,no change,1 vehicle,1994,Liability
2,2,3,Dodge,Urban,4,2,3,Male,Married,42,Third Party,Sedan - Liability,Sport,30000 to 39000,0,3904,12,400,1,more than 30,more than 30,none,7 years,36 to 40,No,No,External,more than 5,no change,1 vehicle,1994,Liability
2,2,1,Toyota,Rural,1,2,2,Male,Single,34,Policy Holder,Sedan - Collision,Sedan,more than 69000,0,3905,14,400,4,more than 30,more than 30,2 to 4,5 years,31 to 35,No,No,External,more than 5,no change,1 vehicle,1994,Collision
2,4,7,Mazda,Urban,3,2,4,Female,Single,31,Policy Holder,Sedan - Liability,Sport,20000 to 29000,0,3906,8,400,4,more than 30,more than 30,more than 4,5 years,31 to 35,No,No,External,3 to 5,no change,5 to 8,1994,Liability
2,3,3,Pontiac,Urban,3,3,4,Female,Single,30,Policy Holder,Sedan - Liability,Sport,20000 to 29000,0,3907,10,400,1,more than 30,more than 30,more than 4,6 years,31 to 35,No,No,External,3 to 5,4 to 8 years,2 vehicles,1994,Liability
3,1,1,Mazda,Urban,1,3,2,Female,Single,28,Third Party,Sport - Collision,Sport,more than 69000,0,3908,11,400,4,more than 30,more than 30,none,7 years,31 to 35,No,No,External,none,no change,1 vehicle,1994,Collision
3,2,4,Accura,Urban,4,1,2,Male,Married,39,Policy Holder,Sedan - Collision,Sedan,30000 to 39000,0,3909,4,400,4,more than 30,more than 30,1,7 years,36 to 40,No,No,External,none,no change,1 vehicle,1994,Collision
1,3,7,Pontiac,Urban,1,2,3,Male,Single,33,Policy Holder,Sedan - Liability,Sport,20000 to 29000,0,3910,12,400,3,more than 30,more than 30,2 to 4,5 years,31 to 35,No,No,External,none,no change,1 vehicle,1994,Liability
2,1,5,Pontiac,Urban,2,2,1,Male,Married,34,Policy Holder,Sedan - All Perils,Sedan,30000 to 39000,0,3911,7,400,2,more than 30,more than 30,none,7 years,31 to 35,No,No,External,more than 5,no change,1 vehicle,1994,All Perils
2,1,3,Mazda,Urban,2,2,4,Male,Married,74,Policy Holder,Sedan - Collision,Sedan,30000 to 39000,0,3912,9,400,3,more than 30,more than 30,2 to 4,more than 7,over 65,No,No,External,3 to 5,no change,1 vehicle,1994,Collision
2,3,4,Mercury,Urban,5,2,4,Male,Married,41,Policy Holder,Sedan - Collision,Sedan,20000 to 29000,0,3913,4,400,1,more than 30,more than 30,1,more than 7,36 to 40,No,No,External,none,no change,1 vehicle,1994,Collision
2,3,6,Pontiac,Urban,4,2,3,Male,Married,57,Policy Holder,Sedan - Collision,Sedan,30000 to 39000,0,3914,7,400,2,more than 30,more than 30,1,more than 7,51 to 65,No,No,External,none,1 year,1 vehicle,1994,Collision
2,3,4,Pontiac,Urban,1,2,4,Male,Married,55,Policy Holder,Sedan - Collision,Sedan,30000 to 39000,0,3915,16,400,1,more than 30,more than 30,none,5 years,41 to 50,No,No,External,3 to 5,no change,1 vehicle,1994,Collision
2,3,6,Saturn,Urban,2,2,3,Male,Single,64,Policy Holder,Sedan - Liability,Sport,60000 to 69000,0,3916,6,400,3,more than 30,more than 30,2 to 4,more than 7,51 to 65,No,No,External,more than 5,no change,1 vehicle,1994,Liability
2,3,1,Toyota,Urban,1,5,4,Male,Married,40,Policy Holder,Sedan - All Perils,Sedan,less than 20000,0,3917,10,400,2,more than 30,more than 30,1,more than 7,36 to 40,No,No,External,3 to 5,no change,1 vehicle,1994,All Perils
5,4,4,Chevrolet,Urban,5,2,4,Male,Married,41,Third Party,Sedan - Collision,Sedan,more than 69000,0,3918,3,400,4,more than 30,more than 30,1,more than 7,36 to 40,No,No,External,more than 5,no change,1 vehicle,1994,Collision
2,4,4,Chevrolet,Urban,4,3,4,Male,Married,57,Policy Holder,Sedan - Liability,Sport,30000 to 39000,0,3919,3,400,2,more than 30,more than 30,more than 4,more than 7,51 to 65,No,No,External,more than 5,no change,1 vehicle,1994,Liability
2,4,3,Honda,Urban,1,2,1,Male,Single,31,Policy Holder,Sedan - Liability,Sport,more than 69000,0,3920,4,400,2,more than 30,more than 30,more than 4,new,31 to 35,No,No,External,none,no change,1 vehicle,1994,Liability
2,4,5,Dodge,Urban,5,2,4,Male,Single,35,Third Party,Sedan - Collision,Sedan,30000 to 39000,0,3921,7,400,2,more than 30,more than 30,none,7 years,31 to 35,No,No,External,more than 5,no change,1 vehicle,1994,Collision
2,4,6,Pontiac,Urban,1,2,4,Male,Single,31,Policy Holder,Sedan - Liability,Sport,30000 to 39000,0,3922,12,400,3,more than 30,more than 30,2 to 4,7 years,31 to 35,No,No,External,more than 5,no change,1 vehicle,1994,Liability
2,4,1,Chevrolet,Urban,3,5,4,Male,Married,45,Policy Holder,Sedan - Liability,Sport,40000 to 59000,0,3923,13,400,4,more than 30,more than 30,more than 4,7 years,36 to 40,No,No,External,none,no change,1 vehicle,1994,Liability
5,4,6,Mercury,Urban,3,3,4,Male,Married,27,Third Party,Sedan - Collision,Sedan,20000 to 29000,0,3924,6,400,2,more than 30,more than 30,none,6 years,31 to 35,No,No,External,3 to 5,no change,1 vehicle,1994,Collision
3,1,5,Ford,Rural,1,4,2,Male,Married,51,Third Party,Sedan - All Perils,Sedan,more than 69000,0,3925,14,400,3,more than 30,more than 30,none,more than 7,41 to 50,No,No,External,more than 5,no change,1 vehicle,1994,All Perils
3,5,1,Chevrolet,Urban,2,5,1,Male,Married,48,Policy Holder,Sedan - Liability,Sport,30000 to 39000,0,3926,2,400,3,more than 30,more than 30,2 to 4,7 years,41 to 50,No,No,External,none,no change,1 vehicle,1994,Liability
5,4,1,Mazda,Urban,2,11,4,Male,Single,32,Policy Holder,Sedan - Collision,Sedan,20000 to 29000,1,3927,2,400,1,more than 30,more than 30,2 to 4,6 years,31 to 35,No,No,External,none,no change,1 vehicle,1994,Collision
11,1,3,Chevrolet,Urban,2,11,3,Male,Married,48,Policy Holder,Utility - All Perils,Utility,more than 69000,0,3928,14,500,1,more than 30,more than 30,more than 4,more than 7,41 to 50,No,No,External,none,2 to 3 years,2 vehicles,1994,All Perils
11,1,1,Toyota,Urban,2,6,3,Female,Single,33,Policy Holder,Sedan - Collision,Sedan,20000 to 29000,0,3929,5,400,4,more than 30,more than 30,1,5 years,31 to 35,No,No,External,more than 5,no change,1 vehicle,1994,Collision
5,4,3,Honda,Urban,6,7,2,Male,Single,19,Third Party,Sport - Collision,Sport,more than 69000,0,3930,11,400,1,more than 30,more than 30,none,5 years,21 to 25,No,No,External,none,no change,1 vehicle,1994,Collision
6,5,3,Accura,Rural,6,7,1,Male,Married,41,Third Party,Sedan - Collision,Sedan,30000 to 39000,0,3931,14,400,2,more than 30,more than 30,none,7 years,36 to 40,No,No,External,3 to 5,no change,1 vehicle,1994,Collision
6,5,7,Pontiac,Urban,1,6,1,Male,Married,36,Policy Holder,Sedan - Liability,Sport,30000 to 39000,0,3932,11,400,1,more than 30,more than 30,2 to 4,7 years,36 to 40,No,No,External,none,no change,1 vehicle,1994,Liability
6,3,1,Toyota,Rural,3,7,3,Female,Single,57,Third Party,Sedan - All Perils,Sedan,less than 20000,0,3933,8,400,4,more than 30,more than 30,none,7 years,51 to 65,No,No,External,none,no change,1 vehicle,1994,All Perils
6,3,2,Toyota,Urban,1,5,3,Male,Married,43,Third Party,Sedan - Collision,Sedan,20000 to 29000,0,3934,2,400,2,more than 30,more than 30,1,7 years,36 to 40,No,No,External,none,no change,1 vehicle,1994,Collision
4,2,1,Toyota,Urban,2,4,2,Male,Married,52,Policy Holder,Sedan - Liability,Sport,more than 69000,0,3935,16,400,3,more than 30,more than 30,2 to 4,7 years,41 to 50,No,No,External,more than 5,no change,1 vehicle,1994,Liability
3,4,2,Mazda,Urban,3,3,1,Male,Married,41,Policy Holder,Sedan - Liability,Sport,more than 69000,0,3936,15,400,3,more than 30,more than 30,2 to 4,more than 7,36 to 40,No,No,External,none,no change,1 vehicle,1994,Liability
3,5,2,Chevrolet,Urban,2,5,5,Male,Married,37,Policy Holder,Sedan - Liability,Sport,20000 to 29000,0,3937,6,400,2,more than 30,more than 30,2 to 4,more than 7,36 to 40,No,No,External,1 to 2,no change,3 to 4,1994,Liability
5,4,2,Pontiac,Urban,2,3,5,Male,Married,34,Third Party,Sedan - All Perils,Sedan,less than 20000,0,3938,3,400,1,more than 30,more than 30,2 to 4,6 years,31 to 35,No,No,External,more than 5,no change,1 vehicle,1994,All Perils
3,2,2,Honda,Urban,2,5,2,Male,Single,34,Policy Holder,Sedan - Liability,Sport,30000 to 39000,0,3939,15,400,2,more than 30,more than 30,none,6 years,31 to 35,No,No,External,1 to 2,no change,1 vehicle,1994,Liability
5,4,7,Accura,Urban,1,3,4,Male,Married,45,Policy Holder,Sedan - Liability,Sport,40000 to 59000,1,3940,8,400,1,more than 30,more than 30,2 to 4,7 years,36 to 40,No,No,External,none,no change,1 vehicle,1994,Liability
3,1,1,Mazda,Urban,2,3,1,Male,Single,33,Policy Holder,Sedan - Collision,Sedan,20000 to 29000,0,3941,4,400,4,more than 30,more than 30,1,6 years,31 to 35,No,No,External,none,no change,1 vehicle,1994,Collision
3,1,5,Chevrolet,Urban,4,3,2,Male,Married,46,Policy Holder,Sedan - All Perils,Sedan,more than 69000,0,3942,12,400,1,more than 30,more than 30,2 to 4,more than 7,41 to 50,No,No,External,none,no change,1 vehicle,1994,All Perils
3,1,2,Toyota,Urban,2,2,2,Male,Single,33,Policy Holder,Sedan - Liability,Sport,20000 to 29000,0,3943,16,400,3,more than 30,more than 30,2 to 4,6 years,31 to 35,No,No,External,more than 5,no change,1 vehicle,1994,Liability
2,5,6,Pontiac,Urban,2,3,5,Female,Single,52,Policy Holder,Sedan - Liability,Sport,less than 20000,0,3944,10,400,3,more than 30,more than 30,1,more than 7,41 to 50,No,No,External,none,no change,1 vehicle,1994,Liability
2,4,6,Honda,Urban,3,3,2,Female,Single,27,Policy Holder,Sedan - Liability,Sport,20000 to 29000,0,3945,5,400,4,more than 30,more than 30,1,7 years,31 to 35,No,No,External,1 to 2,no change,1 vehicle,1994,Liability
2,4,2,Toyota,Urban,5,5,2,Male,Single,28,Policy Holder,Sedan - All Perils,Sedan,20000 to 29000,0,3946,7,400,2,more than 30,more than 30,2 to 4,6 years,31 to 35,No,No,External,more than 5,no change,1 vehicle,1994,All Perils
5,4,3,Mazda,Urban,1,2,4,Male,Married,40,Policy Holder,Sedan - Collision,Sedan,30000 to 39000,1,3947,13,400,2,more than 30,more than 30,1,more than 7,36 to 40,No,No,External,more than 5,no change,1 vehicle,1994,Collision
2,3,1,Accura,Urban,1,4,3,Male,Married,27,Policy Holder,Sedan - Collision,Sedan,30000 to 39000,0,3948,13,400,1,more than 30,more than 30,1,6 years,31 to 35,No,No,Internal,3 to 5,no change,1 vehicle,1994,Collision
1,4,7,Toyota,Urban,2,4,2,Female,Married,27,Policy Holder,Sedan - Collision,Sedan,20000 to 29000,0,3949,1,400,2,more than 30,more than 30,1,5 years,31 to 35,No,No,External,none,4 to 8 years,2 vehicles,1994,Collision
4,1,3,Honda,Urban,4,3,1,Male,Single,0,Policy Holder,Sedan - All Perils,Sedan,more than 69000,0,3950,3,400,1,more than 30,more than 30,none,new,16 to 17,No,No,External,none,no change,1 vehicle,1994,All Perils
3,4,5,Mazda,Rural,4,4,4,Male,Married,47,Third Party,Sedan - Collision,Sedan,20000 to 29000,0,3951,15,400,3,more than 30,more than 30,2 to 4,more than 7,41 to 50,No,No,External,none,no change,1 vehicle,1994,Collision
3,4,7,Toyota,Urban,6,3,2,Male,Married,47,Third Party,Sedan - All Perils,Sedan,20000 to 29000,0,3952,2,400,3,more than 30,more than 30,more than 4,more than 7,41 to 50,No,No,External,none,no change,1 vehicle,1994,All Perils
3,3,6,Honda,Urban,5,4,4,Male,Married,36,Policy Holder,Sedan - Liability,Sport,20000 to 29000,0,3953,3,400,3,more than 30,more than 30,none,7 years,36 to 40,No,No,External,3 to 5,no change,1 vehicle,1994,Liability
3,3,2,Chevrolet,Urban,2,3,1,Male,Divorced,35,Third Party,Sedan - All Perils,Sedan,20000 to 29000,0,3954,5,400,3,15 to 30,more than 30,1,4 years,31 to 35,No,No,External,none,no change,1 vehicle,1994,All Perils
3,3,6,Mazda,Urban,2,3,3,Female,Married,45,Third Party,Sedan - Liability,Sport,more than 69000,0,3955,2,400,3,more than 30,more than 30,2 to 4,7 years,36 to 40,No,No,External,none,no change,1 vehicle,1994,Liability
3,1,6,Honda,Urban,2,3,2,Female,Married,33,Policy Holder,Sedan - Liability,Sport,20000 to 29000,0,3956,6,400,4,more than 30,more than 30,2 to 4,7 years,31 to 35,No,No,External,3 to 5,no change,1 vehicle,1994,Liability
3,1,3,Dodge,Urban,4,3,2,Male,Married,46,Policy Holder,Sedan - Collision,Sedan,20000 to 29000,0,3957,11,400,2,more than 30,more than 30,none,more than 7,41 to 50,No,No,External,1 to 2,no change,1 vehicle,1994,Collision
3,1,2,Accura,Urban,3,3,1,Male,Married,28,Third Party,Sedan - Liability,Sport,more than 69000,0,3958,11,400,1,more than 30,more than 30,2 to 4,6 years,31 to 35,Yes,No,External,none,no change,1 vehicle,1994,Liability
3,1,2,Ford,Urban,3,6,4,Male,Married,29,Policy Holder,Sedan - Liability,Sport,30000 to 39000,0,3959,13,400,4,more than 30,more than 30,2 to 4,6 years,31 to 35,No,No,External,3 to 5,no change,1 vehicle,1994,Liability
5,4,3,Pontiac,Urban,2,3,1,Male,Married,56,Third Party,Sedan - All Perils,Sedan,20000 to 29000,0,3960,1,400,2,more than 30,more than 30,2 to 4,more than 7,51 to 65,No,No,External,more than 5,no change,1 vehicle,1994,All Perils
2,4,7,Toyota,Urban,1,2,1,Female,Single,45,Policy Holder,Sedan - Liability,Sport,30000 to 39000,0,3961,1,400,2,more than 30,more than 30,more than 4,7 years,36 to 40,No,No,External,none,no change,1 vehicle,1994,Liability
2,3,6,Toyota,Urban,4,2,5,Female,Married,55,Policy Holder,Sedan - Liability,Sport,20000 to 29000,0,3962,16,400,4,more than 30,more than 30,2 to 4,5 years,41 to 50,No,No,External,more than 5,no change,1 vehicle,1994,Liability
2,3,3,Pontiac,Urban,4,2,4,Male,Single,27,Third Party,Sedan - Collision,Sedan,20000 to 29000,0,3963,3,400,3,more than 30,more than 30,2 to 4,6 years,31 to 35,No,No,External,none,no change,1 vehicle,1994,Collision
2,3,2,Pontiac,Urban,4,2,3,Male,Single,39,Policy Holder,Sedan - Liability,Sport,20000 to 29000,0,3964,3,400,3,more than 30,more than 30,more than 4,7 years,36 to 40,No,No,External,1 to 2,no change,1 vehicle,1994,Liability
2,3,3,Chevrolet,Urban,4,2,3,Male,Married,27,Policy Holder,Sedan - Collision,Sedan,more than 69000,0,3965,14,400,3,more than 30,more than 30,none,7 years,31 to 35,No,No,External,none,no change,1 vehicle,1994,Collision
2,2,4,Toyota,Urban,5,2,3,Female,Single,29,Policy Holder,Sedan - Collision,Sedan,more than 69000,0,3966,6,400,3,more than 30,more than 30,1,6 years,31 to 35,No,No,External,more than 5,no change,1 vehicle,1994,Collision
2,2,6,Chevrolet,Urban,3,2,2,Male,Married,51,Policy Holder,Sedan - All Perils,Sedan,20000 to 29000,0,3967,11,400,4,more than 30,more than 30,2 to 4,more than 7,41 to 50,No,No,External,none,no change,1 vehicle,1994,All Perils
2,1,5,Honda,Urban,5,2,4,Male,Married,52,Policy Holder,Sedan - Collision,Sedan,20000 to 29000,0,3968,5,400,1,more than 30,more than 30,1,4 years,41 to 50,No,No,External,none,no change,1 vehicle,1994,Collision
2,1,3,Pontiac,Urban,3,2,1,Male,Single,24,Policy Holder,Sedan - Collision,Sedan,20000 to 29000,0,3969,5,400,4,more than 30,more than 30,more than 4,5 years,26 to 30,No,No,External,1 to 2,no change,1 vehicle,1994,Collision
1,4,2,Mazda,Urban,5,1,1,Male,Married,27,Third Party,Sedan - Collision,Sedan,20000 to 29000,0,3970,5,400,2,more than 30,more than 30,none,7 years,31 to 35,No,No,External,more than 5,4 to 8 years,2 vehicles,1994,Collision
1,4,3,Chevrolet,Urban,1,7,5,Male,Married,38,Third Party,Sedan - Collision,Sedan,more than 69000,0,3971,1,400,2,more than 30,more than 30,2 to 4,7 years,36 to 40,No,No,External,3 to 5,no change,1 vehicle,1994,Collision
7,2,7,Mazda,Urban,2,3,2,Male,Married,30,Policy Holder,Sedan - All Perils,Sedan,20000 to 29000,0,3972,11,400,3,15 to 30,more than 30,2 to 4,6 years,31 to 35,No,No,External,none,no change,1 vehicle,1994,All Perils
12,3,4,Honda,Urban,1,6,4,Male,Single,0,Third Party,Sedan - All Perils,Sedan,more than 69000,0,3973,2,400,1,more than 30,more than 30,1,new,16 to 17,No,No,External,none,no change,1 vehicle,1994,All Perils
6,2,6,Mazda,Urban,2,7,3,Male,Single,29,Policy Holder,Utility - All Perils,Utility,more than 69000,0,3974,4,400,3,more than 30,more than 30,2 to 4,7 years,31 to 35,No,No,External,1 to 2,no change,1 vehicle,1994,All Perils
5,2,1,Pontiac,Urban,1,4,3,Male,Married,47,Policy Holder,Sedan - All Perils,Sedan,20000 to 29000,0,3975,10,400,3,more than 30,more than 30,none,more than 7,41 to 50,No,No,External,none,no change,1 vehicle,1994,All Perils
3,5,5,Pontiac,Urban,5,4,1,Male,Single,39,Policy Holder,Sedan - Collision,Sedan,more than 69000,0,3976,10,400,4,more than 30,more than 30,2 to 4,6 years,36 to 40,No,No,External,3 to 5,no change,1 vehicle,1994,Collision
4,1,5,Mazda,Urban,3,5,3,Male,Single,28,Policy Holder,Sedan - Liability,Sport,30000 to 39000,0,3977,12,400,2,more than 30,more than 30,1,6 years,31 to 35,No,No,External,more than 5,no change,1 vehicle,1994,Liability
5,1,5,Mazda,Urban,1,5,2,Male,Single,33,Policy Holder,Sedan - Liability,Sport,20000 to 29000,0,3978,5,400,1,more than 30,more than 30,2 to 4,7 years,31 to 35,No,No,External,none,no change,3 to 4,1994,Liability
5,1,5,Pontiac,Urban,1,4,2,Male,Married,26,Third Party,Sedan - Collision,Sedan,more than 69000,1,3979,3,500,3,more than 30,more than 30,none,7 years,31 to 35,No,No,External,none,2 to 3 years,1 vehicle,1994,Collision
4,3,4,Honda,Urban,1,4,3,Male,Single,35,Third Party,Sedan - All Perils,Sedan,20000 to 29000,0,3980,9,400,3,more than 30,more than 30,none,7 years,31 to 35,No,No,External,none,no change,1 vehicle,1994,All Perils
4,3,4,Toyota,Urban,4,7,3,Male,Single,33,Third Party,Sedan - Liability,Sport,30000 to 39000,0,3981,5,400,1,more than 30,more than 30,more than 4,5 years,31 to 35,No,No,External,more than 5,no change,1 vehicle,1994,Liability
6,5,2,Honda,Urban,2,11,2,Male,Single,34,Policy Holder,Sedan - Liability,Sport,30000 to 39000,0,3982,2,400,4,more than 30,more than 30,2 to 4,6 years,31 to 35,No,No,External,1 to 2,no change,1 vehicle,1994,Liability
11,2,2,Honda,Urban,4,11,3,Male,Single,0,Policy Holder,Sport - All Perils,Sport,more than 69000,0,3983,7,400,2,more than 30,more than 30,more than 4,new,16 to 17,No,No,External,none,no change,1 vehicle,1994,All Perils
11,1,1,Accura,Urban,1,12,1,Male,Married,64,Policy Holder,Utility - All Perils,Utility,more than 69000,0,3984,4,400,4,more than 30,more than 30,none,more than 7,51 to 65,No,No,External,none,no change,1 vehicle,1994,All Perils
12,1,5,Toyota,Urban,3,5,1,Male,Married,30,Policy Holder,Sedan - Liability,Sport,20000 to 29000,0,3985,11,400,3,more than 30,more than 30,more than 4,6 years,31 to 35,No,No,External,none,no change,1 vehicle,1994,Liability
4,5,5,Accura,Urban,6,4,1,Male,Married,37,Policy Holder,Sedan - Liability,Sport,30000 to 39000,0,3986,10,400,3,more than 30,more than 30,2 to 4,more than 7,36 to 40,No,No,External,more than 5,no change,1 vehicle,1994,Liability
4,4,2,Pontiac,Urban,5,5,4,Male,Married,40,Policy Holder,Sedan - Liability,Sport,20000 to 29000,0,3987,3,400,1,more than 30,more than 30,none,7 years,36 to 40,No,No,External,none,no change,1 vehicle,1994,Liability
5,2,6,Pontiac,Urban,2,8,2,Male,Married,34,Policy Holder,Sedan - Collision,Sedan,20000 to 29000,0,3988,3,400,1,more than 30,more than 30,1,7 years,31 to 35,No,No,External,none,no change,1 vehicle,1994,Collision
7,4,1,Mazda,Urban,1,7,4,Male,Married,41,Policy Holder,Sedan - All Perils,Sedan,20000 to 29000,0,3989,11,400,2,more than 30,more than 30,more than 4,7 years,36 to 40,No,No,External,1 to 2,no change,1 vehicle,1994,All Perils
7,4,2,Pontiac,Urban,3,8,4,Female,Married,34,Policy Holder,Sedan - Liability,Sport,30000 to 39000,0,3990,10,400,2,more than 30,more than 30,2 to 4,7 years,31 to 35,No,No,External,none,no change,1 vehicle,1994,Liability
8,4,4,Accura,Urban,1,8,4,Female,Married,26,Policy Holder,Sedan - Liability,Sport,30000 to 39000,0,3991,4,400,1,more than 30,more than 30,none,7 years,31 to 35,No,No,External,1 to 2,4 to 8 years,2 vehicles,1994,Liability
7,4,3,Honda,Urban,3,9,2,Male,Married,76,Policy Holder,Sedan - Collision,Sedan,less than 20000,0,3992,9,400,1,more than 30,more than 30,none,6 years,over 65,No,No,External,none,no change,1 vehicle,1994,Collision
9,3,7,Ford,Urban,2,11,3,Male,Married,36,Policy Holder,Sedan - Collision,Sedan,30000 to 39000,0,3993,14,400,1,more than 30,more than 30,2 to 4,more than 7,36 to 40,No,No,External,none,no change,1 vehicle,1994,Collision
11,2,4,Pontiac,Urban,1,6,3,Male,Married,50,Policy Holder,Sedan - Liability,Sport,20000 to 29000,0,3994,2,400,3,more than 30,more than 30,none,7 years,41 to 50,No,No,External,3 to 5,no change,1 vehicle,1994,Liability
5,4,3,Toyota,Urban,3,10,1,Female,Single,22,Policy Holder,Sedan - All Perils,Sedan,less than 20000,1,3995,6,400,2,more than 30,more than 30,1,5 years,26 to 30,No,No,External,none,no change,1 vehicle,1994,All Perils
10,4,5,Pontiac,Urban,2,4,4,Male,Married,50,Policy Holder,Sedan - Liability,Sport,30000 to 39000,0,3996,9,400,4,more than 30,more than 30,2 to 4,more than 7,41 to 50,No,No,External,3 to 5,no change,1 vehicle,1994,Liability
4,4,3,Dodge,Urban,3,4,4,Male,Married,49,Policy Holder,Sedan - Liability,Sport,20000 to 29000,0,3997,14,400,1,more than 30,more than 30,2 to 4,more than 7,41 to 50,No,No,External,none,no change,1 vehicle,1994,Liability
4,3,3,Toyota,Urban,3,5,3,Male,Married,28,Policy Holder,Sedan - Liability,Sport,20000 to 29000,0,3998,3,400,1,more than 30,more than 30,2 to 4,7 years,31 to 35,No,No,External,none,no change,1 vehicle,1994,Liability
5,3,4,Honda,Urban,5,5,3,Male,Married,43,Policy Holder,Sedan - Liability,Sport,20000 to 29000,0,3999,11,400,4,more than 30,more than 30,more than 4,7 years,36 to 40,No,No,External,none,no change,1 vehicle,1994,Liability
5,3,4,Saab,Urban,4,5,3,Male,Married,80,Third Party,Sedan - Liability,Sport,40000 to 59000,0,4000,12,700,2,more than 30,more than 30,more than 4,more than 7,over 65,No,No,External,more than 5,no change,1 vehicle,1994,Liability
5,4,7,Honda,Urban,2,7,4,Male,Single,33,Policy Holder,Sedan - Liability,Sport,20000 to 29000,0,4001,10,400,3,more than 30,more than 30,2 to 4,5 years,31 to 35,No,No,External,more than 5,no change,1 vehicle,1994,Liability
7,1,5,Toyota,Urban,2,8,1,Female,Married,39,Policy Holder,Sedan - Liability,Sport,20000 to 29000,0,4002,14,400,2,more than 30,more than 30,2 to 4,6 years,36 to 40,No,No,External,more than 5,no change,1 vehicle,1994,Liability
8,1,6,Pontiac,Urban,3,8,4,Male,Single,31,Third Party,Sedan - Collision,Sedan,20000 to 29000,0,4003,2,400,2,more than 30,more than 30,1,7 years,31 to 35,No,No,External,3 to 5,no change,1 vehicle,1994,Collision
7,5,3,Mazda,Urban,4,10,1,Male,Single,27,Third Party,Sedan - Liability,Sport,20000 to 29000,0,4004,9,400,1,more than 30,more than 30,more than 4,6 years,31 to 35,No,No,External,more than 5,no change,1 vehicle,1994,Liability
10,1,4,Honda,Urban,4,10,1,Male,Married,42,Third Party,Sedan - All Perils,Sedan,30000 to 39000,0,4005,11,400,1,more than 30,more than 30,1,7 years,36 to 40,No,No,External,more than 5,1 year,1 vehicle,1994,All Perils
10,1,6,Pontiac,Urban,1,11,1,Male,Married,37,Policy Holder,Sedan - Collision,Sedan,20000 to 29000,0,4006,8,400,1,more than 30,more than 30,2 to 4,6 years,36 to 40,No,No,External,none,no change,1 vehicle,1994,Collision
11,1,5,Saturn,Urban,2,3,2,Male,Married,30,Policy Holder,Sedan - Collision,Sedan,40000 to 59000,0,4007,10,400,3,more than 30,more than 30,more than 4,7 years,31 to 35,No,No,External,more than 5,no change,1 vehicle,1994,Collision
3,4,3,Mazda,Rural,1,3,5,Male,Married,35,Policy Holder,Sedan - Collision,Sedan,20000 to 29000,0,4008,13,400,2,more than 30,more than 30,2 to 4,6 years,31 to 35,No,No,External,3 to 5,no change,1 vehicle,1994,Collision
3,4,1,Honda,Urban,4,5,4,Male,Married,42,Third Party,Sedan - Collision,Sedan,20000 to 29000,0,4009,5,400,4,more than 30,more than 30,none,7 years,36 to 40,No,No,External,more than 5,no change,1 vehicle,1994,Collision
5,1,3,Toyota,Urban,2,5,1,Male,Single,35,Third Party,Sedan - Collision,Sedan,20000 to 29000,0,4010,7,400,4,more than 30,more than 30,2 to 4,5 years,31 to 35,No,No,External,3 to 5,no change,1 vehicle,1994,Collision
4,2,6,Honda,Urban,2,4,2,Male,Married,78,Policy Holder,Sport - Collision,Sport,more than 69000,0,4011,10,400,3,more than 30,more than 30,none,7 years,over 65,No,No,External,3 to 5,no change,1 vehicle,1994,Collision
4,3,6,Chevrolet,Urban,2,5,3,Male,Married,46,Policy Holder,Sedan - Collision,Sedan,30000 to 39000,0,4012,11,400,2,more than 30,more than 30,1,more than 7,41 to 50,No,No,External,none,4 to 8 years,2 vehicles,1994,Collision
5,3,5,Saab,Urban,1,6,4,Female,Single,31,Third Party,Sedan - All Perils,Sedan,30000 to 39000,0,4013,15,400,4,more than 30,more than 30,none,7 years,31 to 35,No,No,External,none,no change,1 vehicle,1994,All Perils
6,4,1,Toyota,Urban,1,5,4,Male,Single,32,Third Party,Sedan - Collision,Sedan,20000 to 29000,0,4014,12,400,2,more than 30,more than 30,1,7 years,31 to 35,Yes,Yes,External,3 to 5,no change,1 vehicle,1994,Collision
5,5,1,Toyota,Rural,3,9,5,Male,Single,33,Policy Holder,Sedan - Collision,Sedan,less than 20000,0,4015,2,400,1,more than 30,more than 30,none,6 years,31 to 35,No,No,External,none,no change,1 vehicle,1994,Collision
9,3,7,Pontiac,Urban,2,10,4,Male,Married,36,Policy Holder,Sedan - Liability,Sport,more than 69000,0,4016,15,400,3,more than 30,more than 30,more than 4,7 years,36 to 40,No,No,External,3 to 5,no change,1 vehicle,1994,Liability
10,5,2,Chevrolet,Urban,4,7,5,Male,Married,39,Policy Holder,Sedan - All Perils,Sedan,30000 to 39000,0,4017,15,400,4,more than 30,more than 30,1,7 years,36 to 40,No,No,External,1 to 2,no change,1 vehicle,1994,All Perils
7,3,5,Pontiac,Urban,5,12,4,Male,Married,53,Third Party,Sedan - All Perils,Sedan,30000 to 39000,0,4018,11,400,2,more than 30,more than 30,2 to 4,7 years,41 to 50,No,No,External,3 to 5,no change,1 vehicle,1994,All Perils
12,1,7,Toyota,Urban,5,11,1,Male,Married,32,Policy Holder,Sedan - Collision,Sedan,20000 to 29000,0,4019,1,400,4,more than 30,more than 30,none,6 years,31 to 35,No,No,External,none,no change,3 to 4,1994,Collision
11,3,3,Pontiac,Urban,5,6,4,Male,Married,35,Policy Holder,Sedan - Liability,Sport,20000 to 29000,0,4020,4,400,3,more than 30,more than 30,2 to 4,7 years,31 to 35,No,No,External,1 to 2,no change,1 vehicle,1994,Liability
5,5,4,Pontiac,Urban,5,6,1,Male,Married,38,Third Party,Sedan - All Perils,Sedan,30000 to 39000,0,4021,5,400,4,more than 30,more than 30,1,more than 7,36 to 40,No,No,External,more than 5,no change,1 vehicle,1994,All Perils
6,1,7,Mazda,Urban,4,5,2,Female,Single,39,Policy Holder,Sedan - Liability,Sport,20000 to 29000,0,4022,12,400,2,more than 30,more than 30,more than 4,7 years,36 to 40,No,No,External,3 to 5,no change,1 vehicle,1994,Liability
5,3,2,Chevrolet,Rural,1,7,4,Male,Married,49,Policy Holder,Utility - All Perils,Utility,more than 69000,0,4023,14,400,4,more than 30,more than 30,1,more than 7,41 to 50,No,No,External,more than 5,no change,1 vehicle,1994,All Perils
7,1,2,Pontiac,Urban,4,6,3,Female,Single,26,Policy Holder,Sedan - Liability,Sport,less than 20000,0,4024,2,400,3,more than 30,more than 30,2 to 4,6 years,31 to 35,No,No,External,3 to 5,no change,1 vehicle,1994,Liability
6,2,3,Toyota,Urban,3,8,5,Male,Married,39,Policy Holder,Sedan - Collision,Sedan,20000 to 29000,0,4025,4,400,1,15 to 30,more than 30,1,7 years,36 to 40,Yes,No,External,none,no change,1 vehicle,1994,Collision
8,5,6,Chevrolet,Urban,1,12,5,Male,Married,64,Policy Holder,Sedan - Collision,Sedan,30000 to 39000,0,4026,11,400,3,more than 30,more than 30,1,6 years,51 to 65,No,No,External,3 to 5,no change,1 vehicle,1994,Collision
12,2,1,Toyota,Urban,5,2,2,Female,Married,34,Policy Holder,Sedan - Liability,Sport,more than 69000,0,4027,14,400,1,more than 30,more than 30,2 to 4,5 years,31 to 35,No,No,External,1 to 2,no change,1 vehicle,1994,Liability
2,2,7,Honda,Urban,4,7,3,Male,Single,0,Policy Holder,Sedan - All Perils,Sedan,more than 69000,0,4028,8,400,4,more than 30,more than 30,none,new,16 to 17,No,No,External,none,no change,1 vehicle,1994,All Perils
7,2,5,Toyota,Urban,1,6,4,Male,Married,49,Third Party,Sedan - All Perils,Sedan,20000 to 29000,0,4029,4,400,3,none,15 to 30,none,more than 7,41 to 50,No,No,External,none,no change,1 vehicle,1994,All Perils
5,4,1,Pontiac,Urban,2,11,1,Male,Married,40,Policy Holder,Sedan - All Perils,Sedan,30000 to 39000,1,4030,12,500,1,more than 30,more than 30,2 to 4,7 years,36 to 40,No,No,External,none,2 to 3 years,1 vehicle,1994,All Perils
11,3,5,Pontiac,Urban,4,6,4,Female,Single,58,Policy Holder,Sedan - Liability,Sport,20000 to 29000,0,4031,14,700,1,more than 30,more than 30,2 to 4,more than 7,51 to 65,No,No,External,3 to 5,no change,1 vehicle,1994,Liability
5,4,4,Toyota,Rural,1,1,1,Male,Married,37,Third Party,Sedan - All Perils,Sedan,20000 to 29000,0,4032,14,400,3,more than 30,more than 30,1,7 years,36 to 40,No,No,External,none,no change,1 vehicle,1994,All Perils
1,3,2,Mazda,Urban,2,5,4,Male,Married,44,Policy Holder,Sedan - Collision,Sedan,30000 to 39000,0,4033,11,400,4,more than 30,more than 30,none,7 years,36 to 40,No,No,External,none,4 to 8 years,2 vehicles,1994,Collision
5,5,7,Ford,Urban,3,3,5,Male,Married,26,Policy Holder,Sedan - Liability,Sport,more than 69000,0,4034,5,400,2,more than 30,more than 30,2 to 4,6 years,31 to 35,No,No,External,more than 5,no change,1 vehicle,1994,Liability
2,2,7,Mazda,Urban,1,11,2,Female,Married,34,Third Party,Sport - Collision,Sport,more than 69000,0,4035,12,400,2,more than 30,more than 30,1,5 years,31 to 35,No,No,External,none,no change,1 vehicle,1994,Collision
10,3,6,Honda,Urban,1,6,2,Male,Single,30,Policy Holder,Sedan - Liability,Sport,more than 69000,0,4036,1,400,1,more than 30,more than 30,2 to 4,7 years,31 to 35,No,No,External,more than 5,no change,1 vehicle,1994,Liability
6,2,1,Chevrolet,Urban,2,2,2,Female,Married,30,Third Party,Sedan - Collision,Sedan,20000 to 29000,0,4037,16,400,2,more than 30,more than 30,2 to 4,7 years,31 to 35,No,No,External,more than 5,no change,1 vehicle,1994,Collision
2,2,2,Mazda,Urban,4,4,2,Male,Single,26,Policy Holder,Sport - Collision,Sport,more than 69000,0,4038,1,400,3,more than 30,more than 30,1,6 years,31 to 35,No,No,External,none,no change,1 vehicle,1994,Collision
2,1,5,Chevrolet,Urban,5,2,2,Male,Married,56,Policy Holder,Sedan - All Perils,Sedan,20000 to 29000,0,4039,6,400,2,more than 30,more than 30,none,more than 7,51 to 65,No,No,External,none,no change,1 vehicle,1994,All Perils
1,3,6,Honda,Urban,1,11,3,Male,Married,36,Third Party,Sedan - Liability,Sport,20000 to 29000,0,4040,2,400,2,more than 30,more than 30,1,7 years,36 to 40,No,No,External,none,no change,1 vehicle,1994,Liability
11,3,4,Pontiac,Urban,5,11,3,Female,Married,50,Third Party,Sedan - All Perils,Sedan,30000 to 39000,0,4041,14,400,3,more than 30,more than 30,2 to 4,7 years,41 to 50,No,No,External,more than 5,no change,1 vehicle,1994,All Perils
11,3,6,Toyota,Urban,1,1,3,Male,Single,27,Policy Holder,Sedan - Collision,Sedan,30000 to 39000,0,4042,13,400,1,more than 30,more than 30,2 to 4,4 years,31 to 35,No,No,External,none,no change,1 vehicle,1994,Collision
12,3,6,Toyota,Urban,3,11,3,Female,Single,29,Third Party,Sedan - All Perils,Sedan,20000 to 29000,0,4043,1,400,3,more than 30,more than 30,1,6 years,31 to 35,No,No,External,1 to 2,no change,1 vehicle,1994,All Perils
11,1,7,Toyota,Urban,1,11,3,Male,Married,43,Policy Holder,Sedan - All Perils,Sedan,less than 20000,0,4044,5,400,3,more than 30,more than 30,none,7 years,36 to 40,No,No,External,3 to 5,no change,1 vehicle,1994,All Perils
11,1,2,Pontiac,Urban,4,10,3,Male,Married,45,Policy Holder,Sedan - All Perils,Sedan,30000 to 39000,0,4045,8,400,1,more than 30,more than 30,none,more than 7,36 to 40,No,No,External,none,no change,1 vehicle,1994,All Perils
10,2,5,Accura,Urban,5,6,3,Male,Married,27,Policy Holder,Sedan - Collision,Sedan,30000 to 39000,0,4046,16,400,3,more than 30,more than 30,2 to 4,7 years,31 to 35,No,No,External,3 to 5,no change,1 vehicle,1994,Collision
5,4,7,Pontiac,Rural,4,10,3,Female,Married,31,Third Party,Sedan - Collision,Sedan,less than 20000,0,4047,2,400,4,more than 30,more than 30,2 to 4,7 years,31 to 35,No,No,External,1 to 2,no change,1 vehicle,1994,Collision
10,2,3,Honda,Rural,5,8,3,Female,Married,39,Policy Holder,Sedan - Liability,Sport,30000 to 39000,0,4048,8,400,1,more than 30,more than 30,2 to 4,7 years,36 to 40,No,No,External,more than 5,no change,1 vehicle,1994,Liability
8,1,2,Honda,Urban,2,7,1,Male,Single,22,Policy Holder,Sport - Collision,Sport,more than 69000,0,4049,15,400,4,more than 30,more than 30,1,6 years,26 to 30,No,No,External,more than 5,no change,1 vehicle,1994,Collision
7,3,2,Chevrolet,Urban,3,7,3,Male,Married,80,Policy Holder,Sedan - Liability,Sport,more than 69000,0,4050,1,400,4,more than 30,more than 30,2 to 4,more than 7,over 65,No,No,External,more than 5,no change,1 vehicle,1994,Liability
7,3,4,Honda,Urban,1,6,3,Male,Married,31,Policy Holder,Sedan - Liability,Sport,20000 to 29000,0,4051,1,400,2,more than 30,more than 30,more than 4,7 years,31 to 35,No,No,External,more than 5,no change,1 vehicle,1994,Liability
6,2,4,Chevrolet,Urban,4,6,2,Male,Married,41,Policy Holder,Sedan - Collision,Sedan,30000 to 39000,0,4052,7,400,4,more than 30,more than 30,1,7 years,36 to 40,No,No,External,1 to 2,no change,1 vehicle,1994,Collision
6,2,2,Mazda,Urban,3,4,2,Female,Single,36,Policy Holder,Sedan - Liability,Sport,20000 to 29000,0,4053,14,400,2,more than 30,more than 30,1,7 years,36 to 40,No,No,External,none,no change,1 vehicle,1994,Liability
4,3,4,Pontiac,Urban,5,12,3,Male,Married,40,Policy Holder,Sedan - Liability,Sport,30000 to 39000,0,4054,10,400,4,more than 30,more than 30,more than 4,more than 7,36 to 40,No,No,External,3 to 5,4 to 8 years,2 vehicles,1994,Liability
12,3,1,Toyota,Rural,1,12,3,Female,Married,37,Policy Holder,Sedan - All Perils,Sedan,20000 to 29000,0,4055,13,400,4,more than 30,more than 30,none,5 years,36 to 40,No,No,External,none,no change,1 vehicle,1994,All Perils
12,1,1,Pontiac,Rural,7,2,1,Male,Married,56,Policy Holder,Sedan - Collision,Sedan,20000 to 29000,0,4056,7,400,3,more than 30,more than 30,none,more than 7,51 to 65,No,No,External,3 to 5,no change,1 vehicle,1994,Collision
10,5,6,Ford,Urban,3,10,2,Male,Married,69,Third Party,Sport - All Perils,Sport,60000 to 69000,0,4057,12,400,1,more than 30,more than 30,more than 4,more than 7,over 65,No,No,External,more than 5,no change,1 vehicle,1994,All Perils
10,3,1,Honda,Urban,4,10,4,Male,Married,45,Policy Holder,Sport - Collision,Sport,more than 69000,0,4058,4,400,4,more than 30,more than 30,none,6 years,36 to 40,No,No,External,none,no change,1 vehicle,1994,Collision
10,2,7,Pontiac,Urban,3,8,2,Female,Single,28,Policy Holder,Sedan - Liability,Sport,20000 to 29000,0,4059,12,400,1,more than 30,more than 30,more than 4,6 years,31 to 35,No,No,External,none,no change,1 vehicle,1994,Liability
8,3,3,Honda,Urban,4,7,3,Female,Single,35,Policy Holder,Sedan - Liability,Sport,30000 to 39000,0,4060,3,400,2,more than 30,more than 30,none,6 years,31 to 35,No,No,External,1 to 2,no change,3 to 4,1994,Liability
7,2,3,Chevrolet,Urban,1,6,3,Female,Married,41,Third Party,Sedan - Collision,Sedan,20000 to 29000,0,4061,16,400,3,more than 30,more than 30,1,6 years,36 to 40,No,No,External,1 to 2,no change,1 vehicle,1994,Collision
6,4,3,Toyota,Urban,4,6,4,Male,Married,39,Third Party,Sedan - All Perils,Sedan,20000 to 29000,0,4062,7,700,4,more than 30,more than 30,none,more than 7,36 to 40,No,No,External,3 to 5,no change,1 vehicle,1994,All Perils
6,4,5,Toyota,Urban,5,6,4,Male,Married,61,Policy Holder,Sedan - Liability,Sport,30000 to 39000,0,4063,2,400,3,more than 30,more than 30,1,more than 7,51 to 65,No,No,External,none,no change,1 vehicle,1994,Liability
5,3,3,Chevrolet,Urban,3,7,1,Male,Married,32,Policy Holder,Utility - All Perils,Utility,more than 69000,0,4064,11,400,4,more than 30,more than 30,1,7 years,31 to 35,No,No,External,1 to 2,no change,1 vehicle,1994,All Perils
7,3,4,Pontiac,Rural,5,7,3,Male,Single,43,Policy Holder,Sedan - Collision,Sedan,20000 to 29000,0,4065,15,400,2,more than 30,more than 30,none,7 years,36 to 40,No,No,External,more than 5,no change,1 vehicle,1994,Collision
7,3,4,Pontiac,Urban,1,5,4,Male,Married,44,Policy Holder,Sedan - Liability,Sport,more than 69000,0,4066,12,400,3,more than 30,more than 30,1,7 years,36 to 40,No,No,External,more than 5,no change,1 vehicle,1994,Liability
5,2,3,Ford,Urban,4,6,3,Male,Married,63,Third Party,Sedan - All Perils,Sedan,40000 to 59000,0,4067,5,400,4,more than 30,more than 30,2 to 4,more than 7,51 to 65,No,No,External,1 to 2,no change,1 vehicle,1994,All Perils
4,1,2,Honda,Rural,4,4,1,Male,Married,64,Policy Holder,Sedan - Collision,Sedan,30000 to 39000,0,4068,2,400,4,more than 30,more than 30,more than 4,more than 7,51 to 65,No,No,External,none,no change,1 vehicle,1994,Collision
4,1,7,Chevrolet,Urban,2,4,1,Male,Married,27,Policy Holder,Sedan - All Perils,Sedan,20000 to 29000,0,4069,15,400,4,more than 30,more than 30,none,7 years,31 to 35,No,No,External,3 to 5,no change,1 vehicle,1994,All Perils
4,1,6,Toyota,Urban,2,10,3,Female,Single,31,Policy Holder,Sedan - Liability,Sport,20000 to 29000,0,4070,14,400,4,more than 30,more than 30,2 to 4,5 years,31 to 35,No,No,External,1 to 2,no change,1 vehicle,1994,Liability
10,4,7,Pontiac,Rural,1,10,4,Male,Single,35,Policy Holder,Sedan - Liability,Sport,20000 to 29000,0,4071,11,400,4,more than 30,more than 30,none,6 years,31 to 35,No,No,External,none,no change,1 vehicle,1994,Liability
10,4,2,Toyota,Urban,4,9,4,Male,Married,61,Policy Holder,Sedan - Collision,Sedan,30000 to 39000,0,4072,14,400,4,more than 30,more than 30,1,more than 7,51 to 65,No,No,Internal,none,no change,1 vehicle,1994,Collision
9,1,4,Honda,Urban,4,9,2,Male,Single,25,Third Party,Sedan - All Perils,Sedan,20000 to 29000,0,4073,16,400,2,more than 30,more than 30,1,6 years,26 to 30,No,No,External,3 to 5,no change,1 vehicle,1994,All Perils
9,1,1,Mazda,Urban,2,8,3,Male,Married,46,Policy Holder,Sedan - Collision,Sedan,20000 to 29000,0,4074,11,400,1,more than 30,more than 30,2 to 4,more than 7,41 to 50,No,No,External,more than 5,no change,1 vehicle,1994,Collision
7,4,4,Toyota,Urban,2,8,1,Male,Single,38,Policy Holder,Sedan - Liability,Sport,20000 to 29000,0,4075,14,400,1,more than 30,more than 30,1,7 years,36 to 40,No,No,External,3 to 5,4 to 8 years,2 vehicles,1994,Liability
7,4,1,Toyota,Urban,1,7,1,Male,Single,33,Policy Holder,Sedan - Collision,Sedan,20000 to 29000,0,4076,11,400,2,more than 30,more than 30,1,6 years,31 to 35,No,No,External,none,no change,1 vehicle,1994,Collision
6,4,2,Toyota,Rural,5,6,3,Male,Married,62,Policy Holder,Sedan - Liability,Sport,20000 to 29000,0,4077,3,400,2,more than 30,more than 30,2 to 4,more than 7,51 to 65,No,No,External,more than 5,no change,1 vehicle,1994,Liability
6,4,6,Honda,Urban,2,6,4,Male,Married,26,Third Party,Sedan - All Perils,Sedan,20000 to 29000,0,4078,16,400,2,more than 30,more than 30,1,7 years,31 to 35,No,No,External,none,no change,1 vehicle,1994,All Perils
6,1,4,Pontiac,Urban,4,6,2,Male,Married,53,Third Party,Sedan - All Perils,Sedan,20000 to 29000,0,4079,13,400,3,more than 30,more than 30,none,more than 7,41 to 50,No,No,External,none,no change,1 vehicle,1994,All Perils
6,1,6,Honda,Urban,2,6,1,Female,Married,36,Policy Holder,Sedan - Liability,Sport,20000 to 29000,0,4080,9,400,4,more than 30,more than 30,1,7 years,36 to 40,No,No,External,none,no change,1 vehicle,1994,Liability
5,5,3,Chevrolet,Urban,5,6,3,Male,Married,60,Third Party,Sedan - All Perils,Sedan,20000 to 29000,0,4081,14,500,1,more than 30,more than 30,1,more than 7,51 to 65,No,No,External,none,2 to 3 years,1 vehicle,1994,All Perils
5,2,1,Honda,Urban,2,5,2,Male,Single,28,Policy Holder,Sedan - All Perils,Sedan,20000 to 29000,0,4082,2,400,1,more than 30,more than 30,none,6 years,31 to 35,No,No,External,1 to 2,no change,1 vehicle,1994,All Perils
5,1,7,Pontiac,Urban,2,7,1,Male,Single,31,Policy Holder,Sedan - Collision,Sedan,30000 to 39000,0,4083,1,400,1,more than 30,more than 30,2 to 4,7 years,31 to 35,No,No,External,more than 5,no change,1 vehicle,1994,Collision
7,3,1,Toyota,Urban,5,7,3,Female,Single,35,Policy Holder,Sedan - Collision,Sedan,less than 20000,0,4084,11,400,3,more than 30,more than 30,2 to 4,4 years,31 to 35,No,No,External,none,no change,1 vehicle,1994,Collision
7,3,3,Pontiac,Urban,3,7,4,Male,Married,50,Policy Holder,Sedan - Collision,Sedan,20000 to 29000,0,4085,4,400,1,more than 30,more than 30,none,7 years,41 to 50,No,No,External,1 to 2,no change,1 vehicle,1994,Collision
7,2,5,Toyota,Urban,3,11,2,Male,Married,42,Policy Holder,Sedan - Liability,Sport,20000 to 29000,0,4086,8,400,4,more than 30,more than 30,more than 4,more than 7,36 to 40,No,No,External,none,no change,1 vehicle,1994,Liability
11,3,7,Pontiac,Rural,2,5,4,Male,Married,29,Policy Holder,Sedan - All Perils,Sedan,less than 20000,0,4087,4,400,1,more than 30,more than 30,2 to 4,7 years,31 to 35,No,No,External,3 to 5,no change,1 vehicle,1994,All Perils
5,5,7,Honda,Rural,1,6,5,Male,Married,35,Policy Holder,Sedan - All Perils,Sedan,20000 to 29000,1,4088,9,400,3,more than 30,more than 30,none,6 years,31 to 35,No,No,External,3 to 5,no change,1 vehicle,1994,All Perils
5,5,4,Toyota,Urban,1,10,1,Male,Single,34,Policy Holder,Sedan - All Perils,Sedan,20000 to 29000,1,4089,10,400,4,more than 30,more than 30,1,6 years,31 to 35,No,No,External,none,no change,1 vehicle,1994,All Perils
10,4,4,Pontiac,Urban,1,10,5,Male,Married,53,Policy Holder,Sedan - All Perils,Sedan,less than 20000,0,4090,1,400,2,more than 30,more than 30,none,7 years,41 to 50,No,No,External,none,no change,1 vehicle,1994,All Perils
10,4,2,Mazda,Urban,1,10,5,Male,Married,37,Policy Holder,Sedan - Collision,Sedan,30000 to 39000,0,4091,11,400,3,more than 30,more than 30,2 to 4,7 years,36 to 40,Yes,No,External,more than 5,no change,1 vehicle,1994,Collision
10,4,7,Chevrolet,Urban,1,9,5,Male,Single,32,Policy Holder,Sedan - Liability,Sport,30000 to 39000,0,4092,5,400,3,more than 30,more than 30,2 to 4,7 years,31 to 35,No,No,External,none,no change,1 vehicle,1994,Liability
8,5,3,Honda,Urban,5,8,1,Male,Single,21,Policy Holder,Sedan - Liability,Sport,20000 to 29000,0,4093,3,400,2,more than 30,more than 30,more than 4,5 years,26 to 30,No,No,External,more than 5,no change,1 vehicle,1994,Liability
8,4,1,Chevrolet,Urban,3,6,4,Male,Married,51,Third Party,Sedan - Liability,Sport,20000 to 29000,0,4094,5,400,4,more than 30,more than 30,1,more than 7,41 to 50,No,No,External,none,no change,1 vehicle,1994,Liability
5,5,7,Chevrolet,Urban,1,7,1,Male,Married,37,Policy Holder,Utility - All Perils,Utility,more than 69000,1,4095,3,400,4,more than 30,more than 30,2 to 4,7 years,36 to 40,No,No,External,none,no change,1 vehicle,1994,All Perils
7,3,4,Mazda,Urban,1,7,3,Male,Married,46,Third Party,Sedan - Collision,Sedan,20000 to 29000,0,4096,10,400,2,more than 30,more than 30,none,more than 7,41 to 50,No,No,External,1 to 2,1 year,2 vehicles,1994,Collision
7,2,5,Honda,Urban,2,6,3,Male,Married,33,Policy Holder,Sport - Collision,Sport,more than 69000,0,4097,11,400,2,more than 30,more than 30,none,6 years,31 to 35,No,No,External,none,no change,1 vehicle,1994,Collision
6,3,7,Honda,Urban,1,7,4,Male,Single,26,Third Party,Sedan - All Perils,Sedan,less than 20000,0,4098,2,400,1,more than 30,more than 30,none,6 years,31 to 35,No,No,External,none,no change,1 vehicle,1994,All Perils
6,3,2,Mazda,Rural,3,6,1,Male,Married,41,Policy Holder,Sedan - Collision,Sedan,20000 to 29000,0,4099,9,400,4,more than 30,more than 30,2 to 4,7 years,36 to 40,No,No,External,more than 5,no change,1 vehicle,1994,Collision
6,2,4,Accura,Rural,3,6,2,Male,Married,65,Policy Holder,Utility - All Perils,Utility,more than 69000,0,4100,4,400,3,more than 30,more than 30,none,more than 7,51 to 65,No,No,External,more than 5,no change,1 vehicle,1994,All Perils
5,4,1,Saturn,Urban,4,2,4,Male,Married,43,Policy Holder,Sedan - Collision,Sedan,30000 to 39000,0,4101,15,400,4,more than 30,more than 30,more than 4,more than 7,36 to 40,No,No,External,none,no change,3 to 4,1994,Collision
1,4,1,Chevrolet,Urban,4,6,1,Male,Married,54,Third Party,Sedan - Collision,Sedan,30000 to 39000,0,4102,13,400,1,more than 30,more than 30,none,more than 7,41 to 50,No,No,External,more than 5,no change,1 vehicle,1994,Collision
5,5,2,Chevrolet,Urban,4,3,1,Male,Single,39,Policy Holder,Sedan - Collision,Sedan,30000 to 39000,1,4103,12,400,4,more than 30,more than 30,2 to 4,7 years,36 to 40,No,No,External,more than 5,no change,1 vehicle,1994,Collision
3,4,1,Mazda,Urban,2,3,4,Male,Married,55,Policy Holder,Sedan - All Perils,Sedan,more than 69000,0,4104,15,400,2,more than 30,more than 30,none,more than 7,41 to 50,No,No,External,none,no change,1 vehicle,1994,All Perils
3,4,1,Pontiac,Urban,1,4,4,Male,Married,55,Policy Holder,Sedan - Collision,Sedan,20000 to 29000,0,4105,11,400,3,more than 30,more than 30,none,more than 7,41 to 50,No,No,External,none,no change,1 vehicle,1994,Collision
3,5,1,Mazda,Urban,2,6,3,Male,Single,26,Policy Holder,Sedan - Collision,Sedan,20000 to 29000,0,4106,1,400,1,more than 30,more than 30,1,7 years,31 to 35,No,No,External,3 to 5,no change,1 vehicle,1994,Collision
5,5,2,Pontiac,Urban,3,4,3,Male,Married,38,Third Party,Sedan - Collision,Sedan,30000 to 39000,0,4107,9,400,1,more than 30,more than 30,2 to 4,7 years,36 to 40,No,No,External,none,no change,1 vehicle,1994,Collision
4,1,6,Toyota,Urban,1,4,1,Male,Married,61,Policy Holder,Sedan - Liability,Sport,20000 to 29000,0,4108,12,400,4,more than 30,more than 30,2 to 4,more than 7,51 to 65,No,No,External,none,no change,1 vehicle,1994,Liability
4,2,7,Mazda,Urban,2,4,2,Male,Single,22,Third Party,Sport - Collision,Sport,more than 69000,0,4109,8,400,1,more than 30,more than 30,2 to 4,3 years,26 to 30,No,No,External,none,no change,1 vehicle,1994,Collision
4,2,2,Mazda,Urban,2,4,2,Male,Married,30,Policy Holder,Sport - Collision,Sport,more than 69000,0,4110,8,400,3,more than 30,more than 30,2 to 4,5 years,31 to 35,No,No,External,none,no change,1 vehicle,1994,Collision
4,2,1,Toyota,Urban,2,5,2,Male,Single,41,Policy Holder,Sedan - All Perils,Sedan,20000 to 29000,0,4111,4,400,4,more than 30,more than 30,none,7 years,36 to 40,No,No,External,1 to 2,no change,1 vehicle,1994,All Perils
4,4,1,Toyota,Urban,2,4,1,Male,Single,22,Third Party,Sedan - All Perils,Sedan,20000 to 29000,0,4112,9,400,1,more than 30,more than 30,none,5 years,26 to 30,No,No,External,none,no change,1 vehicle,1994,All Perils
4,4,1,Pontiac,Urban,5,5,4,Male,Single,30,Policy Holder,Sedan - Liability,Sport,30000 to 39000,0,4113,15,400,1,more than 30,more than 30,2 to 4,6 years,31 to 35,No,No,External,1 to 2,no change,1 vehicle,1994,Liability
5,2,5,Pontiac,Urban,4,6,2,Male,Married,26,Policy Holder,Sedan - Liability,Sport,20000 to 29000,0,4114,15,400,3,more than 30,more than 30,1,6 years,31 to 35,No,No,External,more than 5,no change,1 vehicle,1994,Liability
6,2,3,Pontiac,Rural,4,6,3,Male,Married,31,Policy Holder,Sedan - Collision,Sedan,20000 to 29000,0,4115,9,400,3,more than 30,more than 30,2 to 4,7 years,31 to 35,No,No,External,none,no change,1 vehicle,1994,Collision
6,3,1,Mazda,Urban,2,7,3,Male,Married,58,Policy Holder,Sedan - Liability,Sport,30000 to 39000,0,4116,10,400,3,more than 30,more than 30,2 to 4,more than 7,51 to 65,No,No,External,more than 5,no change,1 vehicle,1994,Liability
7,2,1,Toyota,Urban,2,8,2,Male,Married,58,Policy Holder,Sedan - Liability,Sport,more than 69000,0,4117,16,400,3,more than 30,more than 30,more than 4,more than 7,51 to 65,No,No,External,more than 5,4 to 8 years,2 vehicles,1994,Liability
8,4,4,Pontiac,Urban,2,10,4,Male,Married,32,Third Party,Sedan - Collision,Sedan,20000 to 29000,0,4118,10,400,1,more than 30,more than 30,none,6 years,31 to 35,No,No,External,none,no change,1 vehicle,1994,Collision
9,5,5,Mazda,Urban,3,10,1,Female,Married,33,Third Party,Sedan - All Perils,Sedan,less than 20000,0,4119,11,400,4,more than 30,more than 30,1,6 years,31 to 35,No,No,External,more than 5,no change,1 vehicle,1994,All Perils
10,3,3,Accura,Urban,4,11,3,Male,Married,48,Policy Holder,Utility - All Perils,Utility,more than 69000,0,4120,3,400,2,more than 30,more than 30,2 to 4,more than 7,41 to 50,No,No,External,none,no change,1 vehicle,1994,All Perils
11,1,4,Chevrolet,Urban,4,12,1,Male,Married,60,Third Party,Sedan - All Perils,Sedan,more than 69000,0,4121,11,400,4,more than 30,more than 30,none,more than 7,51 to 65,No,No,External,more than 5,no change,1 vehicle,1994,All Perils
12,4,6,Accura,Urban,1,3,5,Male,Married,36,Policy Holder,Sedan - Collision,Sedan,more than 69000,0,4122,13,400,2,more than 30,more than 30,2 to 4,7 years,36 to 40,No,No,External,1 to 2,no change,1 vehicle,1994,Collision
3,2,2,Honda,Urban,5,3,2,Male,Single,29,Policy Holder,Sedan - Liability,Sport,20000 to 29000,0,4123,5,400,3,more than 30,more than 30,2 to 4,7 years,31 to 35,No,No,External,1 to 2,no change,1 vehicle,1994,Liability
3,3,1,Honda,Urban,1,3,5,Male,Married,26,Policy Holder,Sedan - Collision,Sedan,20000 to 29000,0,4124,8,700,2,more than 30,more than 30,1,7 years,31 to 35,No,No,External,none,no change,1 vehicle,1994,Collision
3,3,2,Toyota,Urban,2,6,3,Male,Single,29,Policy Holder,Sedan - Liability,Sport,20000 to 29000,0,4125,1,400,2,more than 30,more than 30,2 to 4,5 years,31 to 35,No,No,External,3 to 5,no change,1 vehicle,1994,Liability
5,5,1,Mazda,Urban,2,4,2,Male,Single,30,Third Party,Sport - Collision,Sport,more than 69000,0,4126,3,400,1,more than 30,more than 30,1,5 years,31 to 35,No,No,External,none,no change,1 vehicle,1994,Collision
4,4,6,Toyota,Rural,1,6,4,Male,Married,41,Policy Holder,Sedan - Collision,Sedan,30000 to 39000,0,4127,14,400,3,more than 30,more than 30,2 to 4,7 years,36 to 40,No,No,External,1 to 2,no change,1 vehicle,1994,Collision
6,4,5,Pontiac,Urban,2,7,4,Male,Married,49,Policy Holder,Sedan - All Perils,Sedan,20000 to 29000,0,4128,14,400,2,more than 30,more than 30,none,more than 7,41 to 50,No,No,External,none,no change,1 vehicle,1994,All Perils
6,5,4,Pontiac,Urban,1,7,4,Male,Married,56,Policy Holder,Sedan - Liability,Sport,30000 to 39000,0,4129,11,400,1,more than 30,more than 30,2 to 4,more than 7,51 to 65,No,No,External,none,no change,1 vehicle,1994,Liability
6,5,3,Chevrolet,Urban,4,7,2,Male,Married,60,Policy Holder,Sedan - All Perils,Sedan,20000 to 29000,0,4130,9,400,3,more than 30,more than 30,none,more than 7,51 to 65,Yes,No,External,none,no change,1 vehicle,1994,All Perils
7,1,2,Toyota,Urban,3,7,2,Female,Single,28,Policy Holder,Sedan - Collision,Sedan,20000 to 29000,0,4131,2,400,1,more than 30,more than 30,2 to 4,6 years,31 to 35,No,No,External,none,no change,1 vehicle,1994,Collision
7,2,7,Honda,Rural,5,7,2,Male,Married,33,Policy Holder,Sedan - Collision,Sedan,20000 to 29000,0,4132,16,500,3,more than 30,more than 30,none,7 years,31 to 35,No,No,External,3 to 5,2 to 3 years,1 vehicle,1994,Collision
7,3,4,Pontiac,Urban,4,11,4,Male,Single,28,Policy Holder,Sedan - Liability,Sport,20000 to 29000,0,4133,11,400,1,more than 30,more than 30,2 to 4,7 years,31 to 35,No,No,External,none,no change,1 vehicle,1994,Liability
10,4,7,Toyota,Urban,2,11,3,Male,Married,28,Policy Holder,Sedan - Collision,Sedan,20000 to 29000,0,4134,12,400,1,more than 30,more than 30,none,7 years,31 to 35,Yes,No,External,more than 5,no change,1 vehicle,1994,Collision
11,1,5,Toyota,Urban,4,11,2,Male,Married,45,Third Party,Sedan - Collision,Sedan,20000 to 29000,0,4135,4,400,1,more than 30,more than 30,2 to 4,7 years,36 to 40,No,No,External,more than 5,no change,1 vehicle,1994,Collision
11,2,5,Pontiac,Urban,4,11,3,Male,Married,31,Policy Holder,Sedan - Collision,Sedan,20000 to 29000,0,4136,16,400,4,more than 30,more than 30,none,6 years,31 to 35,No,No,External,3 to 5,no change,1 vehicle,1994,Collision
11,3,3,Accura,Urban,4,11,4,Female,Married,34,Policy Holder,Sedan - Collision,Sedan,20000 to 29000,0,4137,4,400,3,more than 30,more than 30,1,5 years,31 to 35,No,No,External,none,no change,1 vehicle,1994,Collision
11,3,5,Chevrolet,Urban,1,11,4,Male,Married,47,Policy Holder,Sedan - Liability,Sport,40000 to 59000,0,4138,12,400,4,more than 30,more than 30,2 to 4,7 years,41 to 50,No,No,External,none,4 to 8 years,2 vehicles,1994,Liability
11,2,6,Accura,Urban,5,11,3,Male,Single,38,Policy Holder,Sedan - Collision,Sedan,more than 69000,0,4139,5,400,2,more than 30,more than 30,2 to 4,7 years,36 to 40,No,Yes,External,none,no change,1 vehicle,1994,Collision
10,5,7,Toyota,Urban,2,10,3,Male,Married,45,Policy Holder,Sedan - Collision,Sedan,20000 to 29000,0,4140,8,400,4,more than 30,more than 30,2 to 4,7 years,36 to 40,No,No,External,3 to 5,no change,1 vehicle,1994,Collision
10,2,4,Ford,Urban,5,10,2,Male,Married,49,Third Party,Sedan - Liability,Sport,30000 to 39000,0,4141,3,400,2,more than 30,more than 30,2 to 4,more than 7,41 to 50,No,No,External,none,no change,1 vehicle,1994,Liability
9,4,6,Mazda,Urban,4,7,1,Male,Married,39,Policy Holder,Sedan - Liability,Sport,30000 to 39000,0,4142,14,400,1,more than 30,more than 30,1,7 years,36 to 40,No,No,External,more than 5,no change,3 to 4,1994,Liability
7,3,6,Honda,Urban,4,7,4,Male,Married,52,Policy Holder,Sedan - Liability,Sport,20000 to 29000,0,4143,13,400,2,more than 30,more than 30,more than 4,7 years,41 to 50,No,No,External,none,no change,1 vehicle,1994,Liability
7,3,2,Toyota,Urban,3,7,3,Male,Married,31,Policy Holder,Sedan - All Perils,Sedan,20000 to 29000,0,4144,3,400,1,more than 30,more than 30,none,7 years,31 to 35,No,No,External,1 to 2,no change,1 vehicle,1994,All Perils
7,2,3,Pontiac,Urban,5,6,2,Male,Married,53,Policy Holder,Sedan - All Perils,Sedan,30000 to 39000,0,4145,14,400,4,more than 30,more than 30,1,more than 7,41 to 50,No,No,External,none,no change,1 vehicle,1994,All Perils
6,1,4,Accura,Urban,2,8,2,Male,Married,43,Policy Holder,Sedan - Collision,Sedan,40000 to 59000,1,4146,5,400,3,more than 30,more than 30,1,7 years,36 to 40,No,No,External,none,no change,1 vehicle,1994,Collision
7,1,4,Pontiac,Urban,2,7,1,Male,Married,43,Third Party,Sedan - Collision,Sedan,20000 to 29000,0,4147,5,400,2,more than 30,more than 30,2 to 4,7 years,36 to 40,No,No,External,1 to 2,no change,1 vehicle,1994,Collision
6,5,5,Toyota,Urban,1,6,1,Male,Married,47,Policy Holder,Sedan - Liability,Sport,20000 to 29000,0,4148,9,400,4,more than 30,more than 30,1,7 years,41 to 50,No,No,External,none,no change,1 vehicle,1994,Liability
6,4,5,Pontiac,Urban,2,6,4,Male,Married,52,Policy Holder,Sedan - Collision,Sedan,20000 to 29000,0,4149,7,400,4,more than 30,more than 30,1,more than 7,41 to 50,No,No,External,none,no change,1 vehicle,1994,Collision
6,3,3,Mazda,Urban,4,5,3,Male,Married,29,Policy Holder,Sedan - Collision,Sedan,20000 to 29000,0,4150,15,400,2,more than 30,more than 30,1,7 years,31 to 35,No,No,External,none,no change,1 vehicle,1994,Collision
5,3,6,Mazda,Urban,1,4,3,Female,Single,30,Policy Holder,Sedan - Liability,Sport,20000 to 29000,0,4151,7,400,3,more than 30,more than 30,none,5 years,31 to 35,No,No,External,more than 5,no change,1 vehicle,1994,Liability
4,4,4,Pontiac,Urban,5,3,4,Male,Married,25,Policy Holder,Sedan - Collision,Sedan,20000 to 29000,0,4152,12,400,3,more than 30,more than 30,2 to 4,5 years,26 to 30,No,No,Internal,3 to 5,no change,1 vehicle,1994,Collision
3,4,5,Toyota,Urban,1,3,4,Male,Single,45,Policy Holder,Sedan - Collision,Sedan,20000 to 29000,0,4153,8,400,4,more than 30,more than 30,1,7 years,36 to 40,No,No,External,1 to 2,no change,1 vehicle,1994,Collision
3,4,2,Honda,Urban,2,3,4,Female,Married,39,Policy Holder,Sedan - Collision,Sedan,20000 to 29000,0,4154,10,400,4,more than 30,more than 30,1,6 years,36 to 40,No,No,External,none,no change,1 vehicle,1994,Collision
3,4,4,Pontiac,Urban,4,3,4,Male,Married,30,Policy Holder,Sedan - Liability,Sport,30000 to 39000,0,4155,4,700,4,more than 30,more than 30,more than 4,7 years,31 to 35,No,No,External,more than 5,no change,1 vehicle,1994,Liability
3,3,4,Toyota,Urban,4,3,3,Male,Married,38,Policy Holder,Sedan - All Perils,Sedan,more than 69000,0,4156,8,400,1,more than 30,more than 30,2 to 4,7 years,36 to 40,No,No,External,1 to 2,no change,1 vehicle,1994,All Perils
3,3,1,Mazda,Urban,1,3,3,Male,Single,42,Policy Holder,Sedan - Liability,Sport,30000 to 39000,0,4157,6,400,1,more than 30,more than 30,2 to 4,7 years,36 to 40,No,No,External,none,no change,1 vehicle,1994,Liability
3,2,3,Honda,Urban,1,6,3,Male,Married,63,Third Party,Sedan - Collision,Sedan,20000 to 29000,0,4158,11,400,4,more than 30,more than 30,1,7 years,51 to 65,No,No,External,none,no change,1 vehicle,1994,Collision
6,1,7,Honda,Urban,2,11,1,Male,Married,30,Policy Holder,Sedan - Collision,Sedan,more than 69000,1,4159,14,400,4,more than 30,more than 30,2 to 4,6 years,31 to 35,No,No,External,more than 5,4 to 8 years,2 vehicles,1994,Collision
11,3,5,Chevrolet,Urban,3,11,4,Male,Married,27,Policy Holder,Sedan - Liability,Sport,20000 to 29000,0,4160,2,400,1,more than 30,more than 30,1,6 years,31 to 35,No,No,External,none,no change,1 vehicle,1994,Liability
10,5,2,Pontiac,Urban,3,10,1,Male,Married,31,Third Party,Sedan - Liability,Sport,30000 to 39000,0,4161,9,400,2,more than 30,more than 30,none,7 years,31 to 35,No,No,External,none,no change,1 vehicle,1994,Liability
10,3,2,Honda,Rural,1,10,4,Male,Married,51,Policy Holder,Sedan - Collision,Sedan,20000 to 29000,0,4162,10,400,3,more than 30,more than 30,1,more than 7,41 to 50,No,No,External,none,no change,1 vehicle,1994,Collision
10,3,2,Accura,Rural,3,10,4,Male,Married,38,Policy Holder,Sedan - Liability,Sport,40000 to 59000,0,4163,3,400,1,more than 30,more than 30,2 to 4,7 years,36 to 40,No,No,External,more than 5,no change,1 vehicle,1994,Liability
10,1,3,Toyota,Urban,4,6,1,Female,Single,34,Policy Holder,Sedan - Collision,Sedan,20000 to 29000,0,4164,6,400,1,more than 30,more than 30,1,5 years,31 to 35,No,No,External,none,no change,1 vehicle,1994,Collision
6,1,3,Ford,Rural,1,6,1,Male,Married,67,Policy Holder,Sedan - Collision,Sedan,40000 to 59000,1,4165,8,400,3,more than 30,more than 30,2 to 4,7 years,over 65,No,No,External,1 to 2,no change,1 vehicle,1994,Collision
6,1,1,Pontiac,Urban,1,8,2,Male,Married,56,Third Party,Utility - All Perils,Utility,40000 to 59000,0,4166,6,400,1,more than 30,more than 30,2 to 4,more than 7,51 to 65,No,No,External,more than 5,no change,1 vehicle,1994,All Perils
8,4,3,Toyota,Urban,1,8,4,Male,Single,24,Policy Holder,Sedan - Collision,Sedan,20000 to 29000,0,4167,2,400,4,more than 30,more than 30,2 to 4,5 years,26 to 30,No,No,External,1 to 2,no change,1 vehicle,1994,Collision
8,3,5,Chevrolet,Urban,5,8,4,Male,Married,57,Policy Holder,Sedan - Liability,Sport,30000 to 39000,0,4168,7,400,3,more than 30,more than 30,1,more than 7,51 to 65,No,No,External,3 to 5,no change,1 vehicle,1994,Liability
7,5,3,Accura,Urban,3,7,2,Male,Married,37,Policy Holder,Sedan - All Perils,Sedan,more than 69000,0,4169,16,400,4,more than 30,more than 30,2 to 4,7 years,36 to 40,No,No,External,3 to 5,no change,1 vehicle,1994,All Perils
7,1,4,Pontiac,Urban,4,7,2,Male,Married,65,Policy Holder,Sedan - All Perils,Sedan,20000 to 29000,0,4170,7,400,3,more than 30,more than 30,1,more than 7,51 to 65,No,No,External,1 to 2,no change,1 vehicle,1994,All Perils
6,5,2,Mazda,Urban,4,6,2,Female,Married,35,Policy Holder,Sedan - Collision,Sedan,30000 to 39000,0,4171,12,400,2,more than 30,more than 30,2 to 4,6 years,31 to 35,No,No,External,more than 5,no change,1 vehicle,1994,Collision
6,3,3,Pontiac,Urban,4,6,3,Male,Single,28,Policy Holder,Sedan - Liability,Sport,less than 20000,0,4172,4,400,2,more than 30,more than 30,none,7 years,31 to 35,No,No,External,more than 5,no change,1 vehicle,1994,Liability
6,1,3,Toyota,Urban,1,6,2,Male,Married,37,Policy Holder,Sedan - All Perils,Sedan,more than 69000,1,4173,5,400,2,more than 30,more than 30,2 to 4,6 years,36 to 40,No,No,External,none,no change,1 vehicle,1994,All Perils
6,2,4,Mazda,Urban,1,6,2,Female,Married,41,Policy Holder,Sedan - Liability,Sport,20000 to 29000,0,4174,16,400,3,more than 30,more than 30,2 to 4,7 years,36 to 40,No,No,External,none,no change,1 vehicle,1994,Liability
6,2,4,Pontiac,Urban,5,6,2,Male,Married,27,Third Party,Sedan - All Perils,Sedan,20000 to 29000,0,4175,7,400,1,more than 30,more than 30,none,7 years,31 to 35,No,No,External,none,no change,1 vehicle,1994,All Perils
6,1,7,Mazda,Urban,1,5,1,Male,Single,32,Policy Holder,Sedan - All Perils,Sedan,20000 to 29000,1,4176,16,400,4,more than 30,more than 30,none,7 years,31 to 35,No,No,External,none,no change,1 vehicle,1994,All Perils
5,5,4,Honda,Urban,4,5,5,Male,Married,30,Policy Holder,Sedan - Collision,Sedan,20000 to 29000,0,4177,4,400,3,more than 30,more than 30,none,7 years,31 to 35,No,No,External,more than 5,no change,1 vehicle,1994,Collision
5,4,4,Toyota,Urban,3,6,4,Male,Married,42,Policy Holder,Sedan - Liability,Sport,more than 69000,0,4178,2,400,3,more than 30,more than 30,2 to 4,6 years,36 to 40,No,No,External,3 to 5,no change,1 vehicle,1994,Liability
6,1,1,Pontiac,Rural,1,5,2,Male,Married,37,Policy Holder,Sedan - Liability,Sport,30000 to 39000,0,4179,6,400,2,more than 30,more than 30,1,7 years,36 to 40,No,No,External,none,no change,1 vehicle,1994,Liability
5,2,5,Mazda,Urban,1,5,2,Male,Married,56,Policy Holder,Sedan - Liability,Sport,30000 to 39000,0,4180,2,400,4,more than 30,more than 30,2 to 4,more than 7,51 to 65,No,No,External,none,4 to 8 years,2 vehicles,1994,Liability
4,5,3,Honda,Urban,3,5,1,Male,Single,28,Policy Holder,Sedan - Collision,Sedan,20000 to 29000,0,4181,8,400,4,more than 30,more than 30,none,6 years,31 to 35,No,No,External,none,no change,1 vehicle,1994,Collision
4,4,1,Honda,Rural,5,5,1,Male,Married,35,Policy Holder,Sedan - Collision,Sedan,20000 to 29000,0,4182,2,400,4,more than 30,more than 30,1,6 years,31 to 35,No,No,Internal,more than 5,no change,1 vehicle,1994,Collision
4,4,2,Accura,Urban,2,5,1,Male,Married,37,Policy Holder,Sedan - Liability,Sport,30000 to 39000,0,4183,1,500,3,more than 30,more than 30,2 to 4,6 years,36 to 40,No,No,External,none,2 to 3 years,3 to 4,1994,Liability
4,4,6,Dodge,Urban,4,5,1,Male,Married,29,Third Party,Sedan - Collision,Sedan,30000 to 39000,0,4184,15,400,4,more than 30,more than 30,1,7 years,31 to 35,No,No,External,none,no change,1 vehicle,1994,Collision
4,3,1,Chevrolet,Urban,1,4,3,Male,Married,35,Policy Holder,Sedan - Collision,Sedan,20000 to 29000,0,4185,13,400,3,more than 30,more than 30,2 to 4,7 years,31 to 35,No,No,External,1 to 2,no change,1 vehicle,1994,Collision
4,2,4,Pontiac,Urban,3,6,3,Male,Married,65,Policy Holder,Sedan - All Perils,Sedan,less than 20000,0,4186,6,700,3,more than 30,more than 30,1,7 years,51 to 65,No,No,External,more than 5,no change,1 vehicle,1994,All Perils
6,1,1,Pontiac,Urban,2,4,2,Male,Single,21,Third Party,Sedan - All Perils,Sedan,20000 to 29000,0,4187,5,400,2,more than 30,more than 30,2 to 4,5 years,26 to 30,No,No,External,none,1 year,1 vehicle,1994,All Perils
4,2,1,Toyota,Urban,2,4,2,Male,Single,31,Policy Holder,Sedan - Collision,Sedan,20000 to 29000,0,4188,11,400,4,more than 30,more than 30,2 to 4,6 years,31 to 35,No,No,External,1 to 2,no change,1 vehicle,1994,Collision
3,5,7,Mazda,Urban,3,4,4,Male,Single,54,Policy Holder,Utility - All Perils,Utility,more than 69000,0,4189,4,400,3,more than 30,more than 30,2 to 4,more than 7,41 to 50,No,No,External,1 to 2,no change,1 vehicle,1994,All Perils
3,4,1,Mazda,Urban,2,3,1,Male,Single,33,Third Party,Sedan - All Perils,Sedan,20000 to 29000,0,4190,10,400,1,more than 30,more than 30,1,6 years,31 to 35,No,No,External,more than 5,no change,1 vehicle,1994,All Perils
3,4,4,Honda,Urban,5,6,4,Male,Single,21,Third Party,Sedan - Collision,Sedan,30000 to 39000,0,4191,3,400,1,more than 30,more than 30,2 to 4,5 years,26 to 30,No,No,External,none,no change,1 vehicle,1994,Collision
3,2,2,Honda,Urban,4,3,2,Male,Married,29,Policy Holder,Sedan - Collision,Sedan,30000 to 39000,0,4192,4,400,3,more than 30,more than 30,2 to 4,7 years,31 to 35,No,No,External,1 to 2,no change,1 vehicle,1994,Collision
3,2,7,Mazda,Urban,4,2,2,Female,Single,29,Policy Holder,Sedan - Liability,Sport,20000 to 29000,0,4193,4,400,1,more than 30,more than 30,more than 4,5 years,31 to 35,No,No,External,1 to 2,no change,1 vehicle,1994,Liability
12,3,4,Mazda,Urban,4,12,1,Male,Married,42,Policy Holder,Sedan - Liability,Sport,20000 to 29000,0,4194,13,400,4,more than 30,more than 30,more than 4,7 years,36 to 40,No,No,External,none,no change,1 vehicle,1994,Liability
11,4,3,Chevrolet,Urban,5,11,1,Male,Married,27,Policy Holder,Sedan - Liability,Sport,30000 to 39000,0,4195,15,400,4,more than 30,more than 30,2 to 4,6 years,31 to 35,No,No,External,none,no change,1 vehicle,1994,Liability
11,2,1,Chevrolet,Urban,7,10,3,Female,Single,32,Third Party,Sedan - Liability,Sport,20000 to 29000,0,4196,1,400,1,more than 30,more than 30,2 to 4,6 years,31 to 35,No,No,External,none,no change,1 vehicle,1994,Liability
9,2,3,Mazda,Urban,5,10,1,Male,Married,29,Policy Holder,Sedan - Collision,Sedan,30000 to 39000,0,4197,13,400,3,more than 30,more than 30,none,6 years,31 to 35,No,No,External,more than 5,no change,1 vehicle,1994,Collision
9,1,4,VW,Urban,5,5,1,Male,Married,76,Policy Holder,Sedan - Collision,Sedan,20000 to 29000,0,4198,7,400,4,more than 30,more than 30,none,more than 7,over 65,No,No,External,3 to 5,no change,1 vehicle,1994,Collision
5,2,1,Toyota,Rural,2,5,4,Male,Married,59,Policy Holder,Sedan - All Perils,Sedan,20000 to 29000,0,4199,13,400,4,more than 30,more than 30,1,7 years,51 to 65,No,No,External,none,no change,1 vehicle,1994,All Perils
5,1,1,Pontiac,Urban,1,10,1,Male,Single,29,Policy Holder,Sedan - Collision,Sedan,20000 to 29000,0,4200,5,400,4,more than 30,more than 30,more than 4,7 years,31 to 35,No,No,External,none,no change,1 vehicle,1994,Collision
8,1,7,Pontiac,Urban,1,9,4,Female,Single,34,Policy Holder,Sedan - Collision,Sedan,20000 to 29000,0,4201,4,400,3,more than 30,more than 30,none,6 years,31 to 35,No,No,External,none,4 to 8 years,2 vehicles,1994,Collision
9,1,5,Mazda,Rural,1,7,1,Male,Married,42,Policy Holder,Sedan - Collision,Sedan,20000 to 29000,0,4202,7,400,1,more than 30,more than 30,none,7 years,36 to 40,No,No,External,1 to 2,no change,1 vehicle,1994,Collision
6,1,2,Mazda,Urban,4,12,1,Male,Married,53,Policy Holder,Sedan - Collision,Sedan,more than 69000,1,4203,15,400,1,more than 30,more than 30,2 to 4,7 years,41 to 50,No,No,External,3 to 5,no change,1 vehicle,1994,Collision
11,5,3,Chevrolet,Urban,3,11,1,Female,Married,33,Policy Holder,Sedan - All Perils,Sedan,20000 to 29000,0,4204,8,400,1,more than 30,more than 30,none,7 years,31 to 35,No,No,External,1 to 2,no change,1 vehicle,1994,All Perils
11,3,6,Accura,Urban,3,11,3,Male,Married,41,Policy Holder,Sedan - Liability,Sport,40000 to 59000,0,4205,10,400,1,15 to 30,15 to 30,1,7 years,36 to 40,No,No,External,none,no change,1 vehicle,1994,Liability
11,2,4,Toyota,Urban,5,5,3,Male,Married,47,Third Party,Sedan - Collision,Sedan,20000 to 29000,0,4206,12,400,4,more than 30,more than 30,none,more than 7,41 to 50,No,No,External,none,no change,1 vehicle,1994,Collision
5,2,7,Pontiac,Urban,1,8,2,Male,Married,36,Policy Holder,Sedan - Collision,Sedan,30000 to 39000,0,4207,14,400,3,15 to 30,15 to 30,none,7 years,36 to 40,No,No,External,none,no change,1 vehicle,1994,Collision
8,1,2,Mazda,Urban,5,7,2,Male,Single,66,Policy Holder,Sedan - All Perils,Sedan,20000 to 29000,0,4208,13,400,1,more than 30,more than 30,none,more than 7,over 65,No,No,External,none,no change,1 vehicle,1994,All Perils
7,4,2,Pontiac,Urban,2,10,5,Male,Married,49,Third Party,Sedan - All Perils,Sedan,20000 to 29000,0,4209,11,400,4,more than 30,more than 30,none,more than 7,41 to 50,No,No,External,more than 5,no change,1 vehicle,1994,All Perils
9,4,6,Honda,Urban,4,12,4,Male,Single,27,Policy Holder,Sedan - Collision,Sedan,30000 to 39000,0,4210,10,400,1,more than 30,more than 30,1,7 years,31 to 35,No,No,External,1 to 2,no change,1 vehicle,1994,Collision
12,3,2,Toyota,Urban,1,12,5,Female,Single,37,Third Party,Sedan - Collision,Sedan,20000 to 29000,0,4211,10,400,3,more than 30,more than 30,none,6 years,36 to 40,No,No,External,none,no change,1 vehicle,1994,Collision
12,2,3,Toyota,Urban,5,7,3,Female,Married,35,Policy Holder,Sedan - Collision,Sedan,20000 to 29000,0,4212,13,400,3,more than 30,more than 30,none,6 years,31 to 35,No,No,External,none,no change,1 vehicle,1994,Collision
7,2,2,Mazda,Rural,2,9,3,Female,Married,48,Third Party,Sedan - Liability,Sport,20000 to 29000,0,4213,15,400,3,more than 30,more than 30,1,5 years,41 to 50,No,No,External,none,no change,1 vehicle,1994,Liability
9,2,7,Pontiac,Urban,2,10,2,Male,Married,34,Policy Holder,Sedan - Collision,Sedan,20000 to 29000,0,4214,11,400,3,more than 30,more than 30,1,7 years,31 to 35,No,No,External,none,no change,1 vehicle,1994,Collision
10,3,6,Toyota,Urban,2,10,3,Male,Single,32,Policy Holder,Sedan - Collision,Sedan,more than 69000,0,4215,16,400,2,more than 30,more than 30,none,6 years,31 to 35,No,No,External,none,no change,1 vehicle,1994,Collision
10,2,4,Pontiac,Urban,5,9,3,Female,Married,36,Policy Holder,Sedan - Liability,Sport,20000 to 29000,0,4216,5,400,4,more than 30,more than 30,2 to 4,7 years,36 to 40,No,No,External,none,no change,1 vehicle,1994,Liability
9,3,4,Ford,Urban,7,1,3,Male,Married,47,Third Party,Utility - All Perils,Utility,more than 69000,0,4217,2,700,3,more than 30,more than 30,1,more than 7,41 to 50,No,No,External,more than 5,no change,1 vehicle,1994,All Perils
12,5,3,Toyota,Urban,3,4,1,Male,Single,31,Third Party,Sedan - Collision,Sedan,20000 to 29000,0,4218,11,400,2,more than 30,more than 30,none,6 years,31 to 35,No,No,External,1 to 2,no change,1 vehicle,1994,Collision
4,3,4,VW,Urban,5,5,3,Male,Married,47,Policy Holder,Sedan - Liability,Sport,more than 69000,0,4219,14,400,2,more than 30,more than 30,2 to 4,more than 7,41 to 50,No,No,External,1 to 2,no change,1 vehicle,1994,Liability
5,4,1,Pontiac,Urban,2,5,4,Male,Married,70,Third Party,Sedan - All Perils,Sedan,30000 to 39000,0,4220,5,400,2,more than 30,more than 30,none,more than 7,over 65,No,No,External,1 to 2,no change,1 vehicle,1994,All Perils
5,3,4,Toyota,Urban,5,8,3,Male,Single,35,Policy Holder,Sedan - Collision,Sedan,20000 to 29000,0,4221,10,400,4,more than 30,more than 30,none,7 years,31 to 35,No,No,External,none,no change,1 vehicle,1994,Collision
8,2,5,Toyota,Rural,3,6,3,Male,Single,26,Third Party,Sedan - Collision,Sedan,20000 to 29000,0,4222,7,400,4,more than 30,more than 30,1,7 years,31 to 35,No,No,External,more than 5,4 to 8 years,2 vehicles,1994,Collision
6,1,3,Honda,Urban,2,10,5,Male,Single,0,Policy Holder,Sedan - All Perils,Sedan,more than 69000,1,4223,5,400,4,more than 30,more than 30,none,new,16 to 17,No,No,External,none,no change,1 vehicle,1994,All Perils
10,2,5,Chevrolet,Urban,1,11,3,Female,Married,45,Third Party,Sedan - Liability,Sport,20000 to 29000,0,4224,7,400,2,more than 30,more than 30,2 to 4,7 years,36 to 40,No,No,External,none,no change,3 to 4,1994,Liability
11,4,5,Mazda,Urban,2,9,4,Female,Divorced,45,Policy Holder,Sedan - Collision,Sedan,20000 to 29000,0,4225,4,400,1,more than 30,more than 30,more than 4,7 years,36 to 40,No,No,External,more than 5,no change,1 vehicle,1994,Collision
6,1,1,Chevrolet,Urban,1,12,1,Male,Married,40,Third Party,Sedan - All Perils,Sedan,30000 to 39000,0,4226,11,400,4,more than 30,more than 30,2 to 4,7 years,36 to 40,No,No,External,more than 5,no change,1 vehicle,1994,All Perils
11,5,2,Mazda,Urban,2,2,2,Female,Married,36,Policy Holder,Sedan - All Perils,Sedan,20000 to 29000,0,4227,10,400,4,more than 30,more than 30,none,7 years,36 to 40,No,No,External,none,no change,1 vehicle,1994,All Perils
1,3,5,Toyota,Urban,3,6,2,Female,Married,46,Policy Holder,Sedan - Liability,Sport,20000 to 29000,0,4228,6,400,1,more than 30,more than 30,2 to 4,7 years,41 to 50,No,No,External,3 to 5,no change,1 vehicle,1994,Liability
6,1,2,Accura,Urban,1,6,2,Male,Married,80,Policy Holder,Utility - All Perils,Utility,more than 69000,1,4229,2,400,1,more than 30,more than 30,none,more than 7,over 65,No,No,External,1 to 2,no change,1 vehicle,1994,All Perils
5,5,1,Mazda,Urban,2,5,1,Female,Married,40,Third Party,Sedan - Collision,Sedan,20000 to 29000,0,4230,8,400,4,more than 30,more than 30,2 to 4,7 years,36 to 40,No,No,External,more than 5,no change,1 vehicle,1994,Collision
5,4,6,Honda,Urban,1,11,5,Male,Single,21,Third Party,Sedan - Liability,Sport,20000 to 29000,0,4231,8,400,2,more than 30,more than 30,2 to 4,5 years,26 to 30,No,No,External,none,no change,1 vehicle,1994,Liability
11,4,1,Toyota,Urban,3,8,4,Male,Married,33,Third Party,Sedan - Collision,Sedan,20000 to 29000,0,4232,16,400,1,more than 30,more than 30,2 to 4,7 years,31 to 35,No,No,External,none,no change,1 vehicle,1994,Collision
8,2,7,Chevrolet,Urban,5,10,2,Female,Married,29,Policy Holder,Sedan - All Perils,Sedan,30000 to 39000,0,4233,16,400,2,more than 30,more than 30,more than 4,7 years,31 to 35,No,No,External,more than 5,no change,1 vehicle,1994,All Perils
4,1,1,Pontiac,Urban,2,5,2,Male,Married,26,Policy Holder,Sedan - Collision,Sedan,20000 to 29000,0,4234,16,400,2,more than 30,more than 30,2 to 4,5 years,31 to 35,No,No,External,1 to 2,2 to 3 years,1 vehicle,1994,Collision
5,2,5,Ford,Urban,1,2,2,Male,Married,65,Third Party,Sedan - Liability,Sport,40000 to 59000,0,4235,1,400,1,more than 30,more than 30,2 to 4,more than 7,51 to 65,No,No,External,none,no change,1 vehicle,1994,Liability
2,2,3,Mazda,Urban,2,3,3,Male,Married,58,Third Party,Sedan - All Perils,Sedan,20000 to 29000,0,4236,2,400,2,more than 30,more than 30,none,more than 7,51 to 65,No,No,External,1 to 2,no change,1 vehicle,1994,All Perils
2,1,5,Chevrolet,Urban,4,4,4,Male,Married,31,Policy Holder,Sedan - Liability,Sport,20000 to 29000,0,4237,3,400,1,more than 30,more than 30,more than 4,6 years,31 to 35,No,No,External,none,no change,1 vehicle,1994,Liability
3,1,2,Toyota,Urban,2,3,3,Male,Married,51,Policy Holder,Sedan - All Perils,Sedan,less than 20000,0,4238,8,400,4,more than 30,more than 30,none,more than 7,41 to 50,No,No,External,more than 5,no change,1 vehicle,1994,All Perils
3,1,6,Pontiac,Urban,2,1,1,Male,Married,44,Policy Holder,Sedan - Liability,Sport,20000 to 29000,0,4239,10,400,1,more than 30,more than 30,1,7 years,36 to 40,No,No,External,none,no change,1 vehicle,1994,Liability
1,4,5,Ford,Rural,2,3,5,Male,Married,45,Policy Holder,Sedan - Liability,Sport,30000 to 39000,0,4240,14,400,2,more than 30,more than 30,none,more than 7,36 to 40,No,No,External,more than 5,no change,1 vehicle,1994,Liability
2,4,5,Toyota,Urban,1,10,2,Female,Married,20,Policy Holder,Sedan - Liability,Sport,30000 to 39000,0,4241,11,400,3,more than 30,more than 30,1,3 years,21 to 25,No,No,External,1 to 2,no change,1 vehicle,1994,Liability
10,3,2,Toyota,Urban,3,9,4,Male,Single,22,Policy Holder,Sedan - Liability,Sport,20000 to 29000,0,4242,14,400,1,more than 30,more than 30,none,5 years,26 to 30,No,No,External,3 to 5,no change,1 vehicle,1994,Liability
6,3,4,Mazda,Urban,1,11,4,Female,Single,35,Policy Holder,Sedan - Liability,Sport,20000 to 29000,0,4243,1,400,3,more than 30,more than 30,2 to 4,6 years,31 to 35,No,No,External,1 to 2,4 to 8 years,2 vehicles,1994,Liability
11,1,4,Toyota,Urban,5,11,1,Male,Married,26,Policy Holder,Sedan - Collision,Sedan,20000 to 29000,0,4244,8,400,4,more than 30,more than 30,none,6 years,31 to 35,Yes,No,External,none,no change,1 vehicle,1994,Collision
11,1,4,Toyota,Urban,4,3,4,Male,Married,34,Policy Holder,Sedan - Collision,Sedan,20000 to 29000,0,4245,8,400,2,more than 30,more than 30,2 to 4,7 years,31 to 35,No,No,External,1 to 2,no change,1 vehicle,1994,Collision
3,5,6,Mazda,Urban,5,5,5,Female,Single,27,Policy Holder,Sedan - Collision,Sedan,20000 to 29000,0,4246,11,400,1,more than 30,more than 30,more than 4,5 years,31 to 35,No,No,External,none,no change,1 vehicle,1994,Collision
3,3,1,Chevrolet,Urban,2,3,4,Male,Single,29,Policy Holder,Sedan - Liability,Sport,20000 to 29000,0,4247,8,400,3,more than 30,more than 30,more than 4,7 years,31 to 35,No,No,External,1 to 2,no change,1 vehicle,1994,Liability
3,1,5,Mazda,Urban,5,3,2,Female,Married,53,Policy Holder,Sedan - All Perils,Sedan,more than 69000,0,4248,3,700,3,more than 30,more than 30,none,more than 7,41 to 50,No,No,External,3 to 5,no change,1 vehicle,1994,All Perils
3,1,7,Pontiac,Urban,1,4,4,Female,Single,23,Policy Holder,Sedan - All Perils,Sedan,less than 20000,0,4249,6,400,2,more than 30,more than 30,2 to 4,5 years,26 to 30,No,No,External,none,no change,1 vehicle,1994,All Perils
4,3,5,Mazda,Urban,2,4,3,Male,Single,32,Policy Holder,Sedan - Collision,Sedan,30000 to 39000,0,4250,10,400,3,more than 30,more than 30,1,7 years,31 to 35,No,No,External,none,no change,1 vehicle,1994,Collision
4,1,7,Toyota,Urban,1,3,1,Male,Married,33,Policy Holder,Sedan - Liability,Sport,20000 to 29000,0,4251,4,400,1,more than 30,more than 30,2 to 4,5 years,31 to 35,No,No,External,none,no change,1 vehicle,1994,Liability
3,3,3,Pontiac,Urban,4,3,5,Male,Married,54,Policy Holder,Sedan - Liability,Sport,more than 69000,0,4252,9,400,1,more than 30,more than 30,more than 4,more than 7,41 to 50,No,No,External,1 to 2,no change,1 vehicle,1994,Liability
3,3,4,Toyota,Urban,2,4,3,Male,Married,57,Policy Holder,Sedan - All Perils,Sedan,20000 to 29000,0,4253,5,400,1,more than 30,more than 30,1,more than 7,51 to 65,No,No,External,none,no change,1 vehicle,1994,All Perils
3,3,4,Pontiac,Urban,1,2,1,Male,Married,65,Policy Holder,Sedan - Collision,Sedan,30000 to 39000,0,4254,10,400,1,more than 30,more than 30,1,6 years,51 to 65,No,No,External,none,no change,1 vehicle,1994,Collision
2,4,2,Mazda,Urban,2,3,5,Male,Married,28,Policy Holder,Sedan - Collision,Sedan,more than 69000,0,4255,8,400,3,more than 30,more than 30,2 to 4,7 years,31 to 35,No,No,External,more than 5,no change,1 vehicle,1994,Collision
2,4,1,Pontiac,Urban,4,11,1,Male,Married,46,Policy Holder,Sedan - Collision,Sedan,30000 to 39000,0,4256,16,400,2,more than 30,more than 30,2 to 4,5 years,41 to 50,No,No,External,none,no change,1 vehicle,1994,Collision
2,3,7,Honda,Urban,2,1,3,Male,Single,27,Policy Holder,Sedan - Collision,Sedan,20000 to 29000,0,4257,7,400,4,more than 30,more than 30,2 to 4,6 years,31 to 35,No,No,External,none,no change,1 vehicle,1994,Collision
1,2,3,Chevrolet,Rural,1,9,2,Male,Single,28,Policy Holder,Sedan - Liability,Sport,20000 to 29000,0,4258,15,400,1,more than 30,more than 30,none,6 years,31 to 35,No,No,External,more than 5,no change,1 vehicle,1994,Liability
9,4,6,Honda,Urban,1,9,4,Male,Married,45,Third Party,Sedan - Collision,Sedan,20000 to 29000,0,4259,16,400,4,more than 30,more than 30,1,6 years,36 to 40,No,No,External,none,no change,1 vehicle,1994,Collision
9,4,6,Honda,Urban,4,10,4,Male,Single,34,Policy Holder,Sedan - Liability,Sport,20000 to 29000,0,4260,4,400,4,more than 30,more than 30,more than 4,6 years,31 to 35,No,No,External,none,no change,1 vehicle,1994,Liability
9,4,1,Mazda,Urban,4,2,3,Male,Married,42,Policy Holder,Sport - Collision,Sport,more than 69000,0,4261,10,400,4,more than 30,more than 30,2 to 4,7 years,36 to 40,No,No,External,none,no change,1 vehicle,1994,Collision
1,5,5,Mazda,Rural,5,11,3,Female,Married,31,Policy Holder,Sedan - Collision,Sedan,more than 69000,0,4262,5,400,4,more than 30,more than 30,1,7 years,31 to 35,No,No,External,more than 5,no change,1 vehicle,1994,Collision
11,4,3,Toyota,Urban,3,10,4,Male,Married,28,Policy Holder,Sedan - Collision,Sedan,20000 to 29000,0,4263,15,400,1,more than 30,more than 30,2 to 4,6 years,31 to 35,No,No,External,1 to 2,no change,1 vehicle,1994,Collision
10,3,1,Chevrolet,Urban,1,8,3,Male,Single,24,Policy Holder,Sedan - Liability,Sport,20000 to 29000,0,4264,16,400,2,more than 30,more than 30,2 to 4,4 years,26 to 30,No,No,External,1 to 2,4 to 8 years,2 vehicles,1994,Liability
8,3,5,Pontiac,Urban,2,8,3,Male,Single,32,Third Party,Sedan - Collision,Sedan,20000 to 29000,0,4265,6,400,3,more than 30,more than 30,1,6 years,31 to 35,No,No,External,more than 5,no change,3 to 4,1994,Collision
8,3,7,Mazda,Urban,2,6,4,Male,Married,44,Policy Holder,Sedan - Collision,Sedan,20000 to 29000,0,4266,15,400,2,more than 30,more than 30,2 to 4,7 years,36 to 40,No,No,External,more than 5,no change,1 vehicle,1994,Collision
6,1,1,Mazda,Urban,5,8,3,Male,Single,26,Policy Holder,Sedan - Liability,Sport,30000 to 39000,1,4267,8,400,2,more than 30,more than 30,2 to 4,6 years,31 to 35,No,No,External,none,no change,1 vehicle,1994,Liability
8,1,4,Mazda,Urban,2,12,2,Male,Married,40,Policy Holder,Sedan - Liability,Sport,30000 to 39000,0,4268,14,400,4,more than 30,more than 30,1,more than 7,36 to 40,No,No,External,1 to 2,no change,1 vehicle,1994,Liability
12,2,2,Pontiac,Urban,3,11,2,Male,Single,41,Policy Holder,Sedan - Liability,Sport,20000 to 29000,0,4269,1,400,4,more than 30,more than 30,1,more than 7,36 to 40,No,No,External,more than 5,no change,1 vehicle,1994,Liability
11,4,3,Pontiac,Urban,4,11,4,Male,Married,30,Policy Holder,Sedan - Liability,Sport,20000 to 29000,0,4270,14,400,3,more than 30,more than 30,2 to 4,6 years,31 to 35,No,No,External,3 to 5,no change,1 vehicle,1994,Liability
11,4,3,Mazda,Rural,4,11,5,Female,Married,31,Third Party,Sedan - All Perils,Sedan,20000 to 29000,0,4271,9,400,2,more than 30,more than 30,none,7 years,31 to 35,No,No,External,more than 5,no change,1 vehicle,1994,All Perils
11,4,6,Toyota,Rural,3,9,4,Female,Single,45,Third Party,Sedan - All Perils,Sedan,20000 to 29000,0,4272,13,400,2,more than 30,more than 30,none,7 years,36 to 40,No,No,External,3 to 5,no change,1 vehicle,1994,All Perils
9,2,1,Pontiac,Urban,2,8,2,Male,Married,49,Policy Holder,Sedan - Collision,Sedan,20000 to 29000,0,4273,5,400,3,more than 30,more than 30,none,7 years,41 to 50,No,No,External,none,no change,1 vehicle,1994,Collision
8,3,7,Pontiac,Urban,1,11,4,Male,Single,21,Policy Holder,Sedan - Collision,Sedan,20000 to 29000,0,4274,11,400,4,more than 30,more than 30,2 to 4,5 years,26 to 30,No,No,External,1 to 2,no change,1 vehicle,1994,Collision
11,2,7,Toyota,Urban,4,6,3,Male,Single,23,Policy Holder,Sedan - All Perils,Sedan,less than 20000,0,4275,12,400,2,more than 30,more than 30,1,5 years,26 to 30,No,No,External,more than 5,no change,1 vehicle,1994,All Perils
6,1,7,Mazda,Rural,2,7,2,Male,Married,41,Policy Holder,Sedan - All Perils,Sedan,20000 to 29000,1,4276,6,400,2,more than 30,more than 30,2 to 4,7 years,36 to 40,No,No,External,1 to 2,no change,1 vehicle,1994,All Perils
7,4,5,Pontiac,Urban,4,10,4,Male,Single,21,Third Party,Sedan - All Perils,Sedan,20000 to 29000,0,4277,16,400,3,more than 30,more than 30,2 to 4,5 years,26 to 30,No,No,External,none,no change,1 vehicle,1994,All Perils
7,3,7,Honda,Urban,2,7,2,Male,Married,29,Policy Holder,Sedan - Liability,Sport,20000 to 29000,0,4278,15,400,4,more than 30,more than 30,more than 4,7 years,31 to 35,No,No,External,none,1 year,1 vehicle,1994,Liability
7,1,6,Accura,Urban,1,4,1,Male,Single,27,Policy Holder,Sedan - All Perils,Sedan,20000 to 29000,0,4279,4,700,3,more than 30,more than 30,more than 4,7 years,31 to 35,No,No,External,3 to 5,no change,1 vehicle,1994,All Perils
4,4,3,Honda,Urban,4,5,4,Female,Married,34,Policy Holder,Sedan - Liability,Sport,20000 to 29000,0,4280,5,400,2,more than 30,more than 30,2 to 4,6 years,31 to 35,No,No,External,none,no change,1 vehicle,1994,Liability
5,2,2,Chevrolet,Rural,2,5,2,Male,Married,50,Policy Holder,Sedan - Collision,Sedan,more than 69000,0,4281,12,400,3,more than 30,more than 30,1,more than 7,41 to 50,No,No,External,more than 5,no change,1 vehicle,1994,Collision
5,3,5,Pontiac,Urban,4,6,3,Male,Single,24,Policy Holder,Sedan - Liability,Sport,20000 to 29000,0,4282,1,400,3,more than 30,more than 30,more than 4,4 years,26 to 30,No,No,External,1 to 2,no change,1 vehicle,1994,Liability
5,3,5,Honda,Urban,3,5,1,Male,Single,16,Third Party,Sport - Collision,Sport,more than 69000,0,4283,7,400,2,more than 30,more than 30,none,3 years,18 to 20,No,No,External,none,no change,1 vehicle,1994,Collision
5,3,6,Honda,Urban,5,9,4,Male,Married,33,Third Party,Sedan - All Perils,Sedan,20000 to 29000,0,4284,5,400,3,more than 30,more than 30,more than 4,6 years,31 to 35,No,No,External,more than 5,no change,1 vehicle,1994,All Perils
6,1,1,Honda,Rural,2,6,3,Male,Married,64,Policy Holder,Sedan - All Perils,Sedan,20000 to 29000,0,4285,3,500,3,more than 30,more than 30,1,more than 7,51 to 65,No,No,External,more than 5,2 to 3 years,2 vehicles,1994,All Perils
6,2,1,Honda,Urban,2,6,3,Male,Married,51,Policy Holder,Sedan - Liability,Sport,20000 to 29000,0,4286,2,400,2,more than 30,more than 30,more than 4,7 years,41 to 50,No,No,External,3 to 5,no change,1 vehicle,1994,Liability
6,3,7,Mazda,Urban,1,6,4,Male,Married,42,Policy Holder,Sedan - Liability,Sport,20000 to 29000,0,4287,14,400,3,more than 30,more than 30,2 to 4,7 years,36 to 40,No,No,External,3 to 5,no change,1 vehicle,1994,Liability
6,1,3,Toyota,Rural,4,7,1,Female,Single,28,Policy Holder,Sedan - All Perils,Sedan,less than 20000,1,4288,14,400,4,more than 30,more than 30,1,5 years,31 to 35,No,No,External,none,no change,1 vehicle,1994,All Perils
7,2,7,Chevrolet,Urban,2,8,3,Female,Single,48,Policy Holder,Sedan - Collision,Sedan,40000 to 59000,0,4289,2,400,2,more than 30,more than 30,1,7 years,41 to 50,No,No,External,none,no change,1 vehicle,1994,Collision
7,5,7,Honda,Rural,1,8,1,Male,Married,41,Policy Holder,Sedan - Liability,Sport,30000 to 39000,0,4290,4,400,4,more than 30,more than 30,none,7 years,36 to 40,No,No,Internal,1 to 2,no change,1 vehicle,1994,Liability
8,3,6,Mazda,Rural,3,9,5,Male,Married,54,Policy Holder,Sedan - Collision,Sedan,30000 to 39000,0,4291,11,400,2,more than 30,more than 30,none,more than 7,41 to 50,No,No,External,none,no change,1 vehicle,1994,Collision
8,2,1,Pontiac,Urban,4,10,2,Male,Married,46,Policy Holder,Sedan - Collision,Sedan,30000 to 39000,0,4292,5,400,1,more than 30,more than 30,none,more than 7,41 to 50,No,No,External,3 to 5,no change,1 vehicle,1994,Collision
8,5,4,Toyota,Urban,4,9,3,Male,Married,60,Third Party,Sedan - Collision,Sedan,20000 to 29000,0,4293,6,400,2,more than 30,more than 30,2 to 4,more than 7,51 to 65,No,No,External,none,no change,1 vehicle,1994,Collision
9,1,6,Toyota,Urban,1,9,1,Male,Married,44,Policy Holder,Sedan - Collision,Sedan,20000 to 29000,0,4294,8,400,1,more than 30,more than 30,more than 4,7 years,36 to 40,No,No,External,1 to 2,no change,1 vehicle,1994,Collision
9,2,7,Pontiac,Urban,1,9,2,Male,Single,36,Policy Holder,Sedan - Collision,Sedan,20000 to 29000,0,4295,13,400,2,more than 30,more than 30,more than 4,7 years,36 to 40,No,No,External,none,no change,1 vehicle,1994,Collision
9,3,1,Toyota,Urban,2,9,3,Male,Married,34,Policy Holder,Sedan - Liability,Sport,30000 to 39000,0,4296,11,400,4,more than 30,more than 30,2 to 4,7 years,31 to 35,No,No,External,none,no change,1 vehicle,1994,Liability
9,3,2,Pontiac,Urban,4,10,3,Male,Single,48,Policy Holder,Sedan - All Perils,Sedan,less than 20000,0,4297,1,400,3,more than 30,more than 30,none,7 years,41 to 50,No,No,External,none,no change,1 vehicle,1994,All Perils
9,4,3,Honda,Urban,1,10,4,Male,Married,43,Third Party,Sedan - All Perils,Sedan,20000 to 29000,0,4298,16,400,1,more than 30,more than 30,none,7 years,36 to 40,No,No,External,none,no change,1 vehicle,1994,All Perils
10,1,2,Honda,Urban,5,10,2,Male,Single,20,Policy Holder,Sport - Collision,Sport,more than 69000,0,4299,10,400,3,more than 30,more than 30,none,3 years,21 to 25,No,No,External,none,no change,1 vehicle,1994,Collision
10,2,7,Toyota,Urban,5,6,3,Female,Married,36,Policy Holder,Sedan - Liability,Sport,20000 to 29000,0,4300,5,400,2,more than 30,more than 30,2 to 4,7 years,36 to 40,No,No,External,none,no change,1 vehicle,1994,Liability
6,1,5,Toyota,Urban,1,11,2,Male,Married,37,Third Party,Sedan - All Perils,Sedan,20000 to 29000,0,4301,8,400,2,more than 30,more than 30,none,7 years,36 to 40,No,No,External,none,no change,1 vehicle,1994,All Perils
11,1,5,Pontiac,Urban,2,11,2,Female,Single,35,Policy Holder,Sedan - Liability,Sport,20000 to 29000,0,4302,10,400,1,more than 30,more than 30,2 to 4,5 years,31 to 35,No,No,External,3 to 5,no change,1 vehicle,1994,Liability
11,1,4,Pontiac,Urban,5,11,5,Female,Married,40,Third Party,Sedan - Collision,Sedan,20000 to 29000,0,4303,8,400,1,more than 30,more than 30,none,7 years,36 to 40,No,No,External,none,no change,1 vehicle,1994,Collision
11,2,4,Pontiac,Urban,5,11,3,Male,Single,28,Third Party,Sedan - Liability,Sport,20000 to 29000,0,4304,15,400,3,more than 30,more than 30,2 to 4,5 years,31 to 35,No,No,External,none,no change,1 vehicle,1994,Liability
11,2,1,Pontiac,Urban,2,6,2,Male,Married,57,Policy Holder,Sedan - Collision,Sedan,more than 69000,0,4305,3,400,2,more than 30,more than 30,none,more than 7,51 to 65,No,No,External,none,no change,1 vehicle,1994,Collision
6,1,1,Saab,Urban,3,12,2,Male,Married,45,Third Party,Sedan - All Perils,Sedan,30000 to 39000,0,4306,2,400,1,more than 30,more than 30,none,7 years,36 to 40,No,No,External,more than 5,4 to 8 years,3 to 4,1994,All Perils
12,2,1,Pontiac,Urban,2,12,3,Male,Married,38,Policy Holder,Sedan - Liability,Sport,20000 to 29000,0,4307,5,400,2,more than 30,more than 30,1,7 years,36 to 40,No,No,External,more than 5,no change,1 vehicle,1994,Liability
12,4,1,Pontiac,Urban,1,6,4,Male,Married,71,Policy Holder,Sedan - Liability,Sport,30000 to 39000,0,4308,7,400,3,more than 30,more than 30,2 to 4,more than 7,over 65,No,No,External,more than 5,no change,1 vehicle,1994,Liability
6,1,3,Pontiac,Urban,5,4,2,Male,Married,43,Policy Holder,Sedan - All Perils,Sedan,less than 20000,1,4309,11,400,1,more than 30,more than 30,1,7 years,36 to 40,No,No,External,none,no change,1 vehicle,1994,All Perils
4,3,2,Toyota,Urban,2,4,4,Male,Married,57,Policy Holder,Sedan - Collision,Sedan,20000 to 29000,0,4310,1,700,1,more than 30,more than 30,none,7 years,51 to 65,No,No,External,3 to 5,no change,1 vehicle,1994,Collision
4,3,4,Pontiac,Urban,3,5,3,Male,Married,35,Policy Holder,Sedan - Collision,Sedan,20000 to 29000,0,4311,7,400,3,more than 30,more than 30,more than 4,7 years,31 to 35,No,No,External,3 to 5,no change,1 vehicle,1994,Collision
4,4,5,Accura,Urban,3,5,1,Male,Married,44,Policy Holder,Sedan - All Perils,Sedan,20000 to 29000,0,4312,3,400,4,more than 30,more than 30,2 to 4,7 years,36 to 40,No,No,External,more than 5,no change,1 vehicle,1994,All Perils
5,2,4,Chevrolet,Rural,1,5,3,Male,Married,44,Third Party,Sedan - Collision,Sedan,more than 69000,0,4313,4,400,3,more than 30,more than 30,2 to 4,7 years,36 to 40,Yes,No,External,none,no change,1 vehicle,1994,Collision
5,2,1,Honda,Urban,2,6,3,Male,Single,39,Policy Holder,Sedan - Collision,Sedan,more than 69000,0,4314,16,400,3,more than 30,more than 30,more than 4,7 years,36 to 40,No,No,External,more than 5,no change,1 vehicle,1994,Collision
6,1,3,Pontiac,Urban,4,6,2,Male,Married,31,Policy Holder,Sedan - All Perils,Sedan,less than 20000,1,4315,13,400,3,more than 30,more than 30,1,7 years,31 to 35,No,No,External,none,no change,1 vehicle,1994,All Perils
5,5,1,Honda,Urban,2,6,2,Female,Married,38,Third Party,Sedan - All Perils,Sedan,20000 to 29000,0,4316,5,400,4,more than 30,more than 30,none,more than 7,36 to 40,No,No,External,1 to 2,no change,1 vehicle,1994,All Perils
6,1,2,Pontiac,Rural,6,7,2,Male,Married,30,Policy Holder,Sedan - Collision,Sedan,30000 to 39000,1,4317,7,400,3,more than 30,more than 30,2 to 4,6 years,31 to 35,No,No,External,none,no change,1 vehicle,1994,Collision
7,3,5,Pontiac,Urban,5,7,4,Male,Married,71,Third Party,Sedan - All Perils,Sedan,20000 to 29000,0,4318,14,400,2,more than 30,more than 30,2 to 4,more than 7,over 65,No,No,External,more than 5,no change,1 vehicle,1994,All Perils
7,4,7,Ford,Urban,2,8,4,Male,Married,54,Policy Holder,Sedan - Liability,Sport,30000 to 39000,0,4319,11,400,3,more than 30,more than 30,2 to 4,more than 7,41 to 50,No,No,External,none,no change,1 vehicle,1994,Liability
7,4,3,Toyota,Urban,4,7,1,Male,Married,37,Third Party,Sedan - Liability,Sport,30000 to 39000,0,4320,9,400,2,more than 30,more than 30,1,more than 7,36 to 40,No,No,Internal,more than 5,no change,1 vehicle,1994,Liability
7,4,3,Chevrolet,Urban,5,7,4,Male,Married,55,Policy Holder,Sedan - Liability,Sport,20000 to 29000,0,4321,8,400,4,more than 30,more than 30,1,more than 7,41 to 50,No,No,External,3 to 5,no change,1 vehicle,1994,Liability
7,4,7,Toyota,Urban,5,8,5,Male,Married,33,Policy Holder,Sedan - Liability,Sport,20000 to 29000,0,4322,10,400,2,more than 30,more than 30,2 to 4,7 years,31 to 35,No,No,External,none,no change,1 vehicle,1994,Liability
7,5,2,Honda,Urban,3,8,1,Female,Single,32,Policy Holder,Sedan - Liability,Sport,20000 to 29000,0,4323,10,400,4,more than 30,more than 30,2 to 4,6 years,31 to 35,No,No,External,none,no change,1 vehicle,1994,Liability
8,1,1,Mazda,Urban,2,9,1,Male,Married,39,Policy Holder,Sedan - Collision,Sedan,20000 to 29000,0,4324,9,400,4,more than 30,more than 30,1,7 years,36 to 40,No,No,External,more than 5,no change,1 vehicle,1994,Collision
8,5,7,Honda,Urban,1,11,2,Male,Married,44,Third Party,Sedan - Collision,Sedan,30000 to 39000,0,4325,11,400,1,more than 30,more than 30,2 to 4,7 years,36 to 40,No,No,External,3 to 5,no change,1 vehicle,1994,Collision
11,3,1,Pontiac,Urban,1,11,3,Male,Married,57,Policy Holder,Sedan - All Perils,Sedan,less than 20000,0,4326,6,400,4,more than 30,more than 30,2 to 4,more than 7,51 to 65,No,No,External,none,no change,1 vehicle,1994,All Perils
11,3,1,Mazda,Urban,5,11,4,Male,Married,60,Policy Holder,Sedan - Liability,Sport,more than 69000,0,4327,15,400,2,more than 30,more than 30,2 to 4,more than 7,51 to 65,No,No,External,none,4 to 8 years,2 vehicles,1994,Liability
11,3,5,Chevrolet,Urban,5,12,4,Male,Single,23,Third Party,Sedan - All Perils,Sedan,20000 to 29000,0,4328,9,400,2,more than 30,more than 30,2 to 4,5 years,26 to 30,No,No,External,none,no change,1 vehicle,1994,All Perils
12,1,2,Toyota,Urban,3,11,1,Male,Married,50,Policy Holder,Sedan - Liability,Sport,20000 to 29000,0,4329,16,400,3,more than 30,more than 30,more than 4,7 years,41 to 50,No,No,External,3 to 5,no change,1 vehicle,1994,Liability
11,4,7,Pontiac,Urban,1,11,4,Male,Single,27,Policy Holder,Sedan - All Perils,Sedan,20000 to 29000,0,4330,10,400,2,more than 30,more than 30,none,6 years,31 to 35,No,No,External,1 to 2,no change,1 vehicle,1994,All Perils
11,3,3,Pontiac,Urban,3,10,3,Male,Single,23,Third Party,Sedan - Liability,Sport,20000 to 29000,0,4331,14,400,1,more than 30,more than 30,2 to 4,5 years,26 to 30,No,No,External,none,no change,1 vehicle,1994,Liability
9,4,7,Toyota,Urban,5,9,1,Male,Married,29,Policy Holder,Sedan - Collision,Sedan,20000 to 29000,0,4332,12,400,1,more than 30,more than 30,none,6 years,31 to 35,No,No,External,1 to 2,no change,1 vehicle,1994,Collision
9,3,2,Mazda,Urban,4,9,4,Male,Single,34,Policy Holder,Sport - Collision,Sport,more than 69000,0,4333,16,400,4,more than 30,more than 30,none,5 years,31 to 35,No,No,External,none,no change,1 vehicle,1994,Collision
9,2,1,Chevrolet,Urban,2,6,5,Female,Married,48,Policy Holder,Sedan - Liability,Sport,30000 to 39000,0,4334,2,400,3,more than 30,more than 30,2 to 4,7 years,41 to 50,No,No,External,1 to 2,no change,1 vehicle,1994,Liability
6,1,5,Toyota,Urban,2,8,2,Male,Married,40,Policy Holder,Sedan - All Perils,Sedan,20000 to 29000,1,4335,14,400,3,more than 30,more than 30,1,7 years,36 to 40,No,No,External,none,no change,1 vehicle,1994,All Perils
8,3,1,Honda,Urban,5,12,4,Male,Single,30,Policy Holder,Sedan - All Perils,Sedan,20000 to 29000,0,4336,14,500,1,more than 30,more than 30,none,6 years,31 to 35,No,No,External,none,2 to 3 years,1 vehicle,1994,All Perils
7,5,2,Pontiac,Urban,3,6,1,Male,Single,31,Policy Holder,Sedan - Liability,Sport,20000 to 29000,0,4337,12,400,4,more than 30,more than 30,more than 4,6 years,31 to 35,No,No,External,3 to 5,no change,1 vehicle,1994,Liability
6,2,6,Pontiac,Urban,1,7,2,Male,Married,61,Policy Holder,Sedan - All Perils,Sedan,less than 20000,1,4338,3,400,1,more than 30,more than 30,1,more than 7,51 to 65,No,No,External,more than 5,no change,1 vehicle,1994,All Perils
7,4,3,Chevrolet,Rural,5,7,4,Male,Married,46,Third Party,Sedan - Liability,Sport,20000 to 29000,0,4339,8,400,2,more than 30,more than 30,more than 4,more than 7,41 to 50,No,No,Internal,1 to 2,no change,1 vehicle,1994,Liability
7,3,7,Chevrolet,Urban,2,6,5,Male,Single,29,Third Party,Sedan - Liability,Sport,20000 to 29000,0,4340,5,400,1,more than 30,more than 30,2 to 4,6 years,31 to 35,No,No,External,none,no change,1 vehicle,1994,Liability
6,1,6,Toyota,Urban,3,6,2,Male,Married,57,Policy Holder,Sedan - Liability,Sport,20000 to 29000,0,4341,3,700,2,more than 30,more than 30,2 to 4,7 years,51 to 65,No,No,External,none,no change,1 vehicle,1994,Liability
6,1,7,Honda,Rural,2,6,3,Male,Single,33,Policy Holder,Sedan - All Perils,Sedan,30000 to 39000,0,4342,4,400,3,more than 30,more than 30,2 to 4,6 years,31 to 35,No,No,External,none,no change,1 vehicle,1994,All Perils
5,5,1,Honda,Urban,3,6,1,Male,Single,25,Policy Holder,Sedan - Collision,Sedan,20000 to 29000,0,4343,13,400,3,more than 30,more than 30,2 to 4,5 years,26 to 30,No,No,External,1 to 2,no change,1 vehicle,1994,Collision
5,4,1,Pontiac,Urban,1,5,3,Male,Married,30,Policy Holder,Sedan - Collision,Sedan,30000 to 39000,0,4344,8,400,2,more than 30,more than 30,none,6 years,31 to 35,No,No,External,none,no change,1 vehicle,1994,Collision
5,3,2,Chevrolet,Urban,4,5,3,Male,Single,33,Policy Holder,Sedan - Liability,Sport,30000 to 39000,0,4345,5,400,2,more than 30,more than 30,2 to 4,7 years,31 to 35,No,No,External,3 to 5,no change,1 vehicle,1994,Liability
5,1,5,Mercury,Urban,2,5,1,Male,Married,62,Policy Holder,Sedan - Liability,Sport,20000 to 29000,0,4346,3,400,1,more than 30,more than 30,1,more than 7,51 to 65,No,No,External,none,no change,1 vehicle,1994,Liability
3,5,2,Pontiac,Urban,2,6,4,Male,Single,33,Policy Holder,Sedan - All Perils,Sedan,20000 to 29000,0,4347,5,400,4,more than 30,more than 30,2 to 4,6 years,31 to 35,No,No,External,3 to 5,no change,3 to 4,1994,All Perils
6,2,2,Mazda,Urban,5,12,3,Male,Single,32,Policy Holder,Sedan - All Perils,Sedan,less than 20000,1,4348,9,400,1,more than 30,more than 30,none,6 years,31 to 35,No,No,External,1 to 2,4 to 8 years,2 vehicles,1994,All Perils
12,2,5,Pontiac,Urban,5,12,3,Female,Married,42,Policy Holder,Sedan - Liability,Sport,less than 20000,0,4349,8,400,4,more than 30,more than 30,more than 4,7 years,36 to 40,No,No,External,3 to 5,no change,1 vehicle,1994,Liability
12,2,1,Toyota,Urban,1,11,2,Female,Married,30,Policy Holder,Sedan - Liability,Sport,20000 to 29000,0,4350,7,400,1,more than 30,more than 30,2 to 4,2 years,31 to 35,No,No,External,1 to 2,no change,1 vehicle,1994,Liability
11,5,5,Mazda,Urban,5,11,5,Male,Married,39,Policy Holder,Sedan - Liability,Sport,20000 to 29000,0,4351,15,400,2,more than 30,more than 30,2 to 4,7 years,36 to 40,No,No,External,1 to 2,no change,1 vehicle,1994,Liability
11,4,5,Chevrolet,Urban,2,11,4,Male,Married,37,Policy Holder,Sedan - Collision,Sedan,30000 to 39000,0,4352,15,400,1,more than 30,more than 30,2 to 4,7 years,36 to 40,No,No,External,more than 5,no change,1 vehicle,1994,Collision
11,4,4,Toyota,Urban,4,11,5,Male,Married,42,Third Party,Sedan - Collision,Sedan,20000 to 29000,0,4353,13,400,3,more than 30,more than 30,none,7 years,36 to 40,No,No,External,none,no change,1 vehicle,1994,Collision
11,4,4,Toyota,Urban,4,11,4,Male,Married,30,Policy Holder,Sedan - Collision,Sedan,20000 to 29000,0,4354,5,400,4,more than 30,more than 30,none,7 years,31 to 35,No,No,External,none,no change,1 vehicle,1994,Collision
11,4,2,Pontiac,Urban,3,6,4,Male,Single,26,Policy Holder,Sedan - Collision,Sedan,20000 to 29000,0,4355,6,400,4,more than 30,more than 30,2 to 4,5 years,31 to 35,Yes,No,External,none,no change,1 vehicle,1994,Collision
6,2,4,Honda,Urban,5,11,4,Male,Married,30,Policy Holder,Sedan - Collision,Sedan,30000 to 39000,1,4356,6,400,3,more than 30,more than 30,2 to 4,7 years,31 to 35,No,No,External,more than 5,no change,1 vehicle,1994,Collision
11,2,5,Honda,Urban,1,11,2,Male,Married,56,Policy Holder,Sedan - Liability,Sport,20000 to 29000,0,4357,10,400,4,more than 30,more than 30,2 to 4,more than 7,51 to 65,No,No,External,none,no change,1 vehicle,1994,Liability
11,1,2,Mazda,Urban,4,11,2,Male,Married,47,Policy Holder,Sedan - Liability,Sport,30000 to 39000,0,4358,1,400,4,more than 30,more than 30,1,more than 7,41 to 50,No,No,External,none,no change,1 vehicle,1994,Liability
11,1,3,Pontiac,Rural,4,6,4,Male,Married,42,Policy Holder,Sedan - Collision,Sedan,more than 69000,0,4359,11,400,3,more than 30,more than 30,1,more than 7,36 to 40,No,No,External,none,no change,1 vehicle,1994,Collision
6,2,3,Toyota,Urban,1,6,3,Female,Single,24,Third Party,Sedan - Collision,Sedan,20000 to 29000,0,4360,16,400,1,more than 30,more than 30,2 to 4,5 years,26 to 30,No,No,External,none,no change,1 vehicle,1994,Collision
6,2,2,Toyota,Rural,1,10,2,Male,Married,63,Policy Holder,Sedan - All Perils,Sedan,20000 to 29000,1,4361,7,400,2,more than 30,more than 30,none,7 years,51 to 65,No,No,External,1 to 2,no change,1 vehicle,1994,All Perils
10,2,5,Toyota,Urban,2,10,3,Male,Single,29,Policy Holder,Sedan - All Perils,Sedan,20000 to 29000,0,4362,3,400,1,more than 30,more than 30,1,7 years,31 to 35,No,No,External,more than 5,no change,1 vehicle,1994,All Perils
10,2,6,Toyota,Urban,2,10,2,Male,Married,43,Policy Holder,Sedan - Liability,Sport,30000 to 39000,0,4363,11,400,4,more than 30,more than 30,none,7 years,36 to 40,No,No,External,none,no change,1 vehicle,1994,Liability
10,2,4,Ford,Urban,1,10,2,Male,Married,67,Policy Holder,Sedan - All Perils,Sedan,less than 20000,0,4364,11,400,2,more than 30,more than 30,1,more than 7,over 65,No,No,External,none,no change,1 vehicle,1994,All Perils
10,1,2,Mazda,Urban,7,9,2,Female,Single,60,Third Party,Sedan - Collision,Sedan,30000 to 39000,0,4365,6,400,3,15 to 30,15 to 30,1,6 years,51 to 65,No,No,External,none,no change,1 vehicle,1994,Collision
9,3,4,Mazda,Urban,1,9,4,Male,Single,30,Policy Holder,Sedan - Liability,Sport,30000 to 39000,0,4366,15,400,1,more than 30,more than 30,none,7 years,31 to 35,No,No,Internal,more than 5,no change,1 vehicle,1994,Liability
9,4,1,Toyota,Urban,5,9,4,Male,Married,62,Policy Holder,Sedan - All Perils,Sedan,less than 20000,0,4367,8,400,2,more than 30,more than 30,1,more than 7,51 to 65,No,No,External,3 to 5,no change,1 vehicle,1994,All Perils
9,2,3,Ford,Urban,5,9,3,Male,Married,30,Policy Holder,Sedan - Collision,Sedan,30000 to 39000,0,4368,4,400,1,more than 30,more than 30,1,7 years,31 to 35,No,No,External,none,no change,1 vehicle,1994,Collision
9,2,4,Pontiac,Urban,1,9,2,Male,Married,60,Policy Holder,Sedan - All Perils,Sedan,20000 to 29000,0,4369,14,400,2,more than 30,more than 30,2 to 4,more than 7,51 to 65,No,No,External,more than 5,1 year,2 vehicles,1994,All Perils
9,1,3,Toyota,Urban,3,8,2,Male,Married,31,Policy Holder,Sedan - Liability,Sport,20000 to 29000,0,4370,5,400,2,more than 30,more than 30,more than 4,7 years,31 to 35,No,No,External,more than 5,no change,1 vehicle,1994,Liability
8,5,6,Mazda,Urban,1,8,5,Male,Married,45,Policy Holder,Sedan - Liability,Sport,20000 to 29000,0,4371,5,400,4,more than 30,more than 30,2 to 4,7 years,36 to 40,No,No,External,1 to 2,no change,1 vehicle,1994,Liability
8,3,2,Pontiac,Urban,2,8,4,Male,Married,31,Third Party,Sedan - Collision,Sedan,20000 to 29000,0,4372,3,400,4,more than 30,more than 30,1,6 years,31 to 35,No,No,External,none,no change,1 vehicle,1994,Collision
8,2,4,Chevrolet,Urban,2,8,2,Male,Married,40,Policy Holder,Utility - Liability,Utility,more than 69000,0,4373,5,400,1,more than 30,more than 30,2 to 4,7 years,36 to 40,No,No,External,3 to 5,no change,1 vehicle,1994,Liability
8,1,6,Toyota,Urban,4,8,2,Male,Married,36,Policy Holder,Sedan - Liability,Sport,20000 to 29000,0,4374,4,400,3,more than 30,more than 30,2 to 4,7 years,36 to 40,No,No,External,1 to 2,no change,1 vehicle,1994,Liability
7,5,3,Toyota,Rural,2,7,1,Male,Married,27,Policy Holder,Sedan - Collision,Sedan,20000 to 29000,0,4375,7,400,2,more than 30,more than 30,none,5 years,31 to 35,No,No,External,none,no change,1 vehicle,1994,Collision
6,2,7,Pontiac,Urban,1,7,1,Female,Married,45,Policy Holder,Sedan - All Perils,Sedan,20000 to 29000,1,4376,7,400,1,more than 30,more than 30,1,more than 7,36 to 40,No,No,External,1 to 2,no change,1 vehicle,1994,All Perils
7,3,4,Honda,Urban,1,6,3,Female,Married,32,Third Party,Sedan - Liability,Sport,less than 20000,0,4377,14,400,4,more than 30,more than 30,none,7 years,31 to 35,No,No,External,none,no change,1 vehicle,1994,Liability
6,2,5,Accura,Rural,1,7,4,Female,Married,52,Policy Holder,Sedan - Collision,Sedan,20000 to 29000,1,4378,9,400,2,more than 30,more than 30,2 to 4,7 years,41 to 50,No,No,External,1 to 2,no change,1 vehicle,1994,Collision
7,1,2,Pontiac,Urban,2,6,1,Male,Married,47,Policy Holder,Sedan - All Perils,Sedan,20000 to 29000,0,4379,15,400,1,more than 30,more than 30,1,more than 7,41 to 50,No,No,External,more than 5,no change,1 vehicle,1994,All Perils
6,5,1,Pontiac,Urban,2,6,5,Male,Married,29,Policy Holder,Sedan - Collision,Sedan,20000 to 29000,0,4380,9,400,2,more than 30,more than 30,1,4 years,31 to 35,No,No,External,more than 5,no change,1 vehicle,1994,Collision
6,3,2,Honda,Urban,1,6,5,Male,Single,0,Policy Holder,Sedan - Liability,Sport,more than 69000,0,4381,9,400,3,more than 30,more than 30,2 to 4,new,16 to 17,No,No,External,none,no change,1 vehicle,1994,Liability
6,3,2,Toyota,Urban,4,6,3,Male,Married,46,Policy Holder,Sedan - Liability,Sport,20000 to 29000,0,4382,4,400,4,more than 30,more than 30,2 to 4,more than 7,41 to 50,No,No,External,1 to 2,no change,1 vehicle,1994,Liability
6,3,3,Honda,Urban,2,7,3,Male,Married,27,Third Party,Sedan - Liability,Sport,20000 to 29000,0,4383,13,400,2,more than 30,more than 30,none,6 years,31 to 35,No,No,External,more than 5,no change,1 vehicle,1994,Liability
6,1,5,Mazda,Urban,3,6,2,Male,Married,53,Policy Holder,Sedan - Collision,Sedan,20000 to 29000,0,4384,8,400,1,more than 30,more than 30,none,7 years,41 to 50,No,No,External,none,no change,1 vehicle,1994,Collision
6,2,4,Honda,Urban,5,7,5,Male,Single,26,Third Party,Sedan - Collision,Sedan,20000 to 29000,0,4385,10,400,2,more than 30,more than 30,1,7 years,31 to 35,No,No,External,more than 5,no change,1 vehicle,1994,Collision
6,1,1,Mazda,Urban,2,5,3,Female,Single,22,Policy Holder,Sedan - All Perils,Sedan,20000 to 29000,0,4386,1,400,1,more than 30,more than 30,1,5 years,26 to 30,No,No,External,none,no change,1 vehicle,1994,All Perils
5,4,5,Mazda,Urban,1,5,4,Male,Married,29,Policy Holder,Sedan - Liability,Sport,30000 to 39000,0,4387,3,500,2,more than 30,more than 30,1,7 years,31 to 35,No,No,External,none,2 to 3 years,1 vehicle,1994,Liability
5,3,4,Dodge,Urban,3,6,4,Female,Married,29,Policy Holder,Sedan - All Perils,Sedan,20000 to 29000,0,4388,1,400,2,more than 30,more than 30,none,6 years,31 to 35,No,No,External,none,no change,3 to 4,1994,All Perils
5,3,5,Mazda,Urban,1,4,2,Male,Single,32,Third Party,Sedan - All Perils,Sedan,less than 20000,0,4389,5,400,1,more than 30,more than 30,1,5 years,31 to 35,No,No,External,none,no change,1 vehicle,1994,All Perils
4,4,5,Pontiac,Urban,1,4,4,Male,Married,59,Policy Holder,Sedan - All Perils,Sedan,20000 to 29000,0,4390,8,400,4,more than 30,more than 30,2 to 4,more than 7,51 to 65,No,No,External,1 to 2,4 to 8 years,2 vehicles,1994,All Perils
4,4,5,Pontiac,Urban,1,1,4,Male,Married,53,Policy Holder,Sedan - Liability,Sport,20000 to 29000,0,4391,7,400,4,more than 30,more than 30,none,more than 7,41 to 50,No,No,External,none,no change,1 vehicle,1994,Liability
1,4,3,Honda,Urban,4,12,4,Male,Married,27,Third Party,Sedan - Collision,Sedan,20000 to 29000,0,4392,4,400,1,more than 30,more than 30,none,7 years,31 to 35,No,No,External,none,no change,1 vehicle,1994,Collision
11,5,2,Toyota,Urban,5,12,1,Female,Single,34,Policy Holder,Sedan - Collision,Sedan,30000 to 39000,0,4393,3,400,2,more than 30,more than 30,1,6 years,31 to 35,No,No,External,none,no change,1 vehicle,1994,Collision
11,5,1,Toyota,Urban,4,9,1,Male,Married,26,Policy Holder,Sedan - Collision,Sedan,less than 20000,0,4394,9,400,2,more than 30,more than 30,none,6 years,31 to 35,No,No,External,none,no change,1 vehicle,1994,Collision
9,4,5,Mazda,Rural,2,6,5,Male,Married,42,Policy Holder,Sedan - Collision,Sedan,20000 to 29000,0,4395,15,400,4,more than 30,more than 30,more than 4,6 years,36 to 40,Yes,No,External,1 to 2,no change,1 vehicle,1994,Collision
6,2,4,Pontiac,Urban,3,12,3,Male,Single,34,Policy Holder,Sedan - Collision,Sedan,20000 to 29000,1,4396,12,400,4,more than 30,more than 30,2 to 4,6 years,31 to 35,No,No,External,1 to 2,no change,1 vehicle,1994,Collision
12,1,5,Honda,Urban,1,6,4,Female,Married,50,Policy Holder,Sedan - Collision,Sedan,30000 to 39000,0,4397,8,400,2,more than 30,more than 30,none,6 years,41 to 50,No,No,External,none,no change,1 vehicle,1994,Collision
6,2,3,Toyota,Urban,3,10,3,Male,Single,35,Policy Holder,Sedan - All Perils,Sedan,20000 to 29000,1,4398,7,400,1,more than 30,more than 30,1,6 years,31 to 35,No,No,External,more than 5,no change,1 vehicle,1994,All Perils
10,1,5,Chevrolet,Urban,6,10,1,Male,Married,55,Policy Holder,Sedan - Collision,Sedan,30000 to 39000,0,4399,11,400,4,more than 30,more than 30,none,7 years,41 to 50,No,No,External,none,no change,1 vehicle,1994,Collision
10,1,1,Honda,Rural,1,12,2,Female,Single,41,Policy Holder,Sedan - Collision,Sedan,20000 to 29000,0,4400,1,400,3,more than 30,more than 30,1,7 years,36 to 40,No,No,External,more than 5,no change,1 vehicle,1994,Collision
12,2,7,VW,Urban,5,12,2,Male,Married,41,Policy Holder,Sedan - Liability,Sport,40000 to 59000,0,4401,14,400,1,more than 30,more than 30,1,7 years,36 to 40,No,No,External,1 to 2,no change,1 vehicle,1994,Liability
12,2,2,Toyota,Urban,2,1,3,Male,Married,43,Third Party,Sedan - All Perils,Sedan,30000 to 39000,0,4402,5,400,2,more than 30,more than 30,1,more than 7,36 to 40,No,No,External,none,no change,1 vehicle,1994,All Perils
1,2,7,Pontiac,Urban,2,10,2,Male,Married,38,Policy Holder,Sedan - All Perils,Sedan,more than 69000,0,4403,10,700,4,more than 30,more than 30,2 to 4,more than 7,36 to 40,No,No,External,none,no change,1 vehicle,1994,All Perils
10,3,1,Mazda,Urban,2,12,4,Male,Married,49,Policy Holder,Sedan - Liability,Sport,20000 to 29000,0,4404,10,400,2,more than 30,more than 30,2 to 4,6 years,41 to 50,No,No,External,none,no change,1 vehicle,1994,Liability
12,4,6,Toyota,Urban,1,8,4,Female,Married,40,Policy Holder,Sedan - Collision,Sedan,30000 to 39000,0,4405,8,400,3,more than 30,more than 30,none,7 years,36 to 40,No,No,External,more than 5,no change,1 vehicle,1994,Collision
8,2,6,Honda,Urban,1,3,2,Female,Widow,59,Policy Holder,Sedan - All Perils,Sedan,20000 to 29000,0,4406,3,400,4,more than 30,more than 30,more than 4,7 years,51 to 65,No,No,External,1 to 2,no change,1 vehicle,1994,All Perils
3,2,7,Honda,Urban,5,2,3,Male,Single,0,Third Party,Sedan - Liability,Sport,more than 69000,0,4407,16,400,2,more than 30,more than 30,2 to 4,new,16 to 17,No,No,External,none,no change,1 vehicle,1994,Liability
2,1,4,Pontiac,Urban,1,3,2,Male,Married,29,Policy Holder,Sedan - Liability,Sport,20000 to 29000,0,4408,12,400,1,more than 30,more than 30,more than 4,6 years,31 to 35,No,No,External,none,no change,1 vehicle,1994,Liability
2,4,7,Honda,Urban,1,3,4,Male,Single,0,Policy Holder,Sedan - Liability,Sport,more than 69000,0,4409,8,400,3,more than 30,more than 30,more than 4,new,16 to 17,No,No,External,none,no change,1 vehicle,1994,Liability
2,4,2,Honda,Urban,2,2,2,Male,Married,60,Third Party,Sedan - All Perils,Sedan,20000 to 29000,0,4410,2,400,1,more than 30,more than 30,none,7 years,51 to 65,No,No,External,3 to 5,no change,1 vehicle,1994,All Perils
2,4,3,Pontiac,Urban,5,4,4,Female,Single,34,Policy Holder,Sedan - Liability,Sport,20000 to 29000,0,4411,7,400,3,more than 30,more than 30,more than 4,7 years,31 to 35,No,No,External,more than 5,4 to 8 years,2 vehicles,1994,Liability
3,4,4,Mazda,Urban,4,4,2,Male,Married,44,Policy Holder,Sedan - Collision,Sedan,20000 to 29000,0,4412,8,400,1,more than 30,more than 30,1,7 years,36 to 40,No,No,External,more than 5,no change,1 vehicle,1994,Collision
3,4,4,Honda,Urban,3,3,3,Male,Married,33,Policy Holder,Sport - Collision,Sport,more than 69000,0,4413,1,400,2,more than 30,more than 30,more than 4,7 years,31 to 35,No,No,External,more than 5,no change,1 vehicle,1994,Collision
2,4,3,Chevrolet,Urban,2,6,1,Male,Married,37,Policy Holder,Sedan - Liability,Sport,30000 to 39000,0,4414,2,400,2,more than 30,more than 30,2 to 4,6 years,36 to 40,No,No,External,none,no change,1 vehicle,1994,Liability
3,5,2,Honda,Rural,5,3,1,Male,Single,21,Policy Holder,Sedan - All Perils,Sedan,20000 to 29000,0,4415,6,400,1,more than 30,more than 30,2 to 4,5 years,26 to 30,No,No,External,none,no change,1 vehicle,1994,All Perils
3,5,2,Accura,Urban,3,6,5,Male,Married,62,Third Party,Sedan - All Perils,Sedan,30000 to 39000,0,4416,12,400,1,more than 30,more than 30,2 to 4,more than 7,51 to 65,No,No,External,none,no change,1 vehicle,1994,All Perils
6,4,4,Pontiac,Urban,6,1,5,Male,Married,62,Policy Holder,Utility - All Perils,Utility,more than 69000,0,4417,12,400,3,more than 30,more than 30,2 to 4,more than 7,51 to 65,No,No,External,none,no change,1 vehicle,1994,All Perils
12,4,3,Mazda,Urban,5,8,1,Female,Married,27,Third Party,Sedan - Collision,Sedan,20000 to 29000,0,4418,14,400,2,more than 30,more than 30,1,7 years,31 to 35,No,No,External,none,no change,1 vehicle,1994,Collision
8,2,3,Pontiac,Urban,4,3,3,Male,Single,34,Policy Holder,Sedan - Liability,Sport,20000 to 29000,0,4419,11,400,1,more than 30,more than 30,2 to 4,7 years,31 to 35,No,No,External,1 to 2,no change,1 vehicle,1994,Liability
3,4,1,Saab,Urban,2,3,4,Male,Married,47,Third Party,Sedan - All Perils,Sedan,30000 to 39000,0,4420,5,400,1,more than 30,more than 30,2 to 4,7 years,41 to 50,No,No,External,none,no change,1 vehicle,1994,All Perils
3,4,5,Pontiac,Urban,1,5,4,Male,Married,41,Policy Holder,Sedan - All Perils,Sedan,less than 20000,0,4421,6,400,4,more than 30,more than 30,none,7 years,36 to 40,No,No,External,1 to 2,no change,1 vehicle,1994,All Perils
4,5,6,Mazda,Urban,4,6,2,Male,Married,41,Third Party,Sedan - All Perils,Sedan,20000 to 29000,0,4422,10,400,2,more than 30,more than 30,2 to 4,7 years,36 to 40,No,No,External,more than 5,no change,1 vehicle,1994,All Perils
6,2,3,Chevrolet,Urban,3,6,3,Male,Married,61,Third Party,Sedan - All Perils,Sedan,more than 69000,0,4423,1,400,3,more than 30,more than 30,1,more than 7,51 to 65,No,No,External,1 to 2,no change,1 vehicle,1994,All Perils
5,4,5,Honda,Urban,1,5,1,Male,Single,33,Policy Holder,Sedan - Liability,Sport,more than 69000,0,4424,11,400,4,more than 30,more than 30,more than 4,6 years,31 to 35,No,No,External,more than 5,no change,1 vehicle,1994,Liability
4,5,1,Accura,Urban,2,6,2,Male,Married,32,Policy Holder,Sedan - All Perils,Sedan,more than 69000,0,4425,12,400,4,more than 30,more than 30,1,6 years,31 to 35,No,No,External,none,no change,1 vehicle,1994,All Perils
6,4,7,Toyota,Urban,3,6,5,Male,Single,35,Policy Holder,Sedan - Liability,Sport,30000 to 39000,0,4426,4,400,1,more than 30,more than 30,2 to 4,6 years,31 to 35,No,No,External,more than 5,no change,1 vehicle,1994,Liability
6,4,5,Pontiac,Urban,2,7,5,Male,Married,64,Policy Holder,Sedan - Liability,Sport,30000 to 39000,0,4427,6,400,3,more than 30,more than 30,more than 4,more than 7,51 to 65,No,No,External,3 to 5,no change,1 vehicle,1994,Liability
7,2,3,Honda,Urban,5,7,2,Male,Married,55,Third Party,Sedan - Collision,Sedan,30000 to 39000,0,4428,2,400,3,more than 30,more than 30,2 to 4,6 years,41 to 50,No,No,External,none,no change,1 vehicle,1994,Collision
7,1,6,Pontiac,Urban,3,7,3,Male,Married,29,Policy Holder,Sedan - Liability,Sport,20000 to 29000,0,4429,14,400,4,more than 30,more than 30,2 to 4,7 years,31 to 35,No,No,External,1 to 2,no change,3 to 4,1994,Liability
6,2,2,Toyota,Urban,2,8,3,Male,Married,40,Third Party,Sedan - Collision,Sedan,20000 to 29000,0,4430,2,400,1,more than 30,more than 30,2 to 4,7 years,36 to 40,No,No,External,none,no change,1 vehicle,1994,Collision
8,3,6,Pontiac,Urban,1,7,3,Male,Married,55,Policy Holder,Sedan - Collision,Sedan,20000 to 29000,0,4431,14,400,3,more than 30,more than 30,none,7 years,41 to 50,No,No,External,none,no change,1 vehicle,1994,Collision
7,2,4,Honda,Urban,3,10,2,Male,Married,23,Policy Holder,Sedan - Collision,Sedan,20000 to 29000,0,4432,14,400,1,more than 30,more than 30,2 to 4,5 years,26 to 30,No,No,External,1 to 2,4 to 8 years,2 vehicles,1994,Collision
10,2,4,Mazda,Urban,5,10,3,Female,Married,50,Policy Holder,Sedan - Liability,Sport,30000 to 39000,0,4433,4,400,1,more than 30,more than 30,none,7 years,41 to 50,No,No,External,none,no change,1 vehicle,1994,Liability
10,4,1,Honda,Urban,1,4,5,Male,Married,41,Third Party,Sedan - Collision,Sedan,30000 to 39000,0,4434,7,700,1,more than 30,more than 30,2 to 4,7 years,36 to 40,No,No,External,3 to 5,no change,1 vehicle,1994,Collision
4,1,2,Chevrolet,Urban,1,6,1,Male,Married,48,Policy Holder,Sedan - Collision,Sedan,20000 to 29000,0,4435,2,400,2,more than 30,more than 30,none,more than 7,41 to 50,No,No,External,1 to 2,no change,1 vehicle,1994,Collision
6,1,6,Pontiac,Urban,3,7,2,Female,Single,24,Third Party,Sedan - All Perils,Sedan,20000 to 29000,0,4436,14,400,4,more than 30,more than 30,none,3 years,26 to 30,No,No,External,more than 5,no change,1 vehicle,1994,All Perils
4,4,5,Mazda,Urban,5,7,1,Male,Married,64,Policy Holder,Sport - Collision,Sport,more than 69000,0,4437,5,400,1,more than 30,more than 30,1,6 years,51 to 65,No,No,External,none,no change,1 vehicle,1994,Collision
6,5,6,Honda,Urban,1,11,4,Male,Married,56,Policy Holder,Sport - Collision,Sport,more than 69000,0,4438,11,500,2,more than 30,more than 30,none,more than 7,51 to 65,No,No,External,none,2 to 3 years,1 vehicle,1994,Collision
11,1,6,Toyota,Urban,4,11,3,Male,Married,61,Third Party,Sedan - All Perils,Sedan,20000 to 29000,0,4439,8,400,2,more than 30,more than 30,none,7 years,51 to 65,No,No,External,none,no change,1 vehicle,1994,All Perils
10,5,4,Pontiac,Urban,4,10,1,Male,Married,33,Policy Holder,Sedan - Collision,Sedan,30000 to 39000,0,4440,11,400,1,more than 30,more than 30,2 to 4,6 years,31 to 35,No,No,External,more than 5,no change,1 vehicle,1994,Collision
10,4,6,Mazda,Urban,5,8,4,Male,Single,45,Policy Holder,Sedan - Liability,Sport,30000 to 39000,0,4441,10,400,1,more than 30,more than 30,2 to 4,7 years,36 to 40,No,No,External,none,no change,1 vehicle,1994,Liability
8,1,1,Mazda,Urban,2,7,2,Male,Single,29,Policy Holder,Sedan - All Perils,Sedan,30000 to 39000,0,4442,5,400,2,more than 30,more than 30,none,6 years,31 to 35,No,No,External,more than 5,no change,1 vehicle,1994,All Perils
7,3,5,Chevrolet,Urban,2,7,3,Male,Married,50,Policy Holder,Sedan - Collision,Sedan,20000 to 29000,0,4443,11,400,2,more than 30,more than 30,none,7 years,41 to 50,No,No,External,none,no change,1 vehicle,1994,Collision
7,3,3,Mazda,Urban,4,6,3,Male,Married,51,Policy Holder,Sedan - All Perils,Sedan,20000 to 29000,0,4444,11,400,1,more than 30,more than 30,1,more than 7,41 to 50,No,No,External,none,no change,1 vehicle,1994,All Perils
6,3,7,Mazda,Urban,3,3,3,Male,Single,34,Policy Holder,Sedan - Collision,Sedan,20000 to 29000,0,4445,16,400,3,more than 30,more than 30,1,6 years,31 to 35,No,No,External,1 to 2,no change,1 vehicle,1994,Collision
3,4,5,Pontiac,Urban,3,3,5,Male,Married,35,Policy Holder,Sedan - Collision,Sedan,less than 20000,0,4446,7,400,2,more than 30,more than 30,1,6 years,31 to 35,No,No,External,3 to 5,no change,1 vehicle,1994,Collision
3,4,2,Pontiac,Urban,6,3,5,Male,Married,56,Policy Holder,Utility - All Perils,Utility,more than 69000,0,4447,15,400,4,more than 30,more than 30,more than 4,more than 7,51 to 65,No,No,External,more than 5,no change,1 vehicle,1994,All Perils
3,4,7,Toyota,Urban,3,6,4,Male,Single,20,Third Party,Sedan - All Perils,Sedan,30000 to 39000,0,4448,5,400,3,more than 30,more than 30,more than 4,4 years,21 to 25,No,No,External,3 to 5,no change,1 vehicle,1994,All Perils
6,2,2,Accura,Urban,1,11,5,Male,Married,29,Policy Holder,Sedan - Collision,Sedan,30000 to 39000,1,4449,11,400,4,more than 30,more than 30,2 to 4,7 years,31 to 35,No,No,External,none,no change,1 vehicle,1994,Collision
10,4,2,Honda,Urban,4,10,2,Male,Married,63,Policy Holder,Sedan - Collision,Sedan,20000 to 29000,0,4450,4,400,1,more than 30,more than 30,2 to 4,more than 7,51 to 65,No,No,External,more than 5,no change,1 vehicle,1994,Collision
10,3,3,Mazda,Urban,5,10,3,Male,Married,40,Third Party,Sedan - All Perils,Sedan,20000 to 29000,0,4451,4,400,3,more than 30,more than 30,1,7 years,36 to 40,No,No,External,3 to 5,no change,1 vehicle,1994,All Perils
10,3,6,Toyota,Urban,4,10,5,Male,Single,27,Third Party,Sedan - Collision,Sedan,20000 to 29000,0,4452,7,400,3,more than 30,more than 30,1,5 years,31 to 35,No,No,External,more than 5,no change,1 vehicle,1994,Collision
9,4,5,Pontiac,Urban,2,7,4,Male,Married,42,Third Party,Sedan - Collision,Sedan,less than 20000,0,4453,2,400,1,more than 30,more than 30,none,more than 7,36 to 40,No,No,External,3 to 5,4 to 8 years,2 vehicles,1994,Collision
7,1,6,Accura,Urban,3,6,2,Female,Divorced,45,Policy Holder,Sedan - Liability,Sport,30000 to 39000,0,4454,1,400,1,more than 30,more than 30,2 to 4,7 years,36 to 40,No,No,External,more than 5,no change,1 vehicle,1994,Liability
6,2,1,Chevrolet,Urban,1,6,3,Male,Single,35,Policy Holder,Sedan - Collision,Sedan,20000 to 29000,0,4455,8,400,3,more than 30,more than 30,1,6 years,31 to 35,No,No,External,none,no change,1 vehicle,1994,Collision
5,5,7,Accura,Urban,3,6,1,Male,Married,36,Policy Holder,Sedan - All Perils,Sedan,40000 to 59000,0,4456,5,400,1,more than 30,more than 30,none,more than 7,36 to 40,No,No,External,more than 5,no change,1 vehicle,1994,All Perils
5,1,5,Honda,Urban,1,4,3,Male,Married,43,Policy Holder,Sedan - Collision,Sedan,less than 20000,0,4457,11,400,1,more than 30,more than 30,none,7 years,36 to 40,No,No,External,none,no change,1 vehicle,1994,Collision
4,2,1,Pontiac,Rural,2,4,2,Male,Married,27,Policy Holder,Sedan - Liability,Sport,20000 to 29000,0,4458,7,400,2,more than 30,more than 30,1,7 years,31 to 35,No,No,External,more than 5,no change,1 vehicle,1994,Liability
4,1,3,Saab,Urban,1,4,1,Male,Married,44,Policy Holder,Sedan - Collision,Sedan,30000 to 39000,0,4459,11,400,3,more than 30,more than 30,none,more than 7,36 to 40,No,No,External,more than 5,no change,1 vehicle,1994,Collision
4,1,5,Toyota,Urban,1,11,2,Male,Single,30,Third Party,Sedan - Liability,Sport,30000 to 39000,0,4460,12,400,3,more than 30,more than 30,more than 4,7 years,31 to 35,No,No,External,3 to 5,1 year,1 vehicle,1994,Liability
11,1,2,Toyota,Urban,2,6,3,Male,Married,51,Third Party,Sedan - Collision,Sedan,40000 to 59000,0,4461,12,400,3,more than 30,more than 30,2 to 4,more than 7,41 to 50,No,No,External,3 to 5,no change,1 vehicle,1994,Collision
6,4,1,Mazda,Urban,1,6,4,Female,Married,54,Policy Holder,Sedan - Liability,Sport,20000 to 29000,0,4462,6,400,4,more than 30,more than 30,none,more than 7,41 to 50,No,No,External,more than 5,no change,1 vehicle,1994,Liability
6,2,3,Toyota,Urban,2,4,4,Male,Married,54,Policy Holder,Sedan - Collision,Sedan,20000 to 29000,1,4463,8,400,1,more than 30,more than 30,1,7 years,41 to 50,No,No,External,3 to 5,no change,1 vehicle,1994,Collision
4,2,1,Pontiac,Urban,3,9,3,Male,Single,34,Policy Holder,Sedan - All Perils,Sedan,less than 20000,0,4464,3,400,2,8 to 15,15 to 30,1,5 years,31 to 35,No,No,External,none,no change,1 vehicle,1994,All Perils
3,1,6,Dodge,Urban,1,3,4,Male,Married,30,Third Party,Sedan - Collision,Sedan,30000 to 39000,0,4465,3,700,3,more than 30,more than 30,1,7 years,31 to 35,No,No,External,none,no change,1 vehicle,1994,Collision
3,1,4,Chevrolet,Urban,5,3,1,Male,Married,54,Policy Holder,Utility - All Perils,Utility,more than 69000,0,4466,11,400,2,more than 30,more than 30,2 to 4,6 years,41 to 50,No,No,External,none,no change,1 vehicle,1994,All Perils
3,1,1,Mazda,Urban,4,6,1,Male,Single,32,Third Party,Sedan - Collision,Sedan,20000 to 29000,0,4467,11,400,1,more than 30,more than 30,none,6 years,31 to 35,No,No,External,1 to 2,no change,1 vehicle,1994,Collision
6,2,1,Pontiac,Urban,3,6,3,Male,Married,37,Policy Holder,Sedan - All Perils,Sedan,less than 20000,1,4468,13,400,3,more than 30,more than 30,2 to 4,6 years,36 to 40,No,No,External,more than 5,no change,1 vehicle,1994,All Perils
6,2,5,VW,Urban,2,3,5,Male,Married,64,Policy Holder,Sedan - All Perils,Sedan,more than 69000,1,4469,7,400,1,more than 30,more than 30,1,more than 7,51 to 65,No,No,External,1 to 2,no change,1 vehicle,1994,All Perils
3,1,3,Chevrolet,Urban,1,7,2,Male,Married,35,Policy Holder,Sedan - Collision,Sedan,30000 to 39000,0,4470,8,400,1,more than 30,more than 30,none,5 years,31 to 35,No,No,External,none,no change,3 to 4,1994,Collision
7,3,1,Toyota,Urban,3,8,4,Male,Single,24,Policy Holder,Sedan - Collision,Sedan,20000 to 29000,0,4471,1,400,1,more than 30,more than 30,2 to 4,5 years,26 to 30,No,No,External,1 to 2,no change,1 vehicle,1994,Collision
8,1,4,Mazda,Urban,5,11,1,Male,Married,31,Policy Holder,Sedan - Liability,Sport,30000 to 39000,0,4472,1,400,3,more than 30,more than 30,1,7 years,31 to 35,No,No,External,more than 5,no change,1 vehicle,1994,Liability
11,3,1,Pontiac,Urban,1,11,4,Male,Married,63,Policy Holder,Sedan - All Perils,Sedan,20000 to 29000,0,4473,11,400,2,more than 30,more than 30,none,more than 7,51 to 65,No,No,External,more than 5,no change,1 vehicle,1994,All Perils
11,4,4,Honda,Urban,3,12,4,Female,Single,29,Policy Holder,Sedan - Collision,Sedan,20000 to 29000,0,4474,2,400,1,more than 30,more than 30,2 to 4,7 years,31 to 35,No,No,External,none,4 to 8 years,2 vehicles,1994,Collision
12,2,4,Pontiac,Rural,5,5,3,Male,Married,43,Policy Holder,Sedan - Collision,Sedan,30000 to 39000,0,4475,7,400,2,more than 30,more than 30,1,more than 7,36 to 40,No,No,External,more than 5,no change,1 vehicle,1994,Collision
5,1,7,Toyota,Urban,1,6,1,Male,Married,54,Policy Holder,Sedan - Liability,Sport,20000 to 29000,0,4476,6,400,4,more than 30,more than 30,2 to 4,7 years,41 to 50,No,No,External,1 to 2,no change,1 vehicle,1994,Liability
6,2,3,Toyota,Urban,3,8,2,Male,Married,33,Policy Holder,Sedan - Collision,Sedan,30000 to 39000,0,4477,12,400,3,more than 30,more than 30,2 to 4,6 years,31 to 35,No,No,External,1 to 2,no change,1 vehicle,1994,Collision
8,2,6,Pontiac,Urban,1,8,3,Female,Single,40,Policy Holder,Sedan - Liability,Sport,20000 to 29000,0,4478,13,400,4,more than 30,more than 30,none,7 years,36 to 40,No,No,External,more than 5,no change,1 vehicle,1994,Liability
8,2,1,Chevrolet,Urban,1,8,3,Female,Married,27,Policy Holder,Sedan - Collision,Sedan,20000 to 29000,0,4479,12,400,1,more than 30,more than 30,none,5 years,31 to 35,Yes,No,External,3 to 5,no change,1 vehicle,1994,Collision
8,4,6,Pontiac,Urban,4,9,4,Male,Married,48,Policy Holder,Sedan - Liability,Sport,30000 to 39000,0,4480,10,400,4,more than 30,more than 30,2 to 4,more than 7,41 to 50,No,No,External,more than 5,no change,1 vehicle,1994,Liability
9,2,2,Pontiac,Urban,5,10,3,Female,Married,42,Third Party,Sedan - Collision,Sedan,20000 to 29000,0,4481,4,400,1,more than 30,more than 30,none,7 years,36 to 40,No,No,External,none,no change,1 vehicle,1994,Collision
10,2,5,Toyota,Urban,2,11,2,Male,Married,34,Policy Holder,Sedan - All Perils,Sedan,less than 20000,0,4482,13,400,3,more than 30,more than 30,none,7 years,31 to 35,No,No,External,none,no change,1 vehicle,1994,All Perils
11,4,6,Honda,Urban,3,11,5,Female,Married,30,Third Party,Sedan - All Perils,Sedan,20000 to 29000,0,4483,14,400,1,more than 30,more than 30,2 to 4,6 years,31 to 35,No,No,External,none,no change,1 vehicle,1994,All Perils
11,4,7,VW,Urban,1,11,5,Male,Married,80,Policy Holder,Sedan - Liability,Sport,30000 to 39000,0,4484,3,400,2,more than 30,more than 30,2 to 4,more than 7,over 65,No,No,External,none,no change,1 vehicle,1994,Liability
11,4,4,Toyota,Urban,4,12,4,Male,Single,34,Third Party,Sedan - Collision,Sedan,20000 to 29000,0,4485,2,400,1,more than 30,more than 30,none,5 years,31 to 35,No,No,External,none,no change,1 vehicle,1994,Collision
11,5,3,Honda,Urban,4,11,2,Male,Married,40,Policy Holder,Sedan - Liability,Sport,20000 to 29000,0,4486,7,400,2,more than 30,more than 30,2 to 4,more than 7,36 to 40,No,No,External,none,no change,1 vehicle,1994,Liability
11,5,4,Dodge,Urban,1,12,5,Male,Divorced,52,Policy Holder,Sedan - Liability,Sport,60000 to 69000,0,4487,14,400,2,more than 30,more than 30,2 to 4,7 years,41 to 50,No,No,External,none,no change,1 vehicle,1994,Liability
12,2,7,Pontiac,Urban,4,12,2,Male,Single,48,Policy Holder,Sedan - Collision,Sedan,less than 20000,0,4488,16,400,4,more than 30,more than 30,none,more than 7,41 to 50,No,No,External,none,no change,1 vehicle,1994,Collision
12,1,2,Mazda,Urban,4,12,2,Male,Married,37,Policy Holder,Sedan - Collision,Sedan,30000 to 39000,0,4489,3,500,4,more than 30,more than 30,1,more than 7,36 to 40,No,No,External,more than 5,2 to 3 years,1 vehicle,1994,Collision
12,1,4,Chevrolet,Urban,1,11,2,Female,Single,26,Third Party,Sedan - Liability,Sport,20000 to 29000,0,4490,8,400,1,more than 30,more than 30,none,5 years,31 to 35,No,No,External,3 to 5,no change,1 vehicle,1994,Liability
11,4,2,Pontiac,Urban,4,10,4,Female,Widow,34,Policy Holder,Sedan - Collision,Sedan,more than 69000,0,4491,11,400,4,more than 30,more than 30,2 to 4,7 years,31 to 35,No,No,External,more than 5,no change,1 vehicle,1994,Collision
10,3,3,Pontiac,Urban,3,10,3,Male,Single,34,Policy Holder,Sedan - Liability,Sport,20000 to 29000,0,4492,10,400,3,more than 30,more than 30,2 to 4,6 years,31 to 35,No,No,External,3 to 5,no change,1 vehicle,1994,Liability
10,1,2,Toyota,Urban,3,9,1,Male,Married,65,Policy Holder,Sedan - Liability,Sport,more than 69000,0,4493,1,400,1,more than 30,more than 30,2 to 4,7 years,51 to 65,No,No,External,none,no change,1 vehicle,1994,Liability
9,3,2,Honda,Urban,5,7,3,Male,Married,33,Policy Holder,Sedan - Liability,Sport,30000 to 39000,0,4494,2,400,1,more than 30,more than 30,1,6 years,31 to 35,No,No,External,more than 5,no change,1 vehicle,1994,Liability
6,3,4,Honda,Urban,4,9,1,Male,Married,35,Policy Holder,Sedan - Liability,Sport,20000 to 29000,0,4495,9,400,4,more than 30,more than 30,1,6 years,31 to 35,No,No,External,none,4 to 8 years,2 vehicles,1994,Liability
9,2,3,Pontiac,Urban,5,9,3,Male,Married,43,Policy Holder,Sedan - Liability,Sport,30000 to 39000,0,4496,2,700,1,more than 30,more than 30,1,7 years,36 to 40,No,No,External,more than 5,no change,1 vehicle,1994,Liability
8,5,3,Pontiac,Urban,4,8,1,Male,Single,27,Policy Holder,Sedan - Collision,Sedan,20000 to 29000,0,4497,3,400,4,more than 30,more than 30,1,6 years,31 to 35,No,No,External,none,no change,1 vehicle,1994,Collision
8,5,3,Chevrolet,Urban,2,6,5,Female,Married,30,Policy Holder,Sedan - Collision,Sedan,30000 to 39000,0,4498,4,400,4,more than 30,more than 30,2 to 4,6 years,31 to 35,Yes,No,Internal,more than 5,no change,1 vehicle,1994,Collision
6,3,4,Toyota,Urban,3,8,4,Male,Single,34,Third Party,Sedan - All Perils,Sedan,20000 to 29000,0,4499,2,400,3,more than 30,more than 30,none,7 years,31 to 35,No,No,External,none,no change,1 vehicle,1994,All Perils
8,2,5,Toyota,Urban,4,8,3,Male,Single,27,Policy Holder,Sedan - All Perils,Sedan,less than 20000,0,4500,9,400,2,more than 30,more than 30,none,6 years,31 to 35,No,No,External,3 to 5,no change,1 vehicle,1994,All Perils
8,2,4,VW,Urban,1,4,4,Male,Married,27,Third Party,Sedan - All Perils,Sedan,more than 69000,0,4501,9,400,1,more than 30,more than 30,none,6 years,31 to 35,Yes,No,External,1 to 2,no change,1 vehicle,1994,All Perils
3,5,2,Pontiac,Urban,5,3,1,Male,Married,41,Policy Holder,Sedan - Collision,Sedan,20000 to 29000,0,4502,8,400,2,more than 30,more than 30,none,7 years,36 to 40,No,No,External,1 to 2,no change,1 vehicle,1994,Collision
3,5,6,Honda,Urban,2,3,5,Male,Married,39,Policy Holder,Sedan - All Perils,Sedan,30000 to 39000,0,4503,13,400,4,more than 30,more than 30,none,7 years,36 to 40,No,No,External,1 to 2,no change,1 vehicle,1994,All Perils
2,3,7,Pontiac,Urban,1,12,3,Male,Married,32,Third Party,Sedan - Collision,Sedan,20000 to 29000,0,4504,8,400,2,more than 30,more than 30,1,6 years,31 to 35,No,No,External,more than 5,no change,1 vehicle,1994,Collision
12,3,3,Mazda,Urban,1,2,3,Male,Married,57,Policy Holder,Sedan - Collision,Sedan,20000 to 29000,0,4505,15,400,1,more than 30,more than 30,none,more than 7,51 to 65,No,No,External,more than 5,no change,1 vehicle,1994,Collision
12,2,2,Mazda,Urban,2,12,2,Female,Single,30,Policy Holder,Sedan - Collision,Sedan,20000 to 29000,0,4506,13,400,2,more than 30,more than 30,2 to 4,4 years,31 to 35,No,No,External,none,no change,1 vehicle,1994,Collision
12,1,1,Ford,Urban,1,11,1,Male,Married,40,Policy Holder,Sedan - Collision,Sedan,40000 to 59000,0,4507,16,400,1,more than 30,more than 30,1,7 years,36 to 40,No,No,External,none,no change,1 vehicle,1994,Collision
11,4,1,Honda,Urban,3,11,5,Male,Single,38,Policy Holder,Sedan - Collision,Sedan,more than 69000,0,4508,11,400,3,more than 30,more than 30,more than 4,7 years,36 to 40,No,No,External,more than 5,no change,1 vehicle,1994,Collision
11,4,4,Accura,Urban,1,11,4,Male,Married,42,Policy Holder,Sedan - Liability,Sport,30000 to 39000,0,4509,4,400,2,more than 30,more than 30,more than 4,7 years,36 to 40,No,No,External,1 to 2,no change,1 vehicle,1994,Liability
11,3,4,Mazda,Urban,5,7,4,Male,Married,44,Third Party,Sedan - All Perils,Sedan,30000 to 39000,0,4510,15,400,2,more than 30,more than 30,2 to 4,more than 7,36 to 40,No,No,External,1 to 2,no change,1 vehicle,1994,All Perils
7,4,4,Pontiac,Urban,5,7,4,Male,Married,28,Third Party,Sedan - Collision,Sedan,20000 to 29000,0,4511,3,400,4,more than 30,more than 30,2 to 4,7 years,31 to 35,No,No,External,more than 5,no change,3 to 4,1994,Collision
7,4,1,Toyota,Urban,2,2,4,Female,Single,57,Third Party,Sedan - All Perils,Sedan,20000 to 29000,0,4512,1,400,3,more than 30,more than 30,none,more than 7,51 to 65,No,No,External,none,no change,1 vehicle,1994,All Perils
2,4,6,Accura,Urban,2,2,4,Male,Married,44,Policy Holder,Sedan - Liability,Sport,30000 to 39000,0,4513,8,400,4,more than 30,more than 30,2 to 4,7 years,36 to 40,No,No,External,more than 5,no change,1 vehicle,1994,Liability
1,5,5,Chevrolet,Urban,1,1,2,Male,Single,68,Third Party,Sedan - All Perils,Sedan,more than 69000,0,4514,5,400,4,more than 30,more than 30,none,more than 7,over 65,No,No,External,more than 5,no change,1 vehicle,1994,All Perils
1,2,3,Toyota,Rural,3,1,3,Male,Married,32,Policy Holder,Sedan - Collision,Sedan,20000 to 29000,0,4515,7,400,2,more than 30,more than 30,1,6 years,31 to 35,No,No,External,none,no change,1 vehicle,1994,Collision
1,4,3,Mazda,Urban,4,1,4,Male,Single,23,Policy Holder,Sedan - Liability,Sport,20000 to 29000,0,4516,10,400,2,more than 30,more than 30,more than 4,3 years,26 to 30,No,No,External,3 to 5,4 to 8 years,2 vehicles,1994,Liability
1,3,3,Pontiac,Urban,3,2,3,Female,Married,27,Policy Holder,Sedan - Liability,Sport,20000 to 29000,0,4517,15,400,4,more than 30,more than 30,none,6 years,31 to 35,No,No,External,none,no change,1 vehicle,1994,Liability
2,4,4,Honda,Urban,1,2,4,Female,Married,39,Policy Holder,Sedan - Liability,Sport,20000 to 29000,0,4518,12,400,3,more than 30,more than 30,more than 4,7 years,36 to 40,No,No,External,none,no change,1 vehicle,1994,Liability
2,2,5,Chevrolet,Rural,5,3,3,Male,Single,35,Third Party,Sedan - All Perils,Sedan,more than 69000,0,4519,14,400,2,more than 30,more than 30,2 to 4,3 years,31 to 35,No,No,External,1 to 2,no change,1 vehicle,1994,All Perils
3,4,4,Mazda,Urban,2,3,4,Male,Married,44,Policy Holder,Sedan - Collision,Sedan,30000 to 39000,0,4520,9,400,1,more than 30,more than 30,2 to 4,7 years,36 to 40,No,No,External,none,no change,1 vehicle,1994,Collision
3,3,1,Chevrolet,Urban,3,4,4,Female,Married,41,Policy Holder,Sedan - Liability,Sport,30000 to 39000,0,4521,12,400,3,more than 30,more than 30,2 to 4,7 years,36 to 40,No,No,External,none,no change,1 vehicle,1994,Liability
4,1,5,Pontiac,Urban,3,3,1,Male,Married,69,Third Party,Sedan - All Perils,Sedan,20000 to 29000,0,4522,13,400,4,more than 30,more than 30,2 to 4,more than 7,over 65,No,No,External,3 to 5,no change,1 vehicle,1994,All Perils
2,3,3,Toyota,Rural,4,3,1,Male,Married,26,Policy Holder,Sedan - Collision,Sedan,30000 to 39000,0,4523,3,400,1,more than 30,more than 30,1,6 years,31 to 35,No,No,External,3 to 5,no change,1 vehicle,1994,Collision
3,2,3,Honda,Rural,3,3,2,Male,Married,57,Third Party,Sedan - Liability,Sport,20000 to 29000,0,4524,4,400,1,more than 30,more than 30,none,more than 7,51 to 65,No,No,External,none,no change,1 vehicle,1994,Liability
3,1,2,Honda,Urban,3,7,2,Male,Single,30,Policy Holder,Sedan - Liability,Sport,20000 to 29000,0,4525,13,400,2,more than 30,more than 30,none,6 years,31 to 35,No,No,External,none,no change,1 vehicle,1994,Liability
6,3,5,Chevrolet,Urban,2,11,1,Male,Married,41,Policy Holder,Sedan - Liability,Sport,40000 to 59000,0,4526,6,400,4,more than 30,more than 30,2 to 4,7 years,36 to 40,No,No,External,3 to 5,no change,1 vehicle,1994,Liability
11,1,1,Dodge,Urban,4,11,3,Male,Single,26,Third Party,Sedan - All Perils,Sedan,20000 to 29000,0,4527,3,700,1,more than 30,more than 30,none,7 years,31 to 35,No,No,External,more than 5,no change,1 vehicle,1994,All Perils
10,5,6,Mazda,Urban,4,4,1,Male,Single,26,Third Party,Sedan - Liability,Sport,20000 to 29000,0,4528,12,400,3,more than 30,more than 30,none,6 years,31 to 35,No,No,External,more than 5,no change,1 vehicle,1994,Liability
3,4,6,Mazda,Urban,1,6,2,Female,Single,33,Third Party,Sedan - Collision,Sedan,less than 20000,0,4529,6,400,4,more than 30,more than 30,2 to 4,7 years,31 to 35,No,No,External,3 to 5,no change,1 vehicle,1994,Collision
4,3,5,Toyota,Urban,3,5,1,Male,Married,26,Policy Holder,Sedan - All Perils,Sedan,20000 to 29000,0,4530,5,400,2,more than 30,more than 30,1,6 years,31 to 35,No,No,External,none,no change,1 vehicle,1994,All Perils
5,1,4,Mazda,Urban,5,7,3,Male,Married,28,Policy Holder,Sedan - Collision,Sedan,20000 to 29000,0,4531,15,400,1,more than 30,more than 30,2 to 4,7 years,31 to 35,No,No,External,none,no change,1 vehicle,1994,Collision
4,5,1,Pontiac,Urban,2,6,5,Male,Single,31,Policy Holder,Sedan - All Perils,Sedan,less than 20000,0,4532,15,400,4,more than 30,more than 30,more than 4,7 years,31 to 35,No,No,External,none,no change,1 vehicle,1994,All Perils
6,1,7,Mazda,Urban,1,6,2,Male,Single,35,Policy Holder,Sedan - Liability,Sport,20000 to 29000,0,4533,12,400,4,more than 30,more than 30,more than 4,7 years,31 to 35,No,No,External,1 to 2,no change,1 vehicle,1994,Liability
6,1,5,Pontiac,Urban,5,7,4,Male,Married,40,Policy Holder,Sedan - All Perils,Sedan,20000 to 29000,0,4534,8,400,4,more than 30,more than 30,none,more than 7,36 to 40,No,No,External,none,no change,1 vehicle,1994,All Perils
7,1,7,Pontiac,Urban,3,7,1,Male,Married,30,Policy Holder,Sedan - Liability,Sport,20000 to 29000,0,4535,9,400,2,more than 30,more than 30,1,6 years,31 to 35,No,No,External,more than 5,no change,1 vehicle,1994,Liability
6,4,6,Honda,Urban,3,6,3,Female,Married,43,Policy Holder,Sedan - All Perils,Sedan,20000 to 29000,0,4536,2,400,2,more than 30,more than 30,2 to 4,7 years,36 to 40,No,No,External,1 to 2,no change,1 vehicle,1994,All Perils
6,3,2,Toyota,Urban,3,8,4,Male,Single,30,Policy Holder,Sedan - Collision,Sedan,20000 to 29000,0,4537,10,400,2,more than 30,more than 30,none,7 years,31 to 35,No,No,External,more than 5,4 to 8 years,2 vehicles,1994,Collision
8,3,6,Toyota,Urban,4,7,3,Male,Married,33,Policy Holder,Sedan - Liability,Sport,20000 to 29000,0,4538,9,400,1,more than 30,more than 30,1,7 years,31 to 35,No,No,External,3 to 5,no change,1 vehicle,1994,Liability
7,2,1,Accura,Urban,3,7,3,Male,Single,30,Third Party,Sedan - All Perils,Sedan,30000 to 39000,0,4539,7,400,1,more than 30,more than 30,none,6 years,31 to 35,No,No,External,none,no change,1 vehicle,1994,All Perils
7,2,1,Pontiac,Urban,1,8,2,Male,Married,71,Policy Holder,Sedan - All Perils,Sedan,20000 to 29000,0,4540,4,500,1,more than 30,more than 30,1,more than 7,over 65,No,No,External,1 to 2,2 to 3 years,1 vehicle,1994,All Perils
8,4,5,Toyota,Rural,1,6,5,Male,Single,34,Policy Holder,Sedan - Collision,Sedan,20000 to 29000,0,4541,14,400,3,more than 30,more than 30,2 to 4,7 years,31 to 35,Yes,No,External,more than 5,no change,1 vehicle,1994,Collision
6,3,5,Honda,Urban,5,7,3,Male,Married,55,Policy Holder,Sedan - Collision,Sedan,30000 to 39000,1,4542,6,400,3,more than 30,more than 30,1,7 years,41 to 50,No,No,External,1 to 2,no change,1 vehicle,1994,Collision
6,3,3,Mazda,Urban,2,3,1,Female,Married,32,Third Party,Sedan - All Perils,Sedan,20000 to 29000,0,4543,15,400,3,more than 30,more than 30,2 to 4,5 years,31 to 35,No,No,External,none,no change,1 vehicle,1994,All Perils
3,4,5,Pontiac,Urban,5,3,5,Male,Single,35,Policy Holder,Sedan - Liability,Sport,20000 to 29000,0,4544,5,400,1,more than 30,more than 30,more than 4,7 years,31 to 35,No,No,External,more than 5,no change,1 vehicle,1994,Liability
3,2,5,Honda,Urban,5,6,3,Male,Married,74,Third Party,Sedan - Liability,Sport,20000 to 29000,0,4545,13,400,3,more than 30,more than 30,more than 4,7 years,over 65,No,No,External,none,no change,1 vehicle,1994,Liability
6,3,5,Honda,Rural,5,4,4,Male,Single,20,Policy Holder,Sedan - All Perils,Sedan,20000 to 29000,1,4546,6,400,2,more than 30,more than 30,more than 4,4 years,21 to 25,No,No,External,more than 5,no change,1 vehicle,1994,All Perils
4,4,4,Pontiac,Rural,4,4,4,Male,Married,38,Policy Holder,Sedan - All Perils,Sedan,less than 20000,0,4547,1,400,4,more than 30,more than 30,none,7 years,36 to 40,No,No,External,more than 5,no change,1 vehicle,1994,All Perils
4,3,5,Toyota,Urban,4,7,3,Male,Married,38,Policy Holder,Sedan - Liability,Sport,30000 to 39000,0,4548,2,400,3,more than 30,more than 30,2 to 4,7 years,36 to 40,No,No,External,1 to 2,no change,1 vehicle,1994,Liability
7,2,1,Honda,Urban,5,11,2,Male,Married,52,Third Party,Sedan - Liability,Sport,30000 to 39000,0,4549,11,400,1,more than 30,more than 30,2 to 4,more than 7,41 to 50,No,No,External,1 to 2,no change,1 vehicle,1994,Liability
11,1,5,Toyota,Urban,1,7,2,Male,Single,40,Policy Holder,Sedan - All Perils,Sedan,20000 to 29000,0,4550,16,400,1,more than 30,more than 30,none,more than 7,36 to 40,No,No,External,more than 5,no change,1 vehicle,1994,All Perils
6,3,2,Accura,Urban,4,12,4,Male,Married,51,Policy Holder,Utility - All Perils,Utility,more than 69000,1,4551,4,400,4,15 to 30,more than 30,1,5 years,41 to 50,No,No,External,none,1 year,1 vehicle,1994,All Perils
11,3,1,Mazda,Urban,5,11,2,Male,Married,42,Policy Holder,Utility - All Perils,Utility,more than 69000,0,4552,4,400,3,more than 30,more than 30,more than 4,6 years,36 to 40,No,No,External,none,no change,3 to 4,1994,All Perils
11,2,6,Toyota,Urban,4,6,3,Male,Married,47,Policy Holder,Sedan - All Perils,Sedan,20000 to 29000,0,4553,14,400,1,more than 30,more than 30,more than 4,more than 7,41 to 50,No,No,External,more than 5,no change,1 vehicle,1994,All Perils
6,3,6,Mazda,Urban,1,5,4,Male,Married,41,Policy Holder,Sedan - Collision,Sedan,more than 69000,1,4554,2,400,2,more than 30,more than 30,1,7 years,36 to 40,No,No,External,1 to 2,no change,1 vehicle,1994,Collision
5,3,5,Honda,Urban,2,6,3,Male,Married,31,Third Party,Sedan - Collision,Sedan,20000 to 29000,0,4555,11,400,4,more than 30,more than 30,2 to 4,6 years,31 to 35,No,No,External,none,no change,1 vehicle,1994,Collision
6,1,6,Mazda,Urban,5,7,2,Male,Single,34,Policy Holder,Sedan - Collision,Sedan,30000 to 39000,0,4556,16,400,1,more than 30,more than 30,none,7 years,31 to 35,No,No,External,none,no change,1 vehicle,1994,Collision
7,1,3,Pontiac,Urban,1,7,2,Male,Married,64,Policy Holder,Sedan - All Perils,Sedan,more than 69000,0,4557,10,400,2,more than 30,more than 30,2 to 4,more than 7,51 to 65,No,No,External,more than 5,no change,1 vehicle,1994,All Perils
6,5,7,Mazda,Rural,2,7,1,Male,Single,33,Third Party,Sport - Collision,Sport,more than 69000,0,4558,4,400,1,more than 30,more than 30,1,5 years,31 to 35,Yes,No,External,more than 5,4 to 8 years,2 vehicles,1994,Collision
7,4,6,Pontiac,Urban,2,7,4,Male,Married,72,Third Party,Sedan - All Perils,Sedan,less than 20000,0,4559,12,400,3,more than 30,more than 30,none,7 years,over 65,No,No,External,3 to 5,no change,1 vehicle,1994,All Perils
6,3,5,Pontiac,Urban,1,8,1,Male,Married,29,Third Party,Sedan - Collision,Sedan,30000 to 39000,0,4560,8,400,3,more than 30,more than 30,2 to 4,7 years,31 to 35,No,No,External,none,no change,1 vehicle,1994,Collision
8,3,6,Mercury,Urban,1,6,5,Male,Married,58,Third Party,Sedan - All Perils,Sedan,more than 69000,0,4561,5,400,4,more than 30,more than 30,none,more than 7,51 to 65,No,No,External,more than 5,no change,1 vehicle,1994,All Perils
6,3,3,Mazda,Urban,5,8,3,Male,Married,35,Policy Holder,Sport - Collision,Sport,more than 69000,1,4562,11,400,3,more than 30,more than 30,none,3 years,31 to 35,No,No,External,none,no change,1 vehicle,1994,Collision
8,2,6,Saturn,Urban,1,9,2,Male,Married,46,Policy Holder,Sedan - All Perils,Sedan,more than 69000,0,4563,16,400,2,more than 30,more than 30,1,more than 7,41 to 50,No,No,External,none,no change,1 vehicle,1994,All Perils
9,2,1,Mazda,Urban,2,9,2,Male,Single,30,Policy Holder,Sedan - All Perils,Sedan,20000 to 29000,0,4564,6,400,2,more than 30,more than 30,1,6 years,31 to 35,No,No,External,1 to 2,no change,1 vehicle,1994,All Perils
9,2,1,Pontiac,Urban,1,10,2,Male,Married,38,Policy Holder,Sedan - Collision,Sedan,30000 to 39000,0,4565,5,400,1,more than 30,more than 30,1,more than 7,36 to 40,No,No,External,none,no change,1 vehicle,1994,Collision
10,4,5,Pontiac,Urban,4,11,4,Male,Married,42,Policy Holder,Sedan - Liability,Sport,30000 to 39000,0,4566,4,400,1,more than 30,more than 30,2 to 4,more than 7,36 to 40,No,No,External,none,no change,1 vehicle,1994,Liability
10,4,6,Pontiac,Urban,2,11,2,Male,Married,42,Third Party,Sedan - All Perils,Sedan,20000 to 29000,0,4567,7,400,3,more than 30,more than 30,none,7 years,36 to 40,No,No,External,1 to 2,no change,1 vehicle,1994,All Perils
11,2,5,Mercury,Rural,5,11,5,Male,Married,42,Policy Holder,Sedan - All Perils,Sedan,20000 to 29000,0,4568,10,400,1,more than 30,more than 30,1,7 years,36 to 40,No,No,External,none,no change,1 vehicle,1994,All Perils
11,2,6,Mazda,Urban,2,12,2,Male,Married,31,Third Party,Sedan - Collision,Sedan,20000 to 29000,0,4569,13,400,4,more than 30,more than 30,2 to 4,6 years,31 to 35,No,No,External,none,no change,1 vehicle,1994,Collision
11,2,1,Toyota,Urban,2,1,1,Male,Married,32,Policy Holder,Sedan - All Perils,Sedan,20000 to 29000,0,4570,11,400,3,more than 30,more than 30,none,5 years,31 to 35,No,No,External,1 to 2,no change,1 vehicle,1994,All Perils
12,4,1,Pontiac,Urban,2,12,5,Female,Married,38,Third Party,Sedan - Collision,Sedan,20000 to 29000,0,4571,14,400,2,more than 30,more than 30,more than 4,7 years,36 to 40,No,No,External,3 to 5,no change,1 vehicle,1994,Collision
12,2,3,Pontiac,Urban,3,4,2,Male,Married,43,Third Party,Sedan - Liability,Sport,30000 to 39000,0,4572,16,400,2,more than 30,more than 30,more than 4,7 years,36 to 40,No,No,External,1 to 2,no change,1 vehicle,1994,Liability
4,3,7,Honda,Urban,1,6,3,Male,Married,29,Policy Holder,Sedan - Collision,Sedan,30000 to 39000,0,4573,12,400,1,more than 30,more than 30,1,7 years,31 to 35,No,No,External,more than 5,no change,1 vehicle,1994,Collision
6,3,1,Toyota,Urban,1,5,3,Male,Married,45,Third Party,Sedan - All Perils,Sedan,30000 to 39000,0,4574,2,400,1,more than 30,more than 30,1,7 years,36 to 40,No,No,External,3 to 5,no change,1 vehicle,1994,All Perils
5,5,6,Toyota,Urban,2,6,5,Male,Married,64,Policy Holder,Sedan - Collision,Sedan,20000 to 29000,0,4575,11,400,4,more than 30,more than 30,none,6 years,51 to 65,No,No,External,more than 5,no change,1 vehicle,1994,Collision
5,4,1,Toyota,Urban,3,8,2,Male,Married,48,Policy Holder,Sedan - All Perils,Sedan,20000 to 29000,0,4576,11,400,2,more than 30,more than 30,none,more than 7,41 to 50,No,No,External,none,no change,1 vehicle,1994,All Perils
7,5,5,Accura,Urban,5,9,1,Male,Married,56,Third Party,Sedan - All Perils,Sedan,30000 to 39000,0,4577,8,400,1,more than 30,more than 30,more than 4,more than 7,51 to 65,No,Yes,External,none,no change,1 vehicle,1994,All Perils
9,5,7,Pontiac,Urban,1,6,5,Male,Single,61,Policy Holder,Sedan - Liability,Sport,20000 to 29000,0,4578,12,400,2,more than 30,more than 30,2 to 4,7 years,51 to 65,No,No,External,more than 5,no change,1 vehicle,1994,Liability
6,3,5,Mazda,Urban,2,9,3,Female,Married,28,Policy Holder,Sedan - Collision,Sedan,20000 to 29000,1,4579,8,400,2,more than 30,more than 30,2 to 4,4 years,31 to 35,No,No,External,3 to 5,4 to 8 years,2 vehicles,1994,Collision
9,1,1,Pontiac,Urban,3,8,4,Male,Married,36,Policy Holder,Sedan - Liability,Sport,20000 to 29000,0,4580,13,400,3,more than 30,more than 30,2 to 4,7 years,36 to 40,No,No,External,none,no change,1 vehicle,1994,Liability
8,5,3,Chevrolet,Urban,3,11,5,Male,Married,47,Policy Holder,Sedan - Liability,Sport,40000 to 59000,0,4581,6,400,4,more than 30,more than 30,more than 4,7 years,41 to 50,No,No,External,1 to 2,no change,1 vehicle,1994,Liability
11,4,7,Mazda,Urban,2,11,4,Male,Married,40,Policy Holder,Sedan - Liability,Sport,30000 to 39000,0,4582,12,400,1,more than 30,more than 30,more than 4,more than 7,36 to 40,No,No,External,3 to 5,no change,1 vehicle,1994,Liability
11,3,1,Pontiac,Rural,1,6,4,Male,Single,26,Policy Holder,Sedan - Liability,Sport,30000 to 39000,0,4583,11,400,3,more than 30,more than 30,2 to 4,7 years,31 to 35,No,No,External,more than 5,no change,1 vehicle,1994,Liability
6,3,6,Mazda,Urban,1,10,4,Male,Married,57,Third Party,Sedan - Collision,Sedan,20000 to 29000,0,4584,11,400,3,more than 30,more than 30,2 to 4,more than 7,51 to 65,No,No,External,1 to 2,no change,1 vehicle,1994,Collision
10,3,7,Honda,Urban,3,8,3,Female,Married,27,Policy Holder,Sedan - Liability,Sport,20000 to 29000,0,4585,2,400,3,more than 30,more than 30,1,4 years,31 to 35,No,No,External,more than 5,no change,1 vehicle,1994,Liability
8,4,3,Honda,Urban,5,8,5,Male,Married,38,Policy Holder,Sedan - Collision,Sedan,20000 to 29000,0,4586,16,400,1,more than 30,more than 30,none,7 years,36 to 40,No,No,External,none,no change,1 vehicle,1994,Collision
8,4,2,Toyota,Urban,3,7,4,Male,Married,26,Third Party,Sedan - Liability,Sport,20000 to 29000,0,4587,13,400,2,more than 30,more than 30,2 to 4,7 years,31 to 35,No,No,External,more than 5,no change,1 vehicle,1994,Liability
7,4,2,Mazda,Urban,3,8,4,Male,Married,40,Policy Holder,Sedan - Collision,Sedan,20000 to 29000,0,4588,7,400,2,more than 30,more than 30,1,7 years,36 to 40,No,No,External,more than 5,no change,1 vehicle,1994,Collision
7,4,1,Mazda,Urban,1,7,1,Male,Married,41,Policy Holder,Sedan - Liability,Sport,30000 to 39000,0,4589,15,700,2,more than 30,more than 30,2 to 4,more than 7,36 to 40,No,No,External,3 to 5,no change,1 vehicle,1994,Liability
6,3,5,Pontiac,Urban,4,5,1,Male,Married,40,Policy Holder,Sedan - All Perils,Sedan,20000 to 29000,1,4590,9,400,3,more than 30,more than 30,2 to 4,more than 7,36 to 40,No,No,External,1 to 2,no change,1 vehicle,1994,All Perils
5,2,7,Chevrolet,Urban,3,5,3,Male,Married,36,Policy Holder,Sedan - Liability,Sport,30000 to 39000,0,4591,13,500,2,more than 30,more than 30,1,7 years,36 to 40,No,No,External,none,2 to 3 years,1 vehicle,1994,Liability
4,5,6,Toyota,Urban,2,4,1,Male,Married,43,Policy Holder,Sedan - Collision,Sedan,20000 to 29000,0,4592,9,400,4,15 to 30,more than 30,none,7 years,36 to 40,No,No,External,none,no change,1 vehicle,1994,Collision
4,3,6,Pontiac,Urban,3,4,3,Male,Married,34,Policy Holder,Sedan - Liability,Sport,20000 to 29000,0,4593,4,400,1,more than 30,more than 30,2 to 4,7 years,31 to 35,No,No,External,more than 5,no change,3 to 4,1994,Liability
4,3,1,Mazda,Urban,1,12,3,Male,Married,64,Third Party,Sedan - Liability,Sport,20000 to 29000,0,4594,5,400,4,more than 30,more than 30,2 to 4,more than 7,51 to 65,No,No,External,none,no change,1 vehicle,1994,Liability
12,2,2,Honda,Urban,1,12,2,Male,Married,37,Policy Holder,Sedan - Liability,Sport,30000 to 39000,0,4595,14,400,4,more than 30,more than 30,2 to 4,7 years,36 to 40,No,No,External,none,no change,1 vehicle,1994,Liability
12,2,1,Honda,Urban,1,6,3,Male,Married,31,Policy Holder,Sedan - Collision,Sedan,20000 to 29000,0,4596,5,400,3,more than 30,more than 30,2 to 4,7 years,31 to 35,No,No,External,3 to 5,no change,1 vehicle,1994,Collision
6,3,5,Accura,Urban,5,12,4,Male,Married,44,Policy Holder,Sedan - All Perils,Sedan,20000 to 29000,1,4597,14,400,3,more than 30,more than 30,2 to 4,6 years,36 to 40,No,No,External,1 to 2,no change,1 vehicle,1994,All Perils
12,2,1,Honda,Urban,1,12,2,Female,Married,44,Policy Holder,Sedan - Liability,Sport,20000 to 29000,0,4598,8,400,4,more than 30,more than 30,more than 4,7 years,36 to 40,No,No,External,more than 5,no change,1 vehicle,1994,Liability
12,1,6,Honda,Urban,1,11,1,Male,Married,40,Policy Holder,Sedan - All Perils,Sedan,20000 to 29000,0,4599,4,400,1,more than 30,more than 30,none,7 years,36 to 40,No,No,External,none,no change,1 vehicle,1994,All Perils
11,4,7,Mazda,Urban,4,11,5,Male,Married,43,Policy Holder,Sedan - Liability,Sport,20000 to 29000,0,4600,15,400,3,more than 30,more than 30,2 to 4,7 years,36 to 40,No,No,External,1 to 2,4 to 8 years,2 vehicles,1994,Liability
11,1,5,Toyota,Urban,3,12,2,Male,Married,42,Policy Holder,Sedan - Liability,Sport,20000 to 29000,0,4601,2,400,2,more than 30,more than 30,2 to 4,7 years,36 to 40,No,No,External,none,no change,1 vehicle,1994,Liability
11,1,7,Toyota,Urban,4,10,3,Male,Married,39,Policy Holder,Sedan - Collision,Sedan,20000 to 29000,0,4602,6,400,2,more than 30,more than 30,none,7 years,36 to 40,Yes,No,External,1 to 2,no change,1 vehicle,1994,Collision
10,3,2,Mazda,Urban,4,9,4,Male,Single,30,Policy Holder,Sedan - Collision,Sedan,20000 to 29000,0,4603,14,400,2,more than 30,more than 30,2 to 4,6 years,31 to 35,No,No,External,3 to 5,no change,1 vehicle,1994,Collision
9,2,1,Honda,Urban,2,6,4,Male,Married,34,Third Party,Sedan - Collision,Sedan,20000 to 29000,0,4604,4,400,1,more than 30,more than 30,2 to 4,6 years,31 to 35,No,No,External,none,no change,1 vehicle,1994,Collision
6,3,1,Saturn,Urban,5,9,4,Male,Married,44,Policy Holder,Sedan - Collision,Sedan,30000 to 39000,1,4605,13,400,2,more than 30,more than 30,2 to 4,7 years,36 to 40,No,No,External,none,no change,1 vehicle,1994,Collision
6,3,3,Ford,Urban,4,8,2,Male,Single,26,Policy Holder,Sedan - Liability,Sport,20000 to 29000,1,4606,7,400,1,more than 30,more than 30,2 to 4,6 years,31 to 35,No,No,External,none,no change,1 vehicle,1994,Liability
8,1,1,Toyota,Urban,4,8,1,Male,Married,53,Policy Holder,Sedan - Collision,Sedan,20000 to 29000,0,4607,6,400,1,more than 30,more than 30,2 to 4,more than 7,41 to 50,No,No,External,3 to 5,no change,1 vehicle,1994,Collision
8,1,5,Toyota,Urban,5,7,2,Male,Married,38,Policy Holder,Sedan - Liability,Sport,30000 to 39000,0,4608,7,400,2,more than 30,more than 30,2 to 4,7 years,36 to 40,No,No,External,none,no change,1 vehicle,1994,Liability
7,3,7,Pontiac,Urban,1,6,4,Male,Married,39,Policy Holder,Sedan - Liability,Sport,less than 20000,0,4609,6,400,2,more than 30,more than 30,more than 4,7 years,36 to 40,No,No,External,none,no change,1 vehicle,1994,Liability
6,2,6,Chevrolet,Rural,1,5,2,Male,Married,38,Third Party,Sedan - All Perils,Sedan,20000 to 29000,0,4610,7,400,1,more than 30,more than 30,1,more than 7,36 to 40,No,No,External,more than 5,no change,1 vehicle,1994,All Perils
5,4,3,Honda,Urban,5,5,4,Male,Married,41,Policy Holder,Sedan - Collision,Sedan,20000 to 29000,0,4611,10,400,3,more than 30,more than 30,none,7 years,36 to 40,No,No,External,1 to 2,no change,1 vehicle,1994,Collision
5,3,7,Toyota,Urban,1,5,3,Female,Single,35,Policy Holder,Sedan - Collision,Sedan,20000 to 29000,0,4612,7,400,2,more than 30,more than 30,none,5 years,31 to 35,No,No,External,1 to 2,no change,1 vehicle,1994,Collision
5,3,7,Chevrolet,Urban,4,5,3,Female,Single,39,Policy Holder,Sedan - Liability,Sport,20000 to 29000,0,4613,8,400,4,more than 30,more than 30,2 to 4,7 years,36 to 40,No,No,External,more than 5,no change,1 vehicle,1994,Liability
5,3,6,Honda,Rural,1,7,3,Female,Single,34,Policy Holder,Sedan - Collision,Sedan,20000 to 29000,0,4614,3,400,4,more than 30,more than 30,none,5 years,31 to 35,No,No,External,none,no change,1 vehicle,1994,Collision
4,4,4,Honda,Urban,2,4,4,Male,Married,40,Policy Holder,Sedan - Collision,Sedan,20000 to 29000,0,4615,5,400,3,more than 30,more than 30,2 to 4,7 years,36 to 40,No,No,External,3 to 5,no change,1 vehicle,1994,Collision
4,4,5,Honda,Urban,5,1,4,Male,Married,36,Policy Holder,Sedan - Collision,Sedan,30000 to 39000,0,4616,7,400,1,more than 30,more than 30,2 to 4,more than 7,36 to 40,No,No,External,none,no change,1 vehicle,1994,Collision
1,3,4,Pontiac,Urban,1,1,3,Male,Married,57,Policy Holder,Sedan - Liability,Sport,20000 to 29000,0,4617,5,400,2,more than 30,more than 30,2 to 4,more than 7,51 to 65,No,No,External,more than 5,no change,1 vehicle,1994,Liability
12,3,1,Toyota,Urban,2,9,2,Male,Married,39,Third Party,Sedan - Collision,Sedan,20000 to 29000,0,4618,4,400,4,more than 30,more than 30,1,7 years,36 to 40,No,No,External,more than 5,no change,1 vehicle,1994,Collision
9,1,2,Toyota,Urban,5,12,1,Male,Married,26,Third Party,Sedan - Collision,Sedan,20000 to 29000,0,4619,12,400,3,more than 30,more than 30,2 to 4,6 years,31 to 35,No,No,External,more than 5,no change,1 vehicle,1994,Collision
12,3,3,VW,Urban,5,10,5,Male,Married,47,Third Party,Sedan - Collision,Sedan,30000 to 39000,0,4620,2,700,3,more than 30,more than 30,1,more than 7,41 to 50,No,No,External,more than 5,no change,1 vehicle,1994,Collision
10,4,7,Toyota,Urban,1,10,4,Male,Married,52,Policy Holder,Sedan - Liability,Sport,30000 to 39000,0,4621,7,400,2,more than 30,more than 30,2 to 4,7 years,41 to 50,No,No,External,none,4 to 8 years,2 vehicles,1994,Liability
10,2,1,Honda,Urban,5,8,2,Male,Single,41,Third Party,Sedan - Liability,Sport,30000 to 39000,0,4622,7,400,2,more than 30,more than 30,more than 4,7 years,36 to 40,No,No,External,more than 5,no change,1 vehicle,1994,Liability
7,3,4,Ford,Rural,6,7,1,Male,Married,55,Policy Holder,Sedan - Collision,Sedan,60000 to 69000,0,4623,6,400,2,more than 30,more than 30,none,6 years,41 to 50,No,No,External,none,no change,1 vehicle,1994,Collision
6,4,2,Honda,Urban,4,6,1,Male,Married,51,Policy Holder,Sedan - Collision,Sedan,20000 to 29000,0,4624,5,400,2,more than 30,more than 30,none,more than 7,41 to 50,No,No,External,3 to 5,no change,1 vehicle,1994,Collision
6,4,7,Toyota,Urban,2,4,4,Male,Married,42,Third Party,Sedan - All Perils,Sedan,20000 to 29000,0,4625,4,400,4,more than 30,more than 30,1,7 years,36 to 40,No,No,External,none,no change,1 vehicle,1994,All Perils
4,2,1,Mazda,Urban,1,4,3,Male,Married,37,Policy Holder,Sedan - Liability,Sport,20000 to 29000,0,4626,12,400,1,more than 30,more than 30,2 to 4,7 years,36 to 40,No,No,External,1 to 2,no change,1 vehicle,1994,Liability
4,2,4,Toyota,Urban,3,4,3,Male,Married,51,Policy Holder,Sedan - Liability,Sport,more than 69000,0,4627,8,400,4,more than 30,more than 30,2 to 4,7 years,41 to 50,No,No,External,none,no change,1 vehicle,1994,Liability
4,1,2,Honda,Rural,3,4,3,Male,Married,32,Third Party,Sedan - Collision,Sedan,20000 to 29000,0,4628,3,400,4,more than 30,more than 30,2 to 4,4 years,31 to 35,No,No,External,1 to 2,no change,1 vehicle,1994,Collision
4,1,7,Toyota,Urban,1,11,3,Male,Married,58,Policy Holder,Sedan - All Perils,Sedan,20000 to 29000,0,4629,1,400,3,more than 30,more than 30,none,more than 7,51 to 65,No,No,External,none,no change,1 vehicle,1994,All Perils
11,3,5,Pontiac,Urban,1,12,4,Male,Married,52,Policy Holder,Sedan - Collision,Sedan,20000 to 29000,0,4630,16,400,4,more than 30,more than 30,2 to 4,more than 7,41 to 50,No,No,External,1 to 2,no change,1 vehicle,1994,Collision
11,3,5,Chevrolet,Urban,2,7,2,Male,Married,32,Policy Holder,Sedan - Collision,Sedan,40000 to 59000,0,4631,1,400,4,more than 30,more than 30,2 to 4,7 years,31 to 35,No,No,External,more than 5,no change,1 vehicle,1994,Collision
7,2,4,Toyota,Urban,3,7,2,Male,Married,26,Policy Holder,Sedan - All Perils,Sedan,20000 to 29000,0,4632,10,400,4,more than 30,more than 30,none,5 years,31 to 35,No,No,External,none,no change,1 vehicle,1994,All Perils
7,2,1,Pontiac,Urban,1,5,2,Female,Single,29,Third Party,Sedan - Collision,Sedan,20000 to 29000,0,4633,7,400,1,more than 30,more than 30,2 to 4,6 years,31 to 35,No,No,External,none,no change,1 vehicle,1994,Collision
5,5,5,Honda,Urban,2,5,5,Male,Married,34,Policy Holder,Sedan - Liability,Sport,20000 to 29000,0,4634,11,400,2,more than 30,more than 30,2 to 4,6 years,31 to 35,No,No,External,none,no change,3 to 4,1994,Liability
5,4,3,Chevrolet,Urban,5,5,5,Male,Single,48,Policy Holder,Sedan - Liability,Sport,20000 to 29000,0,4635,5,400,2,more than 30,more than 30,1,7 years,41 to 50,No,No,External,none,no change,1 vehicle,1994,Liability
4,2,3,Chevrolet,Rural,5,5,1,Male,Married,56,Third Party,Sedan - Liability,Sport,40000 to 59000,0,4636,7,400,4,more than 30,more than 30,more than 4,more than 7,51 to 65,No,No,External,3 to 5,no change,1 vehicle,1994,Liability
3,5,7,Pontiac,Rural,2,1,1,Female,Married,30,Policy Holder,Sedan - All Perils,Sedan,20000 to 29000,0,4637,13,400,1,more than 30,more than 30,more than 4,6 years,31 to 35,No,No,External,more than 5,no change,1 vehicle,1994,All Perils
1,4,1,Toyota,Urban,1,1,4,Male,Single,28,Third Party,Sedan - Collision,Sedan,20000 to 29000,0,4638,10,400,2,more than 30,more than 30,2 to 4,6 years,31 to 35,No,No,External,none,no change,1 vehicle,1994,Collision
12,4,3,Mazda,Urban,1,7,2,Male,Single,29,Policy Holder,Sedan - Collision,Sedan,30000 to 39000,0,4639,5,400,1,more than 30,more than 30,more than 4,5 years,31 to 35,No,No,External,more than 5,no change,1 vehicle,1994,Collision
6,4,2,Toyota,Urban,3,12,1,Male,Married,37,Third Party,Sedan - All Perils,Sedan,20000 to 29000,0,4640,4,400,2,more than 30,more than 30,none,7 years,36 to 40,No,No,External,none,no change,1 vehicle,1994,All Perils
11,3,5,Chevrolet,Urban,1,2,1,Male,Single,49,Policy Holder,Sedan - All Perils,Sedan,30000 to 39000,0,4641,16,400,2,more than 30,more than 30,1,6 years,41 to 50,No,No,External,none,no change,1 vehicle,1994,All Perils
2,1,3,Mazda,Rural,4,12,2,Male,Married,50,Third Party,Sedan - Collision,Sedan,30000 to 39000,0,4642,6,500,1,more than 30,more than 30,2 to 4,more than 7,41 to 50,No,No,External,3 to 5,1 year,2 vehicles,1994,Collision
12,3,7,Toyota,Urban,1,2,3,Male,Single,49,Policy Holder,Sedan - Liability,Sport,20000 to 29000,0,4643,5,400,4,more than 30,more than 30,none,7 years,41 to 50,No,No,External,3 to 5,no change,1 vehicle,1994,Liability
2,2,4,Toyota,Urban,4,3,2,Male,Married,35,Policy Holder,Sedan - Liability,Sport,20000 to 29000,0,4644,5,400,4,more than 30,more than 30,2 to 4,6 years,31 to 35,No,No,External,more than 5,no change,1 vehicle,1994,Liability
3,2,3,Honda,Urban,1,6,3,Male,Single,23,Policy Holder,Sedan - Collision,Sedan,20000 to 29000,0,4645,1,400,3,more than 30,more than 30,2 to 4,5 years,26 to 30,No,No,External,none,no change,1 vehicle,1994,Collision
6,4,1,Pontiac,Urban,1,4,4,Male,Married,29,Third Party,Sedan - All Perils,Sedan,less than 20000,0,4646,7,400,4,more than 30,more than 30,none,6 years,31 to 35,No,No,External,none,no change,1 vehicle,1994,All Perils
4,2,2,Pontiac,Urban,3,9,2,Female,Married,34,Policy Holder,Sedan - Collision,Sedan,20000 to 29000,0,4647,6,400,2,more than 30,more than 30,1,6 years,31 to 35,Yes,No,External,none,no change,1 vehicle,1994,Collision
9,1,3,Chevrolet,Urban,3,6,1,Male,Married,59,Policy Holder,Sedan - Liability,Sport,30000 to 39000,0,4648,13,400,4,more than 30,more than 30,more than 4,more than 7,51 to 65,No,No,External,none,no change,1 vehicle,1994,Liability
6,4,3,Mazda,Urban,1,6,5,Male,Single,37,Third Party,Sedan - All Perils,Sedan,20000 to 29000,0,4649,11,400,1,more than 30,more than 30,none,more than 7,36 to 40,No,No,External,more than 5,no change,1 vehicle,1994,All Perils
6,4,1,Toyota,Urban,3,12,4,Female,Married,34,Policy Holder,Sedan - Collision,Sedan,20000 to 29000,1,4650,16,400,4,more than 30,more than 30,none,7 years,31 to 35,No,No,External,more than 5,no change,1 vehicle,1994,Collision
12,2,7,Mazda,Urban,3,12,2,Male,Single,26,Policy Holder,Sedan - Liability,Sport,30000 to 39000,0,4651,2,700,3,more than 30,more than 30,more than 4,7 years,31 to 35,No,No,External,none,no change,1 vehicle,1994,Liability
12,2,2,Toyota,Urban,4,12,2,Male,Single,27,Third Party,Sedan - Collision,Sedan,30000 to 39000,0,4652,8,400,1,more than 30,more than 30,2 to 4,6 years,31 to 35,No,No,External,more than 5,no change,1 vehicle,1994,Collision
12,2,3,Toyota,Urban,4,12,3,Male,Married,44,Policy Holder,Sedan - Liability,Sport,30000 to 39000,0,4653,15,400,3,more than 30,more than 30,2 to 4,7 years,36 to 40,No,No,External,more than 5,no change,1 vehicle,1994,Liability
12,3,1,Pontiac,Urban,1,12,4,Male,Married,54,Policy Holder,Sedan - All Perils,Sedan,20000 to 29000,0,4654,8,400,2,more than 30,more than 30,none,6 years,41 to 50,No,No,External,none,no change,1 vehicle,1994,All Perils
12,3,3,Chevrolet,Urban,5,6,3,Male,Married,49,Policy Holder,Sedan - Liability,Sport,30000 to 39000,0,4655,1,400,4,more than 30,more than 30,2 to 4,7 years,41 to 50,No,No,External,none,no change,1 vehicle,1994,Liability
6,4,3,Honda,Urban,3,12,4,Male,Single,0,Policy Holder,Sedan - Collision,Sedan,more than 69000,1,4656,15,400,4,more than 30,more than 30,none,new,16 to 17,No,No,External,none,no change,1 vehicle,1994,Collision
12,2,3,Pontiac,Urban,4,12,2,Male,Single,38,Policy Holder,Sedan - Collision,Sedan,30000 to 39000,0,4657,3,400,2,more than 30,more than 30,none,7 years,36 to 40,No,No,External,more than 5,no change,1 vehicle,1994,Collision
12,2,5,Chevrolet,Urban,4,12,3,Male,Single,35,Policy Holder,Sedan - Liability,Sport,30000 to 39000,0,4658,6,400,3,more than 30,more than 30,2 to 4,6 years,31 to 35,No,No,External,none,no change,1 vehicle,1994,Liability
12,1,1,Chevrolet,Urban,2,12,4,Male,Married,57,Policy Holder,Sedan - Collision,Sedan,more than 69000,0,4659,5,400,4,more than 30,more than 30,2 to 4,more than 7,51 to 65,No,No,External,3 to 5,no change,1 vehicle,1994,Collision
11,1,4,Honda,Urban,1,7,3,Male,Married,44,Policy Holder,Sport - Collision,Sport,more than 69000,0,4660,11,400,3,more than 30,more than 30,1,7 years,36 to 40,No,No,External,none,no change,1 vehicle,1994,Collision
6,4,7,Toyota,Urban,3,9,1,Male,Single,26,Policy Holder,Sedan - Collision,Sedan,20000 to 29000,1,4661,9,400,1,more than 30,more than 30,none,5 years,31 to 35,No,No,External,1 to 2,no change,1 vehicle,1994,Collision
9,1,6,Honda,Urban,1,4,2,Female,Married,40,Policy Holder,Sedan - Liability,Sport,20000 to 29000,0,4662,9,400,2,more than 30,more than 30,1,6 years,36 to 40,No,No,External,1 to 2,no change,1 vehicle,1994,Liability
4,2,1,Toyota,Urban,4,4,2,Male,Single,28,Policy Holder,Sedan - Liability,Sport,20000 to 29000,0,4663,9,400,1,more than 30,more than 30,1,5 years,31 to 35,No,No,External,none,4 to 8 years,2 vehicles,1994,Liability
3,3,6,Mazda,Urban,2,12,4,Male,Single,26,Policy Holder,Sedan - Liability,Sport,20000 to 29000,0,4664,12,400,2,more than 30,more than 30,2 to 4,5 years,31 to 35,No,No,External,none,no change,1 vehicle,1994,Liability
12,3,3,Chevrolet,Urban,2,12,3,Male,Married,34,Third Party,Sedan - Collision,Sedan,40000 to 59000,0,4665,10,400,3,more than 30,more than 30,none,7 years,31 to 35,No,No,External,more than 5,no change,1 vehicle,1994,Collision
12,3,4,Toyota,Urban,1,6,3,Male,Single,22,Policy Holder,Sedan - All Perils,Sedan,20000 to 29000,0,4666,15,400,2,more than 30,more than 30,none,5 years,26 to 30,Yes,No,External,more than 5,no change,1 vehicle,1994,All Perils
6,4,6,Pontiac,Urban,1,5,4,Male,Married,39,Policy Holder,Sedan - All Perils,Sedan,20000 to 29000,1,4667,10,400,4,more than 30,more than 30,1,7 years,36 to 40,No,No,External,1 to 2,no change,1 vehicle,1994,All Perils
4,3,5,Pontiac,Urban,1,3,2,Female,Married,50,Policy Holder,Sedan - All Perils,Sedan,20000 to 29000,0,4668,11,400,1,more than 30,more than 30,2 to 4,more than 7,41 to 50,No,No,External,none,no change,1 vehicle,1994,All Perils
3,2,4,Mazda,Urban,5,3,3,Male,Married,33,Policy Holder,Sedan - Liability,Sport,20000 to 29000,0,4669,8,400,3,more than 30,more than 30,more than 4,7 years,31 to 35,No,No,External,none,no change,1 vehicle,1994,Liability
3,2,4,Honda,Urban,3,2,3,Male,Married,76,Policy Holder,Sedan - Liability,Sport,30000 to 39000,0,4670,4,400,4,more than 30,more than 30,1,more than 7,over 65,No,No,External,1 to 2,no change,1 vehicle,1994,Liability
2,1,5,Chevrolet,Urban,2,11,2,Female,Married,27,Policy Holder,Sedan - Liability,Sport,30000 to 39000,0,4671,9,400,2,more than 30,more than 30,more than 4,6 years,31 to 35,No,No,External,none,no change,1 vehicle,1994,Liability
11,1,1,Honda,Urban,5,2,2,Male,Married,47,Policy Holder,Sedan - Collision,Sedan,30000 to 39000,0,4672,9,400,2,more than 30,more than 30,more than 4,7 years,41 to 50,No,No,External,more than 5,no change,1 vehicle,1994,Collision
1,1,4,Honda,Urban,3,8,4,Male,Married,50,Policy Holder,Sedan - All Perils,Sedan,20000 to 29000,0,4673,14,400,4,more than 30,more than 30,none,7 years,41 to 50,No,No,External,1 to 2,no change,1 vehicle,1994,All Perils
5,1,7,Accura,Urban,1,5,4,Male,Married,39,Policy Holder,Sedan - All Perils,Sedan,more than 69000,0,4674,12,400,4,more than 30,more than 30,2 to 4,6 years,36 to 40,No,No,External,none,no change,1 vehicle,1994,All Perils
5,1,1,Honda,Urban,7,7,2,Male,Single,0,Policy Holder,Sedan - Collision,Sedan,more than 69000,0,4675,13,400,3,more than 30,more than 30,2 to 4,new,16 to 17,No,No,External,none,no change,3 to 4,1994,Collision
6,1,1,Honda,Urban,2,5,3,Male,Married,33,Third Party,Sedan - All Perils,Sedan,30000 to 39000,0,4676,11,400,2,more than 30,more than 30,1,7 years,31 to 35,No,No,External,none,no change,1 vehicle,1994,All Perils
5,5,3,Ford,Urban,1,7,5,Male,Married,61,Policy Holder,Sedan - Liability,Sport,30000 to 39000,0,4677,6,400,4,more than 30,more than 30,more than 4,more than 7,51 to 65,No,No,External,1 to 2,no change,1 vehicle,1994,Liability
6,5,5,Accura,Urban,1,6,4,Male,Single,35,Policy Holder,Utility - All Perils,Utility,more than 69000,0,4678,4,400,1,more than 30,more than 30,none,7 years,31 to 35,No,No,External,3 to 5,no change,1 vehicle,1994,All Perils
6,3,3,Accura,Urban,3,6,3,Male,Married,76,Policy Holder,Utility - All Perils,Utility,more than 69000,0,4679,9,400,3,more than 30,more than 30,none,more than 7,over 65,No,No,External,1 to 2,no change,1 vehicle,1994,All Perils
6,3,6,Honda,Rural,1,9,3,Male,Married,29,Third Party,Sedan - Collision,Sedan,less than 20000,0,4680,1,400,1,more than 30,more than 30,more than 4,7 years,31 to 35,No,No,External,none,no change,1 vehicle,1994,Collision
9,4,6,Toyota,Urban,4,10,4,Male,Single,21,Policy Holder,Sedan - Liability,Sport,20000 to 29000,0,4681,10,400,2,more than 30,more than 30,none,5 years,26 to 30,No,No,External,1 to 2,no change,1 vehicle,1994,Liability
9,4,2,Toyota,Urban,4,8,1,Male,Married,59,Policy Holder,Sedan - Liability,Sport,20000 to 29000,0,4682,16,700,4,more than 30,more than 30,none,more than 7,51 to 65,No,No,External,none,no change,1 vehicle,1994,Liability
8,4,3,Honda,Urban,3,10,4,Male,Married,54,Third Party,Sport - Collision,Sport,more than 69000,0,4683,3,400,2,more than 30,more than 30,none,more than 7,41 to 50,No,No,External,none,no change,1 vehicle,1994,Collision
10,4,2,Pontiac,Urban,4,12,4,Male,Single,25,Policy Holder,Sedan - Liability,Sport,30000 to 39000,0,4684,1,400,3,more than 30,more than 30,more than 4,6 years,26 to 30,No,No,External,none,4 to 8 years,2 vehicles,1994,Liability
12,3,3,Dodge,Urban,2,12,4,Male,Married,26,Policy Holder,Sedan - Liability,Sport,30000 to 39000,0,4685,7,400,3,more than 30,more than 30,2 to 4,6 years,31 to 35,No,No,External,none,no change,1 vehicle,1994,Liability
12,4,2,Honda,Urban,5,10,4,Male,Married,28,Policy Holder,Sedan - Liability,Sport,20000 to 29000,0,4686,10,400,1,more than 30,more than 30,2 to 4,6 years,31 to 35,No,No,External,none,no change,1 vehicle,1994,Liability
10,4,4,Pontiac,Urban,1,11,4,Male,Married,26,Third Party,Sedan - Collision,Sedan,20000 to 29000,0,4687,4,400,3,more than 30,more than 30,none,7 years,31 to 35,No,No,External,none,no change,1 vehicle,1994,Collision
10,4,3,Honda,Urban,4,12,2,Male,Married,33,Policy Holder,Sedan - Liability,Sport,more than 69000,0,4688,13,400,3,more than 30,more than 30,2 to 4,new,31 to 35,No,No,External,none,no change,1 vehicle,1994,Liability
12,4,4,Toyota,Urban,5,12,5,Male,Married,33,Third Party,Sedan - Collision,Sedan,30000 to 39000,0,4689,5,400,3,more than 30,more than 30,2 to 4,7 years,31 to 35,No,No,External,3 to 5,no change,1 vehicle,1994,Collision
12,4,4,Pontiac,Urban,5,5,4,Male,Married,26,Third Party,Sedan - Collision,Sedan,20000 to 29000,0,4690,6,400,3,more than 30,more than 30,1,7 years,31 to 35,No,No,External,1 to 2,no change,1 vehicle,1994,Collision
5,2,2,Mazda,Urban,2,5,2,Male,Married,51,Third Party,Sedan - Liability,Sport,30000 to 39000,0,4691,12,400,2,more than 30,more than 30,none,more than 7,41 to 50,No,No,External,more than 5,no change,1 vehicle,1994,Liability
5,4,1,Mazda,Urban,4,5,4,Male,Married,48,Policy Holder,Sedan - Liability,Sport,30000 to 39000,0,4692,5,400,2,more than 30,more than 30,none,7 years,41 to 50,No,No,External,3 to 5,no change,1 vehicle,1994,Liability
5,4,4,Toyota,Urban,5,7,4,Male,Married,39,Policy Holder,Sedan - Liability,Sport,20000 to 29000,0,4693,6,500,3,more than 30,more than 30,none,7 years,36 to 40,No,No,External,3 to 5,2 to 3 years,1 vehicle,1994,Liability
7,4,1,Mazda,Urban,2,7,4,Male,Single,29,Policy Holder,Sedan - Collision,Sedan,20000 to 29000,0,4694,12,400,3,more than 30,more than 30,2 to 4,7 years,31 to 35,No,No,External,1 to 2,no change,1 vehicle,1994,Collision
7,3,1,Chevrolet,Urban,3,7,3,Male,Married,34,Third Party,Sedan - Collision,Sedan,more than 69000,0,4695,15,400,2,more than 30,more than 30,none,7 years,31 to 35,No,No,External,none,no change,1 vehicle,1994,Collision
7,3,5,Saab,Rural,1,7,4,Male,Married,27,Policy Holder,Sedan - Collision,Sedan,30000 to 39000,0,4696,1,400,2,more than 30,more than 30,none,6 years,31 to 35,No,No,External,more than 5,no change,1 vehicle,1994,Collision
7,3,5,Ford,Urban,4,9,3,Male,Married,43,Third Party,Sedan - All Perils,Sedan,20000 to 29000,0,4697,11,400,2,more than 30,more than 30,1,7 years,36 to 40,No,No,External,none,no change,1 vehicle,1994,All Perils
9,2,4,Pontiac,Urban,2,9,3,Male,Single,52,Policy Holder,Sedan - Collision,Sedan,20000 to 29000,0,4698,16,400,2,more than 30,more than 30,2 to 4,more than 7,41 to 50,No,No,External,more than 5,no change,1 vehicle,1994,Collision
9,2,5,Pontiac,Urban,5,12,2,Female,Married,64,Third Party,Sedan - Collision,Sedan,40000 to 59000,0,4699,11,400,3,more than 30,more than 30,none,more than 7,51 to 65,No,No,External,none,no change,1 vehicle,1994,Collision
9,3,5,Chevrolet,Urban,5,9,3,Male,Married,51,Policy Holder,Sedan - All Perils,Sedan,20000 to 29000,0,4700,11,400,1,more than 30,more than 30,1,7 years,41 to 50,No,No,External,more than 5,no change,1 vehicle,1994,All Perils
9,3,6,Accura,Urban,1,10,3,Male,Married,48,Policy Holder,Sedan - Collision,Sedan,30000 to 39000,0,4701,11,400,3,more than 30,more than 30,none,more than 7,41 to 50,No,No,External,none,no change,1 vehicle,1994,Collision
10,3,7,Toyota,Urban,2,12,3,Male,Married,43,Third Party,Sedan - All Perils,Sedan,20000 to 29000,0,4702,12,400,1,more than 30,more than 30,none,more than 7,36 to 40,No,No,External,none,no change,1 vehicle,1994,All Perils
10,2,7,Toyota,Urban,4,12,3,Male,Single,58,Policy Holder,Sedan - All Perils,Sedan,less than 20000,0,4703,15,400,1,more than 30,more than 30,1,more than 7,51 to 65,No,No,External,1 to 2,no change,1 vehicle,1994,All Perils
12,2,6,Toyota,Urban,1,12,4,Male,Married,36,Policy Holder,Sedan - Liability,Sport,20000 to 29000,0,4704,15,400,1,more than 30,more than 30,1,7 years,36 to 40,No,No,External,none,no change,1 vehicle,1994,Liability
12,2,6,Ford,Urban,5,4,2,Male,Married,59,Policy Holder,Sedan - All Perils,Sedan,less than 20000,0,4705,1,400,2,more than 30,more than 30,none,7 years,51 to 65,No,No,External,none,4 to 8 years,2 vehicles,1994,All Perils
4,1,2,Mazda,Urban,2,12,5,Female,Single,35,Policy Holder,Sedan - Liability,Sport,20000 to 29000,0,4706,5,400,3,more than 30,more than 30,2 to 4,5 years,31 to 35,No,No,External,1 to 2,no change,1 vehicle,1994,Liability
12,4,7,Pontiac,Urban,2,12,4,Male,Married,58,Third Party,Sedan - All Perils,Sedan,20000 to 29000,0,4707,5,400,1,more than 30,more than 30,none,more than 7,51 to 65,No,No,External,1 to 2,no change,1 vehicle,1994,All Perils
12,4,7,Honda,Urban,2,5,4,Male,Married,55,Policy Holder,Sedan - Liability,Sport,30000 to 39000,0,4708,15,400,1,8 to 15,8 to 15,1,more than 7,41 to 50,No,No,External,none,no change,1 vehicle,1994,Liability
4,5,2,Toyota,Urban,2,6,1,Male,Single,35,Policy Holder,Sedan - Collision,Sedan,more than 69000,0,4709,9,400,2,more than 30,more than 30,2 to 4,7 years,31 to 35,No,No,External,3 to 5,no change,1 vehicle,1994,Collision
6,2,5,Honda,Urban,1,9,2,Male,Single,34,Policy Holder,Sedan - Liability,Sport,30000 to 39000,0,4710,2,400,1,more than 30,more than 30,more than 4,6 years,31 to 35,No,No,External,1 to 2,no change,1 vehicle,1994,Liability
9,1,6,Chevrolet,Urban,6,11,1,Male,Married,51,Policy Holder,Sedan - Liability,Sport,30000 to 39000,0,4711,16,400,2,more than 30,more than 30,more than 4,7 years,41 to 50,No,No,External,none,no change,1 vehicle,1994,Liability
11,3,2,Honda,Urban,2,8,3,Male,Single,25,Policy Holder,Sedan - Collision,Sedan,30000 to 39000,0,4712,7,400,4,more than 30,more than 30,none,6 years,26 to 30,No,No,Internal,1 to 2,no change,1 vehicle,1994,Collision
7,3,2,Toyota,Urban,4,12,1,Male,Single,35,Policy Holder,Sedan - Collision,Sedan,20000 to 29000,0,4713,12,400,1,more than 30,more than 30,none,5 years,31 to 35,No,No,External,none,no change,1 vehicle,1994,Collision
11,5,1,Accura,Urban,1,11,1,Male,Single,35,Policy Holder,Sedan - Liability,Sport,more than 69000,0,4714,13,400,3,more than 30,more than 30,more than 4,5 years,31 to 35,No,No,External,1 to 2,no change,1 vehicle,1994,Liability
11,4,3,Honda,Urban,5,11,4,Male,Married,41,Policy Holder,Sedan - Liability,Sport,20000 to 29000,0,4715,13,400,2,more than 30,more than 30,2 to 4,more than 7,36 to 40,No,No,External,more than 5,no change,1 vehicle,1994,Liability
11,3,7,Toyota,Urban,2,10,3,Male,Married,33,Policy Holder,Sedan - All Perils,Sedan,20000 to 29000,0,4716,7,400,3,more than 30,more than 30,none,6 years,31 to 35,No,No,External,3 to 5,no change,3 to 4,1994,All Perils
6,4,3,Honda,Urban,4,5,4,Female,Married,40,Policy Holder,Sport - Collision,Sport,more than 69000,1,4717,12,400,2,more than 30,more than 30,2 to 4,6 years,36 to 40,No,No,External,none,no change,1 vehicle,1994,Collision
5,1,1,Mazda,Urban,3,3,1,Male,Married,28,Policy Holder,Sedan - Collision,Sedan,20000 to 29000,0,4718,2,400,1,more than 30,more than 30,1,7 years,31 to 35,Yes,No,External,1 to 2,no change,1 vehicle,1994,Collision
3,4,3,Honda,Urban,1,11,5,Male,Married,33,Policy Holder,Sedan - Liability,Sport,20000 to 29000,0,4719,4,400,2,more than 30,more than 30,2 to 4,6 years,31 to 35,No,No,External,more than 5,no change,1 vehicle,1994,Liability
10,1,1,Honda,Urban,5,12,1,Male,Married,57,Third Party,Sedan - Collision,Sedan,20000 to 29000,0,4720,6,400,2,more than 30,more than 30,2 to 4,more than 7,51 to 65,No,No,External,more than 5,no change,1 vehicle,1994,Collision
12,1,5,Honda,Urban,1,12,3,Male,Married,70,Policy Holder,Sedan - Collision,Sedan,20000 to 29000,0,4721,12,400,4,more than 30,more than 30,none,more than 7,over 65,Yes,No,External,3 to 5,no change,1 vehicle,1994,Collision
11,4,3,Mazda,Urban,4,10,2,Male,Married,43,Policy Holder,Sedan - Collision,Sedan,20000 to 29000,0,4722,7,400,2,more than 30,more than 30,1,7 years,36 to 40,No,No,External,more than 5,no change,1 vehicle,1994,Collision
10,3,3,Honda,Urban,3,12,3,Male,Married,27,Policy Holder,Sedan - Collision,Sedan,20000 to 29000,0,4723,16,400,1,more than 30,more than 30,1,7 years,31 to 35,No,No,External,more than 5,no change,1 vehicle,1994,Collision
10,2,1,Mazda,Urban,3,9,3,Male,Single,24,Policy Holder,Sedan - Collision,Sedan,20000 to 29000,0,4724,9,400,1,more than 30,more than 30,none,6 years,26 to 30,No,No,External,none,no change,1 vehicle,1994,Collision
9,3,4,Pontiac,Urban,4,9,3,Female,Married,29,Third Party,Sedan - All Perils,Sedan,20000 to 29000,0,4725,10,400,2,more than 30,more than 30,2 to 4,6 years,31 to 35,No,No,External,none,no change,1 vehicle,1994,All Perils
9,3,1,Mazda,Urban,4,7,3,Male,Married,48,Third Party,Sedan - All Perils,Sedan,20000 to 29000,0,4726,5,400,3,more than 30,more than 30,none,more than 7,41 to 50,No,No,External,more than 5,4 to 8 years,2 vehicles,1994,All Perils
6,4,4,Toyota,Urban,5,9,3,Male,Married,41,Policy Holder,Sedan - All Perils,Sedan,less than 20000,1,4727,13,400,4,more than 30,more than 30,none,6 years,36 to 40,No,No,External,3 to 5,no change,1 vehicle,1994,All Perils
9,2,4,Pontiac,Rural,5,9,2,Male,Married,70,Policy Holder,Sedan - Liability,Sport,20000 to 29000,0,4728,8,400,2,more than 30,more than 30,none,more than 7,over 65,No,No,External,3 to 5,no change,1 vehicle,1994,Liability
9,2,1,Honda,Urban,1,7,2,Male,Married,29,Third Party,Sedan - Collision,Sedan,20000 to 29000,0,4729,10,400,1,more than 30,more than 30,2 to 4,6 years,31 to 35,No,No,External,more than 5,no change,1 vehicle,1994,Collision
6,4,2,Pontiac,Urban,2,9,1,Female,Divorced,44,Third Party,Sedan - All Perils,Sedan,30000 to 39000,0,4730,14,400,2,more than 30,more than 30,2 to 4,7 years,36 to 40,No,No,External,more than 5,no change,1 vehicle,1994,All Perils
8,2,5,Mazda,Urban,2,1,2,Male,Married,49,Policy Holder,Sport - Collision,Sport,more than 69000,0,4731,14,400,4,more than 30,more than 30,none,more than 7,41 to 50,No,No,External,none,no change,1 vehicle,1994,Collision
12,5,1,Pontiac,Urban,2,7,1,Female,Single,34,Third Party,Sedan - All Perils,Sedan,20000 to 29000,0,4732,8,400,2,more than 30,more than 30,none,5 years,31 to 35,No,No,External,none,no change,1 vehicle,1994,All Perils
6,4,3,Honda,Urban,5,12,1,Male,Married,28,Policy Holder,Sedan - Collision,Sedan,30000 to 39000,1,4733,10,400,3,more than 30,more than 30,2 to 4,5 years,31 to 35,No,No,External,more than 5,1 year,1 vehicle,1994,Collision
12,2,4,Ford,Urban,1,12,3,Male,Married,46,Policy Holder,Sedan - Liability,Sport,60000 to 69000,0,4734,4,400,4,more than 30,more than 30,1,more than 7,41 to 50,No,No,External,none,no change,1 vehicle,1994,Liability
12,1,1,Mazda,Urban,2,8,3,Male,Married,28,Policy Holder,Sedan - Collision,Sedan,30000 to 39000,0,4735,1,400,1,more than 30,more than 30,1,7 years,31 to 35,No,No,Internal,more than 5,no change,1 vehicle,1994,Collision
8,1,6,Chevrolet,Urban,4,2,1,Male,Married,32,Third Party,Sedan - Collision,Sedan,30000 to 39000,0,4736,9,400,2,more than 30,more than 30,1,6 years,31 to 35,No,No,External,more than 5,no change,1 vehicle,1994,Collision
2,3,1,Mazda,Urban,1,2,4,Male,Single,31,Policy Holder,Sedan - Collision,Sedan,20000 to 29000,0,4737,16,400,3,more than 30,more than 30,2 to 4,6 years,31 to 35,No,No,External,1 to 2,no change,1 vehicle,1994,Collision
2,4,5,Pontiac,Urban,2,2,4,Male,Married,42,Policy Holder,Sedan - Liability,Sport,20000 to 29000,0,4738,8,400,3,more than 30,more than 30,more than 4,7 years,36 to 40,No,No,External,none,no change,1 vehicle,1994,Liability
2,3,1,Mazda,Urban,3,6,4,Male,Married,64,Policy Holder,Sedan - All Perils,Sedan,more than 69000,0,4739,1,400,4,more than 30,more than 30,more than 4,more than 7,51 to 65,No,No,External,3 to 5,no change,1 vehicle,1994,All Perils
6,4,5,Toyota,Urban,5,5,5,Male,Single,32,Third Party,Sedan - All Perils,Sedan,20000 to 29000,0,4740,14,400,1,more than 30,more than 30,none,7 years,31 to 35,No,No,External,1 to 2,no change,1 vehicle,1994,All Perils
5,4,3,Chevrolet,Urban,3,8,4,Male,Married,53,Policy Holder,Sedan - All Perils,Sedan,more than 69000,0,4741,2,400,1,more than 30,more than 30,1,more than 7,41 to 50,No,No,External,none,no change,1 vehicle,1994,All Perils
8,4,2,Mazda,Urban,3,8,5,Male,Married,59,Policy Holder,Sedan - Liability,Sport,20000 to 29000,0,4742,11,400,4,more than 30,more than 30,2 to 4,7 years,51 to 65,No,No,External,none,no change,1 vehicle,1994,Liability
8,1,2,Mazda,Urban,2,7,1,Male,Single,25,Third Party,Sedan - Collision,Sedan,30000 to 39000,0,4743,13,400,3,more than 30,more than 30,2 to 4,5 years,26 to 30,No,No,External,more than 5,no change,1 vehicle,1994,Collision
7,3,1,Toyota,Urban,2,5,3,Male,Single,29,Policy Holder,Sedan - Collision,Sedan,20000 to 29000,0,4744,6,500,2,more than 30,more than 30,more than 4,6 years,31 to 35,No,No,External,more than 5,2 to 3 years,1 vehicle,1994,Collision
5,1,6,Toyota,Urban,2,5,1,Male,Married,33,Policy Holder,Sedan - Collision,Sedan,20000 to 29000,0,4745,1,400,2,more than 30,more than 30,none,6 years,31 to 35,No,No,External,none,no change,1 vehicle,1994,Collision
4,5,5,Mazda,Urban,5,4,1,Male,Single,35,Policy Holder,Sedan - Liability,Sport,20000 to 29000,0,4746,5,400,4,more than 30,more than 30,2 to 4,5 years,31 to 35,No,No,External,more than 5,no change,1 vehicle,1994,Liability
4,5,2,Pontiac,Urban,2,4,5,Female,Married,31,Policy Holder,Sedan - All Perils,Sedan,20000 to 29000,0,4747,7,400,2,more than 30,more than 30,1,6 years,31 to 35,No,No,External,none,4 to 8 years,2 vehicles,1994,All Perils
4,4,4,Honda,Urban,5,5,4,Male,Married,63,Policy Holder,Sedan - Liability,Sport,20000 to 29000,0,4748,10,400,3,more than 30,more than 30,more than 4,more than 7,51 to 65,No,No,External,more than 5,no change,1 vehicle,1994,Liability
4,4,4,Toyota,Urban,5,6,1,Male,Single,58,Policy Holder,Sedan - All Perils,Sedan,more than 69000,0,4749,10,400,4,more than 30,more than 30,none,more than 7,51 to 65,No,No,External,more than 5,no change,1 vehicle,1994,All Perils
4,3,3,Mazda,Urban,3,4,1,Female,Single,32,Third Party,Sedan - Collision,Sedan,20000 to 29000,0,4750,8,400,3,more than 30,more than 30,2 to 4,6 years,31 to 35,No,No,External,none,no change,1 vehicle,1994,Collision
4,3,5,Pontiac,Urban,7,1,4,Male,Married,50,Policy Holder,Sedan - Collision,Sedan,30000 to 39000,0,4751,13,400,3,more than 30,more than 30,2 to 4,more than 7,41 to 50,No,No,External,1 to 2,no change,1 vehicle,1994,Collision
12,4,5,Honda,Urban,1,11,1,Male,Married,43,Third Party,Sedan - Collision,Sedan,20000 to 29000,0,4752,1,400,3,more than 30,more than 30,1,more than 7,36 to 40,No,No,External,1 to 2,no change,1 vehicle,1994,Collision
11,1,2,Pontiac,Urban,4,12,2,Male,Married,57,Policy Holder,Sedan - All Perils,Sedan,less than 20000,0,4753,6,400,2,more than 30,more than 30,none,6 years,51 to 65,No,No,External,none,no change,1 vehicle,1994,All Perils
11,1,7,Pontiac,Rural,5,9,1,Male,Married,50,Policy Holder,Sedan - Liability,Sport,20000 to 29000,0,4754,3,400,1,more than 30,more than 30,2 to 4,more than 7,41 to 50,No,No,External,more than 5,no change,1 vehicle,1994,Liability
9,4,7,Toyota,Urban,3,9,5,Male,Married,42,Third Party,Sedan - All Perils,Sedan,more than 69000,0,4755,10,400,3,more than 30,more than 30,none,7 years,36 to 40,No,No,External,1 to 2,no change,1 vehicle,1994,All Perils
9,4,1,Toyota,Urban,2,9,5,Male,Married,46,Policy Holder,Sedan - Liability,Sport,20000 to 29000,0,4756,4,400,2,more than 30,more than 30,2 to 4,more than 7,41 to 50,No,No,External,3 to 5,no change,1 vehicle,1994,Liability
9,4,2,Pontiac,Urban,1,9,4,Male,Single,58,Policy Holder,Sedan - Collision,Sedan,20000 to 29000,0,4757,5,400,1,more than 30,more than 30,2 to 4,more than 7,51 to 65,No,No,External,1 to 2,no change,3 to 4,1994,Collision
9,1,2,Chevrolet,Urban,4,9,3,Male,Married,44,Policy Holder,Utility - All Perils,Utility,more than 69000,0,4758,16,400,1,more than 30,more than 30,more than 4,7 years,36 to 40,No,No,External,none,no change,1 vehicle,1994,All Perils
8,5,2,Honda,Urban,4,9,1,Male,Married,52,Policy Holder,Sedan - All Perils,Sedan,20000 to 29000,0,4759,14,400,1,more than 30,more than 30,1,more than 7,41 to 50,No,No,External,more than 5,no change,1 vehicle,1994,All Perils
8,5,5,Chevrolet,Urban,6,8,1,Male,Married,39,Policy Holder,Sedan - Collision,Sedan,20000 to 29000,0,4760,15,400,1,more than 30,more than 30,2 to 4,7 years,36 to 40,No,No,External,none,no change,1 vehicle,1994,Collision
8,3,1,Accura,Urban,2,8,4,Male,Married,47,Policy Holder,Sedan - All Perils,Sedan,20000 to 29000,0,4761,9,400,2,more than 30,more than 30,2 to 4,7 years,41 to 50,No,No,External,none,no change,1 vehicle,1994,All Perils
8,2,5,Mazda,Urban,5,8,2,Male,Married,37,Policy Holder,Sedan - Liability,Sport,20000 to 29000,0,4762,4,400,2,more than 30,more than 30,none,7 years,36 to 40,No,No,External,none,no change,1 vehicle,1994,Liability
8,1,1,Mazda,Urban,2,7,2,Male,Married,54,Third Party,Sedan - Liability,Sport,20000 to 29000,0,4763,16,400,4,more than 30,more than 30,2 to 4,7 years,41 to 50,No,No,External,none,no change,1 vehicle,1994,Liability
7,4,1,Pontiac,Rural,2,6,4,Male,Married,46,Policy Holder,Sedan - Liability,Sport,30000 to 39000,0,4764,1,400,3,more than 30,more than 30,2 to 4,more than 7,41 to 50,No,No,External,3 to 5,no change,1 vehicle,1994,Liability
6,4,2,Accura,Urban,3,6,5,Male,Married,43,Policy Holder,Sedan - Liability,Sport,30000 to 39000,0,4765,11,400,3,more than 30,more than 30,2 to 4,7 years,36 to 40,No,No,External,more than 5,no change,1 vehicle,1994,Liability
6,4,1,Chevrolet,Urban,2,6,4,Male,Married,44,Policy Holder,Sedan - Liability,Sport,20000 to 29000,0,4766,6,400,1,more than 30,more than 30,more than 4,7 years,36 to 40,No,No,External,none,no change,1 vehicle,1994,Liability
6,3,5,Honda,Urban,1,6,4,Male,Single,0,Policy Holder,Sedan - Liability,Sport,more than 69000,0,4767,11,400,3,more than 30,more than 30,more than 4,new,16 to 17,No,No,External,none,no change,1 vehicle,1994,Liability
6,1,2,Toyota,Urban,5,6,1,Male,Married,45,Policy Holder,Sedan - Collision,Sedan,30000 to 39000,0,4768,2,400,2,more than 30,more than 30,2 to 4,7 years,36 to 40,No,No,External,none,4 to 8 years,2 vehicles,1994,Collision
5,3,6,Toyota,Urban,1,4,2,Male,Married,39,Policy Holder,Sedan - All Perils,Sedan,more than 69000,0,4769,15,400,2,more than 30,more than 30,2 to 4,7 years,36 to 40,No,No,External,none,no change,1 vehicle,1994,All Perils
4,4,5,Ford,Urban,7,5,4,Male,Married,34,Third Party,Sedan - Collision,Sedan,less than 20000,0,4770,10,400,2,more than 30,more than 30,1,7 years,31 to 35,No,No,External,none,no change,1 vehicle,1994,Collision
4,4,6,Honda,Urban,2,11,1,Male,Married,53,Policy Holder,Sedan - Collision,Sedan,20000 to 29000,0,4771,11,400,3,more than 30,more than 30,2 to 4,more than 7,41 to 50,No,No,External,more than 5,no change,1 vehicle,1994,Collision
11,1,7,Pontiac,Rural,1,11,2,Male,Married,42,Policy Holder,Sedan - Collision,Sedan,20000 to 29000,0,4772,12,400,3,more than 30,more than 30,1,more than 7,36 to 40,No,No,External,more than 5,no change,1 vehicle,1994,Collision
11,1,1,Mazda,Urban,1,4,1,Male,Single,45,Policy Holder,Sedan - Liability,Sport,more than 69000,0,4773,10,400,1,more than 30,more than 30,more than 4,7 years,36 to 40,No,No,External,more than 5,no change,1 vehicle,1994,Liability
4,4,4,Honda,Urban,4,10,4,Male,Single,32,Policy Holder,Sedan - Collision,Sedan,20000 to 29000,0,4774,5,400,2,more than 30,more than 30,none,7 years,31 to 35,No,No,External,3 to 5,no change,1 vehicle,1994,Collision
10,2,2,Honda,Urban,2,6,2,Male,Single,27,Policy Holder,Sedan - Liability,Sport,30000 to 39000,0,4775,15,400,3,more than 30,more than 30,more than 4,5 years,31 to 35,No,No,External,3 to 5,no change,1 vehicle,1994,Liability
6,5,6,Mazda,Urban,1,4,5,Female,Married,49,Policy Holder,Sedan - Collision,Sedan,20000 to 29000,1,4776,2,400,3,more than 30,more than 30,none,more than 7,41 to 50,No,No,External,none,no change,1 vehicle,1994,Collision
3,4,3,Mazda,Urban,5,3,1,Female,Married,31,Policy Holder,Sedan - Collision,Sedan,20000 to 29000,0,4777,6,400,3,more than 30,more than 30,2 to 4,5 years,31 to 35,No,No,External,1 to 2,no change,1 vehicle,1994,Collision
2,1,3,Mazda,Urban,5,3,1,Male,Married,54,Policy Holder,Sedan - Liability,Sport,30000 to 39000,0,4778,12,400,1,more than 30,more than 30,more than 4,more than 7,41 to 50,No,No,External,none,no change,1 vehicle,1994,Liability
3,1,6,Mazda,Urban,1,5,1,Male,Single,31,Policy Holder,Sedan - Collision,Sedan,20000 to 29000,0,4779,7,400,3,more than 30,more than 30,2 to 4,6 years,31 to 35,No,No,External,none,no change,1 vehicle,1994,Collision
5,2,3,Honda,Urban,1,6,2,Male,Single,31,Policy Holder,Sedan - Liability,Sport,20000 to 29000,0,4780,2,400,2,more than 30,more than 30,2 to 4,7 years,31 to 35,No,No,External,more than 5,no change,1 vehicle,1994,Liability
6,2,5,Pontiac,Urban,4,7,2,Female,Married,33,Policy Holder,Sedan - Liability,Sport,20000 to 29000,0,4781,7,400,4,more than 30,more than 30,more than 4,6 years,31 to 35,No,No,External,none,no change,1 vehicle,1994,Liability
7,2,3,Toyota,Urban,1,11,3,Male,Married,36,Policy Holder,Sedan - All Perils,Sedan,less than 20000,0,4782,6,400,1,more than 30,more than 30,1,7 years,36 to 40,No,No,External,none,no change,1 vehicle,1994,All Perils
11,1,4,Toyota,Urban,4,12,2,Male,Married,31,Third Party,Sedan - Collision,Sedan,20000 to 29000,0,4783,4,400,1,more than 30,more than 30,2 to 4,7 years,31 to 35,No,No,External,more than 5,no change,1 vehicle,1994,Collision
12,4,3,Ford,Urban,2,12,5,Male,Married,38,Policy Holder,Sedan - All Perils,Sedan,40000 to 59000,0,4784,4,400,2,more than 30,more than 30,none,7 years,36 to 40,No,No,External,3 to 5,no change,1 vehicle,1994,All Perils
12,4,3,Toyota,Urban,3,10,4,Female,Married,44,Policy Holder,Sedan - All Perils,Sedan,20000 to 29000,0,4785,9,400,3,more than 30,more than 30,none,more than 7,36 to 40,No,No,External,none,no change,1 vehicle,1994,All Perils
10,4,4,Mazda,Urban,5,11,4,Female,Single,41,Policy Holder,Sedan - Liability,Sport,20000 to 29000,0,4786,9,400,3,more than 30,more than 30,more than 4,6 years,36 to 40,No,No,External,1 to 2,no change,1 vehicle,1994,Liability
11,1,5,Honda,Urban,2,12,1,Male,Married,33,Policy Holder,Sedan - Liability,Sport,30000 to 39000,0,4787,9,400,3,more than 30,more than 30,more than 4,7 years,31 to 35,No,No,External,3 to 5,no change,1 vehicle,1994,Liability
12,3,5,Toyota,Rural,5,12,3,Male,Married,40,Policy Holder,Sedan - Collision,Sedan,30000 to 39000,0,4788,16,400,1,more than 30,more than 30,none,7 years,36 to 40,No,No,External,none,no change,1 vehicle,1994,Collision
12,3,5,Pontiac,Urban,1,12,3,Male,Single,61,Policy Holder,Sedan - Liability,Sport,20000 to 29000,0,4789,1,400,4,more than 30,more than 30,none,more than 7,51 to 65,No,No,External,more than 5,4 to 8 years,2 vehicles,1994,Liability
12,3,1,Accura,Urban,2,12,3,Male,Married,61,Policy Holder,Sedan - Collision,Sedan,30000 to 39000,0,4790,4,400,3,more than 30,more than 30,more than 4,more than 7,51 to 65,No,No,External,3 to 5,no change,1 vehicle,1994,Collision
12,4,3,Mazda,Urban,3,12,4,Male,Married,30,Policy Holder,Sedan - All Perils,Sedan,20000 to 29000,0,4791,5,400,4,more than 30,more than 30,none,7 years,31 to 35,No,No,External,none,no change,1 vehicle,1994,All Perils
12,4,2,Nisson,Urban,3,12,4,Male,Married,49,Policy Holder,Utility - All Perils,Utility,more than 69000,0,4792,1,400,2,more than 30,more than 30,none,more than 7,41 to 50,No,No,External,none,no change,1 vehicle,1994,All Perils
12,4,4,Honda,Urban,5,12,4,Male,Married,27,Policy Holder,Sedan - Collision,Sedan,20000 to 29000,0,4793,7,400,3,more than 30,more than 30,none,7 years,31 to 35,No,No,External,3 to 5,no change,1 vehicle,1994,Collision
12,5,5,Pontiac,Urban,4,12,5,Female,Single,27,Policy Holder,Sedan - Collision,Sedan,20000 to 29000,0,4794,15,400,2,more than 30,more than 30,2 to 4,7 years,31 to 35,Yes,No,External,3 to 5,no change,1 vehicle,1994,Collision
12,4,7,Chevrolet,Urban,3,12,5,Male,Married,32,Third Party,Sedan - Collision,Sedan,20000 to 29000,1,4795,9,500,4,more than 30,more than 30,2 to 4,6 years,31 to 35,No,No,External,none,2 to 3 years,1 vehicle,1994,Collision
12,4,1,Pontiac,Urban,2,11,4,Male,Married,45,Policy Holder,Sedan - Liability,Sport,20000 to 29000,0,4796,1,400,3,more than 30,more than 30,2 to 4,5 years,36 to 40,No,No,External,3 to 5,no change,1 vehicle,1994,Liability
11,3,1,Mazda,Urban,1,11,4,Male,Married,28,Third Party,Sedan - All Perils,Sedan,20000 to 29000,0,4797,1,400,4,more than 30,more than 30,1,7 years,31 to 35,No,No,External,3 to 5,no change,1 vehicle,1994,All Perils
11,2,1,Honda,Urban,5,11,2,Male,Married,55,Policy Holder,Sedan - Collision,Sedan,more than 69000,0,4798,7,400,3,more than 30,more than 30,2 to 4,more than 7,41 to 50,No,No,External,3 to 5,no change,3 to 4,1994,Collision
10,5,6,Toyota,Urban,1,9,1,Male,Married,43,Policy Holder,Sedan - Collision,Sedan,20000 to 29000,0,4799,5,400,3,more than 30,more than 30,none,6 years,36 to 40,No,No,External,none,no change,1 vehicle,1994,Collision
9,4,1,Pontiac,Urban,1,9,4,Male,Married,49,Policy Holder,Sedan - Collision,Sedan,20000 to 29000,0,4800,2,400,3,more than 30,more than 30,none,6 years,41 to 50,No,No,External,none,no change,1 vehicle,1994,Collision
9,4,5,Toyota,Urban,2,7,4,Male,Single,27,Policy Holder,Sedan - Liability,Sport,20000 to 29000,0,4801,1,400,4,more than 30,more than 30,2 to 4,6 years,31 to 35,No,No,External,none,no change,1 vehicle,1994,Liability
7,3,6,Pontiac,Rural,2,5,3,Male,Married,59,Policy Holder,Sedan - All Perils,Sedan,20000 to 29000,0,4802,8,400,2,more than 30,more than 30,none,more than 7,51 to 65,No,No,External,more than 5,no change,1 vehicle,1994,All Perils
4,5,4,Ford,Urban,1,3,2,Male,Married,48,Policy Holder,Sedan - Collision,Sedan,30000 to 39000,0,4803,2,400,4,more than 30,more than 30,2 to 4,7 years,41 to 50,No,No,External,none,no change,1 vehicle,1994,Collision
3,3,6,Dodge,Urban,2,12,3,Male,Single,29,Policy Holder,Sedan - Liability,Sport,20000 to 29000,0,4804,3,400,1,more than 30,more than 30,more than 4,6 years,31 to 35,No,No,External,1 to 2,no change,1 vehicle,1994,Liability
12,2,5,Toyota,Urban,2,12,2,Male,Married,38,Policy Holder,Sedan - Liability,Sport,more than 69000,0,4805,12,400,1,more than 30,more than 30,2 to 4,7 years,36 to 40,No,No,External,3 to 5,no change,1 vehicle,1994,Liability
12,2,4,Toyota,Urban,1,7,2,Male,Married,26,Third Party,Sedan - Collision,Sedan,20000 to 29000,0,4806,7,400,2,more than 30,more than 30,1,6 years,31 to 35,No,No,External,1 to 2,no change,1 vehicle,1994,Collision
6,5,1,Pontiac,Urban,2,9,1,Male,Married,36,Third Party,Sedan - Collision,Sedan,20000 to 29000,0,4807,2,400,2,more than 30,more than 30,2 to 4,6 years,36 to 40,No,No,External,1 to 2,no change,1 vehicle,1994,Collision
8,3,4,Pontiac,Urban,4,7,2,Male,Single,31,Policy Holder,Sedan - All Perils,Sedan,20000 to 29000,0,4808,1,400,4,more than 30,more than 30,more than 4,7 years,31 to 35,No,No,External,none,no change,1 vehicle,1994,All Perils
7,2,5,Chevrolet,Urban,4,1,2,Male,Married,62,Policy Holder,Sedan - Liability,Sport,30000 to 39000,0,4809,3,400,1,more than 30,more than 30,more than 4,more than 7,51 to 65,No,No,External,none,no change,1 vehicle,1994,Liability
6,2,4,Mazda,Urban,1,5,1,Male,Married,38,Policy Holder,Sedan - Collision,Sedan,20000 to 29000,0,4810,6,400,2,more than 30,more than 30,2 to 4,more than 7,36 to 40,No,Yes,External,1 to 2,4 to 8 years,2 vehicles,1994,Collision
5,1,5,Pontiac,Urban,1,7,2,Male,Married,47,Third Party,Sedan - All Perils,Sedan,20000 to 29000,0,4811,5,400,1,more than 30,more than 30,none,more than 7,41 to 50,No,No,External,none,no change,1 vehicle,1994,All Perils
7,1,1,Mazda,Urban,2,4,1,Male,Married,47,Policy Holder,Sedan - All Perils,Sedan,40000 to 59000,1,4812,4,400,1,more than 30,more than 30,none,more than 7,41 to 50,No,No,External,none,no change,1 vehicle,1994,All Perils
4,2,2,Honda,Urban,2,3,2,Male,Single,0,Policy Holder,Sedan - Liability,Sport,more than 69000,0,4813,1,400,1,more than 30,more than 30,none,new,16 to 17,No,No,External,none,no change,1 vehicle,1994,Liability
3,4,4,Toyota,Urban,3,3,4,Female,Married,34,Policy Holder,Sedan - Collision,Sedan,20000 to 29000,0,4814,7,400,2,more than 30,more than 30,2 to 4,5 years,31 to 35,No,No,External,none,no change,1 vehicle,1994,Collision
2,4,3,Mazda,Urban,4,10,1,Male,Married,30,Policy Holder,Sedan - Liability,Sport,more than 69000,0,4815,9,400,2,more than 30,more than 30,2 to 4,6 years,31 to 35,No,No,External,none,no change,1 vehicle,1994,Liability
10,3,3,Mazda,Urban,3,10,3,Female,Single,30,Third Party,Sport - Collision,Sport,more than 69000,0,4816,5,400,1,more than 30,more than 30,2 to 4,6 years,31 to 35,No,No,External,3 to 5,no change,1 vehicle,1994,Collision
10,3,6,Ford,Urban,5,7,3,Male,Married,49,Third Party,Sedan - Collision,Sedan,40000 to 59000,0,4817,1,400,2,more than 30,more than 30,none,more than 7,41 to 50,No,No,External,more than 5,no change,1 vehicle,1994,Collision
7,1,2,Chevrolet,Urban,3,2,2,Male,Married,50,Policy Holder,Sedan - Collision,Sedan,30000 to 39000,1,4818,1,400,1,more than 30,more than 30,1,more than 7,41 to 50,No,No,External,none,no change,1 vehicle,1994,Collision
2,1,2,Honda,Rural,2,5,2,Male,Married,27,Policy Holder,Sedan - Collision,Sedan,more than 69000,0,4819,2,400,2,more than 30,more than 30,2 to 4,new,31 to 35,No,No,External,none,no change,1 vehicle,1994,Collision
5,4,5,Toyota,Urban,2,8,4,Male,Married,30,Policy Holder,Sedan - Liability,Sport,more than 69000,0,4820,5,400,2,more than 30,more than 30,more than 4,5 years,31 to 35,No,No,External,none,no change,1 vehicle,1994,Liability
6,4,4,Mazda,Urban,1,7,1,Male,Married,44,Policy Holder,Sedan - Liability,Sport,20000 to 29000,0,4821,10,400,2,more than 30,more than 30,none,7 years,36 to 40,No,No,External,none,no change,1 vehicle,1994,Liability
7,3,6,Honda,Urban,1,7,3,Male,Married,61,Third Party,Sedan - Collision,Sedan,20000 to 29000,0,4822,8,400,2,more than 30,more than 30,1,more than 7,51 to 65,No,No,External,none,no change,1 vehicle,1994,Collision
7,3,2,Pontiac,Urban,2,7,4,Male,Single,21,Third Party,Sedan - Collision,Sedan,more than 69000,0,4823,2,400,4,more than 30,more than 30,1,5 years,26 to 30,No,No,External,none,no change,1 vehicle,1994,Collision
7,4,7,Mazda,Urban,2,8,4,Male,Single,31,Policy Holder,Sedan - Collision,Sedan,20000 to 29000,0,4824,7,400,4,more than 30,more than 30,2 to 4,6 years,31 to 35,No,No,External,more than 5,1 year,1 vehicle,1994,Collision
7,4,2,Pontiac,Urban,3,8,1,Male,Married,42,Policy Holder,Sedan - All Perils,Sedan,less than 20000,0,4825,1,400,4,more than 30,more than 30,2 to 4,7 years,36 to 40,No,No,External,more than 5,no change,1 vehicle,1994,All Perils
8,2,5,Honda,Rural,3,9,2,Male,Married,50,Third Party,Sedan - Collision,Sedan,20000 to 29000,0,4826,11,400,4,more than 30,more than 30,1,5 years,41 to 50,No,No,External,none,no change,1 vehicle,1994,Collision
9,3,7,Chevrolet,Urban,2,10,4,Female,Married,33,Policy Holder,Sedan - Liability,Sport,20000 to 29000,0,4827,6,400,1,more than 30,more than 30,more than 4,4 years,31 to 35,No,No,External,none,no change,1 vehicle,1994,Liability
10,2,4,Pontiac,Urban,5,10,2,Female,Married,63,Policy Holder,Sedan - All Perils,Sedan,20000 to 29000,0,4828,6,400,4,more than 30,more than 30,2 to 4,more than 7,51 to 65,No,No,External,1 to 2,no change,1 vehicle,1994,All Perils
10,1,6,Honda,Urban,2,10,2,Male,Married,60,Policy Holder,Sedan - Collision,Sedan,more than 69000,0,4829,6,400,4,more than 30,more than 30,none,more than 7,51 to 65,No,No,External,1 to 2,no change,1 vehicle,1994,Collision
10,3,1,Chevrolet,Urban,2,11,3,Male,Single,29,Policy Holder,Sedan - Collision,Sedan,20000 to 29000,0,4830,13,400,3,more than 30,more than 30,2 to 4,5 years,31 to 35,No,No,External,none,no change,1 vehicle,1994,Collision
11,3,6,Jaguar,Rural,4,7,3,Male,Married,30,Policy Holder,Sedan - Liability,Sport,40000 to 59000,0,4831,3,400,1,more than 30,more than 30,none,7 years,31 to 35,No,No,External,none,4 to 8 years,2 vehicles,1994,Liability
7,1,2,Toyota,Urban,3,1,3,Male,Married,40,Policy Holder,Sedan - All Perils,Sedan,more than 69000,1,4832,3,400,1,more than 30,more than 30,none,7 years,36 to 40,No,No,External,none,no change,1 vehicle,1994,All Perils
12,4,2,Honda,Urban,3,5,1,Male,Married,28,Third Party,Sport - Collision,Sport,more than 69000,0,4833,9,400,3,more than 30,more than 30,none,5 years,31 to 35,No,No,External,1 to 2,no change,1 vehicle,1994,Collision
5,5,3,Chevrolet,Urban,1,7,5,Male,Married,27,Policy Holder,Sedan - Collision,Sedan,20000 to 29000,0,4834,9,400,4,more than 30,more than 30,2 to 4,6 years,31 to 35,No,No,External,none,no change,1 vehicle,1994,Collision
7,3,7,Dodge,Urban,1,6,4,Female,Married,45,Third Party,Sedan - Collision,Sedan,20000 to 29000,0,4835,13,400,1,more than 30,more than 30,2 to 4,more than 7,36 to 40,No,No,External,none,no change,1 vehicle,1994,Collision
6,3,2,Honda,Urban,3,3,3,Male,Married,57,Policy Holder,Sedan - Collision,Sedan,20000 to 29000,0,4836,2,400,2,more than 30,more than 30,1,more than 7,51 to 65,No,No,External,none,no change,1 vehicle,1994,Collision
2,3,4,Mazda,Urban,4,11,1,Male,Married,52,Policy Holder,Sedan - Liability,Sport,30000 to 39000,0,4837,15,700,3,more than 30,more than 30,2 to 4,more than 7,41 to 50,No,No,External,1 to 2,no change,1 vehicle,1994,Liability
11,3,5,Toyota,Urban,3,9,3,Male,Married,40,Third Party,Sedan - Liability,Sport,30000 to 39000,0,4838,16,400,1,more than 30,more than 30,more than 4,7 years,36 to 40,No,No,External,more than 5,no change,1 vehicle,1994,Liability
9,1,1,Accura,Urban,2,3,2,Male,Married,32,Policy Holder,Sedan - All Perils,Sedan,30000 to 39000,0,4839,7,400,4,more than 30,more than 30,2 to 4,7 years,31 to 35,No,No,External,1 to 2,no change,3 to 4,1994,All Perils
2,4,1,Pontiac,Urban,2,9,2,Male,Married,44,Policy Holder,Sedan - Collision,Sedan,30000 to 39000,0,4840,2,400,1,more than 30,more than 30,2 to 4,7 years,36 to 40,No,No,External,1 to 2,no change,1 vehicle,1994,Collision
8,2,4,Pontiac,Urban,3,12,4,Female,Married,36,Policy Holder,Sedan - Liability,Sport,more than 69000,0,4841,7,400,1,more than 30,more than 30,2 to 4,7 years,36 to 40,No,No,External,more than 5,no change,1 vehicle,1994,Liability
10,3,3,Chevrolet,Urban,3,9,3,Male,Married,35,Policy Holder,Sedan - Collision,Sedan,20000 to 29000,0,4842,11,400,4,more than 30,more than 30,1,6 years,31 to 35,No,No,External,none,no change,1 vehicle,1994,Collision
9,5,5,Pontiac,Rural,1,10,5,Male,Single,26,Policy Holder,Sedan - Collision,Sedan,20000 to 29000,0,4843,8,400,2,more than 30,more than 30,1,7 years,31 to 35,No,No,External,none,no change,1 vehicle,1994,Collision
9,4,1,Toyota,Rural,4,1,1,Female,Single,22,Policy Holder,Sedan - Collision,Sedan,20000 to 29000,0,4844,6,400,4,more than 30,more than 30,2 to 4,4 years,26 to 30,No,No,External,more than 5,no change,1 vehicle,1994,Collision
1,2,7,Chevrolet,Urban,3,7,2,Female,Married,27,Third Party,Sedan - All Perils,Sedan,20000 to 29000,0,4845,7,400,2,more than 30,more than 30,1,6 years,31 to 35,Yes,No,External,none,no change,1 vehicle,1994,All Perils
7,1,7,Ford,Urban,2,7,4,Male,Married,43,Policy Holder,Sedan - All Perils,Sedan,less than 20000,1,4846,16,500,2,more than 30,more than 30,none,more than 7,36 to 40,No,No,External,none,2 to 3 years,1 vehicle,1994,All Perils
7,2,1,Chevrolet,Urban,3,7,2,Male,Married,40,Policy Holder,Sedan - Collision,Sedan,30000 to 39000,0,4847,4,400,3,more than 30,more than 30,2 to 4,more than 7,36 to 40,No,No,External,none,no change,1 vehicle,1994,Collision
7,2,7,Toyota,Urban,2,4,2,Female,Married,28,Third Party,Sedan - Collision,Sedan,20000 to 29000,0,4848,9,400,2,more than 30,more than 30,more than 4,7 years,31 to 35,Yes,Yes,External,1 to 2,no change,1 vehicle,1994,Collision
4,1,7,Toyota,Urban,7,1,3,Male,Married,37,Third Party,Sedan - All Perils,Sedan,20000 to 29000,0,4849,2,400,1,more than 30,more than 30,2 to 4,more than 7,36 to 40,No,No,External,none,no change,1 vehicle,1994,All Perils
12,3,3,Toyota,Urban,4,3,1,Male,Married,40,Third Party,Sedan - All Perils,Sedan,20000 to 29000,0,4850,4,400,3,more than 30,more than 30,none,7 years,36 to 40,No,No,External,none,no change,1 vehicle,1994,All Perils
3,2,6,Mazda,Urban,1,12,2,Male,Single,33,Policy Holder,Sedan - Liability,Sport,30000 to 39000,0,4851,15,400,4,more than 30,more than 30,2 to 4,7 years,31 to 35,No,No,External,none,no change,1 vehicle,1994,Liability
12,1,3,Toyota,Urban,3,12,1,Female,Divorced,35,Third Party,Sedan - Collision,Sedan,20000 to 29000,0,4852,7,400,1,more than 30,more than 30,1,5 years,31 to 35,No,No,External,none,4 to 8 years,2 vehicles,1994,Collision
12,3,7,Chevrolet,Urban,2,7,3,Male,Single,35,Policy Holder,Sedan - Collision,Sedan,20000 to 29000,0,4853,12,400,3,more than 30,more than 30,more than 4,7 years,31 to 35,No,No,External,none,no change,1 vehicle,1994,Collision
7,1,2,Honda,Urban,3,12,1,Male,Single,23,Third Party,Sport - Collision,Sport,more than 69000,0,4854,3,400,2,more than 30,more than 30,none,6 years,26 to 30,No,No,External,more than 5,no change,1 vehicle,1994,Collision
12,3,2,Chevrolet,Urban,5,12,3,Male,Married,47,Policy Holder,Sedan - Collision,Sedan,30000 to 39000,0,4855,2,400,3,more than 30,more than 30,1,more than 7,41 to 50,No,No,External,more than 5,no change,1 vehicle,1994,Collision
12,3,2,Accura,Urban,2,12,4,Male,Married,37,Policy Holder,Utility - Liability,Utility,more than 69000,0,4856,10,400,2,more than 30,more than 30,1,7 years,36 to 40,No,No,External,none,no change,1 vehicle,1994,Liability
12,2,2,Toyota,Urban,2,5,2,Female,Single,34,Policy Holder,Sedan - Liability,Sport,20000 to 29000,0,4857,6,400,4,more than 30,more than 30,1,6 years,31 to 35,No,No,External,more than 5,no change,1 vehicle,1994,Liability
4,2,2,Chevrolet,Urban,3,1,2,Male,Married,56,Policy Holder,Utility - All Perils,Utility,more than 69000,0,4858,2,400,2,more than 30,more than 30,2 to 4,more than 7,51 to 65,No,No,External,more than 5,no change,1 vehicle,1994,All Perils
1,1,1,Chevrolet,Urban,4,8,1,Male,Married,40,Policy Holder,Sedan - Liability,Sport,30000 to 39000,0,4859,8,400,2,more than 30,more than 30,none,7 years,36 to 40,No,No,External,none,no change,1 vehicle,1994,Liability
1,2,6,Pontiac,Urban,2,4,2,Male,Married,44,Policy Holder,Sedan - All Perils,Sedan,less than 20000,0,4860,14,400,1,more than 30,more than 30,none,7 years,36 to 40,No,No,External,1 to 2,no change,1 vehicle,1994,All Perils
3,4,2,Toyota,Urban,3,8,1,Male,Single,21,Policy Holder,Sedan - All Perils,Sedan,less than 20000,0,4861,6,400,4,more than 30,more than 30,none,4 years,26 to 30,No,No,External,none,no change,1 vehicle,1994,All Perils
7,1,5,Pontiac,Urban,3,5,2,Female,Married,36,Third Party,Sedan - Liability,Sport,30000 to 39000,0,4862,7,400,4,more than 30,more than 30,none,7 years,36 to 40,No,No,External,3 to 5,no change,1 vehicle,1994,Liability
5,3,2,Pontiac,Rural,3,9,4,Male,Married,40,Policy Holder,Sedan - Collision,Sedan,20000 to 29000,0,4863,10,400,2,more than 30,more than 30,none,5 years,36 to 40,No,No,External,none,no change,1 vehicle,1994,Collision
9,3,1,Accura,Urban,2,7,4,Male,Married,38,Policy Holder,Sedan - All Perils,Sedan,30000 to 39000,0,4864,11,400,2,more than 30,more than 30,none,7 years,36 to 40,No,No,External,none,no change,1 vehicle,1994,All Perils
7,1,4,Ford,Urban,1,9,1,Male,Married,31,Third Party,Sedan - All Perils,Sedan,less than 20000,0,4865,7,400,2,more than 30,more than 30,none,6 years,31 to 35,No,No,External,none,no change,1 vehicle,1994,All Perils
9,3,5,Toyota,Urban,1,1,3,Male,Married,35,Third Party,Sedan - Liability,Sport,30000 to 39000,0,4866,6,400,1,more than 30,more than 30,2 to 4,6 years,31 to 35,No,No,External,none,no change,1 vehicle,1994,Liability
12,5,3,Toyota,Urban,1,1,2,Male,Single,19,Policy Holder,Sedan - Collision,Sedan,20000 to 29000,0,4867,9,400,4,more than 30,more than 30,2 to 4,4 years,21 to 25,No,No,External,more than 5,no change,1 vehicle,1994,Collision
12,5,4,Toyota,Urban,5,12,2,Male,Married,47,Policy Holder,Sedan - All Perils,Sedan,20000 to 29000,0,4868,8,400,3,more than 30,more than 30,none,6 years,41 to 50,No,No,External,none,no change,1 vehicle,1994,All Perils
12,1,3,Ford,Urban,1,12,1,Male,Married,56,Third Party,Sedan - All Perils,Sedan,60000 to 69000,0,4869,16,400,1,more than 30,more than 30,2 to 4,more than 7,51 to 65,No,No,External,1 to 2,no change,1 vehicle,1994,All Perils
11,5,1,Toyota,Urban,5,1,1,Male,Married,54,Third Party,Sedan - Collision,Sedan,20000 to 29000,0,4870,1,400,3,more than 30,more than 30,none,more than 7,41 to 50,No,No,External,none,no change,1 vehicle,1994,Collision
12,3,7,Mazda,Urban,2,9,2,Male,Married,35,Policy Holder,Sedan - Collision,Sedan,20000 to 29000,0,4871,6,400,1,more than 30,more than 30,none,6 years,31 to 35,No,No,External,more than 5,no change,1 vehicle,1994,Collision
9,3,6,Pontiac,Urban,2,9,4,Male,Single,27,Policy Holder,Sedan - Liability,Sport,30000 to 39000,0,4872,6,400,4,more than 30,more than 30,2 to 4,6 years,31 to 35,No,No,External,1 to 2,no change,1 vehicle,1994,Liability
9,3,2,Chevrolet,Rural,3,5,4,Female,Married,48,Policy Holder,Sedan - Collision,Sedan,30000 to 39000,0,4873,6,400,1,more than 30,more than 30,2 to 4,7 years,41 to 50,No,No,External,none,4 to 8 years,2 vehicles,1994,Collision
5,3,1,Toyota,Urban,1,5,3,Male,Single,29,Third Party,Sedan - Liability,Sport,20000 to 29000,0,4874,11,400,4,more than 30,more than 30,2 to 4,6 years,31 to 35,No,No,External,3 to 5,no change,1 vehicle,1994,Liability
5,3,5,Chevrolet,Urban,2,5,3,Male,Single,41,Third Party,Sedan - All Perils,Sedan,more than 69000,0,4875,4,400,1,more than 30,more than 30,1,7 years,36 to 40,No,No,External,more than 5,no change,1 vehicle,1994,All Perils
5,2,4,Mazda,Urban,1,5,3,Male,Single,34,Policy Holder,Sedan - Collision,Sedan,30000 to 39000,0,4876,2,400,1,more than 30,more than 30,more than 4,6 years,31 to 35,No,No,External,none,no change,1 vehicle,1994,Collision
5,2,2,Chevrolet,Rural,3,5,3,Male,Married,42,Policy Holder,Sedan - Liability,Sport,20000 to 29000,0,4877,6,400,1,more than 30,more than 30,2 to 4,7 years,36 to 40,No,No,External,more than 5,no change,1 vehicle,1994,Liability
5,2,2,Honda,Urban,3,9,2,Male,Married,60,Policy Holder,Sedan - Collision,Sedan,30000 to 39000,0,4878,14,400,4,more than 30,more than 30,1,more than 7,51 to 65,No,No,External,more than 5,no change,1 vehicle,1994,Collision
9,3,1,Chevrolet,Urban,2,10,4,Female,Married,57,Policy Holder,Sedan - Liability,Sport,20000 to 29000,0,4879,7,400,4,more than 30,more than 30,2 to 4,more than 7,51 to 65,No,No,External,more than 5,no change,1 vehicle,1994,Liability
9,3,7,Toyota,Urban,5,10,1,Male,Married,49,Third Party,Sedan - All Perils,Sedan,less than 20000,0,4880,9,400,4,more than 30,more than 30,1,more than 7,41 to 50,No,No,External,none,no change,3 to 4,1994,All Perils
9,3,5,Chevrolet,Urban,1,9,4,Male,Married,48,Policy Holder,Sedan - Collision,Sedan,20000 to 29000,0,4881,14,400,3,more than 30,more than 30,1,7 years,41 to 50,No,No,External,none,no change,1 vehicle,1994,Collision
9,2,7,Pontiac,Urban,3,9,2,Male,Married,39,Policy Holder,Sedan - Collision,Sedan,20000 to 29000,0,4882,15,400,4,more than 30,more than 30,none,7 years,36 to 40,No,No,External,more than 5,no change,1 vehicle,1994,Collision
9,1,5,Pontiac,Rural,1,6,4,Male,Single,24,Third Party,Sedan - Collision,Sedan,20000 to 29000,0,4883,5,400,4,more than 30,more than 30,1,5 years,26 to 30,No,No,External,more than 5,no change,1 vehicle,1994,Collision
6,1,3,Honda,Rural,1,5,1,Male,Single,33,Third Party,Sedan - Liability,Sport,30000 to 39000,0,4884,10,400,1,more than 30,more than 30,none,7 years,31 to 35,No,No,External,more than 5,no change,1 vehicle,1994,Liability
5,1,7,Mazda,Urban,2,1,3,Male,Single,22,Third Party,Sedan - Collision,Sedan,30000 to 39000,0,4885,4,400,4,more than 30,more than 30,2 to 4,5 years,26 to 30,No,No,External,1 to 2,no change,1 vehicle,1994,Collision
1,1,6,Chevrolet,Urban,1,4,1,Female,Single,35,Policy Holder,Sedan - All Perils,Sedan,20000 to 29000,0,4886,12,400,3,more than 30,more than 30,1,6 years,31 to 35,No,No,External,3 to 5,no change,1 vehicle,1994,All Perils
4,2,6,Ford,Urban,1,4,2,Male,Single,33,Policy Holder,Sedan - Liability,Sport,40000 to 59000,0,4887,4,400,3,more than 30,more than 30,2 to 4,6 years,31 to 35,No,No,External,none,no change,1 vehicle,1994,Liability
4,3,3,Chevrolet,Rural,3,4,3,Male,Married,34,Third Party,Sedan - All Perils,Sedan,30000 to 39000,0,4888,5,400,3,more than 30,more than 30,2 to 4,6 years,31 to 35,No,Yes,External,none,no change,1 vehicle,1994,All Perils
4,4,3,Pontiac,Urban,3,7,4,Male,Single,29,Policy Holder,Sedan - Liability,Sport,20000 to 29000,0,4889,10,400,1,more than 30,more than 30,more than 4,6 years,31 to 35,No,No,External,none,no change,1 vehicle,1994,Liability
7,4,5,Accura,Urban,3,8,4,Male,Married,37,Policy Holder,Sedan - All Perils,Sedan,30000 to 39000,0,4890,15,400,3,more than 30,more than 30,1,7 years,36 to 40,No,No,External,none,no change,1 vehicle,1994,All Perils
8,2,7,Toyota,Urban,2,10,3,Male,Single,35,Third Party,Sedan - Collision,Sedan,20000 to 29000,0,4891,9,400,2,more than 30,more than 30,none,6 years,31 to 35,No,No,External,none,no change,1 vehicle,1994,Collision
9,4,5,Honda,Urban,1,10,1,Female,Married,31,Policy Holder,Sedan - Collision,Sedan,less than 20000,0,4892,12,400,3,more than 30,more than 30,none,7 years,31 to 35,No,No,External,1 to 2,no change,1 vehicle,1994,Collision
9,5,6,Pontiac,Rural,1,10,2,Male,Married,46,Policy Holder,Sedan - Collision,Sedan,30000 to 39000,0,4893,11,400,2,more than 30,more than 30,none,more than 7,41 to 50,No,No,External,3 to 5,no change,1 vehicle,1994,Collision
10,4,6,Chevrolet,Urban,3,11,4,Male,Married,31,Policy Holder,Sedan - Liability,Sport,more than 69000,0,4894,13,400,3,more than 30,more than 30,more than 4,7 years,31 to 35,No,No,External,none,4 to 8 years,2 vehicles,1994,Liability
10,5,5,Toyota,Urban,1,1,1,Male,Married,31,Policy Holder,Sedan - Liability,Sport,more than 69000,0,4895,11,400,4,more than 30,more than 30,more than 4,5 years,31 to 35,No,No,External,none,no change,1 vehicle,1994,Liability
12,4,7,Toyota,Urban,3,12,1,Male,Married,37,Third Party,Sedan - Collision,Sedan,30000 to 39000,0,4896,8,400,3,more than 30,more than 30,1,7 years,36 to 40,No,No,External,none,no change,1 vehicle,1994,Collision
12,4,3,Pontiac,Urban,1,1,5,Male,Married,41,Third Party,Sedan - Collision,Sedan,20000 to 29000,1,4897,10,500,1,more than 30,more than 30,2 to 4,7 years,36 to 40,No,No,External,none,2 to 3 years,1 vehicle,1994,Collision
1,1,2,Toyota,Urban,4,11,2,Male,Married,36,Policy Holder,Sedan - All Perils,Sedan,more than 69000,0,4898,8,400,2,more than 30,more than 30,2 to 4,7 years,36 to 40,No,No,External,more than 5,no change,1 vehicle,1994,All Perils
7,1,3,Honda,Urban,3,1,3,Male,Married,29,Policy Holder,Sedan - All Perils,Sedan,less than 20000,1,4899,16,400,2,more than 30,more than 30,none,6 years,31 to 35,No,No,External,none,no change,1 vehicle,1994,All Perils
1,2,2,Toyota,Urban,2,5,2,Male,Single,26,Policy Holder,Sedan - Liability,Sport,20000 to 29000,0,4900,4,400,1,more than 30,more than 30,2 to 4,6 years,31 to 35,No,No,External,1 to 2,no change,1 vehicle,1994,Liability
5,3,4,Mazda,Urban,1,8,3,Male,Married,48,Policy Holder,Sedan - Liability,Sport,20000 to 29000,0,4901,13,400,2,more than 30,more than 30,more than 4,more than 7,41 to 50,No,No,External,1 to 2,no change,1 vehicle,1994,Liability
8,3,2,Honda,Urban,5,9,4,Male,Married,60,Policy Holder,Sedan - Collision,Sedan,20000 to 29000,0,4902,6,400,3,more than 30,more than 30,1,7 years,51 to 65,No,No,External,1 to 2,no change,1 vehicle,1994,Collision
9,2,5,Mercury,Urban,1,10,3,Male,Married,63,Policy Holder,Utility - All Perils,Utility,more than 69000,0,4903,10,400,3,more than 30,more than 30,2 to 4,more than 7,51 to 65,Yes,No,External,1 to 2,no change,1 vehicle,1994,All Perils
10,4,7,Toyota,Urban,1,12,5,Male,Married,22,Third Party,Sedan - Collision,Sedan,20000 to 29000,0,4904,4,400,4,more than 30,more than 30,none,6 years,26 to 30,No,No,External,none,no change,1 vehicle,1994,Collision
12,2,2,Ford,Rural,1,7,2,Male,Married,47,Policy Holder,Sedan - Collision,Sedan,40000 to 59000,0,4905,16,400,4,more than 30,more than 30,none,more than 7,41 to 50,No,No,External,none,no change,1 vehicle,1994,Collision
7,1,4,Chevrolet,Urban,4,11,2,Male,Married,34,Third Party,Sedan - All Perils,Sedan,20000 to 29000,0,4906,3,400,2,more than 30,more than 30,2 to 4,7 years,31 to 35,No,No,External,none,no change,1 vehicle,1994,All Perils
11,3,1,Pontiac,Urban,1,10,3,Male,Married,30,Third Party,Sedan - All Perils,Sedan,less than 20000,0,4907,12,400,3,more than 30,more than 30,2 to 4,7 years,31 to 35,No,No,External,none,no change,1 vehicle,1994,All Perils
10,4,1,Toyota,Urban,5,9,4,Male,Single,22,Policy Holder,Sedan - Liability,Sport,20000 to 29000,0,4908,15,400,1,more than 30,more than 30,none,5 years,26 to 30,No,No,External,none,no change,1 vehicle,1994,Liability
9,3,2,Chevrolet,Urban,5,7,4,Male,Single,30,Policy Holder,Sedan - Liability,Sport,30000 to 39000,0,4909,10,400,2,more than 30,more than 30,2 to 4,7 years,31 to 35,No,No,External,more than 5,no change,1 vehicle,1994,Liability
7,1,3,Honda,Urban,2,9,2,Male,Married,35,Policy Holder,Sedan - All Perils,Sedan,20000 to 29000,1,4910,1,400,4,more than 30,more than 30,none,7 years,31 to 35,No,No,External,3 to 5,no change,1 vehicle,1994,All Perils
9,1,2,Honda,Urban,2,7,2,Male,Married,36,Third Party,Sedan - All Perils,Sedan,20000 to 29000,0,4911,8,400,1,more than 30,more than 30,none,7 years,36 to 40,No,No,External,none,no change,1 vehicle,1994,All Perils
7,1,6,Honda,Urban,5,7,1,Male,Married,50,Policy Holder,Sedan - Liability,Sport,more than 69000,0,4912,5,400,4,more than 30,more than 30,more than 4,more than 7,41 to 50,No,No,External,more than 5,no change,1 vehicle,1994,Liability
6,4,1,Pontiac,Rural,1,6,2,Female,Single,24,Policy Holder,Sedan - All Perils,Sedan,less than 20000,0,4913,11,400,3,more than 30,more than 30,2 to 4,5 years,26 to 30,No,No,External,1 to 2,no change,1 vehicle,1994,All Perils
6,3,2,Toyota,Rural,5,5,3,Male,Married,60,Policy Holder,Sedan - Liability,Sport,40000 to 59000,0,4914,16,400,4,more than 30,more than 30,none,6 years,51 to 65,No,No,External,1 to 2,no change,1 vehicle,1994,Liability
5,3,3,Mazda,Urban,2,5,3,Male,Married,30,Third Party,Sedan - Collision,Sedan,20000 to 29000,0,4915,2,400,1,more than 30,more than 30,none,7 years,31 to 35,No,No,External,none,1 year,2 vehicles,1994,Collision
5,3,2,Pontiac,Urban,3,5,5,Male,Married,32,Policy Holder,Sedan - Liability,Sport,30000 to 39000,0,4916,11,400,3,more than 30,more than 30,2 to 4,6 years,31 to 35,No,No,External,none,no change,1 vehicle,1994,Liability
4,3,7,Chevrolet,Urban,1,1,5,Male,Married,48,Policy Holder,Sedan - Collision,Sedan,30000 to 39000,0,4917,16,400,3,more than 30,more than 30,more than 4,more than 7,41 to 50,No,No,Internal,more than 5,no change,1 vehicle,1994,Collision
1,1,2,Pontiac,Urban,3,12,4,Male,Married,55,Policy Holder,Sedan - Collision,Sedan,20000 to 29000,0,4918,2,400,2,more than 30,more than 30,1,7 years,41 to 50,No,No,External,1 to 2,no change,1 vehicle,1994,Collision
12,4,1,Mazda,Urban,3,12,5,Female,Married,32,Policy Holder,Sedan - Liability,Sport,more than 69000,0,4919,11,400,3,more than 30,more than 30,1,5 years,31 to 35,No,No,External,none,no change,1 vehicle,1994,Liability
11,3,2,Honda,Rural,2,11,3,Male,Single,32,Policy Holder,Sedan - Collision,Sedan,30000 to 39000,0,4920,10,400,3,more than 30,more than 30,none,6 years,31 to 35,No,No,External,more than 5,no change,1 vehicle,1994,Collision
11,2,2,Mazda,Urban,3,11,2,Male,Married,44,Policy Holder,Sedan - Liability,Sport,20000 to 29000,0,4921,14,400,1,more than 30,more than 30,2 to 4,7 years,36 to 40,No,No,External,none,no change,3 to 4,1994,Liability
11,2,1,Mazda,Urban,1,10,2,Male,Married,42,Policy Holder,Sedan - Liability,Sport,20000 to 29000,0,4922,1,400,4,more than 30,more than 30,2 to 4,7 years,36 to 40,No,No,External,none,no change,1 vehicle,1994,Liability
10,4,5,Toyota,Urban,5,10,4,Male,Married,35,Policy Holder,Sedan - Liability,Sport,less than 20000,0,4923,9,400,4,more than 30,more than 30,2 to 4,6 years,31 to 35,No,No,External,1 to 2,no change,1 vehicle,1994,Liability
10,4,3,Pontiac,Urban,1,11,4,Male,Single,26,Policy Holder,Sedan - All Perils,Sedan,30000 to 39000,0,4924,10,400,3,more than 30,more than 30,none,7 years,31 to 35,No,No,External,1 to 2,no change,1 vehicle,1994,All Perils
10,2,2,Pontiac,Urban,1,10,3,Male,Single,30,Third Party,Sedan - Liability,Sport,20000 to 29000,0,4925,1,400,4,more than 30,more than 30,more than 4,6 years,31 to 35,No,No,External,3 to 5,no change,1 vehicle,1994,Liability
10,1,1,Mazda,Urban,1,10,2,Male,Married,28,Policy Holder,Sedan - Collision,Sedan,20000 to 29000,0,4926,16,400,4,more than 30,more than 30,1,6 years,31 to 35,No,No,External,none,no change,1 vehicle,1994,Collision
10,1,4,Toyota,Urban,2,10,1,Male,Single,25,Policy Holder,Sedan - Liability,Sport,20000 to 29000,0,4927,12,400,3,more than 30,more than 30,1,5 years,26 to 30,No,No,External,none,no change,1 vehicle,1994,Liability
9,5,1,Chevrolet,Urban,2,10,1,Female,Single,41,Third Party,Sedan - Collision,Sedan,20000 to 29000,0,4928,2,400,4,more than 30,more than 30,1,7 years,36 to 40,No,No,External,none,no change,1 vehicle,1994,Collision
9,4,2,Pontiac,Urban,4,9,4,Male,Married,55,Third Party,Sedan - All Perils,Sedan,30000 to 39000,0,4929,6,400,1,more than 30,more than 30,1,more than 7,41 to 50,No,No,External,3 to 5,no change,1 vehicle,1994,All Perils
9,3,5,Pontiac,Urban,1,8,5,Male,Married,30,Policy Holder,Sedan - Liability,Sport,30000 to 39000,0,4930,3,700,3,more than 30,more than 30,2 to 4,7 years,31 to 35,No,No,External,none,no change,1 vehicle,1994,Liability
8,4,1,Ford,Urban,5,8,5,Male,Married,50,Policy Holder,Sedan - All Perils,Sedan,20000 to 29000,0,4931,5,400,4,more than 30,more than 30,none,more than 7,41 to 50,No,No,External,more than 5,no change,1 vehicle,1994,All Perils
8,3,3,Pontiac,Urban,3,8,4,Female,Single,31,Policy Holder,Sedan - Collision,Sedan,20000 to 29000,0,4932,9,400,2,more than 30,more than 30,1,5 years,31 to 35,No,No,External,none,no change,1 vehicle,1994,Collision
8,2,1,Chevrolet,Urban,2,7,2,Male,Married,59,Policy Holder,Sedan - All Perils,Sedan,30000 to 39000,0,4933,10,400,1,more than 30,more than 30,2 to 4,more than 7,51 to 65,No,No,External,none,no change,1 vehicle,1994,All Perils
7,3,7,Mercury,Urban,1,6,3,Male,Married,50,Policy Holder,Sedan - Liability,Sport,more than 69000,0,4934,10,400,1,more than 30,more than 30,2 to 4,7 years,41 to 50,No,No,External,none,no change,1 vehicle,1994,Liability
6,2,1,Chevrolet,Rural,2,6,2,Male,Married,37,Policy Holder,Sedan - Liability,Sport,20000 to 29000,0,4935,10,400,3,more than 30,more than 30,1,more than 7,36 to 40,No,No,External,more than 5,no change,1 vehicle,1994,Liability
6,2,5,Mazda,Urban,3,4,3,Male,Single,34,Policy Holder,Sedan - Liability,Sport,20000 to 29000,0,4936,13,400,2,more than 30,more than 30,2 to 4,5 years,31 to 35,No,No,External,1 to 2,4 to 8 years,2 vehicles,1994,Liability
4,3,1,Honda,Urban,1,3,3,Male,Married,28,Third Party,Sedan - Collision,Sedan,30000 to 39000,0,4937,1,400,1,more than 30,more than 30,none,6 years,31 to 35,No,No,External,none,no change,1 vehicle,1994,Collision
3,5,1,Pontiac,Urban,4,5,5,Male,Married,33,Third Party,Sedan - All Perils,Sedan,30000 to 39000,0,4938,1,400,1,more than 30,more than 30,1,7 years,31 to 35,No,No,External,more than 5,no change,1 vehicle,1994,All Perils
5,3,2,VW,Urban,3,9,4,Female,Married,55,Policy Holder,Sedan - All Perils,Sedan,30000 to 39000,0,4939,12,400,1,more than 30,more than 30,more than 4,more than 7,41 to 50,No,No,External,none,no change,1 vehicle,1994,All Perils
9,2,3,Toyota,Urban,4,10,3,Male,Married,47,Policy Holder,Sedan - Liability,Sport,30000 to 39000,0,4940,7,400,1,more than 30,more than 30,more than 4,more than 7,41 to 50,No,No,External,more than 5,no change,1 vehicle,1994,Liability
10,1,4,Toyota,Urban,5,10,1,Male,Married,48,Policy Holder,Sedan - Liability,Sport,more than 69000,0,4941,8,400,4,more than 30,more than 30,none,more than 7,41 to 50,No,No,External,none,no change,1 vehicle,1994,Liability
9,3,3,Mazda,Urban,5,6,3,Female,Married,49,Policy Holder,Sedan - Liability,Sport,30000 to 39000,0,4942,14,400,2,more than 30,more than 30,none,7 years,41 to 50,No,No,External,none,no change,1 vehicle,1994,Liability
5,5,4,Pontiac,Urban,4,7,1,Male,Single,29,Third Party,Sedan - Collision,Sedan,less than 20000,0,4943,7,400,3,more than 30,more than 30,1,6 years,31 to 35,No,No,External,3 to 5,no change,1 vehicle,1994,Collision
7,2,6,Chevrolet,Urban,1,9,5,Male,Married,40,Policy Holder,Utility - All Perils,Utility,more than 69000,1,4944,12,400,1,more than 30,more than 30,2 to 4,7 years,36 to 40,No,No,External,1 to 2,no change,1 vehicle,1994,All Perils
9,1,1,Toyota,Urban,3,11,1,Male,Married,30,Policy Holder,Sedan - Liability,Sport,20000 to 29000,0,4945,2,400,3,15 to 30,more than 30,1,5 years,31 to 35,No,No,External,3 to 5,no change,1 vehicle,1994,Liability
8,1,5,Toyota,Urban,1,3,2,Male,Single,26,Third Party,Sedan - Liability,Sport,30000 to 39000,0,4946,2,400,3,more than 30,more than 30,2 to 4,5 years,31 to 35,No,No,External,more than 5,no change,1 vehicle,1994,Liability
3,1,2,Pontiac,Urban,5,10,2,Male,Married,38,Policy Holder,Sedan - All Perils,Sedan,less than 20000,0,4947,5,400,1,more than 30,more than 30,1,7 years,36 to 40,No,No,External,more than 5,no change,1 vehicle,1994,All Perils
10,1,1,Honda,Rural,1,1,2,Male,Single,30,Policy Holder,Sedan - All Perils,Sedan,30000 to 39000,0,4948,14,500,3,more than 30,more than 30,2 to 4,6 years,31 to 35,No,No,External,more than 5,2 to 3 years,1 vehicle,1994,All Perils
1,2,7,Mazda,Urban,1,1,2,Male,Married,44,Policy Holder,Sedan - Collision,Sedan,40000 to 59000,0,4949,2,400,4,more than 30,more than 30,2 to 4,7 years,36 to 40,No,No,External,3 to 5,no change,1 vehicle,1994,Collision
1,4,1,Ford,Urban,1,4,4,Male,Married,46,Policy Holder,Sedan - Liability,Sport,60000 to 69000,0,4950,1,400,3,more than 30,more than 30,2 to 4,more than 7,41 to 50,No,No,External,1 to 2,no change,1 vehicle,1994,Liability
4,1,5,Pontiac,Urban,4,1,2,Male,Single,24,Policy Holder,Sedan - Liability,Sport,20000 to 29000,0,4951,15,400,3,more than 30,more than 30,2 to 4,5 years,26 to 30,No,No,Internal,more than 5,no change,1 vehicle,1994,Liability
12,3,2,Toyota,Urban,2,11,1,Female,Single,28,Policy Holder,Sedan - Collision,Sedan,20000 to 29000,0,4952,4,400,2,more than 30,more than 30,2 to 4,6 years,31 to 35,Yes,No,External,none,no change,1 vehicle,1994,Collision
11,2,5,Toyota,Urban,2,10,2,Male,Married,32,Policy Holder,Sedan - Collision,Sedan,20000 to 29000,0,4953,13,400,1,more than 30,more than 30,2 to 4,6 years,31 to 35,No,No,External,1 to 2,no change,1 vehicle,1994,Collision
10,1,4,Pontiac,Urban,4,10,2,Male,Married,50,Policy Holder,Utility - All Perils,Utility,more than 69000,0,4954,3,400,1,more than 30,more than 30,1,7 years,41 to 50,No,No,External,1 to 2,no change,1 vehicle,1994,All Perils
10,1,4,Mazda,Urban,5,3,1,Male,Married,22,Third Party,Sedan - Collision,Sedan,30000 to 39000,0,4955,13,400,2,more than 30,more than 30,none,5 years,26 to 30,No,No,External,more than 5,no change,1 vehicle,1994,Collision
3,3,4,Chevrolet,Urban,3,5,3,Male,Married,57,Policy Holder,Sedan - All Perils,Sedan,20000 to 29000,0,4956,12,400,3,more than 30,more than 30,1,more than 7,51 to 65,No,No,External,3 to 5,no change,1 vehicle,1994,All Perils
3,2,1,Saab,Urban,4,6,4,Male,Married,26,Policy Holder,Sedan - All Perils,Sedan,30000 to 39000,0,4957,2,400,1,more than 30,more than 30,2 to 4,6 years,31 to 35,No,No,External,1 to 2,4 to 8 years,2 vehicles,1994,All Perils
5,5,1,Pontiac,Urban,5,1,1,Male,Married,59,Policy Holder,Sedan - Collision,Sedan,30000 to 39000,0,4958,2,400,3,more than 30,more than 30,none,more than 7,51 to 65,No,No,External,none,no change,1 vehicle,1994,Collision
1,3,3,Mazda,Urban,1,6,3,Female,Married,32,Policy Holder,Sedan - Collision,Sedan,20000 to 29000,0,4959,12,400,1,more than 30,more than 30,1,7 years,31 to 35,No,No,External,none,no change,1 vehicle,1994,Collision
6,2,7,Mazda,Urban,5,6,2,Male,Single,33,Policy Holder,Sedan - Collision,Sedan,20000 to 29000,0,4960,2,400,1,more than 30,more than 30,more than 4,6 years,31 to 35,No,No,External,none,no change,1 vehicle,1994,Collision
5,5,5,Toyota,Urban,3,6,1,Male,Married,32,Third Party,Sedan - All Perils,Sedan,less than 20000,0,4961,12,400,1,more than 30,more than 30,2 to 4,6 years,31 to 35,No,No,External,1 to 2,no change,1 vehicle,1994,All Perils
6,2,2,Pontiac,Urban,3,8,3,Male,Single,28,Policy Holder,Sedan - Liability,Sport,more than 69000,0,4962,6,400,2,more than 30,more than 30,more than 4,7 years,31 to 35,No,No,External,1 to 2,no change,3 to 4,1994,Liability
8,3,3,Toyota,Urban,1,12,3,Male,Married,32,Policy Holder,Sedan - Liability,Sport,20000 to 29000,0,4963,3,400,4,more than 30,more than 30,more than 4,7 years,31 to 35,No,No,External,1 to 2,no change,1 vehicle,1994,Liability
11,4,7,Toyota,Urban,2,11,1,Male,Married,29,Third Party,Sedan - All Perils,Sedan,20000 to 29000,0,4964,13,400,1,more than 30,more than 30,none,7 years,31 to 35,No,No,External,none,no change,1 vehicle,1994,All Perils
11,3,3,Mazda,Urban,4,10,4,Female,Single,27,Third Party,Sedan - Liability,Sport,20000 to 29000,0,4965,3,400,2,more than 30,more than 30,2 to 4,6 years,31 to 35,No,No,External,1 to 2,no change,1 vehicle,1994,Liability
10,4,3,Honda,Rural,2,1,4,Male,Single,35,Third Party,Sport - Collision,Sport,more than 69000,0,4966,2,400,3,more than 30,more than 30,none,6 years,31 to 35,No,No,External,1 to 2,no change,1 vehicle,1994,Collision
12,4,4,Pontiac,Urban,1,7,3,Male,Married,28,Policy Holder,Sedan - Collision,Sedan,less than 20000,0,4967,12,400,2,more than 30,more than 30,2 to 4,5 years,31 to 35,No,No,External,none,no change,1 vehicle,1994,Collision
6,5,5,Toyota,Urban,2,7,1,Male,Married,39,Third Party,Sedan - Collision,Sedan,20000 to 29000,0,4968,11,400,3,more than 30,more than 30,2 to 4,more than 7,36 to 40,No,No,External,more than 5,no change,1 vehicle,1994,Collision
7,2,5,Pontiac,Urban,5,12,2,Male,Married,39,Policy Holder,Sedan - Collision,Sedan,20000 to 29000,1,4969,6,400,3,more than 30,more than 30,none,7 years,36 to 40,No,Yes,External,none,no change,1 vehicle,1994,Collision
12,4,4,Ford,Urban,1,12,5,Male,Married,46,Third Party,Sedan - Collision,Sedan,30000 to 39000,0,4970,4,400,2,more than 30,more than 30,none,more than 7,41 to 50,No,No,External,none,no change,1 vehicle,1994,Collision
11,5,1,Honda,Urban,1,11,1,Male,Married,47,Policy Holder,Sedan - Collision,Sedan,20000 to 29000,0,4971,4,400,1,more than 30,more than 30,1,7 years,41 to 50,No,No,External,none,no change,1 vehicle,1994,Collision
11,3,5,Mazda,Rural,2,7,3,Male,Married,35,Policy Holder,Sedan - Collision,Sedan,30000 to 39000,0,4972,8,400,2,more than 30,more than 30,none,7 years,31 to 35,No,No,External,none,no change,1 vehicle,1994,Collision
7,2,5,Toyota,Urban,5,7,2,Male,Married,34,Third Party,Sedan - Collision,Sedan,30000 to 39000,0,4973,2,400,1,more than 30,more than 30,more than 4,6 years,31 to 35,No,No,External,more than 5,no change,1 vehicle,1994,Collision
7,3,7,Ford,Urban,2,8,3,Male,Married,32,Policy Holder,Sedan - Liability,Sport,30000 to 39000,0,4974,2,400,4,more than 30,more than 30,more than 4,6 years,31 to 35,No,No,External,3 to 5,no change,1 vehicle,1994,Liability
8,2,1,Chevrolet,Urban,1,10,2,Male,Single,35,Policy Holder,Sedan - Liability,Sport,20000 to 29000,0,4975,13,400,3,more than 30,more than 30,more than 4,6 years,31 to 35,No,No,External,none,no change,1 vehicle,1994,Liability
10,3,5,Chevrolet,Rural,2,1,4,Male,Married,46,Policy Holder,Utility - Collision,Utility,more than 69000,0,4976,14,400,1,more than 30,more than 30,none,more than 7,41 to 50,No,No,External,none,no change,1 vehicle,1994,Collision
12,1,5,Honda,Urban,5,12,3,Male,Single,31,Policy Holder,Sedan - All Perils,Sedan,more than 69000,0,4977,1,400,4,more than 30,more than 30,2 to 4,new,31 to 35,No,No,External,none,no change,1 vehicle,1994,All Perils
12,1,7,Pontiac,Urban,2,4,1,Male,Married,45,Policy Holder,Sedan - Liability,Sport,20000 to 29000,0,4978,6,400,1,more than 30,more than 30,none,more than 7,36 to 40,No,No,External,none,4 to 8 years,2 vehicles,1994,Liability
4,2,3,Chevrolet,Urban,3,3,3,Male,Single,30,Policy Holder,Sedan - Collision,Sedan,20000 to 29000,0,4979,6,400,3,more than 30,more than 30,none,6 years,31 to 35,No,No,External,none,no change,1 vehicle,1994,Collision
3,1,2,Chevrolet,Urban,1,10,2,Male,Married,40,Policy Holder,Sedan - Collision,Sedan,30000 to 39000,0,4980,6,400,3,more than 30,more than 30,2 to 4,7 years,36 to 40,No,No,External,none,no change,1 vehicle,1994,Collision
9,4,2,Dodge,Urban,2,5,2,Male,Married,49,Policy Holder,Sedan - Collision,Sedan,40000 to 59000,0,4981,8,400,4,more than 30,more than 30,2 to 4,more than 7,41 to 50,No,No,Internal,3 to 5,no change,1 vehicle,1994,Collision
5,4,7,Toyota,Urban,1,5,4,Female,Married,62,Policy Holder,Sedan - Liability,Sport,20000 to 29000,0,4982,6,400,3,more than 30,more than 30,2 to 4,more than 7,51 to 65,No,No,External,1 to 2,no change,1 vehicle,1994,Liability
5,4,7,Toyota,Urban,1,7,4,Male,Married,62,Policy Holder,Sedan - Collision,Sedan,20000 to 29000,0,4983,6,400,1,more than 30,more than 30,1,more than 7,51 to 65,No,No,External,none,no change,1 vehicle,1994,Collision
7,1,2,Honda,Urban,3,7,1,Male,Married,41,Policy Holder,Sedan - Liability,Sport,20000 to 29000,0,4984,9,400,2,more than 30,more than 30,2 to 4,7 years,36 to 40,No,No,External,none,no change,1 vehicle,1994,Liability
7,1,1,Saab,Urban,1,9,1,Male,Married,37,Policy Holder,Sedan - Liability,Sport,30000 to 39000,0,4985,7,400,2,more than 30,more than 30,more than 4,7 years,36 to 40,No,No,External,none,no change,1 vehicle,1994,Liability
9,1,5,Pontiac,Urban,2,10,1,Male,Married,60,Third Party,Sedan - All Perils,Sedan,20000 to 29000,0,4986,5,400,3,more than 30,more than 30,none,more than 7,51 to 65,No,No,External,none,no change,1 vehicle,1994,All Perils
9,2,4,Chevrolet,Urban,4,10,3,Female,Married,54,Third Party,Sedan - Collision,Sedan,20000 to 29000,0,4987,9,400,3,more than 30,more than 30,2 to 4,7 years,41 to 50,No,No,External,none,no change,1 vehicle,1994,Collision
10,1,5,Toyota,Urban,5,12,1,Male,Married,33,Policy Holder,Sedan - Liability,Sport,30000 to 39000,0,4988,15,400,3,more than 30,more than 30,1,7 years,31 to 35,No,No,External,more than 5,no change,1 vehicle,1994,Liability
12,1,2,Mazda,Urban,3,12,1,Male,Married,30,Third Party,Sedan - Collision,Sedan,20000 to 29000,0,4989,2,400,4,more than 30,more than 30,none,6 years,31 to 35,No,No,External,none,no change,1 vehicle,1994,Collision
12,3,4,Toyota,Rural,3,1,4,Male,Married,36,Third Party,Sedan - Liability,Sport,30000 to 39000,0,4990,7,400,2,more than 30,more than 30,more than 4,7 years,36 to 40,No,No,External,more than 5,no change,1 vehicle,1994,Liability
1,2,1,Honda,Urban,1,1,3,Male,Single,30,Policy Holder,Sedan - All Perils,Sedan,less than 20000,0,4991,6,400,3,more than 30,more than 30,1,6 years,31 to 35,No,No,External,3 to 5,no change,1 vehicle,1994,All Perils
1,3,6,Honda,Urban,6,5,3,Female,Married,61,Policy Holder,Sedan - Collision,Sedan,20000 to 29000,0,4992,2,700,1,more than 30,more than 30,1,7 years,51 to 65,No,No,External,none,no change,1 vehicle,1994,Collision
5,3,7,Ford,Urban,1,5,4,Male,Married,70,Policy Holder,Sedan - All Perils,Sedan,60000 to 69000,0,4993,16,400,1,more than 30,more than 30,none,7 years,over 65,No,No,External,none,no change,1 vehicle,1994,All Perils
5,5,1,Honda,Urban,2,10,5,Male,Married,51,Policy Holder,Sedan - Liability,Sport,20000 to 29000,0,4994,9,400,2,more than 30,more than 30,1,7 years,41 to 50,No,No,External,none,no change,1 vehicle,1994,Liability
9,3,3,Pontiac,Rural,1,10,1,Male,Single,29,Policy Holder,Sedan - Liability,Sport,20000 to 29000,0,4995,2,400,1,more than 30,more than 30,2 to 4,7 years,31 to 35,No,No,External,3 to 5,no change,1 vehicle,1994,Liability
9,3,2,Chevrolet,Urban,3,10,1,Male,Single,41,Policy Holder,Sedan - Collision,Sedan,20000 to 29000,0,4996,13,400,4,more than 30,more than 30,none,7 years,36 to 40,No,No,External,none,no change,1 vehicle,1994,Collision
10,1,1,Toyota,Urban,2,12,1,Female,Single,27,Policy Holder,Sedan - Liability,Sport,20000 to 29000,0,4997,10,400,4,more than 30,more than 30,2 to 4,6 years,31 to 35,No,No,External,none,no change,1 vehicle,1994,Liability
12,1,3,Honda,Urban,4,12,1,Male,Single,21,Third Party,Sedan - Liability,Sport,20000 to 29000,0,4998,10,400,1,more than 30,more than 30,2 to 4,5 years,26 to 30,No,No,External,none,no change,1 vehicle,1994,Liability
12,3,1,Saab,Urban,3,10,4,Male,Single,37,Policy Holder,Sedan - Liability,Sport,30000 to 39000,0,4999,5,500,2,more than 30,more than 30,more than 4,7 years,36 to 40,No,No,External,more than 5,2 to 3 years,2 vehicles,1994,Liability
10,2,7,Accura,Urban,1,10,2,Male,Married,54,Policy Holder,Sedan - All Perils,Sedan,30000 to 39000,0,5000,16,400,1,more than 30,more than 30,none,more than 7,41 to 50,No,No,External,more than 5,no change,1 vehicle,1994,All Perils
10,2,1,Mazda,Urban,1,10,2,Male,Married,61,Third Party,Sedan - Liability,Sport,30000 to 39000,0,5001,2,400,2,more than 30,more than 30,none,more than 7,51 to 65,No,No,External,none,no change,1 vehicle,1994,Liability
10,1,5,Toyota,Urban,1,10,2,Male,Single,28,Policy Holder,Sedan - Liability,Sport,30000 to 39000,0,5002,14,400,4,more than 30,more than 30,1,6 years,31 to 35,No,No,External,none,no change,1 vehicle,1994,Liability
9,5,2,Honda,Urban,2,10,1,Male,Married,42,Policy Holder,Sedan - Collision,Sedan,20000 to 29000,0,5003,16,400,2,more than 30,more than 30,2 to 4,7 years,36 to 40,No,No,External,none,no change,3 to 4,1994,Collision
9,4,2,Pontiac,Urban,1,10,2,Male,Married,45,Policy Holder,Sedan - Collision,Sedan,20000 to 29000,0,5004,9,400,4,more than 30,more than 30,2 to 4,more than 7,36 to 40,No,No,External,3 to 5,no change,1 vehicle,1994,Collision
9,4,2,Toyota,Urban,5,8,3,Male,Married,42,Policy Holder,Sedan - Collision,Sedan,more than 69000,0,5005,15,400,2,more than 30,more than 30,2 to 4,6 years,36 to 40,Yes,No,Internal,1 to 2,no change,1 vehicle,1994,Collision
7,3,4,Mazda,Urban,3,6,1,Female,Single,32,Policy Holder,Sedan - Liability,Sport,20000 to 29000,0,5006,2,400,3,more than 30,more than 30,2 to 4,6 years,31 to 35,No,No,External,more than 5,1 year,1 vehicle,1994,Liability
6,2,4,Accura,Urban,5,6,3,Male,Married,51,Policy Holder,Sedan - All Perils,Sedan,30000 to 39000,0,5007,4,400,2,more than 30,more than 30,none,more than 7,41 to 50,No,No,External,none,no change,1 vehicle,1994,All Perils
6,2,2,Pontiac,Urban,5,6,2,Female,Married,59,Policy Holder,Sedan - Liability,Sport,20000 to 29000,0,5008,8,400,2,more than 30,more than 30,2 to 4,7 years,51 to 65,No,No,External,3 to 5,no change,1 vehicle,1994,Liability
6,1,7,Pontiac,Urban,5,7,2,Male,Married,61,Policy Holder,Sedan - Liability,Sport,30000 to 39000,0,5009,9,400,1,more than 30,more than 30,more than 4,7 years,51 to 65,No,No,External,none,no change,1 vehicle,1994,Liability
7,2,3,Toyota,Urban,2,6,3,Male,Married,63,Third Party,Sedan - Liability,Sport,more than 69000,0,5010,8,400,1,more than 30,more than 30,more than 4,more than 7,51 to 65,No,No,External,more than 5,no change,1 vehicle,1994,Liability
5,5,5,Chevrolet,Rural,2,6,1,Female,Single,29,Policy Holder,Sedan - Liability,Sport,20000 to 29000,0,5011,12,400,4,more than 30,more than 30,none,6 years,31 to 35,No,No,External,none,no change,1 vehicle,1994,Liability
5,3,6,Chevrolet,Urban,1,5,1,Male,Single,39,Policy Holder,Sedan - Liability,Sport,20000 to 29000,0,5012,4,400,3,more than 30,more than 30,2 to 4,6 years,36 to 40,No,No,External,3 to 5,no change,1 vehicle,1994,Liability
4,3,5,Toyota,Urban,1,2,3,Male,Single,36,Policy Holder,Sedan - All Perils,Sedan,20000 to 29000,0,5013,12,400,4,more than 30,more than 30,1,6 years,36 to 40,No,No,External,1 to 2,no change,1 vehicle,1994,All Perils
1,3,6,Toyota,Urban,5,1,1,Male,Married,65,Policy Holder,Sedan - Liability,Sport,20000 to 29000,0,5014,6,400,3,more than 30,more than 30,2 to 4,more than 7,51 to 65,No,No,External,none,no change,1 vehicle,1994,Liability
1,4,7,Pontiac,Urban,4,2,4,Male,Married,60,Third Party,Sedan - Collision,Sedan,20000 to 29000,0,5015,12,400,4,more than 30,more than 30,2 to 4,more than 7,51 to 65,No,No,External,none,no change,1 vehicle,1994,Collision
1,3,2,Pontiac,Urban,2,11,1,Male,Married,28,Policy Holder,Sedan - Collision,Sedan,30000 to 39000,0,5016,7,400,4,more than 30,more than 30,2 to 4,7 years,31 to 35,No,No,External,none,no change,1 vehicle,1994,Collision
11,5,2,Pontiac,Urban,1,11,5,Male,Married,38,Policy Holder,Sedan - Liability,Sport,20000 to 29000,0,5017,3,400,1,more than 30,more than 30,2 to 4,7 years,36 to 40,No,No,External,3 to 5,no change,1 vehicle,1994,Liability
11,1,7,Honda,Rural,1,10,4,Male,Married,64,Policy Holder,Sedan - All Perils,Sedan,less than 20000,0,5018,2,400,3,more than 30,more than 30,none,more than 7,51 to 65,No,No,External,1 to 2,no change,1 vehicle,1994,All Perils
7,2,3,Honda,Urban,5,10,2,Male,Married,46,Policy Holder,Sport - Collision,Sport,more than 69000,1,5019,9,400,1,more than 30,more than 30,none,7 years,41 to 50,No,No,External,none,no change,1 vehicle,1994,Collision
10,1,4,Pontiac,Urban,4,10,2,Male,Married,44,Policy Holder,Sedan - Collision,Sedan,20000 to 29000,0,5020,10,400,1,more than 30,more than 30,none,7 years,36 to 40,No,No,External,none,4 to 8 years,2 vehicles,1994,Collision
10,1,7,Toyota,Urban,5,8,2,Male,Married,48,Policy Holder,Sedan - Collision,Sedan,30000 to 39000,0,5021,3,400,2,more than 30,more than 30,2 to 4,6 years,41 to 50,No,No,External,none,no change,1 vehicle,1994,Collision
7,5,2,Pontiac,Urban,4,7,1,Male,Married,40,Third Party,Sedan - Collision,Sedan,20000 to 29000,0,5022,14,400,1,more than 30,more than 30,2 to 4,7 years,36 to 40,No,No,External,more than 5,no change,1 vehicle,1994,Collision
7,1,2,Pontiac,Urban,2,5,2,Male,Married,78,Policy Holder,Sedan - Collision,Sedan,20000 to 29000,0,5023,3,700,2,more than 30,more than 30,none,more than 7,over 65,No,No,External,none,no change,1 vehicle,1994,Collision
5,3,2,Mazda,Urban,3,10,3,Male,Married,29,Policy Holder,Sedan - Collision,Sedan,20000 to 29000,0,5024,4,400,4,more than 30,more than 30,2 to 4,6 years,31 to 35,No,No,External,1 to 2,no change,1 vehicle,1994,Collision
10,2,6,Chevrolet,Urban,5,3,3,Male,Married,56,Policy Holder,Sedan - All Perils,Sedan,20000 to 29000,0,5025,5,400,1,more than 30,more than 30,1,more than 7,51 to 65,No,No,External,none,no change,1 vehicle,1994,All Perils
3,2,1,Honda,Urban,1,7,3,Male,Married,32,Third Party,Sedan - Collision,Sedan,20000 to 29000,0,5026,3,400,2,more than 30,more than 30,more than 4,6 years,31 to 35,No,No,External,more than 5,no change,1 vehicle,1994,Collision
7,3,1,Chevrolet,Urban,4,7,3,Male,Married,40,Policy Holder,Sedan - Liability,Sport,30000 to 39000,0,5027,4,400,4,more than 30,more than 30,more than 4,7 years,36 to 40,No,No,External,1 to 2,no change,1 vehicle,1994,Liability
7,2,5,Mazda,Urban,4,2,3,Male,Married,32,Third Party,Sedan - Collision,Sedan,20000 to 29000,0,5028,8,400,4,more than 30,more than 30,more than 4,7 years,31 to 35,No,No,External,3 to 5,no change,1 vehicle,1994,Collision
1,4,3,Chevrolet,Urban,2,1,2,Male,Married,62,Policy Holder,Utility - All Perils,Utility,more than 69000,0,5029,13,400,4,more than 30,more than 30,2 to 4,more than 7,51 to 65,No,No,External,more than 5,no change,1 vehicle,1994,All Perils
12,5,6,Honda,Urban,3,6,1,Female,Married,33,Third Party,Sedan - Collision,Sedan,20000 to 29000,0,5030,16,400,3,more than 30,more than 30,none,6 years,31 to 35,No,No,External,none,no change,1 vehicle,1994,Collision
5,5,6,Honda,Urban,2,5,1,Male,Married,34,Third Party,Sedan - Liability,Sport,more than 69000,0,5031,3,400,3,more than 30,more than 30,more than 4,5 years,31 to 35,No,No,External,3 to 5,no change,1 vehicle,1994,Liability
5,2,5,Honda,Urban,3,6,2,Male,Married,65,Policy Holder,Sedan - All Perils,Sedan,more than 69000,0,5032,4,400,2,more than 30,more than 30,2 to 4,new,51 to 65,No,No,External,none,no change,1 vehicle,1994,All Perils
6,2,4,Chevrolet,Urban,3,11,3,Male,Married,31,Policy Holder,Utility - All Perils,Utility,more than 69000,0,5033,5,400,4,more than 30,more than 30,1,6 years,31 to 35,No,No,External,3 to 5,no change,1 vehicle,1994,All Perils
10,4,6,Mazda,Urban,5,9,2,Male,Married,30,Policy Holder,Sedan - All Perils,Sedan,20000 to 29000,0,5034,2,400,2,more than 30,more than 30,none,7 years,31 to 35,No,No,External,none,no change,1 vehicle,1994,All Perils
8,4,1,Pontiac,Urban,2,7,5,Male,Single,45,Policy Holder,Sedan - All Perils,Sedan,20000 to 29000,0,5035,14,400,3,more than 30,more than 30,1,7 years,36 to 40,No,No,External,more than 5,no change,1 vehicle,1994,All Perils
7,2,4,Pontiac,Urban,3,10,2,Male,Single,30,Third Party,Sedan - All Perils,Sedan,20000 to 29000,0,5036,3,400,3,more than 30,more than 30,1,7 years,31 to 35,No,No,External,3 to 5,no change,1 vehicle,1994,All Perils
7,1,4,Toyota,Urban,2,7,2,Male,Single,29,Third Party,Sedan - Liability,Sport,20000 to 29000,0,5037,4,400,4,more than 30,more than 30,2 to 4,7 years,31 to 35,No,No,External,more than 5,no change,1 vehicle,1994,Liability
6,5,5,Pontiac,Urban,3,10,1,Female,Single,23,Policy Holder,Sedan - Collision,Sedan,20000 to 29000,0,5038,14,400,2,more than 30,more than 30,none,5 years,26 to 30,No,No,External,none,no change,1 vehicle,1994,Collision
9,1,2,Chevrolet,Urban,1,9,3,Male,Married,45,Policy Holder,Sedan - Collision,Sedan,40000 to 59000,0,5039,10,400,2,more than 30,more than 30,1,7 years,36 to 40,No,No,External,1 to 2,no change,1 vehicle,1994,Collision
8,3,4,Pontiac,Urban,5,7,2,Female,Married,27,Third Party,Sedan - Collision,Sedan,20000 to 29000,0,5040,8,400,1,more than 30,more than 30,1,5 years,31 to 35,No,No,External,none,no change,1 vehicle,1994,Collision
6,5,1,Toyota,Urban,4,2,1,Male,Married,47,Third Party,Sedan - Liability,Sport,30000 to 39000,0,5041,12,400,3,more than 30,more than 30,2 to 4,7 years,41 to 50,No,No,External,none,4 to 8 years,2 vehicles,1994,Liability
2,3,5,Honda,Rural,2,10,3,Female,Married,55,Policy Holder,Sedan - All Perils,Sedan,less than 20000,0,5042,3,400,1,more than 30,more than 30,1,7 years,41 to 50,No,No,External,none,no change,5 to 8,1994,All Perils
5,4,1,Honda,Urban,1,6,1,Male,Married,55,Policy Holder,Sedan - Liability,Sport,more than 69000,0,5043,2,400,1,more than 30,more than 30,1,new,41 to 50,No,No,External,none,no change,1 vehicle,1994,Liability
6,3,2,Ford,Urban,2,10,3,Female,Married,45,Policy Holder,Sedan - Liability,Sport,40000 to 59000,0,5044,9,400,2,more than 30,more than 30,2 to 4,6 years,36 to 40,No,No,External,more than 5,no change,3 to 4,1994,Liability
7,2,3,Toyota,Rural,3,8,2,Male,Single,41,Third Party,Sedan - All Perils,Sedan,less than 20000,0,5045,8,400,1,more than 30,more than 30,1,7 years,36 to 40,No,No,External,none,no change,1 vehicle,1994,All Perils
8,2,1,Toyota,Urban,1,9,2,Male,Married,39,Policy Holder,Sedan - Liability,Sport,30000 to 39000,0,5046,7,400,2,more than 30,more than 30,2 to 4,7 years,36 to 40,No,No,External,none,no change,1 vehicle,1994,Liability
9,3,7,VW,Urban,5,9,3,Male,Married,66,Policy Holder,Sedan - Liability,Sport,40000 to 59000,0,5047,3,400,2,more than 30,more than 30,more than 4,more than 7,over 65,No,No,External,more than 5,no change,1 vehicle,1994,Liability
9,3,3,Pontiac,Urban,1,11,4,Male,Married,42,Third Party,Sedan - Collision,Sedan,20000 to 29000,0,5048,6,400,4,more than 30,more than 30,2 to 4,6 years,36 to 40,No,No,External,more than 5,no change,1 vehicle,1994,Collision
9,5,6,Pontiac,Rural,2,11,2,Male,Divorced,48,Policy Holder,Sedan - All Perils,Sedan,20000 to 29000,0,5049,3,400,1,more than 30,more than 30,none,more than 7,41 to 50,No,No,External,none,no change,1 vehicle,1994,All Perils
11,2,2,Toyota,Urban,1,1,3,Male,Married,40,Third Party,Sedan - Collision,Sedan,20000 to 29000,1,5050,3,500,4,more than 30,more than 30,1,7 years,36 to 40,No,No,External,1 to 2,2 to 3 years,1 vehicle,1994,Collision
11,2,3,Chevrolet,Urban,1,2,4,Male,Married,45,Policy Holder,Sedan - Liability,Sport,20000 to 29000,0,5051,9,400,4,more than 30,more than 30,more than 4,7 years,36 to 40,No,No,External,none,no change,1 vehicle,1994,Liability
2,1,2,Chevrolet,Urban,3,7,1,Male,Married,56,Policy Holder,Sedan - Liability,Sport,more than 69000,0,5052,15,400,3,more than 30,more than 30,more than 4,more than 7,51 to 65,No,No,External,3 to 5,no change,1 vehicle,1994,Liability
7,2,7,Toyota,Urban,1,1,4,Male,Married,55,Third Party,Sedan - All Perils,Sedan,20000 to 29000,0,5053,12,400,1,more than 30,more than 30,none,7 years,41 to 50,No,No,External,none,no change,1 vehicle,1994,All Perils
1,2,2,Pontiac,Urban,4,7,2,Male,Single,21,Third Party,Sedan - All Perils,Sedan,20000 to 29000,0,5054,15,400,4,more than 30,more than 30,2 to 4,3 years,26 to 30,No,No,External,more than 5,no change,1 vehicle,1994,All Perils
7,2,7,Pontiac,Urban,5,10,3,Male,Married,50,Third Party,Sedan - All Perils,Sedan,30000 to 39000,0,5055,15,400,1,more than 30,more than 30,1,more than 7,41 to 50,No,No,External,1 to 2,no change,1 vehicle,1994,All Perils
7,1,4,Pontiac,Urban,4,10,2,Male,Married,29,Policy Holder,Sedan - Collision,Sedan,20000 to 29000,0,5056,2,400,1,more than 30,more than 30,none,6 years,31 to 35,No,No,External,1 to 2,no change,1 vehicle,1994,Collision
10,3,5,Pontiac,Rural,3,6,3,Male,Married,50,Policy Holder,Sedan - Liability,Sport,30000 to 39000,0,5057,2,400,1,more than 30,more than 30,none,more than 7,41 to 50,No,No,External,more than 5,no change,1 vehicle,1994,Liability
6,4,3,Pontiac,Urban,3,2,5,Male,Married,47,Policy Holder,Sedan - Liability,Sport,30000 to 39000,0,5058,7,400,2,more than 30,more than 30,2 to 4,more than 7,41 to 50,No,No,External,more than 5,no change,1 vehicle,1994,Liability
1,1,2,Toyota,Urban,5,12,2,Female,Single,24,Third Party,Sedan - Collision,Sedan,20000 to 29000,0,5059,6,400,2,more than 30,more than 30,2 to 4,4 years,26 to 30,No,No,External,none,no change,1 vehicle,1994,Collision
12,1,2,Toyota,Urban,2,8,2,Male,Married,24,Policy Holder,Sedan - Liability,Sport,20000 to 29000,0,5060,15,400,3,more than 30,more than 30,2 to 4,5 years,26 to 30,No,No,External,3 to 5,no change,1 vehicle,1994,Liability
7,2,7,Honda,Urban,3,10,2,Male,Single,0,Policy Holder,Sedan - All Perils,Sedan,more than 69000,1,5061,7,400,4,more than 30,more than 30,2 to 4,new,16 to 17,No,No,External,none,no change,1 vehicle,1994,All Perils
9,4,1,Mazda,Urban,4,11,4,Female,Married,55,Policy Holder,Sedan - All Perils,Sedan,20000 to 29000,0,5062,9,400,1,more than 30,more than 30,none,more than 7,41 to 50,No,No,External,more than 5,4 to 8 years,2 vehicles,1994,All Perils
5,5,3,VW,Urban,2,8,4,Male,Married,42,Policy Holder,Sedan - All Perils,Sedan,more than 69000,0,5063,1,400,3,more than 30,more than 30,none,6 years,36 to 40,No,No,External,none,no change,1 vehicle,1994,All Perils
6,3,4,Honda,Urban,3,12,2,Female,Married,39,Policy Holder,Sedan - Liability,Sport,40000 to 59000,0,5064,2,400,1,more than 30,more than 30,2 to 4,more than 7,36 to 40,No,No,External,1 to 2,no change,1 vehicle,1994,Liability
11,3,2,Chevrolet,Rural,2,1,5,Male,Married,47,Policy Holder,Sedan - Liability,Sport,20000 to 29000,0,5065,8,400,4,more than 30,more than 30,none,more than 7,41 to 50,No,No,External,none,no change,1 vehicle,1994,Liability
1,4,1,Toyota,Urban,1,2,4,Male,Single,39,Policy Holder,Sedan - Collision,Sedan,20000 to 29000,0,5066,6,400,3,more than 30,more than 30,1,7 years,36 to 40,No,No,External,more than 5,no change,1 vehicle,1994,Collision
2,2,1,Pontiac,Urban,1,11,2,Male,Married,33,Policy Holder,Sedan - Collision,Sedan,20000 to 29000,0,5067,13,400,4,more than 30,more than 30,1,7 years,31 to 35,No,No,External,none,no change,1 vehicle,1994,Collision
11,1,1,Chevrolet,Urban,5,4,1,Female,Single,35,Policy Holder,Sedan - Collision,Sedan,20000 to 29000,0,5068,13,400,4,more than 30,more than 30,2 to 4,6 years,31 to 35,No,No,External,1 to 2,no change,1 vehicle,1994,Collision
3,4,5,Honda,Urban,4,12,1,Male,Single,0,Policy Holder,Sedan - Liability,Sport,more than 69000,0,5069,7,400,1,more than 30,more than 30,more than 4,new,16 to 17,No,No,External,none,no change,1 vehicle,1994,Liability
12,2,2,Pontiac,Urban,1,11,3,Male,Married,35,Third Party,Sedan - All Perils,Sedan,20000 to 29000,0,5070,8,400,4,more than 30,more than 30,1,6 years,31 to 35,No,No,External,none,no change,1 vehicle,1994,All Perils
10,2,5,Pontiac,Urban,2,1,2,Male,Single,21,Policy Holder,Sedan - Collision,Sedan,30000 to 39000,0,5071,3,400,3,more than 30,more than 30,1,5 years,26 to 30,No,No,External,3 to 5,no change,1 vehicle,1994,Collision
12,5,6,Toyota,Urban,5,6,1,Male,Married,41,Third Party,Sedan - Collision,Sedan,20000 to 29000,0,5072,4,400,2,more than 30,more than 30,1,7 years,36 to 40,No,No,External,none,no change,1 vehicle,1994,Collision
6,1,3,Pontiac,Urban,5,9,2,Male,Married,61,Third Party,Sedan - All Perils,Sedan,less than 20000,0,5073,3,400,3,more than 30,more than 30,none,more than 7,51 to 65,No,No,External,1 to 2,no change,1 vehicle,1994,All Perils
9,3,3,Toyota,Urban,5,11,4,Male,Married,40,Policy Holder,Sedan - All Perils,Sedan,20000 to 29000,0,5074,15,400,2,more than 30,more than 30,none,7 years,36 to 40,No,No,External,none,no change,1 vehicle,1994,All Perils
11,3,2,Pontiac,Urban,3,1,3,Male,Married,39,Policy Holder,Sedan - Liability,Sport,30000 to 39000,0,5075,7,400,4,more than 30,more than 30,1,7 years,36 to 40,Yes,No,External,none,no change,1 vehicle,1994,Liability
1,4,7,Pontiac,Urban,1,2,4,Male,Married,32,Policy Holder,Sedan - All Perils,Sedan,20000 to 29000,0,5076,12,400,4,more than 30,more than 30,2 to 4,7 years,31 to 35,Yes,Yes,External,more than 5,no change,1 vehicle,1994,All Perils
2,1,6,Ford,Urban,5,6,1,Male,Married,52,Policy Holder,Sedan - Liability,Sport,60000 to 69000,0,5077,3,400,4,more than 30,more than 30,2 to 4,more than 7,41 to 50,No,No,External,none,no change,1 vehicle,1994,Liability
6,1,3,Toyota,Urban,4,7,2,Female,Married,51,Policy Holder,Sedan - Liability,Sport,20000 to 29000,0,5078,8,400,3,more than 30,more than 30,more than 4,more than 7,41 to 50,No,No,External,1 to 2,no change,1 vehicle,1994,Liability
7,2,4,Honda,Urban,1,7,4,Male,Married,40,Third Party,Sedan - Collision,Sedan,30000 to 39000,0,5079,10,400,4,more than 30,more than 30,1,more than 7,36 to 40,No,No,External,3 to 5,no change,1 vehicle,1994,Collision
7,3,4,Toyota,Rural,4,10,3,Male,Married,48,Policy Holder,Sedan - Collision,Sedan,20000 to 29000,1,5080,6,400,4,more than 30,more than 30,none,7 years,41 to 50,No,No,External,none,no change,1 vehicle,1994,Collision
10,1,3,Pontiac,Urban,3,10,3,Male,Married,51,Third Party,Sedan - Collision,Sedan,30000 to 39000,0,5081,14,400,1,more than 30,more than 30,more than 4,more than 7,41 to 50,No,No,External,1 to 2,no change,1 vehicle,1994,Collision
10,2,4,Pontiac,Urban,1,7,2,Male,Married,28,Policy Holder,Sedan - Collision,Sedan,20000 to 29000,0,5082,11,400,4,more than 30,more than 30,1,7 years,31 to 35,No,No,External,none,no change,1 vehicle,1994,Collision
7,3,4,Mazda,Urban,4,9,3,Male,Married,29,Third Party,Sedan - Collision,Sedan,30000 to 39000,0,5083,14,400,1,more than 30,more than 30,1,7 years,31 to 35,No,No,External,none,4 to 8 years,2 vehicles,1994,Collision
7,3,3,Mercury,Urban,2,10,2,Male,Single,31,Policy Holder,Sedan - All Perils,Sedan,20000 to 29000,1,5084,10,400,3,more than 30,more than 30,2 to 4,5 years,31 to 35,No,No,External,more than 5,no change,1 vehicle,1994,All Perils
10,2,4,VW,Urban,2,10,4,Male,Married,65,Policy Holder,Sedan - Collision,Sedan,40000 to 59000,0,5085,16,700,4,more than 30,more than 30,more than 4,7 years,51 to 65,No,No,External,more than 5,no change,3 to 4,1994,Collision
10,1,3,Pontiac,Rural,4,6,2,Female,Married,36,Third Party,Sedan - Collision,Sedan,30000 to 39000,0,5086,16,400,4,more than 30,more than 30,none,7 years,36 to 40,No,No,External,none,no change,1 vehicle,1994,Collision
6,3,7,Mazda,Urban,4,6,3,Male,Married,26,Policy Holder,Sedan - Collision,Sedan,30000 to 39000,0,5087,9,400,2,more than 30,more than 30,none,7 years,31 to 35,No,No,External,none,no change,1 vehicle,1994,Collision
6,2,5,Ford,Urban,3,6,3,Male,Married,44,Policy Holder,Sedan - All Perils,Sedan,40000 to 59000,0,5088,9,400,1,more than 30,more than 30,more than 4,more than 7,36 to 40,No,No,External,more than 5,no change,1 vehicle,1994,All Perils
6,1,7,Chevrolet,Rural,2,2,2,Male,Single,42,Third Party,Sedan - Liability,Sport,40000 to 59000,0,5089,14,400,3,more than 30,more than 30,1,7 years,36 to 40,No,No,External,none,no change,1 vehicle,1994,Liability
2,1,7,Pontiac,Urban,2,2,2,Male,Single,35,Third Party,Sedan - Collision,Sedan,20000 to 29000,0,5090,7,400,1,more than 30,more than 30,2 to 4,6 years,31 to 35,No,No,External,none,no change,1 vehicle,1994,Collision
2,1,6,Mazda,Urban,1,2,2,Male,Married,58,Third Party,Sedan - Liability,Sport,20000 to 29000,0,5091,6,400,2,more than 30,more than 30,2 to 4,more than 7,51 to 65,No,No,External,none,no change,1 vehicle,1994,Liability
2,1,5,Pontiac,Urban,5,7,1,Male,Married,46,Third Party,Sedan - All Perils,Sedan,20000 to 29000,0,5092,1,400,2,more than 30,more than 30,1,more than 7,41 to 50,No,No,External,none,no change,1 vehicle,1994,All Perils
7,3,1,Pontiac,Rural,4,2,4,Male,Married,52,Policy Holder,Sedan - All Perils,Sedan,less than 20000,1,5093,10,400,1,more than 30,more than 30,none,6 years,41 to 50,No,No,External,none,no change,1 vehicle,1994,All Perils
1,5,2,Chevrolet,Urban,3,2,2,Female,Married,41,Policy Holder,Sedan - All Perils,Sedan,20000 to 29000,0,5094,16,400,4,none,more than 30,2 to 4,more than 7,36 to 40,No,No,External,none,no change,1 vehicle,1994,All Perils
1,5,5,Toyota,Urban,1,1,1,Male,Married,34,Policy Holder,Sedan - Collision,Sedan,less than 20000,0,5095,8,400,3,more than 30,more than 30,none,6 years,31 to 35,No,No,External,3 to 5,no change,1 vehicle,1994,Collision
1,4,5,Chevrolet,Urban,4,4,5,Male,Married,48,Policy Holder,Sedan - Collision,Sedan,20000 to 29000,0,5096,7,400,4,more than 30,more than 30,1,more than 7,41 to 50,No,No,External,1 to 2,no change,1 vehicle,1994,Collision
1,4,6,Toyota,Rural,1,1,4,Male,Married,45,Policy Holder,Sedan - Collision,Sedan,20000 to 29000,0,5097,10,400,1,more than 30,more than 30,1,7 years,36 to 40,No,No,External,1 to 2,1 year,1 vehicle,1994,Collision
1,5,6,Chevrolet,Urban,1,1,5,Male,Married,73,Policy Holder,Sedan - Liability,Sport,20000 to 29000,0,5098,14,400,4,more than 30,more than 30,none,7 years,over 65,No,No,External,3 to 5,no change,1 vehicle,1994,Liability
1,4,6,VW,Urban,1,1,4,Male,Single,28,Policy Holder,Sedan - All Perils,Sedan,40000 to 59000,0,5099,15,400,1,more than 30,more than 30,none,7 years,31 to 35,No,No,External,3 to 5,no change,1 vehicle,1994,All Perils
1,4,1,Mazda,Urban,2,1,4,Male,Married,44,Policy Holder,Sedan - Liability,Sport,30000 to 39000,0,5100,2,400,2,more than 30,more than 30,1,7 years,36 to 40,No,No,External,3 to 5,no change,1 vehicle,1994,Liability
1,4,5,Accura,Urban,5,7,4,Male,Married,71,Policy Holder,Sedan - All Perils,Sedan,30000 to 39000,0,5101,10,500,2,more than 30,more than 30,2 to 4,more than 7,over 65,No,No,External,more than 5,2 to 3 years,1 vehicle,1994,All Perils
7,3,3,Mazda,Urban,4,10,3,Male,Single,26,Policy Holder,Sedan - Collision,Sedan,20000 to 29000,1,5102,8,400,3,more than 30,more than 30,2 to 4,6 years,31 to 35,No,No,External,1 to 2,no change,1 vehicle,1994,Collision
10,2,1,Honda,Urban,5,9,2,Male,Single,52,Policy Holder,Sedan - Collision,Sedan,20000 to 29000,0,5103,4,400,3,more than 30,more than 30,1,7 years,41 to 50,No,No,External,1 to 2,no change,1 vehicle,1994,Collision
9,2,5,Mazda,Rural,1,7,4,Male,Married,34,Policy Holder,Sedan - Collision,Sedan,30000 to 39000,0,5104,10,400,4,more than 30,more than 30,2 to 4,7 years,31 to 35,No,No,External,none,4 to 8 years,2 vehicles,1994,Collision
7,3,4,Chevrolet,Urban,4,6,3,Male,Married,55,Policy Holder,Sedan - All Perils,Sedan,more than 69000,0,5105,10,400,2,more than 30,more than 30,1,7 years,41 to 50,No,No,External,none,no change,1 vehicle,1994,All Perils
6,4,3,Chevrolet,Urban,5,6,4,Male,Single,46,Policy Holder,Sedan - All Perils,Sedan,20000 to 29000,0,5106,14,400,3,more than 30,more than 30,1,more than 7,41 to 50,No,No,External,more than 5,no change,1 vehicle,1994,All Perils
6,1,1,Mazda,Urban,3,5,1,Female,Married,37,Policy Holder,Sedan - All Perils,Sedan,20000 to 29000,0,5107,8,400,3,more than 30,more than 30,1,more than 7,36 to 40,Yes,No,External,more than 5,no change,1 vehicle,1994,All Perils
5,3,1,Saturn,Urban,1,1,3,Male,Married,27,Policy Holder,Sedan - All Perils,Sedan,20000 to 29000,0,5108,11,400,4,more than 30,more than 30,1,6 years,31 to 35,No,No,External,none,no change,1 vehicle,1994,All Perils
1,3,1,Toyota,Urban,1,1,3,Male,Married,73,Policy Holder,Sedan - All Perils,Sedan,less than 20000,0,5109,10,400,4,more than 30,more than 30,1,more than 7,over 65,No,No,External,more than 5,no change,1 vehicle,1994,All Perils
1,3,7,Nisson,Urban,1,1,3,Male,Single,32,Policy Holder,Sedan - Liability,Sport,30000 to 39000,0,5110,4,400,3,more than 30,more than 30,more than 4,7 years,31 to 35,No,No,External,none,no change,1 vehicle,1994,Liability
1,3,1,Honda,Urban,1,1,3,Male,Single,0,Policy Holder,Sedan - All Perils,Sedan,more than 69000,0,5111,11,400,2,more than 30,more than 30,2 to 4,new,16 to 17,No,No,External,none,no change,1 vehicle,1994,All Perils
1,2,6,Pontiac,Urban,1,7,2,Male,Married,39,Policy Holder,Sedan - Liability,Sport,20000 to 29000,0,5112,3,400,4,more than 30,more than 30,1,7 years,36 to 40,No,No,External,none,no change,1 vehicle,1994,Liability
7,3,1,Toyota,Urban,1,1,3,Female,Single,27,Policy Holder,Sedan - All Perils,Sedan,less than 20000,1,5113,13,400,4,more than 30,more than 30,1,6 years,31 to 35,No,No,External,more than 5,no change,1 vehicle,1994,All Perils
1,2,6,Mazda,Urban,1,1,2,Male,Married,29,Policy Holder,Sedan - Liability,Sport,20000 to 29000,0,5114,13,400,1,more than 30,more than 30,more than 4,7 years,31 to 35,No,No,External,none,no change,1 vehicle,1994,Liability
1,1,2,Honda,Urban,2,2,1,Male,Single,0,Third Party,Sedan - All Perils,Sedan,more than 69000,0,5115,5,400,3,more than 30,more than 30,2 to 4,new,16 to 17,No,No,External,none,no change,1 vehicle,1994,All Perils
2,2,2,Toyota,Urban,3,2,3,Male,Married,43,Third Party,Sedan - Collision,Sedan,30000 to 39000,0,5116,16,700,4,more than 30,more than 30,1,7 years,36 to 40,No,No,External,more than 5,no change,1 vehicle,1994,Collision
2,2,1,Honda,Urban,3,2,2,Female,Single,32,Policy Holder,Sedan - Liability,Sport,20000 to 29000,0,5117,7,400,4,more than 30,more than 30,2 to 4,6 years,31 to 35,No,No,External,3 to 5,no change,1 vehicle,1994,Liability
2,1,6,Pontiac,Urban,3,7,3,Male,Married,39,Policy Holder,Sedan - All Perils,Sedan,20000 to 29000,0,5118,1,400,1,more than 30,more than 30,none,more than 7,36 to 40,No,No,External,none,no change,1 vehicle,1994,All Perils
7,3,1,Mazda,Rural,1,2,4,Male,Married,29,Third Party,Sedan - Collision,Sedan,20000 to 29000,0,5119,1,400,3,more than 30,more than 30,2 to 4,6 years,31 to 35,No,No,External,3 to 5,no change,1 vehicle,1994,Collision
2,1,5,Toyota,Rural,1,11,1,Male,Married,41,Third Party,Sedan - All Perils,Sedan,less than 20000,0,5120,7,400,1,more than 30,more than 30,none,7 years,36 to 40,No,No,External,1 to 2,no change,1 vehicle,1994,All Perils
11,4,6,Toyota,Rural,4,2,5,Male,Single,35,Policy Holder,Sedan - Collision,Sedan,less than 20000,0,5121,9,400,3,more than 30,more than 30,1,4 years,31 to 35,No,No,External,1 to 2,no change,1 vehicle,1994,Collision
1,4,6,VW,Urban,4,8,3,Male,Married,69,Policy Holder,Sedan - All Perils,Sedan,20000 to 29000,0,5122,2,400,1,more than 30,more than 30,1,7 years,over 65,No,No,External,1 to 2,no change,1 vehicle,1994,All Perils
7,3,3,Mazda,Urban,5,8,4,Male,Married,48,Third Party,Sedan - All Perils,Sedan,20000 to 29000,0,5123,12,400,3,more than 30,more than 30,1,more than 7,41 to 50,No,No,External,none,no change,1 vehicle,1994,All Perils
8,3,5,Mazda,Urban,4,7,3,Female,Single,35,Policy Holder,Sedan - Collision,Sedan,20000 to 29000,0,5124,14,400,1,more than 30,more than 30,1,6 years,31 to 35,No,No,External,none,no change,1 vehicle,1994,Collision
7,2,4,Chevrolet,Urban,4,7,3,Female,Married,27,Policy Holder,Sedan - Collision,Sedan,20000 to 29000,0,5125,3,400,3,more than 30,more than 30,none,6 years,31 to 35,No,No,External,none,4 to 8 years,2 vehicles,1994,Collision
6,5,2,Mazda,Urban,4,4,2,Female,Single,41,Policy Holder,Sedan - Collision,Sedan,20000 to 29000,0,5126,4,400,3,more than 30,more than 30,none,5 years,36 to 40,No,No,External,none,no change,3 to 4,1994,Collision
4,3,6,Toyota,Urban,4,4,4,Male,Single,35,Third Party,Sedan - Collision,Sedan,20000 to 29000,0,5127,1,400,2,more than 30,more than 30,1,5 years,31 to 35,No,No,External,none,no change,1 vehicle,1994,Collision
4,1,1,Chevrolet,Urban,3,2,2,Female,Married,35,Third Party,Sedan - Collision,Sedan,30000 to 39000,0,5128,14,400,2,more than 30,more than 30,1,6 years,31 to 35,No,No,External,more than 5,no change,1 vehicle,1994,Collision
2,3,6,Toyota,Urban,2,2,3,Male,Single,21,Policy Holder,Sedan - Collision,Sedan,less than 20000,0,5129,9,400,4,more than 30,more than 30,2 to 4,5 years,26 to 30,No,No,External,none,no change,1 vehicle,1994,Collision
2,2,3,Mazda,Urban,5,1,3,Male,Married,51,Third Party,Sedan - All Perils,Sedan,30000 to 39000,0,5130,14,400,3,more than 30,more than 30,none,more than 7,41 to 50,No,No,External,more than 5,no change,1 vehicle,1994,All Perils
1,2,2,Honda,Urban,4,5,4,Male,Single,0,Third Party,Sedan - Collision,Sedan,more than 69000,0,5131,13,400,3,more than 30,more than 30,2 to 4,new,16 to 17,No,No,External,none,no change,1 vehicle,1994,Collision
4,4,1,Toyota,Rural,5,9,4,Male,Single,30,Policy Holder,Sedan - Collision,Sedan,20000 to 29000,0,5132,6,400,3,more than 30,more than 30,none,5 years,31 to 35,No,No,External,none,no change,1 vehicle,1994,Collision
9,3,1,Honda,Urban,2,9,4,Male,Married,35,Third Party,Sedan - All Perils,Sedan,20000 to 29000,0,5133,15,400,3,more than 30,more than 30,none,5 years,31 to 35,No,No,External,none,no change,1 vehicle,1994,All Perils
9,3,5,Toyota,Urban,2,11,3,Female,Married,27,Policy Holder,Sedan - Collision,Sedan,30000 to 39000,0,5134,7,400,1,more than 30,more than 30,more than 4,7 years,31 to 35,No,No,External,3 to 5,no change,1 vehicle,1994,Collision
9,5,4,Mazda,Rural,2,10,3,Male,Married,39,Policy Holder,Sedan - Collision,Sedan,30000 to 39000,0,5135,13,400,1,more than 30,more than 30,2 to 4,7 years,36 to 40,No,No,External,3 to 5,no change,1 vehicle,1994,Collision
9,5,7,Mazda,Urban,1,9,1,Male,Single,28,Policy Holder,Sedan - Collision,Sedan,20000 to 29000,0,5136,15,400,2,more than 30,more than 30,more than 4,7 years,31 to 35,No,No,External,1 to 2,no change,1 vehicle,1994,Collision
9,4,7,Toyota,Urban,2,10,4,Male,Married,73,Policy Holder,Sedan - Collision,Sedan,20000 to 29000,0,5137,2,400,1,more than 30,more than 30,1,more than 7,over 65,No,No,External,none,no change,1 vehicle,1994,Collision
10,4,5,Toyota,Urban,1,1,4,Male,Married,51,Policy Holder,Sedan - Liability,Sport,20000 to 29000,0,5138,7,400,4,more than 30,more than 30,more than 4,7 years,41 to 50,No,No,External,none,no change,1 vehicle,1994,Liability
12,4,2,Mazda,Rural,1,12,1,Male,Married,29,Policy Holder,Sedan - All Perils,Sedan,20000 to 29000,0,5139,6,400,4,more than 30,more than 30,2 to 4,5 years,31 to 35,No,No,External,none,no change,1 vehicle,1994,All Perils
12,1,3,Toyota,Urban,5,12,2,Male,Married,23,Policy Holder,Sedan - All Perils,Sedan,less than 20000,0,5140,1,400,4,more than 30,more than 30,none,5 years,26 to 30,No,No,External,none,no change,1 vehicle,1994,All Perils
12,2,2,Ford,Urban,4,1,2,Male,Married,49,Policy Holder,Sedan - Liability,Sport,30000 to 39000,0,5141,1,400,4,more than 30,more than 30,2 to 4,more than 7,41 to 50,No,No,External,1 to 2,no change,1 vehicle,1994,Liability
1,2,6,VW,Rural,1,1,2,Male,Married,49,Policy Holder,Sedan - Collision,Sedan,more than 69000,0,5142,9,400,1,more than 30,more than 30,1,more than 7,41 to 50,No,No,External,more than 5,no change,1 vehicle,1994,Collision
1,2,6,Honda,Urban,4,2,2,Male,Married,61,Policy Holder,Sedan - Collision,Sedan,30000 to 39000,0,5143,2,400,2,more than 30,more than 30,2 to 4,more than 7,51 to 65,No,No,External,more than 5,no change,1 vehicle,1994,Collision
1,2,6,Honda,Urban,2,7,2,Male,Married,51,Third Party,Sedan - All Perils,Sedan,20000 to 29000,0,5144,16,400,2,more than 30,more than 30,2 to 4,more than 7,41 to 50,No,No,External,3 to 5,no change,1 vehicle,1994,All Perils
7,1,7,Pontiac,Urban,1,6,1,Male,Married,62,Policy Holder,Sedan - Collision,Sedan,20000 to 29000,0,5145,16,400,2,more than 30,more than 30,1,7 years,51 to 65,Yes,No,External,more than 5,no change,1 vehicle,1994,Collision
6,4,3,Honda,Urban,3,8,4,Male,Married,27,Policy Holder,Sedan - Collision,Sedan,30000 to 39000,0,5146,15,400,3,more than 30,more than 30,none,6 years,31 to 35,No,No,External,none,4 to 8 years,2 vehicles,1994,Collision
8,3,1,Toyota,Urban,1,9,3,Male,Married,36,Third Party,Sedan - Collision,Sedan,20000 to 29000,0,5147,12,400,3,more than 30,more than 30,none,6 years,36 to 40,No,No,External,none,no change,1 vehicle,1994,Collision
8,5,2,Honda,Rural,3,10,1,Male,Single,27,Policy Holder,Sedan - Collision,Sedan,20000 to 29000,0,5148,7,400,4,more than 30,more than 30,2 to 4,6 years,31 to 35,No,No,External,1 to 2,no change,1 vehicle,1994,Collision
10,4,3,Toyota,Urban,2,12,4,Male,Married,33,Policy Holder,Sedan - Liability,Sport,more than 69000,0,5149,10,400,2,more than 30,more than 30,more than 4,5 years,31 to 35,Yes,No,External,none,no change,1 vehicle,1994,Liability
12,1,1,Chevrolet,Rural,1,5,2,Male,Married,51,Third Party,Sedan - Liability,Sport,30000 to 39000,0,5150,8,400,1,more than 30,more than 30,none,more than 7,41 to 50,No,No,Internal,1 to 2,no change,1 vehicle,1994,Liability
5,2,7,Pontiac,Urban,1,5,2,Male,Married,51,Third Party,Sedan - Liability,Sport,20000 to 29000,0,5151,1,400,1,more than 30,more than 30,2 to 4,more than 7,41 to 50,No,No,External,more than 5,no change,1 vehicle,1994,Liability
5,2,4,Accura,Urban,1,6,2,Male,Single,20,Policy Holder,Sedan - All Perils,Sedan,30000 to 39000,0,5152,3,400,1,more than 30,more than 30,none,2 years,21 to 25,No,No,External,more than 5,2 to 3 years,1 vehicle,1994,All Perils
6,2,2,Pontiac,Urban,4,5,2,Male,Married,41,Policy Holder,Sedan - Collision,Sedan,20000 to 29000,0,5153,11,400,2,more than 30,more than 30,2 to 4,7 years,36 to 40,No,No,External,3 to 5,no change,1 vehicle,1994,Collision
5,2,7,Toyota,Urban,2,6,2,Male,Married,29,Policy Holder,Sedan - Collision,Sedan,30000 to 39000,0,5154,11,400,3,more than 30,more than 30,1,7 years,31 to 35,No,No,External,1 to 2,no change,1 vehicle,1994,Collision
6,4,2,Toyota,Rural,2,8,5,Male,Married,42,Third Party,Sedan - All Perils,Sedan,less than 20000,0,5155,5,400,2,more than 30,more than 30,none,7 years,36 to 40,No,No,External,none,no change,1 vehicle,1994,All Perils
8,1,2,Chevrolet,Urban,2,7,2,Male,Married,65,Third Party,Sedan - Collision,Sedan,more than 69000,0,5156,9,400,2,more than 30,more than 30,none,more than 7,51 to 65,No,No,External,3 to 5,no change,1 vehicle,1994,Collision
7,2,6,Chevrolet,Urban,1,4,3,Male,Single,47,Third Party,Sedan - All Perils,Sedan,40000 to 59000,0,5157,13,400,1,more than 30,more than 30,1,more than 7,41 to 50,No,No,External,3 to 5,no change,1 vehicle,1994,All Perils
4,3,6,Mazda,Urban,3,5,3,Male,Married,30,Policy Holder,Sedan - Liability,Sport,20000 to 29000,0,5158,2,400,1,more than 30,more than 30,more than 4,6 years,31 to 35,No,No,External,3 to 5,no change,1 vehicle,1994,Liability
4,3,4,Pontiac,Rural,2,5,1,Male,Married,57,Policy Holder,Sedan - Collision,Sedan,20000 to 29000,0,5159,5,400,2,more than 30,more than 30,none,more than 7,51 to 65,No,No,External,1 to 2,no change,1 vehicle,1994,Collision
5,1,5,Pontiac,Urban,1,6,2,Male,Divorced,70,Policy Holder,Sedan - Liability,Sport,30000 to 39000,0,5160,6,400,1,more than 30,more than 30,more than 4,more than 7,over 65,No,No,External,none,no change,1 vehicle,1994,Liability
6,1,5,Chevrolet,Urban,1,5,3,Female,Married,30,Policy Holder,Sedan - Liability,Sport,30000 to 39000,0,5161,12,400,1,more than 30,more than 30,2 to 4,6 years,31 to 35,No,No,External,none,no change,1 vehicle,1994,Liability
5,4,7,Mazda,Urban,3,6,5,Male,Single,28,Third Party,Sedan - All Perils,Sedan,20000 to 29000,0,5162,1,400,2,more than 30,more than 30,none,6 years,31 to 35,No,No,External,3 to 5,no change,1 vehicle,1994,All Perils
5,5,4,Toyota,Urban,2,9,5,Male,Single,38,Policy Holder,Sedan - All Perils,Sedan,20000 to 29000,0,5163,11,400,4,more than 30,more than 30,2 to 4,7 years,36 to 40,No,No,External,none,no change,1 vehicle,1994,All Perils
8,5,6,Pontiac,Urban,3,10,1,Male,Single,31,Policy Holder,Sedan - Liability,Sport,20000 to 29000,0,5164,14,400,4,more than 30,more than 30,none,6 years,31 to 35,No,No,External,more than 5,no change,1 vehicle,1994,Liability
10,3,1,Toyota,Urban,1,7,4,Male,Married,41,Third Party,Sedan - Collision,Sedan,20000 to 29000,0,5165,11,400,4,more than 30,more than 30,2 to 4,7 years,36 to 40,No,No,External,3 to 5,no change,1 vehicle,1994,Collision
7,3,1,Mazda,Urban,3,8,4,Male,Single,42,Third Party,Sedan - All Perils,Sedan,20000 to 29000,0,5166,13,400,3,more than 30,more than 30,2 to 4,6 years,36 to 40,No,No,External,none,no change,1 vehicle,1994,All Perils
7,3,1,Chevrolet,Urban,4,10,1,Male,Married,61,Policy Holder,Sedan - Collision,Sedan,30000 to 39000,1,5167,10,400,1,more than 30,more than 30,none,more than 7,51 to 65,No,No,External,none,4 to 8 years,3 to 4,1994,Collision
10,1,3,Mazda,Urban,5,6,1,Male,Married,64,Policy Holder,Sedan - All Perils,Sedan,20000 to 29000,0,5168,13,400,4,more than 30,more than 30,none,more than 7,51 to 65,No,No,External,more than 5,no change,1 vehicle,1994,All Perils
6,2,4,Honda,Urban,5,6,2,Male,Single,34,Policy Holder,Sedan - Liability,Sport,more than 69000,0,5169,1,400,2,more than 30,more than 30,2 to 4,6 years,31 to 35,Yes,No,External,more than 5,no change,1 vehicle,1994,Liability
6,2,5,Mazda,Urban,1,1,2,Male,Married,31,Policy Holder,Sedan - All Perils,Sedan,20000 to 29000,0,5170,15,400,1,more than 30,more than 30,1,6 years,31 to 35,No,No,External,none,no change,1 vehicle,1994,All Perils
1,3,4,Honda,Urban,4,1,4,Male,Married,48,Policy Holder,Sedan - Collision,Sedan,30000 to 39000,0,5171,5,400,2,more than 30,more than 30,none,more than 7,41 to 50,No,No,External,none,no change,1 vehicle,1994,Collision
1,3,5,Mazda,Urban,1,1,3,Male,Single,28,Policy Holder,Sedan - Liability,Sport,20000 to 29000,0,5172,11,400,2,more than 30,more than 30,1,6 years,31 to 35,No,No,External,none,no change,1 vehicle,1994,Liability
1,3,5,Toyota,Urban,2,1,4,Male,Single,44,Policy Holder,Sedan - All Perils,Sedan,20000 to 29000,0,5173,8,400,1,more than 30,more than 30,none,7 years,36 to 40,No,No,External,1 to 2,no change,1 vehicle,1994,All Perils
1,3,4,Toyota,Urban,3,1,5,Male,Married,51,Third Party,Sedan - Collision,Sedan,less than 20000,0,5174,11,400,2,more than 30,more than 30,1,more than 7,41 to 50,No,No,External,none,no change,1 vehicle,1994,Collision
1,3,4,Pontiac,Rural,4,2,4,Male,Married,43,Policy Holder,Sedan - Collision,Sedan,20000 to 29000,0,5175,10,400,4,more than 30,more than 30,none,6 years,36 to 40,No,No,External,none,no change,1 vehicle,1994,Collision
1,3,3,Saab,Urban,3,1,2,Male,Married,39,Policy Holder,Sedan - Collision,Sedan,40000 to 59000,0,5176,3,400,4,more than 30,more than 30,2 to 4,more than 7,36 to 40,No,No,External,3 to 5,no change,1 vehicle,1994,Collision
1,3,2,Toyota,Urban,1,3,3,Female,Married,39,Policy Holder,Sedan - Liability,Sport,20000 to 29000,0,5177,4,400,4,more than 30,more than 30,1,7 years,36 to 40,No,No,External,1 to 2,no change,1 vehicle,1994,Liability
7,3,6,Toyota,Urban,2,1,4,Male,Married,37,Policy Holder,Sedan - All Perils,Sedan,less than 20000,1,5178,13,700,2,more than 30,more than 30,none,7 years,36 to 40,No,No,External,none,no change,1 vehicle,1994,All Perils
1,3,1,Toyota,Urban,3,1,3,Male,Married,27,Policy Holder,Sedan - All Perils,Sedan,20000 to 29000,0,5179,2,400,3,more than 30,more than 30,1,7 years,31 to 35,No,No,External,1 to 2,no change,1 vehicle,1994,All Perils
1,3,2,Mazda,Urban,2,8,3,Male,Single,30,Policy Holder,Sedan - Liability,Sport,20000 to 29000,0,5180,2,400,2,more than 30,more than 30,none,6 years,31 to 35,No,No,External,more than 5,no change,1 vehicle,1994,Liability
7,3,7,Pontiac,Urban,1,1,1,Male,Married,28,Policy Holder,Sedan - All Perils,Sedan,30000 to 39000,1,5181,1,400,2,more than 30,more than 30,more than 4,7 years,31 to 35,No,No,External,1 to 2,no change,1 vehicle,1994,All Perils
12,3,7,Chevrolet,Urban,2,1,1,Female,Married,54,Third Party,Sedan - Collision,Sedan,20000 to 29000,0,5182,4,400,1,more than 30,more than 30,none,more than 7,41 to 50,No,No,External,none,no change,1 vehicle,1994,Collision
12,3,6,Pontiac,Urban,3,2,1,Female,Married,30,Third Party,Sedan - All Perils,Sedan,20000 to 29000,0,5183,1,400,2,more than 30,more than 30,1,7 years,31 to 35,No,No,External,none,no change,1 vehicle,1994,All Perils
10,3,5,Mazda,Urban,5,10,3,Male,Married,42,Policy Holder,Sedan - Liability,Sport,20000 to 29000,0,5184,8,400,4,more than 30,more than 30,1,7 years,36 to 40,No,No,External,none,no change,1 vehicle,1994,Liability
10,2,5,Pontiac,Urban,2,9,2,Male,Married,48,Policy Holder,Sedan - Liability,Sport,20000 to 29000,0,5185,9,400,1,more than 30,more than 30,2 to 4,7 years,41 to 50,No,No,External,more than 5,no change,1 vehicle,1994,Liability
9,2,5,Pontiac,Urban,4,9,2,Male,Single,33,Policy Holder,Sedan - Liability,Sport,30000 to 39000,0,5186,14,400,4,more than 30,more than 30,2 to 4,6 years,31 to 35,No,No,External,1 to 2,no change,1 vehicle,1994,Liability
8,3,7,Pontiac,Rural,4,8,1,Male,Married,40,Policy Holder,Sedan - Liability,Sport,20000 to 29000,0,5187,11,400,4,more than 30,more than 30,2 to 4,7 years,36 to 40,No,No,External,none,no change,1 vehicle,1994,Liability
8,2,1,BMW,Urban,1,5,2,Male,Married,52,Third Party,Sedan - All Perils,Sedan,20000 to 29000,0,5188,2,400,2,more than 30,more than 30,none,6 years,41 to 50,No,No,External,more than 5,1 year,2 vehicles,1994,All Perils
5,4,2,Pontiac,Urban,3,5,4,Male,Single,63,Third Party,Sedan - All Perils,Sedan,20000 to 29000,0,5189,15,400,1,more than 30,more than 30,1,more than 7,51 to 65,No,No,External,3 to 5,no change,1 vehicle,1994,All Perils
5,1,2,Honda,Urban,4,7,1,Male,Single,41,Policy Holder,Sedan - Collision,Sedan,20000 to 29000,0,5190,10,400,3,more than 30,more than 30,2 to 4,6 years,36 to 40,No,No,External,more than 5,no change,1 vehicle,1994,Collision
7,3,4,Pontiac,Urban,2,4,4,Female,Married,53,Third Party,Sedan - All Perils,Sedan,less than 20000,0,5191,3,400,3,8 to 15,8 to 15,none,5 years,41 to 50,No,No,External,none,no change,1 vehicle,1994,All Perils
3,5,6,Pontiac,Rural,3,3,2,Male,Single,37,Policy Holder,Sedan - Collision,Sedan,20000 to 29000,0,5192,4,400,4,more than 30,more than 30,2 to 4,6 years,36 to 40,No,No,External,1 to 2,no change,1 vehicle,1994,Collision
3,2,2,Pontiac,Urban,2,3,3,Male,Married,60,Policy Holder,Sedan - All Perils,Sedan,20000 to 29000,0,5193,10,400,4,more than 30,more than 30,none,more than 7,51 to 65,No,No,External,3 to 5,no change,1 vehicle,1994,All Perils
3,2,4,Pontiac,Urban,5,3,2,Male,Married,54,Policy Holder,Sedan - Liability,Sport,30000 to 39000,0,5194,3,400,4,more than 30,more than 30,more than 4,7 years,41 to 50,No,No,External,more than 5,no change,1 vehicle,1994,Liability
3,2,7,Pontiac,Urban,1,3,2,Female,Married,27,Policy Holder,Sedan - Collision,Sedan,20000 to 29000,0,5195,3,400,1,more than 30,more than 30,none,5 years,31 to 35,No,No,External,none,no change,1 vehicle,1994,Collision
3,1,1,Pontiac,Rural,3,4,1,Male,Married,36,Policy Holder,Sedan - Collision,Sedan,30000 to 39000,0,5196,7,400,4,more than 30,more than 30,1,more than 7,36 to 40,No,No,External,more than 5,no change,1 vehicle,1994,Collision
4,2,2,Mazda,Urban,3,6,3,Female,Single,45,Policy Holder,Sedan - Collision,Sedan,30000 to 39000,0,5197,8,400,2,more than 30,more than 30,2 to 4,7 years,36 to 40,No,No,External,none,no change,1 vehicle,1994,Collision
6,2,7,Mazda,Urban,3,3,3,Male,Married,45,Policy Holder,Sedan - All Perils,Sedan,20000 to 29000,0,5198,3,400,1,more than 30,more than 30,2 to 4,7 years,36 to 40,No,No,External,none,no change,1 vehicle,1994,All Perils
3,3,1,Pontiac,Urban,3,6,4,Male,Married,42,Policy Holder,Sedan - All Perils,Sedan,less than 20000,0,5199,10,400,4,more than 30,more than 30,1,7 years,36 to 40,Yes,Yes,External,none,no change,1 vehicle,1994,All Perils
6,4,4,Honda,Urban,1,7,5,Male,Married,44,Third Party,Sedan - Collision,Sedan,20000 to 29000,0,5200,4,400,2,more than 30,more than 30,2 to 4,more than 7,36 to 40,No,No,External,more than 5,no change,1 vehicle,1994,Collision
7,2,7,Honda,Urban,3,9,3,Male,Married,35,Third Party,Sedan - All Perils,Sedan,20000 to 29000,0,5201,10,400,2,more than 30,more than 30,none,7 years,31 to 35,No,No,External,more than 5,no change,1 vehicle,1994,All Perils
7,5,1,VW,Urban,2,10,1,Female,Single,27,Policy Holder,Sedan - Liability,Sport,30000 to 39000,0,5202,11,400,3,more than 30,more than 30,more than 4,6 years,31 to 35,No,No,External,1 to 2,no change,1 vehicle,1994,Liability
10,5,2,Mazda,Urban,4,8,5,Male,Married,54,Policy Holder,Sedan - Liability,Sport,30000 to 39000,0,5203,4,500,2,more than 30,more than 30,1,7 years,41 to 50,No,No,External,1 to 2,2 to 3 years,1 vehicle,1994,Liability
8,2,6,Pontiac,Urban,2,11,4,Male,Single,39,Policy Holder,Utility - All Perils,Utility,40000 to 59000,0,5204,12,400,3,more than 30,more than 30,more than 4,more than 7,36 to 40,No,No,External,1 to 2,no change,1 vehicle,1994,All Perils
11,2,2,Toyota,Urban,2,4,3,Male,Married,40,Policy Holder,Sedan - All Perils,Sedan,less than 20000,0,5205,7,400,3,more than 30,more than 30,1,7 years,36 to 40,No,No,External,none,no change,1 vehicle,1994,All Perils
4,1,1,Mercury,Urban,1,5,1,Male,Married,48,Policy Holder,Sedan - Liability,Sport,20000 to 29000,0,5206,4,400,2,more than 30,more than 30,2 to 4,7 years,41 to 50,No,No,External,3 to 5,no change,1 vehicle,1994,Liability
5,2,2,Pontiac,Urban,3,5,2,Female,Married,59,Policy Holder,Sedan - Liability,Sport,20000 to 29000,0,5207,14,400,3,more than 30,more than 30,2 to 4,more than 7,51 to 65,No,No,External,more than 5,no change,1 vehicle,1994,Liability
5,2,5,Pontiac,Urban,5,10,2,Male,Married,60,Policy Holder,Sedan - Liability,Sport,20000 to 29000,0,5208,3,400,4,more than 30,more than 30,more than 4,more than 7,51 to 65,No,No,External,more than 5,no change,3 to 4,1994,Liability
10,3,2,Pontiac,Urban,2,7,4,Male,Single,38,Policy Holder,Sedan - Liability,Sport,20000 to 29000,0,5209,13,700,1,more than 30,more than 30,2 to 4,7 years,36 to 40,No,No,External,none,4 to 8 years,2 vehicles,1994,Liability
7,3,5,Pontiac,Urban,5,9,3,Male,Married,47,Third Party,Sedan - All Perils,Sedan,20000 to 29000,0,5210,12,400,1,more than 30,more than 30,2 to 4,7 years,41 to 50,No,No,External,more than 5,no change,1 vehicle,1994,All Perils
9,3,2,Pontiac,Urban,3,6,3,Male,Married,31,Policy Holder,Sedan - Liability,Sport,20000 to 29000,0,5211,11,400,3,more than 30,more than 30,1,7 years,31 to 35,No,No,External,more than 5,no change,1 vehicle,1994,Liability
6,3,1,Pontiac,Urban,3,6,4,Female,Single,35,Policy Holder,Sedan - Liability,Sport,20000 to 29000,0,5212,4,400,3,more than 30,more than 30,more than 4,6 years,31 to 35,No,No,External,1 to 2,no change,1 vehicle,1994,Liability
6,3,1,Pontiac,Urban,5,6,4,Female,Married,63,Policy Holder,Sedan - Liability,Sport,30000 to 39000,0,5213,12,400,2,more than 30,more than 30,more than 4,more than 7,51 to 65,No,No,External,1 to 2,no change,1 vehicle,1994,Liability
6,3,5,Chevrolet,Urban,1,6,4,Male,Single,27,Policy Holder,Sedan - Collision,Sedan,20000 to 29000,0,5214,15,400,3,more than 30,more than 30,1,5 years,31 to 35,No,No,External,3 to 5,no change,1 vehicle,1994,Collision
6,3,5,Pontiac,Urban,3,6,3,Male,Single,31,Third Party,Sedan - All Perils,Sedan,less than 20000,0,5215,5,400,1,more than 30,more than 30,none,6 years,31 to 35,No,No,External,3 to 5,no change,1 vehicle,1994,All Perils
6,3,2,Chevrolet,Urban,4,5,4,Female,Single,43,Policy Holder,Sedan - Liability,Sport,20000 to 29000,0,5216,4,400,2,more than 30,more than 30,1,more than 7,36 to 40,No,No,External,1 to 2,no change,1 vehicle,1994,Liability
5,1,3,Saab,Urban,3,4,1,Male,Married,50,Policy Holder,Sedan - Liability,Sport,more than 69000,0,5217,14,400,4,more than 30,more than 30,2 to 4,more than 7,41 to 50,No,No,External,1 to 2,no change,1 vehicle,1994,Liability
4,1,4,Toyota,Urban,4,4,1,Male,Married,35,Policy Holder,Sedan - Liability,Sport,20000 to 29000,0,5218,12,400,4,more than 30,more than 30,none,6 years,31 to 35,No,No,External,none,no change,1 vehicle,1994,Liability
4,1,3,Honda,Urban,2,8,1,Male,Single,26,Policy Holder,Sedan - Liability,Sport,20000 to 29000,0,5219,15,400,3,more than 30,more than 30,2 to 4,5 years,31 to 35,No,No,External,none,no change,1 vehicle,1994,Liability
7,3,4,Accura,Urban,1,2,1,Male,Married,36,Policy Holder,Utility - All Perils,Utility,more than 69000,1,5220,1,400,2,more than 30,more than 30,none,more than 7,36 to 40,No,No,External,none,no change,1 vehicle,1994,All Perils
2,1,5,Pontiac,Urban,4,3,1,Male,Married,37,Third Party,Sedan - Collision,Sedan,20000 to 29000,0,5221,13,400,4,more than 30,more than 30,1,7 years,36 to 40,No,No,External,more than 5,no change,1 vehicle,1994,Collision
2,1,6,Mazda,Urban,2,1,2,Male,Single,29,Policy Holder,Sedan - All Perils,Sedan,20000 to 29000,0,5222,15,400,4,more than 30,more than 30,2 to 4,6 years,31 to 35,No,No,External,none,no change,1 vehicle,1994,All Perils
1,2,1,Pontiac,Urban,3,1,3,Male,Single,23,Policy Holder,Sedan - Collision,Sedan,20000 to 29000,0,5223,1,400,4,more than 30,more than 30,2 to 4,4 years,26 to 30,No,No,External,none,no change,1 vehicle,1994,Collision
1,2,3,Pontiac,Urban,3,1,2,Female,Divorced,53,Policy Holder,Sedan - All Perils,Sedan,20000 to 29000,0,5224,9,400,1,more than 30,more than 30,1,7 years,41 to 50,No,No,External,3 to 5,no change,1 vehicle,1994,All Perils
1,1,3,Pontiac,Urban,2,1,1,Male,Single,41,Policy Holder,Sedan - Liability,Sport,20000 to 29000,0,5225,4,400,2,more than 30,more than 30,none,7 years,36 to 40,No,No,External,none,no change,1 vehicle,1994,Liability
1,1,1,Chevrolet,Urban,5,1,2,Male,Married,67,Third Party,Sedan - Collision,Sedan,20000 to 29000,0,5226,8,400,2,more than 30,more than 30,1,more than 7,over 65,No,No,External,1 to 2,no change,1 vehicle,1994,Collision
1,1,5,Toyota,Urban,1,1,2,Male,Married,49,Policy Holder,Sedan - All Perils,Sedan,20000 to 29000,0,5227,10,400,4,more than 30,more than 30,1,more than 7,41 to 50,No,No,External,3 to 5,no change,1 vehicle,1994,All Perils
12,5,4,Toyota,Urban,1,8,2,Female,Married,33,Policy Holder,Sedan - All Perils,Sedan,less than 20000,0,5228,6,400,2,more than 30,more than 30,none,7 years,31 to 35,No,No,External,none,no change,1 vehicle,1994,All Perils
7,4,7,Toyota,Rural,2,1,1,Male,Single,33,Policy Holder,Sedan - All Perils,Sedan,20000 to 29000,1,5229,12,400,3,more than 30,more than 30,none,6 years,31 to 35,No,No,External,none,no change,1 vehicle,1994,All Perils
1,1,7,Mazda,Urban,4,1,5,Male,Single,33,Policy Holder,Sedan - Collision,Sedan,30000 to 39000,0,5230,7,400,3,more than 30,more than 30,2 to 4,6 years,31 to 35,No,No,External,more than 5,4 to 8 years,2 vehicles,1994,Collision
12,4,1,Pontiac,Urban,3,11,2,Male,Married,29,Policy Holder,Sedan - Liability,Sport,20000 to 29000,0,5231,6,400,1,more than 30,more than 30,more than 4,6 years,31 to 35,No,No,External,more than 5,no change,1 vehicle,1994,Liability
11,2,4,Toyota,Urban,5,7,3,Male,Married,40,Policy Holder,Sedan - All Perils,Sedan,30000 to 39000,0,5232,12,400,4,more than 30,more than 30,2 to 4,7 years,36 to 40,No,No,External,none,no change,1 vehicle,1994,All Perils
7,4,2,Mercury,Urban,2,9,4,Male,Married,36,Policy Holder,Sedan - All Perils,Sedan,20000 to 29000,1,5233,5,400,2,more than 30,more than 30,1,7 years,36 to 40,No,No,External,more than 5,no change,1 vehicle,1994,All Perils
8,5,5,Honda,Urban,5,8,2,Male,Married,28,Policy Holder,Sedan - Collision,Sedan,20000 to 29000,0,5234,9,400,4,more than 30,more than 30,none,7 years,31 to 35,No,No,External,none,no change,1 vehicle,1994,Collision
8,4,3,Toyota,Urban,2,9,4,Male,Married,47,Policy Holder,Sedan - Liability,Sport,20000 to 29000,0,5235,7,400,3,more than 30,more than 30,2 to 4,7 years,41 to 50,No,No,External,none,no change,1 vehicle,1994,Liability
8,2,1,Chevrolet,Urban,4,7,3,Male,Single,31,Policy Holder,Sedan - All Perils,Sedan,20000 to 29000,0,5236,10,400,2,more than 30,more than 30,none,5 years,31 to 35,No,No,External,none,no change,1 vehicle,1994,All Perils
6,3,4,Mazda,Urban,2,5,5,Male,Married,40,Policy Holder,Sedan - All Perils,Sedan,20000 to 29000,0,5237,12,400,4,more than 30,more than 30,2 to 4,7 years,36 to 40,No,No,External,more than 5,no change,1 vehicle,1994,All Perils
5,4,6,Honda,Urban,5,4,5,Female,Married,37,Policy Holder,Sedan - Liability,Sport,20000 to 29000,0,5238,11,400,4,more than 30,more than 30,1,5 years,36 to 40,No,No,External,more than 5,no change,1 vehicle,1994,Liability
4,3,5,Saturn,Urban,2,3,4,Female,Married,54,Policy Holder,Sedan - Collision,Sedan,40000 to 59000,0,5239,9,400,1,more than 30,more than 30,none,more than 7,41 to 50,No,No,External,3 to 5,no change,1 vehicle,1994,Collision
2,4,4,Toyota,Rural,4,7,1,Male,Married,36,Policy Holder,Sedan - Collision,Sedan,30000 to 39000,0,5240,15,700,4,more than 30,more than 30,none,7 years,36 to 40,No,No,External,none,no change,1 vehicle,1994,Collision
7,4,7,Pontiac,Urban,1,2,4,Female,Married,40,Third Party,Sedan - All Perils,Sedan,less than 20000,0,5241,16,400,4,more than 30,more than 30,none,5 years,36 to 40,No,No,External,none,no change,1 vehicle,1994,All Perils
2,4,4,Chevrolet,Urban,2,2,5,Male,Married,33,Policy Holder,Sedan - Collision,Sedan,60000 to 69000,0,5242,5,400,4,more than 30,more than 30,2 to 4,7 years,31 to 35,No,No,External,none,no change,1 vehicle,1994,Collision
1,2,3,Honda,Urban,4,1,1,Male,Married,54,Third Party,Sedan - All Perils,Sedan,20000 to 29000,0,5243,14,400,1,more than 30,more than 30,none,more than 7,41 to 50,No,No,External,more than 5,no change,1 vehicle,1994,All Perils
1,2,2,Pontiac,Urban,5,1,2,Male,Single,55,Third Party,Sedan - All Perils,Sedan,20000 to 29000,0,5244,15,400,4,more than 30,more than 30,2 to 4,6 years,41 to 50,No,No,External,more than 5,no change,1 vehicle,1994,All Perils
1,2,1,Mazda,Urban,2,1,3,Male,Married,39,Third Party,Sedan - All Perils,Sedan,30000 to 39000,0,5245,16,400,4,more than 30,more than 30,none,7 years,36 to 40,No,No,External,none,no change,1 vehicle,1994,All Perils
1,2,4,Pontiac,Urban,4,1,2,Male,Married,49,Policy Holder,Sedan - All Perils,Sedan,more than 69000,0,5246,3,400,3,more than 30,more than 30,none,more than 7,41 to 50,No,No,External,none,no change,1 vehicle,1994,All Perils
11,1,4,Ford,Urban,2,9,2,Male,Married,49,Policy Holder,Utility - Liability,Utility,more than 69000,0,5247,8,400,3,more than 30,more than 30,2 to 4,more than 7,41 to 50,No,No,External,none,no change,1 vehicle,1994,Liability
9,4,5,Pontiac,Urban,3,7,3,Male,Married,48,Policy Holder,Sedan - All Perils,Sedan,20000 to 29000,0,5248,1,400,3,more than 30,more than 30,1,more than 7,41 to 50,No,No,External,none,no change,1 vehicle,1994,All Perils
7,4,6,Pontiac,Urban,2,4,4,Female,Single,27,Third Party,Sedan - All Perils,Sedan,less than 20000,0,5249,2,400,4,more than 30,more than 30,none,5 years,31 to 35,No,No,External,none,no change,3 to 4,1994,All Perils
11,3,6,Pontiac,Urban,3,1,2,Male,Married,37,Policy Holder,Sedan - All Perils,Sedan,20000 to 29000,0,5250,8,400,4,more than 30,more than 30,none,6 years,36 to 40,No,No,External,none,no change,1 vehicle,1994,All Perils
1,1,7,Honda,Rural,2,1,3,Male,Single,0,Policy Holder,Sedan - All Perils,Sedan,more than 69000,0,5251,15,400,4,more than 30,more than 30,none,new,16 to 17,No,No,External,none,4 to 8 years,2 vehicles,1994,All Perils
1,1,4,Mazda,Urban,1,1,1,Male,Single,26,Policy Holder,Sedan - Liability,Sport,30000 to 39000,0,5252,7,400,1,more than 30,more than 30,1,7 years,31 to 35,No,No,External,more than 5,no change,1 vehicle,1994,Liability
1,2,6,Chevrolet,Urban,1,1,3,Male,Married,30,Third Party,Sedan - All Perils,Sedan,20000 to 29000,0,5253,16,400,3,more than 30,more than 30,1,7 years,31 to 35,No,No,External,more than 5,no change,1 vehicle,1994,All Perils
1,3,6,Toyota,Urban,5,1,3,Female,Single,38,Third Party,Sedan - Liability,Sport,20000 to 29000,0,5254,13,500,4,more than 30,more than 30,none,7 years,36 to 40,No,No,External,more than 5,2 to 3 years,1 vehicle,1994,Liability
1,3,5,Honda,Urban,1,1,4,Male,Single,0,Policy Holder,Sedan - Collision,Sedan,more than 69000,0,5255,15,400,2,more than 30,more than 30,1,new,16 to 17,No,No,External,none,no change,1 vehicle,1994,Collision
12,4,1,Pontiac,Rural,3,1,1,Male,Single,35,Policy Holder,Sedan - Liability,Sport,30000 to 39000,0,5256,7,400,3,more than 30,more than 30,more than 4,5 years,31 to 35,No,No,External,more than 5,no change,1 vehicle,1994,Liability
12,3,2,Mazda,Urban,5,11,1,Male,Married,30,Third Party,Sedan - Collision,Sedan,20000 to 29000,0,5257,3,400,4,more than 30,more than 30,more than 4,7 years,31 to 35,No,No,External,1 to 2,no change,1 vehicle,1994,Collision
11,3,5,Pontiac,Urban,4,9,4,Male,Married,51,Third Party,Sedan - All Perils,Sedan,30000 to 39000,0,5258,11,400,2,more than 30,more than 30,none,more than 7,41 to 50,No,No,External,none,no change,1 vehicle,1994,All Perils
7,5,5,Toyota,Urban,4,7,3,Female,Single,35,Third Party,Sedan - All Perils,Sedan,less than 20000,0,5259,10,400,3,more than 30,more than 30,2 to 4,7 years,31 to 35,No,No,External,more than 5,no change,1 vehicle,1994,All Perils
7,4,5,Pontiac,Urban,6,7,4,Male,Married,45,Policy Holder,Sedan - All Perils,Sedan,20000 to 29000,0,5260,4,400,2,more than 30,more than 30,none,7 years,36 to 40,No,No,External,none,no change,1 vehicle,1994,All Perils
7,4,5,Mazda,Urban,2,3,4,Male,Married,29,Policy Holder,Sedan - Liability,Sport,30000 to 39000,0,5261,6,400,3,more than 30,more than 30,2 to 4,7 years,31 to 35,No,No,External,none,no change,1 vehicle,1994,Liability
3,2,5,Mazda,Urban,2,3,4,Male,Single,28,Policy Holder,Sedan - Liability,Sport,20000 to 29000,0,5262,6,400,2,more than 30,more than 30,more than 4,6 years,31 to 35,No,No,External,1 to 2,no change,1 vehicle,1994,Liability
3,2,3,Mazda,Urban,3,3,4,Male,Married,39,Policy Holder,Sedan - All Perils,Sedan,20000 to 29000,0,5263,1,400,4,more than 30,more than 30,2 to 4,7 years,36 to 40,No,No,External,more than 5,no change,1 vehicle,1994,All Perils
3,1,6,Toyota,Urban,4,2,1,Male,Single,30,Policy Holder,Sedan - Liability,Sport,20000 to 29000,0,5264,9,400,4,more than 30,more than 30,none,6 years,31 to 35,No,No,External,more than 5,no change,1 vehicle,1994,Liability
2,3,1,Honda,Urban,2,2,4,Male,Single,34,Policy Holder,Sedan - Collision,Sedan,20000 to 29000,0,5265,7,400,2,more than 30,more than 30,2 to 4,6 years,31 to 35,No,No,External,3 to 5,no change,1 vehicle,1994,Collision
2,2,2,Honda,Urban,5,2,4,Male,Single,41,Third Party,Sport - Collision,Sport,more than 69000,0,5266,2,400,3,more than 30,more than 30,none,7 years,36 to 40,No,No,External,1 to 2,no change,1 vehicle,1994,Collision
2,3,5,Honda,Urban,2,3,3,Male,Married,54,Policy Holder,Sedan - Collision,Sedan,20000 to 29000,0,5267,1,400,2,more than 30,more than 30,1,more than 7,41 to 50,No,No,External,none,no change,1 vehicle,1994,Collision
2,2,6,Chevrolet,Urban,4,7,2,Female,Single,29,Third Party,Sedan - All Perils,Sedan,20000 to 29000,0,5268,14,400,4,more than 30,more than 30,2 to 4,6 years,31 to 35,No,No,External,none,no change,1 vehicle,1994,All Perils
7,4,5,Pontiac,Rural,2,12,5,Male,Married,35,Policy Holder,Sedan - All Perils,Sedan,20000 to 29000,1,5269,5,400,3,more than 30,more than 30,2 to 4,7 years,31 to 35,No,No,External,1 to 2,no change,1 vehicle,1994,All Perils
11,3,1,Mazda,Urban,2,9,3,Male,Married,45,Third Party,Sedan - All Perils,Sedan,20000 to 29000,0,5270,9,400,1,more than 30,more than 30,none,6 years,36 to 40,No,No,External,more than 5,no change,1 vehicle,1994,All Perils
8,5,3,Chevrolet,Urban,5,8,1,Male,Married,73,Third Party,Sedan - Collision,Sedan,20000 to 29000,0,5271,9,700,4,more than 30,more than 30,2 to 4,more than 7,over 65,No,No,External,more than 5,no change,1 vehicle,1994,Collision
8,4,4,Chevrolet,Urban,1,5,4,Male,Married,70,Policy Holder,Sedan - Liability,Sport,40000 to 59000,0,5272,4,400,4,more than 30,more than 30,2 to 4,more than 7,over 65,No,No,External,none,4 to 8 years,2 vehicles,1994,Liability
5,1,6,Saturn,Rural,2,8,2,Male,Married,33,Policy Holder,Sedan - Liability,Sport,30000 to 39000,0,5273,5,400,3,more than 30,more than 30,more than 4,7 years,31 to 35,No,No,External,none,no change,1 vehicle,1994,Liability
7,4,6,Accura,Urban,2,4,4,Male,Married,55,Policy Holder,Sedan - All Perils,Sedan,30000 to 39000,1,5274,1,400,1,more than 30,more than 30,2 to 4,more than 7,41 to 50,No,No,External,more than 5,no change,1 vehicle,1994,All Perils
4,2,1,Mazda,Rural,3,4,3,Male,Married,31,Policy Holder,Sedan - Collision,Sedan,30000 to 39000,0,5275,13,400,4,15 to 30,more than 30,none,6 years,31 to 35,No,No,External,1 to 2,no change,1 vehicle,1994,Collision
4,2,3,Honda,Urban,3,4,4,Male,Married,30,Third Party,Sedan - Liability,Sport,more than 69000,0,5276,12,400,2,more than 30,more than 30,2 to 4,6 years,31 to 35,No,No,External,more than 5,no change,1 vehicle,1994,Liability
4,1,2,Honda,Urban,4,3,1,Male,Married,41,Policy Holder,Sedan - Liability,Sport,20000 to 29000,0,5277,16,400,2,more than 30,more than 30,more than 4,7 years,36 to 40,No,No,External,none,no change,1 vehicle,1994,Liability
3,1,2,Chevrolet,Urban,4,3,1,Male,Married,47,Policy Holder,Sedan - Liability,Sport,20000 to 29000,0,5278,11,400,4,more than 30,more than 30,2 to 4,more than 7,41 to 50,No,No,External,more than 5,no change,1 vehicle,1994,Liability
3,1,4,Toyota,Rural,4,2,1,Male,Married,61,Policy Holder,Sedan - Collision,Sedan,20000 to 29000,0,5279,9,400,2,more than 30,more than 30,more than 4,more than 7,51 to 65,No,No,External,none,1 year,1 vehicle,1994,Collision
2,4,5,Toyota,Urban,4,2,4,Male,Married,32,Policy Holder,Sedan - Collision,Sedan,less than 20000,0,5280,6,400,2,more than 30,more than 30,1,6 years,31 to 35,No,No,External,none,no change,1 vehicle,1994,Collision
2,3,5,Mazda,Urban,5,2,4,Male,Married,51,Policy Holder,Utility - All Perils,Utility,more than 69000,0,5281,6,400,1,more than 30,more than 30,2 to 4,7 years,41 to 50,No,No,External,none,no change,1 vehicle,1994,All Perils
2,3,3,Pontiac,Urban,5,1,3,Male,Married,40,Third Party,Sedan - All Perils,Sedan,20000 to 29000,0,5282,13,400,3,more than 30,more than 30,2 to 4,more than 7,36 to 40,No,No,External,none,no change,1 vehicle,1994,All Perils
1,4,3,Honda,Urban,5,1,5,Male,Single,0,Third Party,Sedan - All Perils,Sedan,more than 69000,0,5283,8,400,3,more than 30,more than 30,1,new,16 to 17,No,No,External,none,no change,1 vehicle,1994,All Perils
1,4,7,Pontiac,Urban,2,4,5,Female,Married,28,Policy Holder,Sedan - Collision,Sedan,20000 to 29000,0,5284,9,400,4,more than 30,more than 30,more than 4,5 years,31 to 35,No,No,External,more than 5,no change,1 vehicle,1994,Collision
4,2,1,Honda,Urban,2,3,3,Male,Married,51,Third Party,Sedan - All Perils,Sedan,20000 to 29000,0,5285,13,400,4,more than 30,more than 30,1,more than 7,41 to 50,No,No,External,1 to 2,no change,1 vehicle,1994,All Perils
3,2,2,Toyota,Urban,2,3,3,Male,Married,41,Policy Holder,Sedan - Collision,Sedan,20000 to 29000,0,5286,10,400,4,more than 30,more than 30,none,7 years,36 to 40,No,No,External,more than 5,no change,1 vehicle,1994,Collision
3,3,5,Chevrolet,Urban,5,3,3,Male,Single,31,Third Party,Sedan - All Perils,Sedan,more than 69000,0,5287,2,400,2,more than 30,more than 30,2 to 4,7 years,31 to 35,No,No,External,none,no change,1 vehicle,1994,All Perils
2,4,3,Mazda,Urban,2,3,1,Male,Married,47,Policy Holder,Sedan - Collision,Sedan,20000 to 29000,0,5288,14,400,1,more than 30,more than 30,1,more than 7,41 to 50,No,No,External,none,no change,1 vehicle,1994,Collision
2,4,7,Ford,Urban,5,7,3,Male,Married,38,Policy Holder,Sedan - All Perils,Sedan,30000 to 39000,0,5289,5,400,1,none,more than 30,1,7 years,36 to 40,No,No,External,none,no change,1 vehicle,1994,All Perils
7,4,3,Accura,Urban,3,3,5,Male,Married,51,Policy Holder,Sedan - All Perils,Sedan,20000 to 29000,1,5290,14,400,2,more than 30,more than 30,none,more than 7,41 to 50,No,No,External,none,no change,3 to 4,1994,All Perils
2,4,5,Ford,Urban,5,3,1,Male,Single,34,Policy Holder,Sedan - Liability,Sport,40000 to 59000,0,5291,12,400,1,more than 30,more than 30,more than 4,6 years,31 to 35,No,No,External,none,no change,1 vehicle,1994,Liability
3,4,3,Honda,Urban,4,3,4,Male,Married,48,Third Party,Sedan - Collision,Sedan,20000 to 29000,0,5292,11,400,3,more than 30,more than 30,2 to 4,more than 7,41 to 50,No,No,External,more than 5,no change,1 vehicle,1994,Collision
3,3,4,Honda,Urban,4,3,3,Male,Married,41,Policy Holder,Sedan - All Perils,Sedan,less than 20000,0,5293,10,400,2,more than 30,more than 30,none,7 years,36 to 40,No,No,External,1 to 2,4 to 8 years,2 vehicles,1994,All Perils
3,1,7,Mazda,Urban,5,7,1,Female,Married,50,Policy Holder,Sedan - Liability,Sport,20000 to 29000,0,5294,10,400,1,more than 30,more than 30,2 to 4,7 years,41 to 50,No,No,External,none,no change,1 vehicle,1994,Liability
7,4,5,Honda,Urban,5,2,5,Male,Married,19,Policy Holder,Sport - Collision,Sport,more than 69000,1,5295,13,400,4,more than 30,more than 30,none,2 years,21 to 25,No,No,External,none,no change,1 vehicle,1994,Collision
2,2,7,Mazda,Urban,1,2,2,Male,Married,45,Third Party,Sedan - Liability,Sport,more than 69000,0,5296,15,400,3,more than 30,more than 30,2 to 4,7 years,36 to 40,No,No,External,3 to 5,no change,1 vehicle,1994,Liability
2,1,7,Honda,Urban,1,2,2,Male,Single,0,Policy Holder,Sedan - Liability,Sport,more than 69000,0,5297,16,400,2,more than 30,more than 30,more than 4,new,16 to 17,No,No,External,none,no change,1 vehicle,1994,Liability
2,1,1,Toyota,Urban,2,2,2,Male,Married,51,Policy Holder,Sedan - Liability,Sport,20000 to 29000,0,5298,15,400,1,more than 30,more than 30,more than 4,5 years,41 to 50,No,No,External,3 to 5,no change,1 vehicle,1994,Liability
2,4,1,Mazda,Urban,1,3,5,Female,Married,33,Third Party,Sedan - All Perils,Sedan,more than 69000,0,5299,10,400,4,more than 30,more than 30,1,6 years,31 to 35,No,No,External,none,no change,1 vehicle,1994,All Perils
3,2,7,Mercury,Urban,3,3,2,Male,Married,44,Policy Holder,Sedan - Liability,Sport,more than 69000,0,5300,10,400,2,more than 30,more than 30,1,7 years,36 to 40,No,No,External,3 to 5,no change,1 vehicle,1994,Liability
3,1,6,Honda,Urban,3,2,2,Male,Single,29,Policy Holder,Sedan - Collision,Sedan,20000 to 29000,0,5301,2,400,4,more than 30,more than 30,2 to 4,6 years,31 to 35,No,No,External,none,no change,1 vehicle,1994,Collision
2,3,1,Chevrolet,Rural,2,8,4,Male,Married,55,Policy Holder,Sedan - All Perils,Sedan,30000 to 39000,0,5302,13,700,2,more than 30,more than 30,1,more than 7,41 to 50,No,No,External,3 to 5,no change,1 vehicle,1994,All Perils
7,4,5,Honda,Urban,5,1,1,Male,Single,44,Policy Holder,Sedan - All Perils,Sedan,30000 to 39000,1,5303,11,400,4,more than 30,more than 30,1,7 years,36 to 40,No,No,External,none,no change,1 vehicle,1994,All Perils
1,5,5,Honda,Urban,1,1,5,Male,Single,34,Policy Holder,Sedan - Liability,Sport,20000 to 29000,0,5304,14,400,4,more than 30,more than 30,2 to 4,5 years,31 to 35,No,No,External,none,no change,1 vehicle,1994,Liability
1,5,5,Chevrolet,Rural,1,1,5,Male,Married,42,Third Party,Sedan - All Perils,Sedan,20000 to 29000,1,5305,1,500,4,more than 30,more than 30,none,7 years,36 to 40,No,No,External,1 to 2,2 to 3 years,1 vehicle,1994,All Perils
1,2,1,Mazda,Rural,5,7,2,Male,Single,28,Policy Holder,Sedan - Collision,Sedan,30000 to 39000,0,5306,8,400,1,more than 30,more than 30,none,7 years,31 to 35,No,No,External,more than 5,no change,1 vehicle,1994,Collision
7,4,5,Toyota,Urban,2,1,5,Male,Single,31,Policy Holder,Sedan - Liability,Sport,20000 to 29000,0,5307,5,400,1,more than 30,more than 30,2 to 4,6 years,31 to 35,Yes,No,External,none,no change,1 vehicle,1994,Liability
1,2,5,VW,Urban,2,1,2,Male,Married,50,Policy Holder,Sedan - All Perils,Sedan,60000 to 69000,0,5308,3,400,3,more than 30,more than 30,none,6 years,41 to 50,No,No,External,1 to 2,no change,1 vehicle,1994,All Perils
1,2,5,Toyota,Urban,2,12,2,Male,Married,42,Policy Holder,Sedan - All Perils,Sedan,20000 to 29000,0,5309,3,400,1,more than 30,more than 30,none,7 years,36 to 40,No,No,External,3 to 5,no change,1 vehicle,1994,All Perils
11,4,2,Pontiac,Urban,5,1,4,Male,Married,27,Policy Holder,Sedan - All Perils,Sedan,20000 to 29000,0,5310,8,400,1,more than 30,more than 30,none,6 years,31 to 35,No,No,External,1 to 2,no change,1 vehicle,1994,All Perils
12,2,1,Accura,Urban,5,3,3,Male,Married,34,Third Party,Sedan - All Perils,Sedan,20000 to 29000,0,5311,16,400,2,more than 30,more than 30,1,7 years,31 to 35,No,No,External,3 to 5,no change,1 vehicle,1994,All Perils
2,3,2,Honda,Rural,4,2,1,Male,Single,0,Policy Holder,Sedan - Liability,Sport,more than 69000,0,5312,10,400,3,more than 30,more than 30,none,new,16 to 17,Yes,No,External,none,no change,1 vehicle,1994,Liability
2,1,4,Chevrolet,Urban,3,3,2,Female,Single,34,Policy Holder,Sedan - Collision,Sedan,more than 69000,0,5313,3,400,3,more than 30,more than 30,none,6 years,31 to 35,No,No,External,more than 5,no change,1 vehicle,1994,Collision
1,3,4,Pontiac,Urban,1,1,1,Male,Married,31,Policy Holder,Sedan - Liability,Sport,20000 to 29000,0,5314,1,400,2,more than 30,more than 30,more than 4,6 years,31 to 35,No,No,External,3 to 5,4 to 8 years,2 vehicles,1994,Liability
1,3,5,Honda,Urban,5,1,4,Male,Single,0,Third Party,Sedan - All Perils,Sedan,more than 69000,0,5315,6,400,4,more than 30,more than 30,1,new,16 to 17,No,No,External,none,no change,1 vehicle,1994,All Perils
1,4,4,Honda,Urban,5,1,4,Male,Single,0,Policy Holder,Sedan - Collision,Sedan,more than 69000,0,5316,8,400,3,more than 30,more than 30,more than 4,new,16 to 17,No,No,External,none,no change,1 vehicle,1994,Collision
1,3,1,Ford,Rural,2,1,4,Male,Single,60,Third Party,Sedan - Liability,Sport,40000 to 59000,0,5317,14,400,3,more than 30,more than 30,1,more than 7,51 to 65,No,No,External,more than 5,no change,1 vehicle,1994,Liability
1,1,3,Pontiac,Urban,5,1,1,Male,Married,51,Policy Holder,Sedan - Liability,Sport,20000 to 29000,0,5318,14,400,3,more than 30,more than 30,more than 4,more than 7,41 to 50,No,No,External,none,no change,1 vehicle,1994,Liability
12,5,7,Toyota,Urban,1,12,3,Male,Married,37,Policy Holder,Sedan - Collision,Sedan,20000 to 29000,0,5319,14,400,3,more than 30,more than 30,more than 4,7 years,36 to 40,No,No,External,3 to 5,no change,1 vehicle,1994,Collision
12,4,2,Toyota,Urban,4,7,4,Male,Married,52,Policy Holder,Sedan - Collision,Sedan,20000 to 29000,0,5320,3,400,1,more than 30,more than 30,none,more than 7,41 to 50,No,No,External,3 to 5,no change,1 vehicle,1994,Collision
7,4,4,Toyota,Urban,1,1,5,Male,Single,23,Third Party,Sedan - Collision,Sedan,20000 to 29000,0,5321,8,400,1,more than 30,more than 30,more than 4,4 years,26 to 30,No,No,External,1 to 2,no change,1 vehicle,1994,Collision
12,2,6,Mazda,Urban,4,1,1,Male,Single,30,Policy Holder,Sedan - Collision,Sedan,20000 to 29000,0,5322,4,400,2,more than 30,more than 30,none,3 years,31 to 35,No,No,Internal,none,no change,1 vehicle,1994,Collision
12,3,3,Toyota,Urban,3,1,3,Male,Married,27,Policy Holder,Sedan - All Perils,Sedan,more than 69000,0,5323,4,400,1,more than 30,more than 30,none,7 years,31 to 35,No,No,External,3 to 5,no change,1 vehicle,1994,All Perils
12,4,7,Pontiac,Urban,3,1,3,Female,Married,46,Policy Holder,Sedan - All Perils,Sedan,less than 20000,0,5324,7,400,2,more than 30,more than 30,none,6 years,41 to 50,No,No,External,3 to 5,no change,1 vehicle,1994,All Perils
12,4,4,Mazda,Urban,5,1,3,Male,Married,79,Policy Holder,Sedan - All Perils,Sedan,20000 to 29000,0,5325,9,400,2,more than 30,more than 30,1,more than 7,over 65,No,No,External,1 to 2,no change,1 vehicle,1994,All Perils
12,5,7,Toyota,Urban,3,1,2,Male,Married,54,Policy Holder,Sedan - Liability,Sport,20000 to 29000,0,5326,8,400,4,more than 30,more than 30,2 to 4,7 years,41 to 50,No,No,External,more than 5,no change,1 vehicle,1994,Liability
1,1,7,Mazda,Urban,2,1,1,Male,Married,35,Policy Holder,Sedan - Liability,Sport,30000 to 39000,0,5327,3,400,2,more than 30,more than 30,more than 4,6 years,31 to 35,No,No,External,1 to 2,no change,1 vehicle,1994,Liability
1,1,7,Honda,Urban,1,1,2,Male,Married,30,Policy Holder,Sedan - Liability,Sport,20000 to 29000,0,5328,5,400,4,more than 30,more than 30,2 to 4,6 years,31 to 35,No,No,External,1 to 2,no change,1 vehicle,1994,Liability
1,1,5,Chevrolet,Urban,1,1,2,Male,Married,46,Policy Holder,Sedan - All Perils,Sedan,20000 to 29000,0,5329,15,400,3,more than 30,more than 30,1,more than 7,41 to 50,No,No,External,1 to 2,no change,1 vehicle,1994,All Perils
12,5,3,Toyota,Urban,3,8,1,Male,Divorced,36,Policy Holder,Sedan - Collision,Sedan,20000 to 29000,0,5330,15,400,2,more than 30,more than 30,1,7 years,36 to 40,No,No,External,none,no change,1 vehicle,1994,Collision
7,4,1,Saturn,Urban,1,1,1,Male,Married,44,Policy Holder,Sedan - All Perils,Sedan,20000 to 29000,1,5331,7,400,2,more than 30,more than 30,1,7 years,36 to 40,No,No,External,1 to 2,no change,3 to 4,1994,All Perils
1,1,2,Honda,Urban,3,1,1,Male,Single,0,Policy Holder,Sedan - Collision,Sedan,more than 69000,0,5332,12,400,2,more than 30,more than 30,more than 4,new,16 to 17,No,No,External,none,no change,1 vehicle,1994,Collision
1,1,5,Chevrolet,Rural,1,1,1,Male,Married,40,Third Party,Sedan - All Perils,Sedan,30000 to 39000,0,5333,1,700,2,more than 30,more than 30,none,7 years,36 to 40,No,No,External,more than 5,no change,1 vehicle,1994,All Perils
1,2,5,Honda,Urban,6,1,4,Male,Married,79,Policy Holder,Sedan - Liability,Sport,20000 to 29000,0,5334,5,400,3,more than 30,more than 30,1,more than 7,over 65,No,No,External,none,no change,1 vehicle,1994,Liability
1,2,1,VW,Rural,3,1,2,Male,Married,41,Policy Holder,Sedan - All Perils,Sedan,more than 69000,0,5335,3,400,2,more than 30,more than 30,2 to 4,more than 7,36 to 40,No,No,External,3 to 5,4 to 8 years,2 vehicles,1994,All Perils
1,2,7,Mazda,Urban,2,1,2,Male,Married,48,Policy Holder,Sedan - Collision,Sedan,20000 to 29000,0,5336,4,400,1,more than 30,more than 30,1,more than 7,41 to 50,No,No,External,more than 5,no change,1 vehicle,1994,Collision
1,2,6,Honda,Urban,5,1,2,Male,Married,45,Policy Holder,Sedan - Liability,Sport,more than 69000,0,5337,8,400,3,more than 30,more than 30,2 to 4,7 years,36 to 40,No,No,External,none,no change,1 vehicle,1994,Liability
1,2,6,Honda,Urban,1,1,3,Male,Married,42,Policy Holder,Sedan - All Perils,Sedan,20000 to 29000,0,5338,12,400,3,more than 30,more than 30,1,6 years,36 to 40,No,No,External,more than 5,no change,1 vehicle,1994,All Perils
1,2,6,Toyota,Urban,1,1,2,Female,Married,56,Policy Holder,Sedan - Collision,Sedan,20000 to 29000,0,5339,15,400,2,more than 30,more than 30,none,more than 7,51 to 65,No,No,External,1 to 2,no change,1 vehicle,1994,Collision
1,2,5,Toyota,Urban,5,1,2,Male,Married,43,Third Party,Sedan - Collision,Sedan,20000 to 29000,0,5340,5,400,1,more than 30,more than 30,none,more than 7,36 to 40,No,No,External,3 to 5,no change,1 vehicle,1994,Collision
1,3,4,Toyota,Urban,3,1,3,Male,Married,39,Policy Holder,Sedan - Liability,Sport,20000 to 29000,0,5341,4,400,1,more than 30,more than 30,2 to 4,7 years,36 to 40,No,No,External,3 to 5,no change,1 vehicle,1994,Liability
1,3,2,Ford,Urban,3,1,4,Female,Married,54,Policy Holder,Sedan - All Perils,Sedan,30000 to 39000,0,5342,16,400,1,more than 30,more than 30,2 to 4,6 years,41 to 50,No,No,External,3 to 5,no change,1 vehicle,1994,All Perils
1,3,7,Pontiac,Urban,7,1,3,Male,Married,47,Policy Holder,Sedan - All Perils,Sedan,20000 to 29000,0,5343,16,400,1,more than 30,more than 30,none,more than 7,41 to 50,No,No,External,3 to 5,no change,1 vehicle,1994,All Perils
1,4,6,Toyota,Urban,3,2,4,Male,Single,29,Policy Holder,Sedan - All Perils,Sedan,20000 to 29000,0,5344,7,400,3,more than 30,more than 30,1,5 years,31 to 35,No,No,External,none,no change,1 vehicle,1994,All Perils
1,4,6,Toyota,Urban,2,2,1,Male,Married,27,Policy Holder,Sedan - Collision,Sedan,20000 to 29000,0,5345,11,400,4,more than 30,more than 30,1,6 years,31 to 35,No,No,External,none,no change,1 vehicle,1994,Collision
1,5,3,Mazda,Urban,3,2,1,Female,Single,42,Policy Holder,Sedan - Liability,Sport,more than 69000,0,5346,14,400,1,more than 30,more than 30,2 to 4,7 years,36 to 40,No,No,External,none,no change,1 vehicle,1994,Liability
2,1,2,Toyota,Rural,2,2,1,Male,Married,34,Policy Holder,Sedan - Liability,Sport,30000 to 39000,0,5347,12,400,3,more than 30,more than 30,2 to 4,5 years,31 to 35,No,No,External,1 to 2,no change,1 vehicle,1994,Liability
2,1,3,Pontiac,Urban,5,1,1,Female,Married,31,Policy Holder,Sedan - Liability,Sport,less than 20000,0,5348,2,400,3,more than 30,more than 30,2 to 4,7 years,31 to 35,No,No,External,1 to 2,no change,1 vehicle,1994,Liability
12,5,5,Honda,Urban,4,1,2,Male,Married,52,Third Party,Sedan - All Perils,Sedan,20000 to 29000,0,5349,9,400,1,more than 30,more than 30,none,7 years,41 to 50,No,No,External,more than 5,no change,1 vehicle,1994,All Perils
12,5,4,Mazda,Rural,2,1,2,Male,Married,30,Policy Holder,Sedan - Liability,Sport,more than 69000,0,5350,2,400,4,more than 30,more than 30,more than 4,5 years,31 to 35,No,No,External,more than 5,no change,1 vehicle,1994,Liability
12,5,6,Mazda,Urban,1,1,1,Male,Married,26,Policy Holder,Sedan - Liability,Sport,30000 to 39000,0,5351,5,400,3,more than 30,more than 30,1,7 years,31 to 35,No,No,External,3 to 5,no change,1 vehicle,1994,Liability
12,5,2,Honda,Urban,3,2,2,Male,Single,21,Policy Holder,Sedan - Collision,Sedan,30000 to 39000,0,5352,11,400,2,more than 30,more than 30,none,5 years,26 to 30,No,No,External,none,no change,1 vehicle,1994,Collision
1,1,1,Dodge,Urban,2,1,1,Male,Married,60,Policy Holder,Sedan - Collision,Sedan,20000 to 29000,0,5353,6,400,4,more than 30,more than 30,1,more than 7,51 to 65,No,No,External,3 to 5,no change,1 vehicle,1994,Collision
1,1,3,Toyota,Urban,1,1,1,Male,Single,26,Policy Holder,Sedan - Liability,Sport,20000 to 29000,0,5354,3,400,1,more than 30,more than 30,2 to 4,6 years,31 to 35,No,No,External,none,no change,1 vehicle,1994,Liability
1,1,4,Honda,Urban,4,1,2,Male,Single,29,Policy Holder,Sedan - Collision,Sedan,20000 to 29000,0,5355,7,400,1,more than 30,more than 30,none,7 years,31 to 35,No,No,External,1 to 2,no change,1 vehicle,1994,Collision
1,1,4,Honda,Urban,1,1,2,Female,Married,43,Third Party,Sport - Collision,Sport,more than 69000,1,5356,9,400,2,more than 30,more than 30,1,4 years,36 to 40,No,No,External,none,2 to 3 years,2 vehicles,1994,Collision
1,1,2,Pontiac,Urban,2,1,2,Male,Single,33,Third Party,Sedan - All Perils,Sedan,20000 to 29000,0,5357,8,400,2,more than 30,more than 30,none,6 years,31 to 35,No,No,External,none,no change,1 vehicle,1994,All Perils
1,2,4,Mazda,Urban,1,8,2,Male,Single,25,Policy Holder,Sedan - Collision,Sedan,20000 to 29000,0,5358,10,400,1,more than 30,more than 30,more than 4,5 years,26 to 30,No,No,External,none,no change,1 vehicle,1994,Collision
7,5,5,Accura,Urban,1,1,1,Male,Married,48,Third Party,Sedan - Collision,Sedan,40000 to 59000,0,5359,5,400,1,more than 30,more than 30,none,more than 7,41 to 50,No,No,External,none,no change,1 vehicle,1994,Collision
1,2,5,Pontiac,Urban,4,8,4,Male,Married,41,Policy Holder,Sedan - Collision,Sedan,20000 to 29000,0,5360,15,400,4,more than 30,more than 30,1,more than 7,36 to 40,No,No,External,more than 5,no change,1 vehicle,1994,Collision
7,5,3,Pontiac,Urban,1,1,3,Male,Married,32,Policy Holder,Sedan - All Perils,Sedan,30000 to 39000,1,5361,10,400,3,more than 30,more than 30,none,7 years,31 to 35,No,No,External,3 to 5,no change,1 vehicle,1994,All Perils
1,3,5,Toyota,Urban,3,8,5,Male,Single,38,Third Party,Sedan - All Perils,Sedan,20000 to 29000,0,5362,7,400,3,more than 30,more than 30,none,7 years,36 to 40,No,No,External,more than 5,no change,1 vehicle,1994,All Perils
7,5,4,Honda,Urban,5,2,1,Female,Married,54,Policy Holder,Sedan - Collision,Sedan,20000 to 29000,1,5363,4,400,4,more than 30,more than 30,2 to 4,5 years,41 to 50,No,No,External,more than 5,no change,1 vehicle,1994,Collision
2,1,2,Honda,Urban,2,2,2,Male,Married,31,Third Party,Sedan - All Perils,Sedan,20000 to 29000,0,5364,4,400,3,more than 30,more than 30,none,5 years,31 to 35,No,No,External,none,no change,1 vehicle,1994,All Perils
2,2,1,Chevrolet,Urban,3,2,2,Male,Married,45,Policy Holder,Utility - Collision,Utility,more than 69000,0,5365,7,400,3,more than 30,more than 30,1,6 years,36 to 40,No,No,External,more than 5,no change,1 vehicle,1994,Collision
2,2,6,Mazda,Urban,2,9,3,Male,Married,60,Third Party,Sedan - Collision,Sedan,30000 to 39000,0,5366,3,400,2,more than 30,more than 30,more than 4,more than 7,51 to 65,No,No,External,none,no change,1 vehicle,1994,Collision
9,4,2,Mazda,Urban,3,3,4,Female,Married,46,Policy Holder,Sedan - Liability,Sport,20000 to 29000,0,5367,5,400,3,more than 30,more than 30,more than 4,more than 7,41 to 50,No,No,External,more than 5,no change,1 vehicle,1994,Liability
2,4,1,Chevrolet,Urban,2,2,2,Male,Married,43,Third Party,Sedan - Liability,Sport,20000 to 29000,0,5368,4,400,4,more than 30,more than 30,1,7 years,36 to 40,No,No,External,none,no change,1 vehicle,1994,Liability
2,3,1,Pontiac,Urban,1,3,4,Female,Single,35,Policy Holder,Sedan - Liability,Sport,more than 69000,0,5369,14,400,3,more than 30,more than 30,2 to 4,7 years,31 to 35,No,No,External,3 to 5,no change,1 vehicle,1994,Liability
2,2,6,Pontiac,Urban,3,4,2,Male,Married,27,Policy Holder,Sedan - All Perils,Sedan,20000 to 29000,0,5370,9,400,3,more than 30,more than 30,none,6 years,31 to 35,No,No,External,none,1 year,1 vehicle,1994,All Perils
2,2,1,Pontiac,Urban,2,2,1,Male,Married,44,Policy Holder,Sedan - Collision,Sedan,30000 to 39000,0,5371,14,400,4,more than 30,more than 30,2 to 4,7 years,36 to 40,No,No,External,none,no change,1 vehicle,1994,Collision
2,2,5,Ford,Urban,1,2,3,Male,Married,38,Third Party,Sedan - Collision,Sedan,40000 to 59000,0,5372,15,400,3,more than 30,more than 30,1,7 years,36 to 40,No,No,External,more than 5,no change,3 to 4,1994,Collision
2,2,4,Mazda,Urban,5,2,2,Male,Married,66,Policy Holder,Sedan - Collision,Sedan,20000 to 29000,0,5373,6,400,1,more than 30,more than 30,none,more than 7,over 65,No,No,External,none,no change,1 vehicle,1994,Collision
2,2,4,Honda,Urban,5,2,2,Male,Single,0,Policy Holder,Sedan - Liability,Sport,more than 69000,0,5374,12,400,1,more than 30,more than 30,2 to 4,new,16 to 17,No,No,External,none,no change,1 vehicle,1994,Liability
2,2,1,Ford,Urban,1,2,3,Male,Married,43,Policy Holder,Utility - All Perils,Utility,more than 69000,0,5375,13,400,3,more than 30,more than 30,none,7 years,36 to 40,No,No,External,more than 5,no change,1 vehicle,1994,All Perils
2,1,3,Toyota,Urban,3,4,1,Female,Married,60,Policy Holder,Sedan - Liability,Sport,less than 20000,0,5376,12,400,1,more than 30,more than 30,1,5 years,51 to 65,No,No,External,none,no change,1 vehicle,1994,Liability
1,4,3,Chevrolet,Urban,2,2,3,Male,Single,28,Policy Holder,Utility - All Perils,Utility,more than 69000,0,5377,11,400,1,more than 30,more than 30,more than 4,6 years,31 to 35,No,No,External,none,4 to 8 years,2 vehicles,1994,All Perils
1,3,3,Pontiac,Urban,3,2,2,Male,Married,77,Policy Holder,Utility - All Perils,Utility,more than 69000,0,5378,14,400,2,more than 30,more than 30,more than 4,more than 7,over 65,No,No,External,more than 5,no change,1 vehicle,1994,All Perils
1,2,2,VW,Urban,1,3,4,Male,Married,50,Policy Holder,Sedan - Collision,Sedan,more than 69000,0,5379,8,400,3,more than 30,more than 30,none,more than 7,41 to 50,No,No,External,3 to 5,no change,1 vehicle,1994,Collision
2,4,7,Chevrolet,Urban,3,2,3,Male,Married,36,Policy Holder,Sedan - Collision,Sedan,30000 to 39000,0,5380,11,400,4,more than 30,more than 30,none,7 years,36 to 40,No,No,External,more than 5,no change,1 vehicle,1994,Collision
2,3,2,Toyota,Urban,2,2,4,Male,Single,48,Policy Holder,Sedan - Liability,Sport,30000 to 39000,0,5381,3,400,3,more than 30,more than 30,none,7 years,41 to 50,No,No,External,none,no change,1 vehicle,1994,Liability
2,3,3,Accura,Urban,1,2,4,Male,Married,37,Policy Holder,Utility - All Perils,Utility,more than 69000,0,5382,10,400,3,more than 30,more than 30,none,7 years,36 to 40,No,No,External,1 to 2,no change,1 vehicle,1994,All Perils
2,3,4,Toyota,Urban,1,2,4,Male,Married,28,Policy Holder,Sedan - Liability,Sport,20000 to 29000,0,5383,14,400,2,more than 30,more than 30,more than 4,7 years,31 to 35,No,No,External,none,no change,1 vehicle,1994,Liability
2,1,1,Mazda,Urban,1,1,2,Female,Single,28,Third Party,Sedan - Collision,Sedan,20000 to 29000,0,5384,12,400,4,more than 30,more than 30,1,6 years,31 to 35,No,No,External,3 to 5,no change,1 vehicle,1994,Collision
1,5,2,Mazda,Urban,2,2,5,Male,Married,39,Policy Holder,Sedan - Liability,Sport,20000 to 29000,0,5385,13,400,3,more than 30,more than 30,more than 4,7 years,36 to 40,No,No,External,none,no change,1 vehicle,1994,Liability
2,1,2,Toyota,Urban,4,2,1,Male,Single,35,Third Party,Sedan - Liability,Sport,20000 to 29000,0,5386,4,400,2,more than 30,more than 30,2 to 4,7 years,31 to 35,No,No,External,none,no change,1 vehicle,1994,Liability
2,1,1,Chevrolet,Urban,1,1,1,Male,Married,43,Policy Holder,Sedan - All Perils,Sedan,more than 69000,0,5387,12,400,2,more than 30,more than 30,1,7 years,36 to 40,No,No,External,none,no change,1 vehicle,1994,All Perils
1,5,5,Toyota,Urban,1,1,5,Male,Married,31,Policy Holder,Sedan - Collision,Sedan,30000 to 39000,0,5388,3,400,1,more than 30,more than 30,1,6 years,31 to 35,No,No,External,none,no change,1 vehicle,1994,Collision
1,5,5,Mazda,Urban,5,2,5,Male,Married,53,Policy Holder,Sedan - Collision,Sedan,20000 to 29000,0,5389,15,400,3,more than 30,more than 30,none,7 years,41 to 50,No,No,External,more than 5,no change,1 vehicle,1994,Collision
1,5,4,Honda,Urban,4,2,1,Male,Single,27,Policy Holder,Sedan - Collision,Sedan,30000 to 39000,0,5390,16,400,2,more than 30,more than 30,2 to 4,5 years,31 to 35,No,No,External,none,no change,1 vehicle,1994,Collision
1,3,4,Honda,Urban,5,1,1,Male,Married,50,Policy Holder,Sport - Collision,Sport,more than 69000,0,5391,7,400,1,more than 30,more than 30,none,more than 7,41 to 50,No,No,External,none,no change,1 vehicle,1994,Collision
1,3,2,Toyota,Urban,4,1,4,Male,Married,44,Policy Holder,Sedan - Collision,Sedan,30000 to 39000,0,5392,11,400,4,more than 30,more than 30,2 to 4,7 years,36 to 40,No,No,External,3 to 5,no change,1 vehicle,1994,Collision
1,3,1,Mazda,Urban,1,1,3,Male,Married,30,Policy Holder,Sedan - All Perils,Sedan,20000 to 29000,0,5393,14,400,2,more than 30,more than 30,2 to 4,7 years,31 to 35,No,No,External,1 to 2,no change,1 vehicle,1994,All Perils
1,3,6,Honda,Urban,4,2,3,Male,Single,0,Policy Holder,Sedan - Liability,Sport,more than 69000,0,5394,14,400,1,more than 30,more than 30,2 to 4,new,16 to 17,No,No,External,none,no change,1 vehicle,1994,Liability
1,3,3,Toyota,Urban,2,1,3,Male,Single,21,Third Party,Sedan - Collision,Sedan,less than 20000,0,5395,16,400,2,more than 30,more than 30,2 to 4,5 years,26 to 30,No,No,External,none,no change,1 vehicle,1994,Collision
1,2,1,Pontiac,Urban,5,1,3,Male,Married,49,Policy Holder,Sedan - All Perils,Sedan,20000 to 29000,0,5396,16,400,1,more than 30,more than 30,2 to 4,more than 7,41 to 50,No,No,External,more than 5,no change,1 vehicle,1994,All Perils
1,2,1,Accura,Urban,3,1,5,Male,Married,42,Policy Holder,Sedan - All Perils,Sedan,30000 to 39000,0,5397,15,400,4,more than 30,more than 30,more than 4,7 years,36 to 40,No,No,External,none,no change,1 vehicle,1994,All Perils
1,2,5,Mercury,Urban,1,3,3,Male,Married,53,Policy Holder,Sedan - All Perils,Sedan,20000 to 29000,0,5398,14,400,4,more than 30,more than 30,2 to 4,7 years,41 to 50,No,No,External,none,4 to 8 years,2 vehicles,1994,All Perils
12,3,5,Pontiac,Urban,1,1,3,Male,Married,38,Third Party,Sedan - Collision,Sedan,20000 to 29000,0,5399,7,400,4,more than 30,more than 30,1,7 years,36 to 40,No,No,External,none,no change,1 vehicle,1994,Collision
12,1,4,Toyota,Rural,4,5,4,Male,Married,39,Policy Holder,Sedan - All Perils,Sedan,more than 69000,0,5400,13,400,2,more than 30,more than 30,1,7 years,36 to 40,No,No,External,none,no change,1 vehicle,1994,All Perils
5,4,1,Honda,Rural,4,3,5,Male,Single,0,Policy Holder,Sedan - All Perils,Sedan,more than 69000,0,5401,6,400,2,more than 30,more than 30,none,new,16 to 17,No,No,External,none,no change,1 vehicle,1994,All Perils
2,4,5,VW,Urban,1,3,1,Male,Married,59,Third Party,Sedan - All Perils,Sedan,more than 69000,0,5402,16,400,3,more than 30,more than 30,1,more than 7,51 to 65,No,No,External,none,no change,1 vehicle,1994,All Perils
3,1,5,Chevrolet,Urban,2,4,5,Male,Married,43,Policy Holder,Sedan - Liability,Sport,20000 to 29000,0,5403,15,400,3,more than 30,more than 30,2 to 4,more than 7,36 to 40,No,No,External,1 to 2,no change,1 vehicle,1994,Liability
4,1,1,Mazda,Urban,1,7,1,Male,Single,29,Policy Holder,Sedan - Collision,Sedan,30000 to 39000,0,5404,14,400,1,more than 30,more than 30,2 to 4,6 years,31 to 35,No,No,External,none,no change,1 vehicle,1994,Collision
7,2,1,Honda,Urban,1,7,2,Male,Married,55,Policy Holder,Sedan - Collision,Sedan,20000 to 29000,0,5405,12,400,4,more than 30,more than 30,2 to 4,more than 7,41 to 50,No,No,Internal,3 to 5,no change,1 vehicle,1994,Collision
7,2,7,Pontiac,Urban,4,3,2,Female,Married,37,Policy Holder,Sedan - Liability,Sport,20000 to 29000,0,5406,3,400,3,more than 30,more than 30,2 to 4,7 years,36 to 40,No,No,External,1 to 2,no change,1 vehicle,1994,Liability
2,4,4,Mazda,Urban,5,2,1,Male,Married,53,Policy Holder,Sedan - Liability,Sport,20000 to 29000,0,5407,11,500,2,more than 30,more than 30,2 to 4,more than 7,41 to 50,No,No,External,3 to 5,2 to 3 years,1 vehicle,1994,Liability
2,4,1,Toyota,Urban,3,4,4,Male,Married,49,Policy Holder,Sedan - Liability,Sport,30000 to 39000,0,5408,6,400,3,more than 30,more than 30,2 to 4,7 years,41 to 50,No,No,External,none,no change,1 vehicle,1994,Liability
4,2,6,Toyota,Urban,4,2,3,Male,Married,26,Policy Holder,Sedan - Collision,Sedan,30000 to 39000,0,5409,13,400,4,more than 30,more than 30,2 to 4,6 years,31 to 35,No,No,External,none,no change,1 vehicle,1994,Collision
2,3,6,Pontiac,Urban,2,2,4,Male,Married,50,Policy Holder,Sedan - Collision,Sedan,20000 to 29000,0,5410,10,400,2,more than 30,more than 30,none,more than 7,41 to 50,No,No,External,1 to 2,no change,1 vehicle,1994,Collision
2,3,1,Honda,Urban,3,8,4,Male,Married,41,Policy Holder,Sedan - Liability,Sport,20000 to 29000,0,5411,11,400,3,more than 30,more than 30,more than 4,7 years,36 to 40,No,No,External,none,no change,1 vehicle,1994,Liability
8,1,4,Honda,Urban,4,10,1,Male,Single,34,Policy Holder,Sedan - All Perils,Sedan,20000 to 29000,1,5412,15,400,2,more than 30,more than 30,1,7 years,31 to 35,No,No,External,more than 5,no change,1 vehicle,1994,All Perils
4,3,3,Jaguar,Urban,4,6,4,Male,Married,41,Policy Holder,Sedan - Liability,Sport,40000 to 59000,0,5413,8,400,1,more than 30,more than 30,more than 4,7 years,36 to 40,No,No,External,1 to 2,no change,3 to 4,1994,Liability
6,3,7,Pontiac,Urban,2,6,3,Male,Married,49,Policy Holder,Sedan - All Perils,Sedan,20000 to 29000,0,5414,6,400,3,more than 30,more than 30,none,more than 7,41 to 50,No,No,External,1 to 2,no change,1 vehicle,1994,All Perils
6,2,2,Pontiac,Urban,2,6,3,Male,Married,59,Policy Holder,Sedan - Collision,Sedan,20000 to 29000,0,5415,9,400,4,more than 30,more than 30,none,more than 7,51 to 65,No,No,External,1 to 2,no change,1 vehicle,1994,Collision
6,2,3,Toyota,Urban,5,6,2,Male,Married,39,Policy Holder,Sedan - Liability,Sport,20000 to 29000,0,5416,1,400,2,more than 30,more than 30,more than 4,7 years,36 to 40,No,No,External,more than 5,no change,1 vehicle,1994,Liability
6,2,5,Honda,Urban,2,2,2,Male,Single,0,Policy Holder,Sedan - Collision,Sedan,more than 69000,0,5417,2,400,1,more than 30,more than 30,none,new,16 to 17,No,No,External,none,no change,1 vehicle,1994,Collision
2,3,5,Honda,Urban,5,2,4,Female,Single,31,Policy Holder,Sedan - Collision,Sedan,20000 to 29000,0,5418,10,400,2,more than 30,more than 30,1,5 years,31 to 35,No,No,External,1 to 2,no change,1 vehicle,1994,Collision
2,3,4,Toyota,Rural,4,3,3,Male,Married,45,Third Party,Sedan - Liability,Sport,20000 to 29000,0,5419,5,400,3,more than 30,more than 30,none,7 years,36 to 40,No,No,External,more than 5,4 to 8 years,2 vehicles,1994,Liability
2,3,7,Pontiac,Urban,2,5,1,Male,Single,36,Policy Holder,Sedan - Liability,Sport,20000 to 29000,0,5420,13,400,3,more than 30,more than 30,more than 4,7 years,36 to 40,No,No,External,none,no change,1 vehicle,1994,Liability
4,4,2,Pontiac,Urban,4,7,1,Female,Single,48,Policy Holder,Sedan - Collision,Sedan,20000 to 29000,0,5421,6,400,4,more than 30,more than 30,none,more than 7,41 to 50,No,No,External,none,no change,1 vehicle,1994,Collision
7,2,1,Chevrolet,Urban,5,8,2,Female,Single,36,Policy Holder,Sedan - Liability,Sport,20000 to 29000,0,5422,16,400,1,more than 30,more than 30,none,7 years,36 to 40,No,No,External,more than 5,no change,1 vehicle,1994,Liability
8,1,5,Chevrolet,Urban,5,7,1,Male,Single,29,Third Party,Sedan - Collision,Sedan,30000 to 39000,0,5423,15,400,2,more than 30,more than 30,1,6 years,31 to 35,No,No,External,more than 5,no change,1 vehicle,1994,Collision
7,5,7,Honda,Urban,2,8,5,Male,Married,39,Third Party,Sedan - Collision,Sedan,20000 to 29000,0,5424,14,400,1,more than 30,more than 30,none,7 years,36 to 40,No,No,External,none,no change,1 vehicle,1994,Collision
7,4,2,Toyota,Urban,5,11,1,Male,Single,19,Policy Holder,Sedan - All Perils,Sedan,less than 20000,0,5425,2,400,3,more than 30,more than 30,1,3 years,21 to 25,No,No,External,3 to 5,no change,1 vehicle,1994,All Perils
10,5,2,Toyota,Urban,2,10,1,Male,Single,57,Third Party,Sedan - All Perils,Sedan,more than 69000,0,5426,8,700,1,more than 30,more than 30,none,more than 7,51 to 65,No,No,External,3 to 5,no change,1 vehicle,1994,All Perils
10,5,6,Mazda,Urban,3,11,5,Male,Single,35,Third Party,Sedan - Collision,Sedan,20000 to 29000,0,5427,4,400,3,more than 30,more than 30,2 to 4,5 years,31 to 35,No,No,External,more than 5,no change,1 vehicle,1994,Collision
11,2,4,Mazda,Rural,4,3,3,Male,Single,32,Third Party,Sedan - Collision,Sedan,20000 to 29000,0,5428,15,400,3,more than 30,more than 30,2 to 4,6 years,31 to 35,No,No,External,1 to 2,no change,1 vehicle,1994,Collision
3,5,1,Toyota,Urban,5,5,5,Male,Married,37,Third Party,Sedan - Collision,Sedan,20000 to 29000,0,5429,10,400,4,more than 30,more than 30,none,7 years,36 to 40,No,No,External,none,no change,1 vehicle,1994,Collision
3,5,1,Honda,Urban,1,3,1,Male,Single,0,Policy Holder,Sedan - All Perils,Sedan,more than 69000,0,5430,16,400,4,more than 30,more than 30,none,new,16 to 17,No,No,External,none,no change,1 vehicle,1994,All Perils
3,5,7,Toyota,Urban,2,3,5,Male,Married,50,Policy Holder,Sedan - Collision,Sedan,less than 20000,0,5431,6,400,3,more than 30,more than 30,2 to 4,7 years,41 to 50,No,No,External,none,no change,1 vehicle,1994,Collision
2,4,1,Pontiac,Urban,3,6,1,Male,Single,52,Third Party,Sedan - All Perils,Sedan,20000 to 29000,0,5432,15,400,1,more than 30,more than 30,2 to 4,more than 7,41 to 50,No,No,External,none,no change,1 vehicle,1994,All Perils
6,3,2,Honda,Urban,3,6,4,Male,Single,31,Policy Holder,Sedan - Liability,Sport,more than 69000,0,5433,11,400,2,more than 30,more than 30,more than 4,6 years,31 to 35,No,No,External,3 to 5,no change,1 vehicle,1994,Liability
6,2,1,Pontiac,Urban,1,8,2,Male,Married,37,Policy Holder,Sedan - Liability,Sport,20000 to 29000,0,5434,15,400,4,more than 30,more than 30,2 to 4,7 years,36 to 40,No,No,External,none,no change,1 vehicle,1994,Liability
8,1,7,Pontiac,Rural,2,9,1,Male,Single,48,Policy Holder,Sedan - All Perils,Sedan,less than 20000,1,5435,1,400,4,more than 30,more than 30,2 to 4,7 years,41 to 50,No,No,External,none,no change,1 vehicle,1994,All Perils
9,2,4,Mazda,Rural,4,9,2,Male,Married,28,Policy Holder,Sedan - Liability,Sport,20000 to 29000,0,5436,6,400,2,more than 30,more than 30,2 to 4,5 years,31 to 35,No,No,External,3 to 5,no change,1 vehicle,1994,Liability
9,1,3,Pontiac,Urban,6,10,1,Male,Single,29,Third Party,Sedan - Collision,Sedan,20000 to 29000,0,5437,9,400,3,more than 30,more than 30,1,6 years,31 to 35,Yes,No,External,3 to 5,no change,1 vehicle,1994,Collision
9,5,1,Honda,Urban,2,10,1,Male,Married,28,Policy Holder,Sedan - Collision,Sedan,20000 to 29000,0,5438,14,400,1,more than 30,more than 30,1,5 years,31 to 35,No,No,External,1 to 2,no change,1 vehicle,1994,Collision
9,4,6,Saab,Urban,4,9,1,Male,Married,48,Third Party,Sedan - All Perils,Sedan,30000 to 39000,0,5439,4,400,4,more than 30,more than 30,none,more than 7,41 to 50,No,No,External,1 to 2,no change,1 vehicle,1994,All Perils
9,4,4,Pontiac,Urban,5,10,5,Male,Single,35,Policy Holder,Sedan - Collision,Sedan,20000 to 29000,0,5440,2,400,4,more than 30,more than 30,none,7 years,31 to 35,No,No,External,1 to 2,4 to 8 years,2 vehicles,1994,Collision
10,3,4,Honda,Urban,1,10,4,Male,Married,58,Policy Holder,Sedan - Liability,Sport,20000 to 29000,0,5441,3,400,1,more than 30,more than 30,2 to 4,more than 7,51 to 65,No,No,External,more than 5,no change,1 vehicle,1994,Liability
10,3,4,Mazda,Urban,4,10,4,Male,Married,63,Policy Holder,Sedan - Liability,Sport,20000 to 29000,0,5442,7,400,4,more than 30,more than 30,more than 4,6 years,51 to 65,No,No,External,none,no change,1 vehicle,1994,Liability
10,2,4,Mazda,Urban,1,10,3,Male,Single,37,Third Party,Sedan - Collision,Sedan,30000 to 39000,0,5443,10,400,4,more than 30,more than 30,1,more than 7,36 to 40,No,No,External,more than 5,no change,1 vehicle,1994,Collision
10,2,3,Pontiac,Urban,4,11,3,Female,Married,45,Third Party,Sedan - All Perils,Sedan,20000 to 29000,0,5444,14,400,1,more than 30,more than 30,1,6 years,36 to 40,No,No,External,none,no change,1 vehicle,1994,All Perils
11,2,1,Toyota,Urban,1,11,2,Male,Married,59,Third Party,Sedan - All Perils,Sedan,20000 to 29000,0,5445,5,400,4,more than 30,more than 30,none,more than 7,51 to 65,No,No,External,none,no change,1 vehicle,1994,All Perils
11,3,5,Honda,Urban,4,2,3,Male,Married,48,Policy Holder,Sedan - Liability,Sport,20000 to 29000,0,5446,15,400,4,more than 30,more than 30,2 to 4,7 years,41 to 50,No,No,External,more than 5,no change,1 vehicle,1994,Liability
12,4,6,Accura,Urban,1,3,2,Male,Married,50,Policy Holder,Sedan - All Perils,Sedan,more than 69000,0,5447,12,400,1,more than 30,more than 30,none,7 years,41 to 50,No,No,External,1 to 2,no change,1 vehicle,1994,All Perils
3,1,6,Pontiac,Urban,3,3,1,Male,Married,30,Third Party,Sedan - All Perils,Sedan,20000 to 29000,0,5448,15,400,1,more than 30,more than 30,1,6 years,31 to 35,No,No,External,more than 5,no change,1 vehicle,1994,All Perils
3,1,2,Pontiac,Urban,2,5,2,Male,Single,32,Policy Holder,Sedan - Liability,Sport,20000 to 29000,0,5449,6,400,1,more than 30,more than 30,more than 4,6 years,31 to 35,No,No,Internal,more than 5,no change,1 vehicle,1994,Liability
5,1,1,Pontiac,Urban,3,8,1,Male,Single,52,Third Party,Sedan - All Perils,Sedan,20000 to 29000,0,5450,15,400,3,more than 30,more than 30,none,more than 7,41 to 50,No,No,External,none,no change,1 vehicle,1994,All Perils
8,1,2,Accura,Urban,5,6,5,Male,Married,28,Policy Holder,Utility - All Perils,Utility,more than 69000,1,5451,2,400,2,more than 30,more than 30,1,7 years,31 to 35,No,No,External,none,no change,1 vehicle,1994,All Perils
5,3,5,Accura,Urban,5,5,3,Male,Married,35,Policy Holder,Sedan - Collision,Sedan,20000 to 29000,0,5452,5,400,4,more than 30,more than 30,2 to 4,6 years,31 to 35,No,No,External,1 to 2,no change,1 vehicle,1994,Collision
5,2,5,Toyota,Urban,4,11,2,Male,Married,50,Policy Holder,Sedan - Liability,Sport,20000 to 29000,0,5453,5,400,1,more than 30,more than 30,2 to 4,7 years,41 to 50,No,No,External,more than 5,no change,1 vehicle,1994,Liability
10,3,3,Pontiac,Urban,4,9,2,Male,Single,34,Policy Holder,Sedan - Collision,Sedan,20000 to 29000,0,5454,13,400,1,more than 30,more than 30,more than 4,5 years,31 to 35,No,No,External,more than 5,no change,3 to 4,1994,Collision
9,2,5,Toyota,Urban,3,9,3,Female,Married,40,Policy Holder,Sedan - Collision,Sedan,20000 to 29000,0,5455,4,400,2,more than 30,more than 30,2 to 4,7 years,36 to 40,No,No,External,none,no change,1 vehicle,1994,Collision
9,3,2,Chevrolet,Urban,3,8,3,Female,Married,38,Policy Holder,Sedan - Liability,Sport,30000 to 39000,0,5456,1,400,1,more than 30,more than 30,2 to 4,7 years,36 to 40,No,No,External,more than 5,no change,1 vehicle,1994,Liability
8,1,2,Pontiac,Urban,5,8,1,Male,Married,42,Third Party,Sedan - Collision,Sedan,20000 to 29000,0,5457,13,700,3,more than 30,more than 30,2 to 4,7 years,36 to 40,No,No,External,more than 5,no change,1 vehicle,1994,Collision
8,1,5,Saab,Urban,2,6,1,Male,Single,26,Policy Holder,Sedan - Collision,Sedan,30000 to 39000,1,5458,4,400,3,more than 30,more than 30,none,5 years,31 to 35,No,No,External,1 to 2,2 to 3 years,1 vehicle,1994,Collision
6,4,1,Honda,Urban,2,5,5,Male,Single,25,Third Party,Sport - Collision,Sport,more than 69000,0,5459,3,400,2,more than 30,more than 30,none,5 years,26 to 30,No,No,External,3 to 5,no change,1 vehicle,1994,Collision
5,4,5,Mazda,Urban,2,5,4,Male,Single,35,Policy Holder,Sedan - Liability,Sport,30000 to 39000,0,5460,7,400,2,more than 30,more than 30,2 to 4,6 years,31 to 35,No,No,External,none,no change,1 vehicle,1994,Liability
5,3,1,Honda,Urban,3,9,4,Male,Married,55,Third Party,Sedan - All Perils,Sedan,less than 20000,0,5461,11,400,3,more than 30,more than 30,none,7 years,41 to 50,No,No,External,none,1 year,2 vehicles,1994,All Perils
9,1,5,Chevrolet,Urban,1,8,2,Male,Single,21,Third Party,Sedan - All Perils,Sedan,30000 to 39000,0,5462,6,400,2,more than 30,more than 30,more than 4,4 years,26 to 30,No,No,External,more than 5,no change,1 vehicle,1994,All Perils
8,3,7,Chevrolet,Urban,5,8,4,Female,Married,32,Third Party,Sedan - Liability,Sport,30000 to 39000,0,5463,14,400,2,more than 30,more than 30,none,6 years,31 to 35,No,No,External,3 to 5,no change,1 vehicle,1994,Liability
8,2,6,Toyota,Urban,5,10,2,Female,Single,38,Policy Holder,Sedan - Liability,Sport,20000 to 29000,0,5464,9,400,4,more than 30,more than 30,more than 4,6 years,36 to 40,No,No,External,more than 5,no change,1 vehicle,1994,Liability
10,3,6,Chevrolet,Urban,2,10,4,Male,Single,49,Policy Holder,Sedan - Liability,Sport,more than 69000,0,5465,6,400,2,more than 30,more than 30,more than 4,7 years,41 to 50,No,No,External,3 to 5,no change,1 vehicle,1994,Liability
10,2,4,Pontiac,Urban,5,5,2,Male,Single,29,Policy Holder,Sedan - Collision,Sedan,30000 to 39000,0,5466,11,400,4,more than 30,more than 30,1,7 years,31 to 35,Yes,No,External,1 to 2,no change,1 vehicle,1994,Collision
5,1,6,Mazda,Urban,1,4,4,Male,Married,68,Third Party,Sedan - Collision,Sedan,30000 to 39000,0,5467,1,400,2,more than 30,more than 30,none,more than 7,over 65,No,No,External,1 to 2,no change,1 vehicle,1994,Collision
4,1,2,Toyota,Urban,4,6,1,Male,Married,62,Third Party,Sedan - All Perils,Sedan,20000 to 29000,0,5468,14,400,4,more than 30,more than 30,1,more than 7,51 to 65,No,No,External,none,no change,1 vehicle,1994,All Perils
5,5,5,Honda,Urban,2,11,1,Male,Married,51,Third Party,Sedan - Collision,Sedan,20000 to 29000,0,5469,16,400,2,more than 30,more than 30,none,more than 7,41 to 50,No,No,External,more than 5,no change,1 vehicle,1994,Collision
5,4,3,VW,Urban,4,8,2,Female,Married,40,Policy Holder,Sedan - Collision,Sedan,more than 69000,0,5470,15,400,1,more than 30,more than 30,1,6 years,36 to 40,No,No,External,none,no change,1 vehicle,1994,Collision
8,1,2,Toyota,Rural,2,8,1,Male,Married,49,Policy Holder,Sedan - All Perils,Sedan,more than 69000,0,5471,7,400,3,more than 30,more than 30,2 to 4,more than 7,41 to 50,No,No,External,1 to 2,no change,1 vehicle,1994,All Perils
8,1,1,Toyota,Urban,3,10,1,Female,Married,43,Third Party,Sedan - Liability,Sport,20000 to 29000,0,5472,12,400,1,more than 30,more than 30,none,7 years,36 to 40,No,No,External,3 to 5,no change,1 vehicle,1994,Liability
10,1,2,Mazda,Urban,4,8,2,Male,Single,48,Policy Holder,Sedan - Collision,Sedan,20000 to 29000,0,5473,8,400,3,more than 30,more than 30,none,more than 7,41 to 50,No,No,External,3 to 5,no change,1 vehicle,1994,Collision
8,1,7,Pontiac,Rural,1,10,2,Male,Married,37,Policy Holder,Sedan - All Perils,Sedan,20000 to 29000,1,5474,4,400,2,more than 30,more than 30,1,5 years,36 to 40,No,No,External,none,no change,1 vehicle,1994,All Perils
10,1,2,Honda,Urban,2,9,1,Male,Married,48,Policy Holder,Sedan - Liability,Sport,20000 to 29000,0,5475,14,400,3,more than 30,more than 30,2 to 4,7 years,41 to 50,No,No,External,more than 5,no change,1 vehicle,1994,Liability
9,3,5,Toyota,Urban,1,5,3,Male,Married,56,Policy Holder,Sedan - Liability,Sport,30000 to 39000,0,5476,7,400,3,more than 30,more than 30,2 to 4,more than 7,51 to 65,No,No,External,more than 5,no change,1 vehicle,1994,Liability
5,2,5,Pontiac,Urban,1,8,3,Male,Married,51,Policy Holder,Sedan - All Perils,Sedan,20000 to 29000,0,5477,11,400,2,more than 30,more than 30,none,7 years,41 to 50,No,No,External,3 to 5,no change,1 vehicle,1994,All Perils
5,2,3,Mazda,Urban,1,8,1,Female,Married,51,Policy Holder,Sedan - Liability,Sport,20000 to 29000,0,5478,1,400,1,more than 30,more than 30,2 to 4,7 years,41 to 50,No,No,External,1 to 2,no change,1 vehicle,1994,Liability
8,1,6,VW,Urban,6,6,2,Male,Single,27,Policy Holder,Sedan - Collision,Sedan,40000 to 59000,1,5479,7,400,2,more than 30,more than 30,2 to 4,6 years,31 to 35,No,No,External,none,no change,1 vehicle,1994,Collision
6,1,3,Toyota,Urban,5,10,1,Female,Married,53,Third Party,Sedan - Collision,Sedan,30000 to 39000,0,5480,5,400,4,more than 30,more than 30,none,more than 7,41 to 50,No,No,External,more than 5,no change,1 vehicle,1994,Collision
10,2,7,Honda,Urban,1,7,2,Male,Married,48,Third Party,Sedan - Liability,Sport,20000 to 29000,0,5481,16,400,3,more than 30,more than 30,1,7 years,41 to 50,No,No,External,more than 5,no change,1 vehicle,1994,Liability
7,2,6,Chevrolet,Urban,1,7,2,Female,Single,33,Policy Holder,Sedan - Liability,Sport,20000 to 29000,0,5482,4,400,2,more than 30,more than 30,none,6 years,31 to 35,Yes,No,External,more than 5,4 to 8 years,2 vehicles,1994,Liability
7,2,3,Toyota,Urban,4,8,2,Male,Married,39,Policy Holder,Sedan - All Perils,Sedan,less than 20000,0,5483,12,400,3,more than 30,more than 30,none,7 years,36 to 40,No,No,External,3 to 5,no change,1 vehicle,1994,All Perils
8,1,2,Chevrolet,Urban,3,6,1,Male,Single,32,Policy Holder,Sedan - Collision,Sedan,more than 69000,1,5484,11,400,1,more than 30,more than 30,none,6 years,31 to 35,No,No,External,more than 5,no change,1 vehicle,1994,Collision
6,2,5,Toyota,Urban,4,2,3,Male,Married,63,Policy Holder,Sedan - Liability,Sport,30000 to 39000,0,5485,7,400,4,more than 30,more than 30,more than 4,more than 7,51 to 65,No,No,External,more than 5,no change,1 vehicle,1994,Liability
1,4,2,Honda,Urban,2,9,1,Male,Married,38,Third Party,Sport - Collision,Sport,more than 69000,0,5486,16,400,2,more than 30,more than 30,none,7 years,36 to 40,No,No,External,none,no change,1 vehicle,1994,Collision
9,2,4,Chevrolet,Urban,4,7,2,Male,Married,40,Third Party,Sedan - Collision,Sedan,40000 to 59000,0,5487,5,400,1,more than 30,more than 30,none,more than 7,36 to 40,No,No,External,1 to 2,no change,1 vehicle,1994,Collision
7,3,6,Toyota,Urban,2,8,3,Male,Single,72,Policy Holder,Sedan - All Perils,Sedan,20000 to 29000,0,5488,12,700,3,more than 30,more than 30,none,more than 7,over 65,No,No,External,none,no change,1 vehicle,1994,All Perils
7,3,1,Honda,Urban,2,5,1,Male,Single,26,Policy Holder,Sedan - Collision,Sedan,30000 to 39000,0,5489,10,400,2,more than 30,more than 30,none,6 years,31 to 35,No,No,External,1 to 2,no change,1 vehicle,1994,Collision
5,3,1,Pontiac,Urban,4,5,3,Male,Married,37,Policy Holder,Sedan - Liability,Sport,30000 to 39000,0,5490,14,400,1,more than 30,more than 30,more than 4,7 years,36 to 40,No,No,External,1 to 2,no change,1 vehicle,1994,Liability
5,3,5,Toyota,Urban,1,7,3,Male,Married,51,Policy Holder,Sedan - Liability,Sport,20000 to 29000,0,5491,4,400,3,more than 30,more than 30,none,7 years,41 to 50,No,No,External,none,no change,1 vehicle,1994,Liability
7,2,4,Mazda,Urban,1,7,2,Male,Married,61,Third Party,Sedan - Collision,Sedan,20000 to 29000,0,5492,9,400,4,more than 30,more than 30,none,more than 7,51 to 65,No,No,External,more than 5,no change,1 vehicle,1994,Collision
7,2,5,Pontiac,Urban,5,12,3,Male,Married,50,Third Party,Sedan - All Perils,Sedan,less than 20000,0,5493,10,400,1,more than 30,more than 30,2 to 4,more than 7,41 to 50,No,No,External,3 to 5,no change,1 vehicle,1994,All Perils
12,2,4,Chevrolet,Urban,1,8,3,Male,Single,52,Policy Holder,Sedan - Collision,Sedan,20000 to 29000,0,5494,3,400,3,more than 30,more than 30,none,7 years,41 to 50,No,No,External,none,no change,1 vehicle,1994,Collision
8,1,3,Toyota,Urban,3,8,2,Male,Married,38,Policy Holder,Sedan - Collision,Sedan,20000 to 29000,1,5495,14,400,1,more than 30,more than 30,1,7 years,36 to 40,No,No,External,none,no change,3 to 4,1994,Collision
8,3,2,Toyota,Urban,2,8,3,Male,Single,44,Policy Holder,Sedan - Liability,Sport,20000 to 29000,0,5496,1,400,1,more than 30,more than 30,1,7 years,36 to 40,No,No,External,1 to 2,no change,1 vehicle,1994,Liability
8,3,4,Mazda,Rural,4,9,4,Female,Single,54,Third Party,Sedan - All Perils,Sedan,20000 to 29000,0,5497,14,400,1,more than 30,more than 30,2 to 4,7 years,41 to 50,No,No,External,3 to 5,no change,1 vehicle,1994,All Perils
8,1,1,Pontiac,Urban,1,8,1,Male,Married,40,Policy Holder,Sedan - All Perils,Sedan,20000 to 29000,1,5498,8,400,4,more than 30,more than 30,none,5 years,36 to 40,No,No,External,none,no change,1 vehicle,1994,All Perils
8,1,2,Honda,Urban,2,12,2,Male,Married,42,Third Party,Sedan - Collision,Sedan,20000 to 29000,0,5499,7,400,3,more than 30,more than 30,2 to 4,7 years,36 to 40,No,No,External,more than 5,no change,1 vehicle,1994,Collision
12,2,4,Pontiac,Rural,4,10,2,Male,Married,40,Policy Holder,Sedan - Collision,Sedan,20000 to 29000,0,5500,8,400,1,more than 30,more than 30,2 to 4,6 years,36 to 40,No,No,External,3 to 5,no change,1 vehicle,1994,Collision
10,2,5,Toyota,Urban,3,10,2,Male,Married,52,Policy Holder,Sedan - Collision,Sedan,more than 69000,0,5501,14,400,3,more than 30,more than 30,more than 4,more than 7,41 to 50,No,No,External,1 to 2,no change,1 vehicle,1994,Collision
9,5,1,Pontiac,Urban,4,8,1,Female,Single,30,Third Party,Sedan - Collision,Sedan,20000 to 29000,0,5502,12,400,1,more than 30,more than 30,more than 4,6 years,31 to 35,No,No,External,1 to 2,no change,1 vehicle,1994,Collision
8,5,2,Chevrolet,Urban,2,6,5,Male,Married,26,Policy Holder,Sedan - Liability,Sport,20000 to 29000,0,5503,6,400,3,more than 30,more than 30,2 to 4,6 years,31 to 35,No,No,External,none,4 to 8 years,2 vehicles,1994,Liability
6,1,3,Toyota,Rural,5,6,1,Female,Married,43,Policy Holder,Sedan - Liability,Sport,20000 to 29000,0,5504,1,400,3,more than 30,more than 30,more than 4,6 years,36 to 40,No,No,External,none,no change,1 vehicle,1994,Liability
6,2,5,Ford,Urban,5,8,2,Male,Single,28,Third Party,Sedan - Collision,Sedan,40000 to 59000,0,5505,3,400,4,more than 30,more than 30,none,7 years,31 to 35,No,No,External,more than 5,no change,1 vehicle,1994,Collision
8,1,7,Mazda,Urban,2,4,3,Female,Married,53,Policy Holder,Sedan - Collision,Sedan,20000 to 29000,1,5506,4,400,1,more than 30,more than 30,2 to 4,7 years,41 to 50,No,No,External,none,no change,1 vehicle,1994,Collision
4,1,4,Chevrolet,Urban,5,12,3,Male,Single,31,Policy Holder,Sedan - Collision,Sedan,20000 to 29000,0,5507,7,400,1,more than 30,more than 30,none,5 years,31 to 35,No,No,External,none,no change,1 vehicle,1994,Collision
12,3,6,Pontiac,Urban,2,10,3,Male,Married,46,Third Party,Sedan - Collision,Sedan,30000 to 39000,0,5508,6,400,3,more than 30,more than 30,1,more than 7,41 to 50,No,No,External,none,no change,1 vehicle,1994,Collision
10,2,1,Toyota,Urban,2,10,2,Female,Married,47,Policy Holder,Sedan - Collision,Sedan,20000 to 29000,0,5509,15,500,4,more than 30,more than 30,1,7 years,41 to 50,No,No,External,none,2 to 3 years,1 vehicle,1994,Collision
10,2,5,Honda,Rural,5,10,2,Male,Married,74,Policy Holder,Sedan - Liability,Sport,20000 to 29000,0,5510,2,400,2,more than 30,more than 30,none,7 years,over 65,No,No,External,none,no change,1 vehicle,1994,Liability
10,2,2,Mazda,Urban,1,7,2,Male,Married,30,Third Party,Sedan - Liability,Sport,20000 to 29000,0,5511,15,400,4,more than 30,more than 30,1,6 years,31 to 35,No,No,External,3 to 5,no change,1 vehicle,1994,Liability
7,2,5,Pontiac,Urban,5,8,3,Male,Single,28,Policy Holder,Sedan - Liability,Sport,20000 to 29000,0,5512,8,400,2,more than 30,more than 30,2 to 4,6 years,31 to 35,No,No,External,more than 5,no change,1 vehicle,1994,Liability
8,1,5,Chevrolet,Rural,3,5,1,Male,Single,47,Policy Holder,Utility - Collision,Utility,more than 69000,1,5513,15,400,3,more than 30,more than 30,none,more than 7,41 to 50,No,No,External,1 to 2,no change,1 vehicle,1994,Collision
4,4,2,Toyota,Urban,5,4,4,Male,Married,48,Policy Holder,Sedan - All Perils,Sedan,20000 to 29000,0,5514,14,400,4,more than 30,more than 30,1,more than 7,41 to 50,No,No,External,3 to 5,no change,1 vehicle,1994,All Perils
3,5,4,Toyota,Urban,1,4,1,Male,Married,51,Policy Holder,Sedan - Liability,Sport,30000 to 39000,0,5515,5,400,2,more than 30,more than 30,2 to 4,7 years,41 to 50,No,No,External,more than 5,no change,1 vehicle,1994,Liability
3,5,2,Toyota,Rural,3,3,1,Male,Single,26,Policy Holder,Sedan - Liability,Sport,30000 to 39000,0,5516,10,400,2,more than 30,more than 30,2 to 4,7 years,31 to 35,No,No,External,3 to 5,no change,1 vehicle,1994,Liability
3,3,6,Mazda,Urban,1,11,3,Male,Married,52,Policy Holder,Sedan - Collision,Sedan,20000 to 29000,0,5517,8,400,3,more than 30,more than 30,2 to 4,6 years,41 to 50,No,No,External,none,no change,1 vehicle,1994,Collision
10,5,5,Mazda,Urban,4,9,1,Male,Married,63,Policy Holder,Sedan - Liability,Sport,20000 to 29000,0,5518,1,400,1,more than 30,more than 30,2 to 4,more than 7,51 to 65,No,No,External,none,no change,1 vehicle,1994,Liability
8,1,2,Toyota,Urban,3,9,1,Male,Married,26,Policy Holder,Sedan - All Perils,Sedan,20000 to 29000,1,5519,11,700,3,more than 30,more than 30,none,7 years,31 to 35,No,No,External,none,no change,1 vehicle,1994,All Perils
9,2,6,Honda,Urban,1,9,2,Male,Single,23,Policy Holder,Sedan - Collision,Sedan,20000 to 29000,0,5520,2,400,2,more than 30,more than 30,2 to 4,5 years,26 to 30,No,No,External,1 to 2,no change,1 vehicle,1994,Collision
9,2,7,Accura,Rural,2,11,2,Male,Married,48,Policy Holder,Sedan - Collision,Sedan,20000 to 29000,0,5521,5,400,1,more than 30,more than 30,1,more than 7,41 to 50,No,No,External,3 to 5,no change,1 vehicle,1994,Collision
8,3,1,Honda,Rural,1,7,3,Male,Married,28,Policy Holder,Sedan - Collision,Sedan,20000 to 29000,0,5522,15,400,3,more than 30,more than 30,1,6 years,31 to 35,No,No,External,none,no change,1 vehicle,1994,Collision
7,1,7,Accura,Urban,3,8,1,Male,Married,46,Policy Holder,Sedan - Collision,Sedan,20000 to 29000,0,5523,6,400,1,more than 30,more than 30,more than 4,7 years,41 to 50,No,No,External,more than 5,no change,1 vehicle,1994,Collision
7,1,7,Pontiac,Urban,4,7,1,Male,Single,30,Policy Holder,Sedan - Collision,Sedan,20000 to 29000,0,5524,15,400,3,more than 30,more than 30,1,6 years,31 to 35,No,No,External,none,4 to 8 years,2 vehicles,1994,Collision
6,4,1,Mazda,Rural,1,6,1,Male,Married,50,Policy Holder,Sedan - Collision,Sedan,40000 to 59000,0,5525,15,400,2,more than 30,more than 30,more than 4,7 years,41 to 50,No,No,External,more than 5,no change,1 vehicle,1994,Collision
6,4,4,Pontiac,Urban,4,6,4,Male,Single,40,Policy Holder,Sedan - Collision,Sedan,20000 to 29000,0,5526,6,400,4,more than 30,more than 30,2 to 4,7 years,36 to 40,No,No,External,more than 5,no change,1 vehicle,1994,Collision
6,4,4,Pontiac,Urban,1,6,4,Male,Married,64,Policy Holder,Sedan - Liability,Sport,30000 to 39000,0,5527,13,400,4,more than 30,more than 30,2 to 4,more than 7,51 to 65,No,No,External,more than 5,no change,1 vehicle,1994,Liability
6,3,1,BMW,Rural,3,5,3,Male,Single,21,Policy Holder,Sedan - Collision,Sedan,30000 to 39000,0,5528,4,400,4,more than 30,more than 30,none,2 years,26 to 30,No,No,External,3 to 5,no change,1 vehicle,1994,Collision
5,2,7,Pontiac,Rural,4,5,2,Female,Married,26,Policy Holder,Sedan - Collision,Sedan,30000 to 39000,0,5529,12,400,3,more than 30,more than 30,2 to 4,6 years,31 to 35,No,No,External,none,no change,1 vehicle,1994,Collision
5,2,4,Pontiac,Urban,4,4,2,Male,Married,29,Policy Holder,Sedan - Liability,Sport,20000 to 29000,0,5530,11,400,3,more than 30,more than 30,2 to 4,5 years,31 to 35,No,No,External,none,no change,1 vehicle,1994,Liability
4,1,3,Mazda,Urban,3,4,1,Male,Married,45,Policy Holder,Sedan - Collision,Sedan,30000 to 39000,0,5531,1,400,3,more than 30,more than 30,more than 4,6 years,36 to 40,No,No,External,none,no change,1 vehicle,1994,Collision
4,1,2,Pontiac,Urban,5,4,1,Male,Married,52,Policy Holder,Sedan - Liability,Sport,20000 to 29000,0,5532,8,400,4,more than 30,more than 30,2 to 4,7 years,41 to 50,No,No,External,1 to 2,no change,1 vehicle,1994,Liability
4,1,7,Mazda,Urban,4,11,2,Female,Married,45,Policy Holder,Sedan - Collision,Sedan,20000 to 29000,0,5533,7,400,3,more than 30,more than 30,2 to 4,6 years,36 to 40,No,No,External,more than 5,no change,1 vehicle,1994,Collision
10,4,6,Chevrolet,Rural,5,11,3,Male,Married,58,Policy Holder,Sedan - All Perils,Sedan,20000 to 29000,0,5534,10,400,4,more than 30,more than 30,none,more than 7,51 to 65,No,No,External,none,no change,1 vehicle,1994,All Perils
10,1,2,Mazda,Urban,3,9,1,Male,Single,30,Third Party,Sport - Collision,Sport,more than 69000,0,5535,5,400,4,more than 30,more than 30,none,7 years,31 to 35,No,No,External,none,no change,1 vehicle,1994,Collision
9,3,5,Pontiac,Urban,4,8,5,Male,Married,58,Third Party,Sedan - All Perils,Sedan,less than 20000,0,5536,7,400,3,more than 30,more than 30,2 to 4,more than 7,51 to 65,No,No,External,none,no change,3 to 4,1994,All Perils
8,2,7,Honda,Urban,5,8,4,Female,Single,41,Policy Holder,Sedan - Collision,Sedan,20000 to 29000,0,5537,4,400,2,more than 30,more than 30,none,7 years,36 to 40,No,No,External,none,no change,1 vehicle,1994,Collision
7,4,4,Pontiac,Urban,2,5,1,Male,Married,32,Third Party,Sedan - All Perils,Sedan,20000 to 29000,0,5538,14,400,2,more than 30,more than 30,none,6 years,31 to 35,No,No,External,more than 5,no change,1 vehicle,1994,All Perils
5,4,5,Pontiac,Urban,1,8,5,Male,Married,39,Third Party,Sedan - Liability,Sport,30000 to 39000,0,5539,1,400,2,more than 30,more than 30,1,7 years,36 to 40,No,No,External,3 to 5,no change,1 vehicle,1994,Liability
8,1,1,Chevrolet,Urban,2,4,2,Male,Married,38,Policy Holder,Utility - All Perils,Utility,more than 69000,1,5540,13,400,1,more than 30,more than 30,2 to 4,7 years,36 to 40,No,No,External,1 to 2,no change,1 vehicle,1994,All Perils
4,4,5,Chevrolet,Urban,2,8,4,Male,Married,40,Policy Holder,Sedan - All Perils,Sedan,more than 69000,0,5541,13,400,4,more than 30,more than 30,1,7 years,36 to 40,Yes,No,External,1 to 2,no change,1 vehicle,1994,All Perils
8,1,5,Toyota,Rural,4,4,2,Male,Married,36,Policy Holder,Sedan - Liability,Sport,20000 to 29000,1,5542,4,400,2,more than 30,more than 30,more than 4,7 years,36 to 40,No,No,External,more than 5,no change,1 vehicle,1994,Liability
4,3,7,Pontiac,Urban,1,2,4,Male,Married,51,Policy Holder,Sedan - All Perils,Sedan,20000 to 29000,0,5543,12,400,3,more than 30,more than 30,none,6 years,41 to 50,No,No,External,more than 5,no change,1 vehicle,1994,All Perils
2,2,5,Chevrolet,Urban,5,11,3,Male,Single,32,Policy Holder,Sedan - Liability,Sport,20000 to 29000,0,5544,6,400,1,more than 30,more than 30,2 to 4,6 years,31 to 35,No,No,External,more than 5,no change,1 vehicle,1994,Liability
11,1,3,Honda,Urban,4,11,1,Female,Single,45,Policy Holder,Sedan - Liability,Sport,20000 to 29000,0,5545,11,400,1,more than 30,more than 30,2 to 4,7 years,36 to 40,No,No,External,none,4 to 8 years,2 vehicles,1994,Liability
11,1,4,Pontiac,Urban,6,7,1,Male,Single,28,Policy Holder,Sedan - Collision,Sedan,20000 to 29000,0,5546,16,400,3,more than 30,more than 30,none,6 years,31 to 35,No,No,External,1 to 2,no change,1 vehicle,1994,Collision
6,5,5,Chevrolet,Urban,1,7,1,Male,Single,21,Third Party,Sedan - Liability,Sport,30000 to 39000,0,5547,1,400,3,more than 30,more than 30,2 to 4,4 years,26 to 30,No,No,External,more than 5,no change,1 vehicle,1994,Liability
6,5,6,Toyota,Urban,4,8,1,Male,Married,53,Policy Holder,Sedan - Liability,Sport,30000 to 39000,0,5548,9,400,1,more than 30,more than 30,2 to 4,more than 7,41 to 50,No,No,External,more than 5,no change,1 vehicle,1994,Liability
8,1,6,Pontiac,Urban,1,4,2,Female,Married,35,Policy Holder,Sedan - All Perils,Sedan,less than 20000,1,5549,7,400,4,more than 30,more than 30,1,5 years,31 to 35,No,No,External,more than 5,no change,1 vehicle,1994,All Perils
4,4,7,Ford,Urban,1,3,4,Male,Married,44,Policy Holder,Sedan - All Perils,Sedan,20000 to 29000,0,5550,8,700,3,more than 30,more than 30,2 to 4,7 years,36 to 40,No,No,External,none,no change,1 vehicle,1994,All Perils
3,3,3,Mazda,Rural,1,3,3,Male,Married,37,Policy Holder,Sedan - Collision,Sedan,20000 to 29000,0,5551,15,400,4,more than 30,more than 30,1,7 years,36 to 40,No,No,External,3 to 5,no change,1 vehicle,1994,Collision
3,3,5,Chevrolet,Rural,5,3,3,Male,Married,43,Policy Holder,Sedan - All Perils,Sedan,more than 69000,0,5552,7,400,1,more than 30,more than 30,2 to 4,more than 7,36 to 40,No,No,External,none,1 year,1 vehicle,1994,All Perils
3,2,3,Pontiac,Urban,4,3,3,Male,Single,21,Policy Holder,Sedan - Liability,Sport,20000 to 29000,0,5553,10,400,4,more than 30,more than 30,2 to 4,5 years,26 to 30,No,No,External,none,no change,1 vehicle,1994,Liability
3,1,6,Chevrolet,Urban,3,8,2,Male,Married,26,Policy Holder,Sedan - Collision,Sedan,20000 to 29000,0,5554,8,400,4,more than 30,more than 30,none,7 years,31 to 35,No,No,External,3 to 5,no change,1 vehicle,1994,Collision
8,1,2,Ford,Urban,2,10,2,Female,Married,51,Policy Holder,Sedan - Collision,Sedan,40000 to 59000,1,5555,12,400,3,more than 30,more than 30,1,more than 7,41 to 50,No,No,External,none,no change,1 vehicle,1994,Collision
10,4,1,Mazda,Urban,2,9,4,Male,Married,37,Policy Holder,Sedan - Liability,Sport,30000 to 39000,0,5556,11,400,4,more than 30,more than 30,2 to 4,7 years,36 to 40,No,No,External,none,no change,1 vehicle,1994,Liability
8,5,4,Honda,Urban,3,7,4,Male,Single,37,Policy Holder,Sedan - Collision,Sedan,more than 69000,0,5557,8,400,3,more than 30,more than 30,2 to 4,7 years,36 to 40,No,No,External,more than 5,no change,1 vehicle,1994,Collision
6,5,6,Mazda,Urban,1,6,1,Female,Single,34,Policy Holder,Sedan - Liability,Sport,30000 to 39000,0,5558,9,400,1,more than 30,more than 30,1,5 years,31 to 35,No,No,External,none,no change,1 vehicle,1994,Liability
6,3,7,Mazda,Urban,1,5,3,Female,Single,30,Third Party,Sedan - Collision,Sedan,20000 to 29000,0,5559,11,400,2,more than 30,more than 30,none,6 years,31 to 35,No,No,External,none,no change,1 vehicle,1994,Collision
5,2,6,Pontiac,Urban,1,5,2,Male,Married,56,Policy Holder,Sedan - Collision,Sedan,20000 to 29000,0,5560,5,500,3,more than 30,more than 30,none,more than 7,51 to 65,No,No,External,1 to 2,2 to 3 years,1 vehicle,1994,Collision
5,2,7,Mazda,Urban,1,4,2,Male,Single,21,Policy Holder,Sedan - Collision,Sedan,20000 to 29000,0,5561,1,400,3,more than 30,more than 30,1,5 years,26 to 30,No,No,External,none,no change,1 vehicle,1994,Collision
4,2,1,Toyota,Urban,5,4,2,Male,Single,26,Third Party,Sedan - Collision,Sedan,30000 to 39000,0,5562,5,400,2,more than 30,more than 30,1,6 years,31 to 35,No,No,External,more than 5,no change,1 vehicle,1994,Collision
4,1,1,Chevrolet,Urban,5,4,2,Male,Married,38,Policy Holder,Sedan - Liability,Sport,30000 to 39000,0,5563,5,400,1,more than 30,more than 30,more than 4,more than 7,36 to 40,No,No,External,none,no change,1 vehicle,1994,Liability
3,4,7,Toyota,Urban,4,3,1,Male,Single,30,Third Party,Sedan - All Perils,Sedan,20000 to 29000,0,5564,6,400,3,more than 30,more than 30,2 to 4,6 years,31 to 35,No,No,External,none,no change,1 vehicle,1994,All Perils
3,3,5,Pontiac,Urban,2,3,4,Male,Married,26,Policy Holder,Sedan - Collision,Sedan,20000 to 29000,0,5565,16,400,2,more than 30,more than 30,1,6 years,31 to 35,No,No,External,none,no change,1 vehicle,1994,Collision
3,3,7,Toyota,Rural,1,3,4,Male,Married,28,Third Party,Sedan - Liability,Sport,30000 to 39000,0,5566,6,400,3,more than 30,more than 30,none,7 years,31 to 35,No,No,External,3 to 5,4 to 8 years,2 vehicles,1994,Liability
3,2,4,Toyota,Urban,5,3,2,Male,Married,43,Third Party,Sedan - All Perils,Sedan,20000 to 29000,0,5567,12,400,3,more than 30,more than 30,none,7 years,36 to 40,No,No,External,none,no change,1 vehicle,1994,All Perils
3,3,5,Chevrolet,Urban,1,3,3,Male,Single,32,Third Party,Sedan - Liability,Sport,20000 to 29000,0,5568,14,400,3,more than 30,more than 30,2 to 4,6 years,31 to 35,No,No,External,1 to 2,no change,1 vehicle,1994,Liability
3,2,7,Pontiac,Urban,4,8,3,Male,Married,36,Policy Holder,Sedan - All Perils,Sedan,20000 to 29000,0,5569,10,400,1,more than 30,more than 30,none,7 years,36 to 40,No,No,External,more than 5,no change,1 vehicle,1994,All Perils
8,2,4,Chevrolet,Urban,4,3,2,Male,Single,27,Policy Holder,Sedan - All Perils,Sedan,more than 69000,1,5570,9,400,1,more than 30,more than 30,none,7 years,31 to 35,No,No,External,none,no change,1 vehicle,1994,All Perils
3,2,3,Mazda,Urban,2,7,2,Male,Married,55,Policy Holder,Sedan - Liability,Sport,30000 to 39000,0,5571,8,400,2,more than 30,more than 30,2 to 4,more than 7,41 to 50,No,No,External,more than 5,no change,1 vehicle,1994,Liability
6,2,1,Mazda,Urban,3,8,1,Male,Married,45,Third Party,Sedan - Collision,Sedan,20000 to 29000,0,5572,10,400,1,more than 30,more than 30,1,7 years,36 to 40,No,No,External,none,no change,1 vehicle,1994,Collision
8,2,7,Toyota,Urban,4,6,2,Male,Married,36,Third Party,Sedan - Collision,Sedan,20000 to 29000,0,5573,10,400,3,more than 30,more than 30,none,more than 7,36 to 40,No,No,External,3 to 5,no change,1 vehicle,1994,Collision
5,5,1,Pontiac,Rural,4,2,1,Male,Married,38,Third Party,Sedan - Liability,Sport,20000 to 29000,0,5574,1,400,1,more than 30,more than 30,2 to 4,7 years,36 to 40,No,No,External,none,no change,1 vehicle,1994,Liability
1,1,2,Accura,Urban,5,1,4,Male,Married,42,Policy Holder,Sedan - All Perils,Sedan,more than 69000,0,5575,8,400,1,more than 30,more than 30,2 to 4,7 years,36 to 40,No,No,External,1 to 2,no change,1 vehicle,1994,All Perils
1,4,3,Mazda,Urban,2,2,5,Male,Single,41,Policy Holder,Sedan - Collision,Sedan,30000 to 39000,0,5576,7,400,2,more than 30,more than 30,more than 4,7 years,36 to 40,No,No,External,more than 5,no change,1 vehicle,1994,Collision
1,4,1,Toyota,Urban,2,2,1,Male,Single,28,Policy Holder,Sedan - Collision,Sedan,20000 to 29000,0,5577,16,400,4,more than 30,more than 30,2 to 4,6 years,31 to 35,No,No,External,none,no change,3 to 4,1994,Collision
2,2,1,Pontiac,Urban,1,2,2,Male,Married,34,Policy Holder,Sedan - Liability,Sport,20000 to 29000,0,5578,7,400,1,more than 30,more than 30,1,7 years,31 to 35,No,No,External,more than 5,no change,1 vehicle,1994,Liability
2,2,1,Honda,Urban,2,2,2,Male,Single,0,Policy Holder,Sedan - Collision,Sedan,more than 69000,0,5579,2,400,3,more than 30,more than 30,1,new,16 to 17,No,No,External,none,no change,1 vehicle,1994,Collision
2,2,4,Chevrolet,Urban,5,2,2,Male,Married,38,Policy Holder,Sedan - All Perils,Sedan,more than 69000,0,5580,8,400,4,more than 30,more than 30,more than 4,5 years,36 to 40,No,No,External,none,no change,1 vehicle,1994,All Perils
2,2,3,Toyota,Urban,4,2,2,Male,Married,48,Third Party,Sedan - All Perils,Sedan,20000 to 29000,0,5581,1,700,2,more than 30,more than 30,1,more than 7,41 to 50,No,No,External,none,no change,1 vehicle,1994,All Perils
2,2,6,Toyota,Urban,5,2,3,Male,Married,40,Policy Holder,Sedan - Collision,Sedan,more than 69000,0,5582,16,400,4,more than 30,more than 30,2 to 4,6 years,36 to 40,No,No,External,3 to 5,no change,1 vehicle,1994,Collision
2,2,2,Pontiac,Urban,4,10,4,Male,Married,42,Policy Holder,Sedan - Collision,Sedan,30000 to 39000,0,5583,9,400,1,more than 30,more than 30,1,more than 7,36 to 40,No,No,External,none,no change,1 vehicle,1994,Collision
8,2,5,Pontiac,Urban,2,3,3,Male,Single,22,Third Party,Sedan - Collision,Sedan,20000 to 29000,0,5584,14,400,2,more than 30,more than 30,1,5 years,26 to 30,No,No,External,none,no change,1 vehicle,1994,Collision
2,3,4,Mazda,Urban,3,3,1,Male,Married,31,Policy Holder,Sedan - Liability,Sport,20000 to 29000,0,5585,7,400,1,more than 30,more than 30,2 to 4,7 years,31 to 35,No,No,External,1 to 2,no change,1 vehicle,1994,Liability
2,4,2,Mazda,Urban,1,3,3,Male,Married,43,Policy Holder,Sedan - All Perils,Sedan,30000 to 39000,0,5586,2,400,4,more than 30,more than 30,none,more than 7,36 to 40,No,No,External,3 to 5,no change,1 vehicle,1994,All Perils
3,1,2,Chevrolet,Urban,5,8,3,Male,Married,64,Policy Holder,Sedan - Collision,Sedan,30000 to 39000,0,5587,11,400,2,more than 30,more than 30,none,7 years,51 to 65,No,No,External,none,4 to 8 years,2 vehicles,1994,Collision
8,2,1,Accura,Urban,2,3,3,Male,Married,34,Policy Holder,Sedan - Collision,Sedan,more than 69000,1,5588,4,400,2,more than 30,more than 30,1,7 years,31 to 35,No,No,External,more than 5,no change,1 vehicle,1994,Collision
3,4,6,Pontiac,Urban,1,3,4,Male,Married,50,Policy Holder,Sedan - Collision,Sedan,20000 to 29000,0,5589,11,400,3,more than 30,more than 30,more than 4,7 years,41 to 50,No,No,External,none,no change,1 vehicle,1994,Collision
3,3,6,VW,Urban,2,10,4,Male,Married,47,Policy Holder,Sedan - Liability,Sport,30000 to 39000,0,5590,8,400,4,more than 30,more than 30,2 to 4,more than 7,41 to 50,No,No,External,none,no change,1 vehicle,1994,Liability
10,1,3,Pontiac,Urban,4,8,2,Male,Married,50,Policy Holder,Sedan - Liability,Sport,20000 to 29000,0,5591,8,400,1,more than 30,more than 30,2 to 4,more than 7,41 to 50,No,No,External,more than 5,no change,1 vehicle,1994,Liability
8,2,6,Toyota,Urban,4,2,3,Male,Married,38,Policy Holder,Sedan - All Perils,Sedan,more than 69000,1,5592,14,400,1,more than 30,more than 30,none,7 years,36 to 40,No,No,External,1 to 2,no change,1 vehicle,1994,All Perils
1,4,7,Chevrolet,Urban,1,2,1,Male,Married,39,Third Party,Sedan - Collision,Sedan,30000 to 39000,0,5593,6,400,2,more than 30,more than 30,2 to 4,6 years,36 to 40,No,No,External,none,no change,1 vehicle,1994,Collision
2,1,6,Pontiac,Urban,1,2,1,Male,Single,26,Policy Holder,Sedan - Collision,Sedan,20000 to 29000,0,5594,6,400,1,more than 30,more than 30,2 to 4,6 years,31 to 35,No,No,External,none,no change,1 vehicle,1994,Collision
2,1,1,Toyota,Urban,5,2,1,Male,Married,35,Third Party,Sedan - Liability,Sport,20000 to 29000,0,5595,15,400,4,more than 30,more than 30,none,6 years,31 to 35,No,No,External,more than 5,no change,1 vehicle,1994,Liability
2,2,5,Toyota,Urban,5,2,3,Male,Single,21,Policy Holder,Sedan - Collision,Sedan,20000 to 29000,0,5596,1,400,1,more than 30,more than 30,1,5 years,26 to 30,No,No,External,none,no change,1 vehicle,1994,Collision
2,3,4,Pontiac,Urban,1,2,4,Male,Married,46,Policy Holder,Sedan - Collision,Sedan,20000 to 29000,0,5597,1,400,3,more than 30,more than 30,more than 4,more than 7,41 to 50,No,No,External,none,no change,1 vehicle,1994,Collision
2,3,4,Pontiac,Urban,5,2,3,Male,Married,43,Third Party,Sedan - Collision,Sedan,20000 to 29000,0,5598,8,400,4,more than 30,more than 30,more than 4,more than 7,36 to 40,No,No,External,3 to 5,no change,1 vehicle,1994,Collision
2,3,4,Pontiac,Urban,5,3,4,Male,Married,54,Third Party,Sedan - Collision,Sedan,less than 20000,0,5599,9,400,1,more than 30,more than 30,none,more than 7,41 to 50,No,No,External,none,no change,1 vehicle,1994,Collision
2,4,4,Pontiac,Urban,1,2,1,Male,Married,38,Third Party,Sedan - Collision,Sedan,20000 to 29000,0,5600,15,400,2,more than 30,more than 30,none,7 years,36 to 40,No,No,External,3 to 5,no change,1 vehicle,1994,Collision
2,4,7,Mazda,Urban,3,3,4,Male,Married,56,Policy Holder,Sedan - All Perils,Sedan,20000 to 29000,0,5601,6,400,2,more than 30,more than 30,1,more than 7,51 to 65,No,No,External,none,no change,1 vehicle,1994,All Perils
2,4,1,Toyota,Urban,3,3,1,Male,Married,34,Policy Holder,Sedan - Collision,Sedan,20000 to 29000,0,5602,6,400,1,more than 30,more than 30,2 to 4,7 years,31 to 35,No,No,External,none,no change,1 vehicle,1994,Collision
2,4,3,Toyota,Urban,4,3,1,Male,Married,54,Third Party,Sedan - All Perils,Sedan,20000 to 29000,0,5603,11,400,1,more than 30,more than 30,1,7 years,41 to 50,No,No,External,3 to 5,no change,1 vehicle,1994,All Perils
3,1,5,Mazda,Urban,5,3,1,Male,Married,34,Policy Holder,Sedan - Liability,Sport,20000 to 29000,0,5604,10,400,4,more than 30,more than 30,1,6 years,31 to 35,No,No,External,none,no change,1 vehicle,1994,Liability
3,3,1,Pontiac,Urban,2,4,4,Female,Married,38,Third Party,Sedan - Liability,Sport,30000 to 39000,0,5605,8,400,4,more than 30,more than 30,none,7 years,36 to 40,No,No,External,1 to 2,no change,1 vehicle,1994,Liability
3,4,7,Mazda,Urban,3,4,3,Male,Married,27,Policy Holder,Sedan - Liability,Sport,20000 to 29000,0,5606,6,400,4,more than 30,more than 30,2 to 4,6 years,31 to 35,No,No,External,3 to 5,no change,1 vehicle,1994,Liability
4,2,1,Mazda,Urban,3,6,3,Female,Single,28,Policy Holder,Sedan - Liability,Sport,20000 to 29000,0,5607,10,400,1,more than 30,more than 30,more than 4,6 years,31 to 35,No,No,External,1 to 2,no change,1 vehicle,1994,Liability
6,3,1,Mazda,Rural,1,6,4,Male,Single,39,Policy Holder,Sedan - Liability,Sport,30000 to 39000,0,5608,12,400,1,more than 30,more than 30,none,7 years,36 to 40,No,No,External,3 to 5,4 to 8 years,2 vehicles,1994,Liability
6,3,1,Toyota,Urban,2,7,3,Male,Married,50,Policy Holder,Sedan - Liability,Sport,20000 to 29000,0,5609,5,400,4,more than 30,more than 30,2 to 4,7 years,41 to 50,No,No,External,none,no change,1 vehicle,1994,Liability
6,4,7,Mazda,Urban,1,10,1,Male,Married,54,Third Party,Sedan - Collision,Sedan,20000 to 29000,0,5610,8,400,1,more than 30,more than 30,2 to 4,more than 7,41 to 50,No,No,External,none,no change,1 vehicle,1994,Collision
10,4,7,Toyota,Urban,4,11,4,Male,Married,37,Policy Holder,Sedan - Liability,Sport,30000 to 39000,0,5611,7,500,2,more than 30,more than 30,more than 4,7 years,36 to 40,No,No,External,more than 5,2 to 3 years,1 vehicle,1994,Liability
10,5,3,Toyota,Urban,5,11,1,Male,Single,35,Policy Holder,Sedan - Collision,Sedan,20000 to 29000,0,5612,9,400,3,more than 30,more than 30,2 to 4,6 years,31 to 35,No,No,External,3 to 5,no change,1 vehicle,1994,Collision
11,2,2,Toyota,Urban,4,11,2,Male,Married,30,Policy Holder,Sedan - All Perils,Sedan,less than 20000,0,5613,9,400,3,more than 30,more than 30,1,6 years,31 to 35,No,No,External,none,no change,1 vehicle,1994,All Perils
11,2,3,Pontiac,Urban,1,11,3,Male,Single,28,Third Party,Sedan - Collision,Sedan,30000 to 39000,0,5614,12,400,4,more than 30,more than 30,1,7 years,31 to 35,No,No,External,more than 5,no change,1 vehicle,1994,Collision
11,2,6,Pontiac,Urban,4,11,2,Male,Single,26,Third Party,Sedan - All Perils,Sedan,30000 to 39000,0,5615,3,400,3,more than 30,more than 30,none,7 years,31 to 35,No,No,External,1 to 2,no change,1 vehicle,1994,All Perils
10,5,3,Toyota,Rural,2,11,1,Male,Married,53,Policy Holder,Sedan - All Perils,Sedan,30000 to 39000,0,5616,12,400,1,more than 30,more than 30,1,more than 7,41 to 50,No,No,External,more than 5,no change,1 vehicle,1994,All Perils
10,4,5,Pontiac,Urban,5,10,2,Male,Married,63,Policy Holder,Sedan - Collision,Sedan,20000 to 29000,0,5617,3,400,1,more than 30,more than 30,2 to 4,6 years,51 to 65,No,No,External,1 to 2,no change,1 vehicle,1994,Collision
10,3,2,Honda,Urban,2,7,3,Male,Single,34,Policy Holder,Sedan - All Perils,Sedan,30000 to 39000,0,5618,12,400,1,more than 30,more than 30,2 to 4,6 years,31 to 35,No,No,External,more than 5,no change,3 to 4,1994,All Perils
7,1,2,Mazda,Urban,1,7,2,Male,Married,52,Policy Holder,Sedan - Collision,Sedan,30000 to 39000,0,5619,8,400,3,more than 30,more than 30,none,7 years,41 to 50,No,No,External,1 to 2,no change,1 vehicle,1994,Collision
7,1,4,Chevrolet,Urban,3,7,3,Male,Married,45,Policy Holder,Sedan - Collision,Sedan,30000 to 39000,0,5620,16,400,1,more than 30,more than 30,1,7 years,36 to 40,No,No,External,more than 5,no change,1 vehicle,1994,Collision
6,5,4,Mazda,Urban,1,6,2,Male,Married,35,Policy Holder,Sedan - Collision,Sedan,30000 to 39000,0,5621,14,400,3,more than 30,more than 30,2 to 4,6 years,31 to 35,No,No,External,3 to 5,no change,1 vehicle,1994,Collision
6,4,2,Toyota,Urban,2,7,4,Male,Married,60,Third Party,Sedan - Collision,Sedan,20000 to 29000,0,5622,7,400,3,more than 30,more than 30,none,more than 7,51 to 65,No,No,External,3 to 5,no change,1 vehicle,1994,Collision
6,3,3,Chevrolet,Urban,2,4,1,Male,Married,51,Policy Holder,Sedan - Liability,Sport,30000 to 39000,0,5623,10,400,3,more than 30,more than 30,1,7 years,41 to 50,No,No,External,none,no change,1 vehicle,1994,Liability
4,2,2,Pontiac,Urban,3,4,3,Female,Married,26,Third Party,Sedan - Liability,Sport,20000 to 29000,0,5624,14,400,2,more than 30,more than 30,more than 4,7 years,31 to 35,No,No,External,1 to 2,no change,1 vehicle,1994,Liability
4,2,6,Toyota,Urban,1,4,2,Male,Married,57,Policy Holder,Sedan - Collision,Sedan,30000 to 39000,0,5625,3,400,1,more than 30,more than 30,1,more than 7,51 to 65,No,No,External,none,no change,1 vehicle,1994,Collision
4,2,5,Mazda,Urban,2,4,4,Male,Married,27,Third Party,Sedan - Liability,Sport,20000 to 29000,0,5626,11,400,2,more than 30,more than 30,2 to 4,6 years,31 to 35,No,No,External,none,no change,1 vehicle,1994,Liability
3,5,1,Pontiac,Urban,4,3,2,Male,Married,58,Third Party,Sedan - Collision,Sedan,20000 to 29000,0,5627,10,400,1,more than 30,more than 30,2 to 4,more than 7,51 to 65,No,No,External,none,no change,1 vehicle,1994,Collision
3,3,1,Pontiac,Urban,1,3,4,Male,Married,43,Policy Holder,Sedan - Collision,Sedan,20000 to 29000,0,5628,11,400,4,more than 30,more than 30,more than 4,6 years,36 to 40,No,No,External,more than 5,no change,1 vehicle,1994,Collision
3,3,6,Pontiac,Urban,4,3,3,Male,Single,51,Policy Holder,Sedan - Liability,Sport,30000 to 39000,0,5629,14,400,4,more than 30,more than 30,2 to 4,more than 7,41 to 50,No,No,External,none,4 to 8 years,2 vehicles,1994,Liability
3,3,3,Mazda,Urban,3,3,4,Male,Married,45,Third Party,Sedan - All Perils,Sedan,20000 to 29000,0,5630,12,400,1,more than 30,more than 30,2 to 4,7 years,36 to 40,No,No,External,more than 5,no change,1 vehicle,1994,All Perils
3,3,4,Toyota,Urban,4,3,3,Male,Married,45,Policy Holder,Sedan - Collision,Sedan,20000 to 29000,0,5631,4,400,4,more than 30,more than 30,2 to 4,7 years,36 to 40,No,No,External,1 to 2,no change,1 vehicle,1994,Collision
3,2,4,Ford,Urban,5,8,2,Male,Married,32,Policy Holder,Sedan - Collision,Sedan,20000 to 29000,0,5632,8,400,2,more than 30,more than 30,1,7 years,31 to 35,No,No,External,1 to 2,no change,1 vehicle,1994,Collision
8,2,7,Chevrolet,Rural,4,3,2,Female,Married,48,Third Party,Sedan - All Perils,Sedan,more than 69000,0,5633,15,400,4,more than 30,more than 30,none,7 years,41 to 50,No,No,External,3 to 5,no change,1 vehicle,1994,All Perils
3,1,1,Pontiac,Urban,2,3,2,Male,Single,42,Policy Holder,Sedan - Liability,Sport,30000 to 39000,0,5634,11,400,4,more than 30,more than 30,2 to 4,7 years,36 to 40,No,No,External,1 to 2,no change,1 vehicle,1994,Liability
3,1,5,Chevrolet,Urban,5,3,3,Male,Married,31,Policy Holder,Sedan - All Perils,Sedan,20000 to 29000,0,5635,4,400,1,more than 30,more than 30,1,6 years,31 to 35,No,No,External,none,no change,1 vehicle,1994,All Perils
3,1,5,Pontiac,Urban,2,5,1,Male,Married,38,Policy Holder,Sedan - Liability,Sport,20000 to 29000,0,5636,11,400,1,more than 30,more than 30,2 to 4,more than 7,36 to 40,No,No,External,none,no change,1 vehicle,1994,Liability
3,1,3,Ford,Urban,5,3,2,Male,Married,38,Policy Holder,Sedan - Collision,Sedan,more than 69000,0,5637,6,400,1,more than 30,more than 30,none,more than 7,36 to 40,No,No,External,more than 5,no change,1 vehicle,1994,Collision
3,1,4,Toyota,Rural,4,8,1,Male,Single,26,Policy Holder,Sedan - All Perils,Sedan,30000 to 39000,0,5638,4,400,4,more than 30,more than 30,1,6 years,31 to 35,No,No,External,none,no change,1 vehicle,1994,All Perils
8,2,3,Toyota,Urban,5,3,4,Male,Married,31,Policy Holder,Sedan - All Perils,Sedan,20000 to 29000,1,5639,9,400,2,more than 30,more than 30,none,7 years,31 to 35,No,No,External,more than 5,no change,1 vehicle,1994,All Perils
3,1,7,Toyota,Urban,6,3,1,Female,Married,53,Policy Holder,Sedan - All Perils,Sedan,30000 to 39000,0,5640,8,400,1,more than 30,more than 30,2 to 4,7 years,41 to 50,No,No,External,none,no change,1 vehicle,1994,All Perils
2,4,6,Saab,Urban,2,2,1,Male,Single,27,Policy Holder,Sedan - Collision,Sedan,30000 to 39000,0,5641,5,400,2,more than 30,more than 30,none,5 years,31 to 35,No,No,External,none,no change,1 vehicle,1994,Collision
2,4,4,Honda,Urban,5,2,5,Male,Married,46,Policy Holder,Sedan - Liability,Sport,20000 to 29000,0,5642,9,400,3,more than 30,more than 30,more than 4,more than 7,41 to 50,No,No,External,none,no change,1 vehicle,1994,Liability
2,4,7,Toyota,Urban,1,10,4,Male,Married,50,Policy Holder,Sedan - Liability,Sport,30000 to 39000,0,5643,4,700,4,more than 30,more than 30,2 to 4,more than 7,41 to 50,No,No,External,none,1 year,1 vehicle,1994,Liability
10,1,2,Pontiac,Urban,1,8,1,Male,Single,31,Policy Holder,Sedan - Collision,Sedan,30000 to 39000,0,5644,11,400,3,more than 30,more than 30,2 to 4,6 years,31 to 35,No,No,Internal,none,no change,1 vehicle,1994,Collision
8,4,1,Pontiac,Urban,2,4,5,Male,Married,48,Policy Holder,Sedan - Liability,Sport,30000 to 39000,0,5645,4,400,2,more than 30,more than 30,2 to 4,more than 7,41 to 50,No,No,External,1 to 2,no change,1 vehicle,1994,Liability
4,3,7,Accura,Urban,1,4,3,Male,Married,48,Policy Holder,Sedan - Liability,Sport,30000 to 39000,0,5646,4,400,3,more than 30,more than 30,2 to 4,7 years,41 to 50,No,No,External,more than 5,no change,1 vehicle,1994,Liability
4,3,2,Honda,Urban,5,4,3,Male,Single,0,Policy Holder,Sedan - All Perils,Sedan,more than 69000,0,5647,6,400,2,more than 30,more than 30,2 to 4,new,16 to 17,No,No,External,none,no change,1 vehicle,1994,All Perils
4,2,7,Pontiac,Urban,5,5,3,Male,Married,56,Policy Holder,Sedan - Liability,Sport,30000 to 39000,0,5648,5,400,4,more than 30,more than 30,2 to 4,7 years,51 to 65,No,No,External,more than 5,no change,1 vehicle,1994,Liability
4,1,7,Toyota,Rural,5,4,1,Male,Married,36,Third Party,Sedan - All Perils,Sedan,30000 to 39000,0,5649,7,400,4,more than 30,more than 30,none,7 years,36 to 40,No,No,External,more than 5,no change,1 vehicle,1994,All Perils
4,1,4,Mazda,Urban,1,4,2,Male,Married,46,Policy Holder,Sedan - Liability,Sport,20000 to 29000,0,5650,4,400,2,more than 30,more than 30,2 to 4,7 years,41 to 50,No,No,External,none,4 to 8 years,2 vehicles,1994,Liability
3,4,2,Honda,Urban,3,3,1,Male,Single,0,Policy Holder,Sedan - Liability,Sport,more than 69000,0,5651,11,400,3,more than 30,more than 30,2 to 4,new,16 to 17,No,No,External,none,no change,1 vehicle,1994,Liability
3,4,7,Pontiac,Urban,1,3,4,Male,Married,44,Third Party,Sedan - Collision,Sedan,20000 to 29000,0,5652,2,400,2,more than 30,more than 30,2 to 4,7 years,36 to 40,No,No,External,none,no change,1 vehicle,1994,Collision
3,3,6,Mazda,Urban,5,4,4,Male,Married,38,Policy Holder,Sedan - Collision,Sedan,20000 to 29000,0,5653,15,400,2,more than 30,more than 30,2 to 4,7 years,36 to 40,No,No,External,more than 5,no change,1 vehicle,1994,Collision
3,3,2,Chevrolet,Urban,3,3,1,Male,Single,49,Policy Holder,Sedan - All Perils,Sedan,more than 69000,0,5654,9,400,3,more than 30,more than 30,1,more than 7,41 to 50,No,No,External,more than 5,no change,1 vehicle,1994,All Perils
3,2,7,Toyota,Urban,4,3,2,Male,Married,28,Third Party,Sedan - Collision,Sedan,20000 to 29000,0,5655,12,400,4,more than 30,more than 30,2 to 4,6 years,31 to 35,No,No,External,none,no change,1 vehicle,1994,Collision
3,1,4,Honda,Urban,4,3,3,Male,Married,45,Third Party,Sedan - All Perils,Sedan,20000 to 29000,0,5656,8,400,1,more than 30,more than 30,none,7 years,36 to 40,No,No,External,more than 5,no change,1 vehicle,1994,All Perils
3,1,6,Mazda,Urban,4,3,1,Male,Married,41,Third Party,Sedan - All Perils,Sedan,20000 to 29000,0,5657,7,400,1,more than 30,more than 30,none,7 years,36 to 40,No,No,External,none,no change,1 vehicle,1994,All Perils
2,4,6,Toyota,Urban,2,3,1,Male,Married,63,Policy Holder,Sedan - Liability,Sport,20000 to 29000,0,5658,8,400,2,more than 30,more than 30,more than 4,more than 7,51 to 65,No,No,External,none,no change,1 vehicle,1994,Liability
2,4,5,Toyota,Urban,1,2,1,Male,Married,35,Third Party,Sedan - All Perils,Sedan,20000 to 29000,0,5659,10,400,3,more than 30,more than 30,1,6 years,31 to 35,No,No,External,more than 5,no change,3 to 4,1994,All Perils
2,3,4,Pontiac,Urban,4,2,4,Male,Married,44,Third Party,Sedan - All Perils,Sedan,less than 20000,0,5660,3,400,4,more than 30,more than 30,none,more than 7,36 to 40,No,No,External,none,no change,1 vehicle,1994,All Perils
2,3,1,Chevrolet,Rural,2,2,3,Male,Married,47,Policy Holder,Sedan - Liability,Sport,40000 to 59000,0,5661,7,400,1,more than 30,more than 30,2 to 4,more than 7,41 to 50,No,No,External,more than 5,no change,1 vehicle,1994,Liability
2,3,6,Chevrolet,Urban,1,2,4,Female,Married,54,Policy Holder,Sedan - All Perils,Sedan,20000 to 29000,0,5662,3,300,4,more than 30,more than 30,2 to 4,2 years,41 to 50,No,No,External,none,2 to 3 years,1 vehicle,1994,All Perils
2,2,2,Pontiac,Urban,3,2,3,Female,Single,21,Policy Holder,Sedan - Liability,Sport,20000 to 29000,0,5663,14,400,3,more than 30,more than 30,2 to 4,5 years,26 to 30,No,No,External,3 to 5,no change,1 vehicle,1994,Liability
2,2,2,Toyota,Urban,4,2,2,Female,Married,35,Policy Holder,Sedan - Collision,Sedan,30000 to 39000,0,5664,10,400,4,more than 30,more than 30,none,7 years,31 to 35,No,No,External,none,no change,1 vehicle,1994,Collision
2,2,3,Chevrolet,Urban,4,2,2,Male,Married,42,Third Party,Sedan - Liability,Sport,40000 to 59000,0,5665,1,400,4,more than 30,more than 30,2 to 4,7 years,36 to 40,No,No,External,more than 5,no change,1 vehicle,1994,Liability
2,1,2,Pontiac,Urban,3,1,1,Male,Single,33,Third Party,Sedan - Collision,Sedan,20000 to 29000,0,5666,3,400,1,more than 30,more than 30,none,6 years,31 to 35,No,No,External,none,no change,1 vehicle,1994,Collision
1,4,2,Toyota,Urban,4,1,4,Female,Single,29,Third Party,Sedan - Liability,Sport,20000 to 29000,0,5667,12,400,4,more than 30,more than 30,2 to 4,5 years,31 to 35,No,No,External,none,no change,1 vehicle,1994,Liability
1,1,4,Honda,Urban,5,1,3,Male,Single,0,Policy Holder,Sedan - Collision,Sedan,more than 69000,0,5668,13,400,1,more than 30,more than 30,1,new,16 to 17,No,No,External,none,no change,1 vehicle,1994,Collision
12,5,3,Pontiac,Urban,2,11,4,Male,Married,38,Policy Holder,Utility - All Perils,Utility,40000 to 59000,0,5669,11,400,1,more than 30,more than 30,more than 4,6 years,36 to 40,No,No,External,none,no change,1 vehicle,1994,All Perils
11,1,3,Honda,Urban,3,8,5,Male,Single,0,Third Party,Sedan - Liability,Sport,more than 69000,0,5670,8,400,4,more than 30,more than 30,2 to 4,new,16 to 17,No,No,External,none,no change,1 vehicle,1994,Liability
7,5,3,Toyota,Urban,1,1,1,Male,Married,54,Third Party,Sedan - Collision,Sedan,20000 to 29000,0,5671,14,400,4,more than 30,more than 30,none,more than 7,41 to 50,No,No,External,none,4 to 8 years,2 vehicles,1994,Collision
12,5,4,Chevrolet,Urban,1,3,4,Male,Single,35,Policy Holder,Sedan - Liability,Sport,20000 to 29000,0,5672,15,400,3,more than 30,more than 30,2 to 4,6 years,31 to 35,No,No,External,none,no change,1 vehicle,1994,Liability
3,2,6,Pontiac,Urban,1,6,3,Male,Married,47,Policy Holder,Sedan - All Perils,Sedan,20000 to 29000,0,5673,16,400,1,more than 30,more than 30,2 to 4,more than 7,41 to 50,No,No,External,3 to 5,no change,1 vehicle,1994,All Perils
6,2,6,Honda,Urban,4,8,2,Male,Married,39,Third Party,Sport - Collision,Sport,more than 69000,0,5674,7,700,1,more than 30,more than 30,none,7 years,36 to 40,No,No,External,1 to 2,no change,1 vehicle,1994,Collision
8,2,1,Accura,Rural,2,5,3,Male,Married,35,Policy Holder,Sedan - Collision,Sedan,30000 to 39000,1,5675,5,400,1,more than 30,more than 30,2 to 4,7 years,31 to 35,No,No,External,more than 5,no change,1 vehicle,1994,Collision
5,2,6,Honda,Urban,2,6,2,Female,Single,26,Policy Holder,Sedan - Liability,Sport,20000 to 29000,0,5676,8,400,3,more than 30,more than 30,1,6 years,31 to 35,No,No,External,none,no change,1 vehicle,1994,Liability
6,3,6,Mazda,Urban,2,6,4,Male,Married,53,Third Party,Sedan - All Perils,Sedan,more than 69000,0,5677,3,400,4,more than 30,more than 30,2 to 4,more than 7,41 to 50,No,No,External,more than 5,no change,1 vehicle,1994,All Perils
6,3,6,Toyota,Urban,2,8,4,Male,Married,57,Policy Holder,Sedan - Collision,Sedan,20000 to 29000,0,5678,14,400,4,more than 30,more than 30,2 to 4,more than 7,51 to 65,No,No,External,more than 5,no change,1 vehicle,1994,Collision
8,2,3,Pontiac,Rural,5,8,5,Male,Married,49,Policy Holder,Sedan - Liability,Sport,more than 69000,0,5679,1,400,4,more than 30,more than 30,none,more than 7,41 to 50,No,No,External,more than 5,no change,1 vehicle,1994,Liability
8,3,1,Honda,Urban,2,12,4,Female,Married,39,Policy Holder,Sedan - Collision,Sedan,20000 to 29000,0,5680,13,400,3,more than 30,more than 30,2 to 4,7 years,36 to 40,No,No,External,more than 5,no change,1 vehicle,1994,Collision
12,2,6,Pontiac,Urban,3,8,2,Male,Married,58,Policy Holder,Sedan - Liability,Sport,20000 to 29000,0,5681,10,400,2,more than 30,more than 30,2 to 4,5 years,51 to 65,No,No,External,none,no change,1 vehicle,1994,Liability
8,2,5,Mazda,Rural,1,11,3,Male,Married,46,Policy Holder,Sedan - Collision,Sedan,30000 to 39000,1,5682,13,400,2,more than 30,more than 30,none,7 years,41 to 50,No,No,External,none,no change,1 vehicle,1994,Collision
11,3,6,Toyota,Urban,2,4,4,Male,Married,58,Policy Holder,Sedan - Liability,Sport,20000 to 29000,0,5683,13,400,4,more than 30,more than 30,2 to 4,more than 7,51 to 65,No,No,External,none,no change,1 vehicle,1994,Liability
4,4,7,Mazda,Urban,5,8,4,Male,Married,38,Third Party,Sedan - Collision,Sedan,20000 to 29000,0,5684,2,400,1,more than 30,more than 30,1,more than 7,36 to 40,No,No,External,none,no change,1 vehicle,1994,Collision
8,3,4,Toyota,Urban,5,7,3,Male,Single,32,Policy Holder,Sedan - All Perils,Sedan,20000 to 29000,1,5685,4,400,3,more than 30,more than 30,more than 4,6 years,31 to 35,No,No,External,more than 5,no change,1 vehicle,1994,All Perils
7,3,3,Pontiac,Urban,3,7,4,Male,Married,33,Policy Holder,Sedan - Collision,Sedan,30000 to 39000,0,5686,4,400,3,more than 30,more than 30,2 to 4,6 years,31 to 35,No,No,External,more than 5,no change,1 vehicle,1994,Collision
7,2,4,Toyota,Urban,3,11,2,Male,Married,32,Policy Holder,Sedan - Collision,Sedan,20000 to 29000,0,5687,13,400,4,more than 30,more than 30,2 to 4,7 years,31 to 35,No,No,External,none,no change,1 vehicle,1994,Collision
11,2,7,Pontiac,Urban,4,8,3,Male,Married,29,Third Party,Sedan - Liability,Sport,30000 to 39000,0,5688,12,400,2,more than 30,more than 30,2 to 4,6 years,31 to 35,No,No,External,more than 5,no change,1 vehicle,1994,Liability
8,3,2,Toyota,Rural,4,4,3,Male,Married,35,Policy Holder,Sedan - Collision,Sedan,20000 to 29000,1,5689,13,400,3,more than 30,more than 30,1,6 years,31 to 35,No,No,External,none,no change,1 vehicle,1994,Collision
4,4,1,Pontiac,Urban,2,5,5,Male,Married,46,Policy Holder,Sedan - Liability,Sport,20000 to 29000,0,5690,6,400,2,more than 30,more than 30,1,more than 7,41 to 50,No,No,External,none,no change,1 vehicle,1994,Liability
4,4,7,Honda,Urban,1,10,2,Male,Single,27,Policy Holder,Sedan - All Perils,Sedan,20000 to 29000,0,5691,5,400,3,more than 30,more than 30,none,6 years,31 to 35,No,No,External,none,no change,1 vehicle,1994,All Perils
8,3,5,Chevrolet,Urban,1,4,3,Male,Married,45,Policy Holder,Sedan - Collision,Sedan,30000 to 39000,1,5692,13,400,1,more than 30,more than 30,none,7 years,36 to 40,No,No,External,3 to 5,4 to 8 years,2 vehicles,1994,Collision
4,2,1,Toyota,Urban,3,6,2,Male,Single,35,Third Party,Sedan - Collision,Sedan,30000 to 39000,0,5693,13,400,1,more than 30,more than 30,1,7 years,31 to 35,No,No,External,more than 5,no change,1 vehicle,1994,Collision
6,2,7,Toyota,Urban,1,6,3,Male,Married,54,Policy Holder,Sedan - Collision,Sedan,20000 to 29000,0,5694,12,400,4,more than 30,more than 30,2 to 4,more than 7,41 to 50,No,No,External,none,no change,1 vehicle,1994,Collision
6,1,3,Honda,Urban,3,7,1,Female,Single,35,Policy Holder,Sedan - Collision,Sedan,20000 to 29000,0,5695,1,400,1,more than 30,more than 30,none,6 years,31 to 35,No,No,External,none,no change,1 vehicle,1994,Collision
7,4,5,Honda,Urban,1,8,4,Male,Married,51,Policy Holder,Sedan - Liability,Sport,more than 69000,0,5696,14,400,3,more than 30,more than 30,2 to 4,more than 7,41 to 50,No,No,External,1 to 2,no change,1 vehicle,1994,Liability
7,5,7,Pontiac,Urban,5,8,2,Male,Single,34,Third Party,Sedan - All Perils,Sedan,20000 to 29000,0,5697,14,400,3,more than 30,more than 30,none,5 years,31 to 35,No,No,External,more than 5,no change,1 vehicle,1994,All Perils
8,3,1,Toyota,Urban,3,8,3,Male,Married,35,Policy Holder,Sedan - Collision,Sedan,30000 to 39000,1,5698,5,400,1,more than 30,more than 30,2 to 4,5 years,31 to 35,No,No,External,none,no change,1 vehicle,1994,Collision
8,3,7,Pontiac,Urban,6,10,3,Male,Single,22,Policy Holder,Sedan - All Perils,Sedan,20000 to 29000,1,5699,14,400,4,more than 30,more than 30,1,5 years,26 to 30,No,No,External,1 to 2,no change,1 vehicle,1994,All Perils
9,3,2,Pontiac,Urban,1,10,3,Male,Married,39,Policy Holder,Sedan - All Perils,Sedan,less than 20000,0,5700,16,400,4,more than 30,more than 30,none,7 years,36 to 40,No,No,External,none,no change,3 to 4,1994,All Perils
10,3,7,Chevrolet,Urban,2,11,4,Male,Married,45,Policy Holder,Utility - All Perils,Utility,more than 69000,0,5701,12,400,3,more than 30,more than 30,1,more than 7,36 to 40,No,No,External,more than 5,no change,1 vehicle,1994,All Perils
11,1,1,Mazda,Urban,2,11,2,Male,Single,31,Policy Holder,Sedan - Collision,Sedan,20000 to 29000,0,5702,10,400,4,more than 30,more than 30,2 to 4,5 years,31 to 35,No,No,External,none,no change,1 vehicle,1994,Collision
11,2,2,Honda,Urban,3,4,2,Male,Single,28,Policy Holder,Sedan - Liability,Sport,30000 to 39000,0,5703,8,400,3,more than 30,more than 30,none,6 years,31 to 35,No,No,External,1 to 2,no change,1 vehicle,1994,Liability
4,1,6,Toyota,Urban,1,4,1,Male,Married,39,Policy Holder,Sedan - Collision,Sedan,20000 to 29000,0,5704,14,400,4,more than 30,more than 30,none,7 years,36 to 40,No,No,External,none,no change,1 vehicle,1994,Collision
3,4,7,Pontiac,Urban,2,5,1,Male,Single,31,Policy Holder,Sedan - Collision,Sedan,30000 to 39000,0,5705,9,400,2,more than 30,more than 30,2 to 4,6 years,31 to 35,No,No,External,more than 5,no change,1 vehicle,1994,Collision
5,2,5,Toyota,Urban,5,8,2,Male,Married,28,Third Party,Sedan - Collision,Sedan,20000 to 29000,0,5706,13,400,3,more than 30,more than 30,2 to 4,6 years,31 to 35,No,No,External,1 to 2,no change,1 vehicle,1994,Collision
8,4,7,Mazda,Urban,2,8,4,Male,Married,59,Policy Holder,Sedan - Liability,Sport,20000 to 29000,0,5707,9,400,1,more than 30,more than 30,none,more than 7,51 to 65,No,No,External,none,no change,1 vehicle,1994,Liability
8,3,2,Pontiac,Urban,3,9,4,Male,Married,22,Third Party,Sedan - All Perils,Sedan,20000 to 29000,0,5708,11,400,1,more than 30,more than 30,1,5 years,26 to 30,No,No,External,none,no change,1 vehicle,1994,All Perils
9,2,3,Honda,Urban,3,4,2,Male,Single,28,Policy Holder,Sedan - Liability,Sport,20000 to 29000,0,5709,13,400,1,more than 30,more than 30,more than 4,7 years,31 to 35,No,No,External,more than 5,no change,1 vehicle,1994,Liability
4,3,2,Honda,Urban,2,4,3,Male,Married,34,Policy Holder,Sedan - Liability,Sport,20000 to 29000,0,5710,7,400,2,more than 30,more than 30,more than 4,6 years,31 to 35,No,No,External,1 to 2,no change,1 vehicle,1994,Liability
3,5,1,Chevrolet,Urban,1,5,2,Male,Married,53,Policy Holder,Sedan - All Perils,Sedan,20000 to 29000,0,5711,4,400,1,more than 30,more than 30,none,more than 7,41 to 50,No,No,External,1 to 2,no change,1 vehicle,1994,All Perils
5,4,6,Toyota,Urban,3,6,4,Female,Married,51,Third Party,Sedan - Liability,Sport,20000 to 29000,0,5712,10,400,3,more than 30,more than 30,2 to 4,5 years,41 to 50,No,No,External,none,no change,1 vehicle,1994,Liability
5,4,2,Toyota,Urban,2,5,1,Male,Single,65,Policy Holder,Sedan - All Perils,Sedan,less than 20000,0,5713,16,500,2,more than 30,more than 30,1,more than 7,51 to 65,No,No,External,1 to 2,2 to 3 years,2 vehicles,1994,All Perils
5,3,4,Pontiac,Urban,1,7,3,Male,Married,51,Policy Holder,Sedan - Collision,Sedan,20000 to 29000,0,5714,10,400,3,more than 30,more than 30,none,more than 7,41 to 50,No,No,External,none,no change,1 vehicle,1994,Collision
7,3,2,Mazda,Urban,1,7,3,Male,Married,50,Policy Holder,Sedan - Liability,Sport,20000 to 29000,0,5715,9,400,2,more than 30,more than 30,1,7 years,41 to 50,No,No,External,none,no change,1 vehicle,1994,Liability
7,1,5,Toyota,Urban,1,8,2,Male,Married,44,Policy Holder,Sedan - All Perils,Sedan,more than 69000,0,5716,5,400,1,more than 30,more than 30,more than 4,7 years,36 to 40,No,No,External,1 to 2,no change,1 vehicle,1994,All Perils
8,3,5,Honda,Urban,1,12,4,Male,Married,60,Policy Holder,Sedan - Collision,Sedan,more than 69000,0,5717,14,400,3,more than 30,more than 30,1,more than 7,51 to 65,No,No,External,1 to 2,no change,1 vehicle,1994,Collision
12,3,4,Honda,Urban,2,5,3,Male,Married,66,Policy Holder,Sedan - Liability,Sport,20000 to 29000,0,5718,8,400,2,more than 30,more than 30,1,more than 7,over 65,No,No,External,none,no change,1 vehicle,1994,Liability
4,4,4,Pontiac,Urban,1,4,2,Male,Married,36,Policy Holder,Utility - All Perils,Utility,40000 to 59000,0,5719,7,400,1,more than 30,more than 30,more than 4,6 years,36 to 40,No,No,External,none,no change,1 vehicle,1994,All Perils
4,2,1,Pontiac,Urban,3,5,3,Male,Married,75,Policy Holder,Sedan - Collision,Sedan,20000 to 29000,0,5720,8,400,1,more than 30,more than 30,2 to 4,more than 7,over 65,No,No,External,none,no change,1 vehicle,1994,Collision
5,4,1,Toyota,Urban,2,8,4,Male,Married,43,Third Party,Sedan - Collision,Sedan,20000 to 29000,0,5721,8,400,4,more than 30,more than 30,1,6 years,36 to 40,Yes,Yes,External,none,no change,1 vehicle,1994,Collision
8,3,2,Mazda,Urban,1,11,3,Male,Married,28,Third Party,Sedan - All Perils,Sedan,30000 to 39000,0,5722,12,400,3,more than 30,more than 30,1,7 years,31 to 35,No,No,External,more than 5,no change,1 vehicle,1994,All Perils
8,5,2,Mazda,Urban,3,8,1,Male,Single,28,Policy Holder,Sedan - Collision,Sedan,30000 to 39000,0,5723,1,400,1,more than 30,more than 30,2 to 4,6 years,31 to 35,No,No,External,none,no change,1 vehicle,1994,Collision
8,2,5,Pontiac,Urban,5,10,2,Male,Single,43,Policy Holder,Sedan - Liability,Sport,30000 to 39000,0,5724,7,400,2,more than 30,more than 30,2 to 4,7 years,36 to 40,No,No,External,none,no change,1 vehicle,1994,Liability
9,5,7,Pontiac,Urban,3,12,1,Male,Single,30,Policy Holder,Sedan - All Perils,Sedan,20000 to 29000,0,5725,3,400,4,more than 30,more than 30,none,6 years,31 to 35,No,No,External,none,no change,1 vehicle,1994,All Perils
12,1,7,Honda,Urban,1,5,2,Male,Single,26,Policy Holder,Sedan - Liability,Sport,20000 to 29000,0,5726,15,400,1,more than 30,more than 30,1,7 years,31 to 35,No,No,External,more than 5,no change,1 vehicle,1994,Liability
5,3,2,Toyota,Urban,3,8,3,Male,Married,45,Policy Holder,Sedan - Liability,Sport,20000 to 29000,0,5727,7,400,4,more than 30,more than 30,2 to 4,more than 7,36 to 40,No,No,External,none,no change,1 vehicle,1994,Liability
8,3,7,Toyota,Urban,3,11,3,Male,Married,44,Policy Holder,Sedan - All Perils,Sedan,20000 to 29000,1,5728,10,400,3,more than 30,more than 30,1,7 years,36 to 40,No,No,External,more than 5,no change,1 vehicle,1994,All Perils
11,3,5,Pontiac,Urban,2,8,4,Female,Married,50,Third Party,Sedan - Collision,Sedan,less than 20000,0,5729,2,400,1,more than 30,more than 30,none,more than 7,41 to 50,No,No,External,none,no change,1 vehicle,1994,Collision
7,4,4,Mazda,Rural,5,7,2,Male,Married,52,Third Party,Sedan - Collision,Sedan,20000 to 29000,0,5730,3,400,4,more than 30,more than 30,none,more than 7,41 to 50,No,No,External,none,no change,1 vehicle,1994,Collision
7,4,2,Pontiac,Urban,3,9,4,Male,Married,52,Policy Holder,Sedan - Liability,Sport,30000 to 39000,0,5731,1,400,2,more than 30,more than 30,2 to 4,more than 7,41 to 50,No,No,External,3 to 5,no change,1 vehicle,1994,Liability
9,2,7,Mazda,Urban,3,5,3,Male,Single,33,Policy Holder,Sedan - Collision,Sedan,20000 to 29000,0,5732,7,400,2,more than 30,more than 30,2 to 4,5 years,31 to 35,No,No,External,none,no change,1 vehicle,1994,Collision
5,2,6,Honda,Urban,2,5,2,Male,Single,26,Third Party,Sedan - Liability,Sport,30000 to 39000,0,5733,15,400,3,more than 30,more than 30,2 to 4,6 years,31 to 35,No,No,External,none,no change,1 vehicle,1994,Liability
5,1,7,Mazda,Urban,4,10,2,Male,Married,51,Third Party,Sedan - All Perils,Sedan,20000 to 29000,0,5734,2,400,4,more than 30,more than 30,none,7 years,41 to 50,No,No,External,none,1 year,2 vehicles,1994,All Perils
8,2,6,Toyota,Urban,3,7,1,Male,Married,53,Policy Holder,Sedan - Collision,Sedan,20000 to 29000,0,5735,13,400,3,more than 30,more than 30,1,7 years,41 to 50,No,No,External,none,no change,1 vehicle,1994,Collision
7,2,4,Toyota,Urban,4,1,2,Male,Married,49,Policy Holder,Sedan - Liability,Sport,20000 to 29000,0,5736,2,700,4,more than 30,more than 30,1,more than 7,41 to 50,No,No,External,none,no change,1 vehicle,1994,Liability
12,4,5,Toyota,Urban,4,12,2,Male,Married,44,Policy Holder,Sedan - Collision,Sedan,20000 to 29000,0,5737,16,400,3,more than 30,more than 30,2 to 4,7 years,36 to 40,No,No,External,none,no change,1 vehicle,1994,Collision
12,1,3,Honda,Urban,5,1,2,Male,Married,35,Third Party,Sedan - Collision,Sedan,30000 to 39000,0,5738,6,400,3,more than 30,more than 30,2 to 4,6 years,31 to 35,Yes,Yes,External,more than 5,no change,1 vehicle,1994,Collision
12,3,5,Toyota,Urban,5,1,5,Male,Single,30,Third Party,Sedan - All Perils,Sedan,20000 to 29000,0,5739,8,400,3,more than 30,more than 30,none,6 years,31 to 35,No,No,External,more than 5,no change,1 vehicle,1994,All Perils
1,5,5,Toyota,Urban,1,1,5,Female,Widow,47,Policy Holder,Sedan - All Perils,Sedan,more than 69000,0,5740,16,400,1,more than 30,more than 30,2 to 4,more than 7,41 to 50,No,Yes,External,none,no change,1 vehicle,1994,All Perils
1,4,7,Honda,Urban,4,3,4,Male,Married,41,Policy Holder,Sedan - Liability,Sport,20000 to 29000,0,5741,15,400,2,more than 30,more than 30,more than 4,7 years,36 to 40,No,No,External,none,no change,3 to 4,1994,Liability
1,3,6,Ford,Rural,2,9,1,Male,Married,41,Policy Holder,Sedan - Collision,Sedan,30000 to 39000,0,5742,8,400,1,more than 30,more than 30,none,more than 7,36 to 40,No,No,External,3 to 5,no change,1 vehicle,1994,Collision
9,4,2,Mazda,Urban,3,8,4,Male,Single,32,Third Party,Sedan - Liability,Sport,30000 to 39000,0,5743,7,400,3,more than 30,more than 30,1,6 years,31 to 35,No,No,External,none,no change,1 vehicle,1994,Liability
8,3,7,Mazda,Urban,4,1,3,Female,Married,32,Policy Holder,Sedan - All Perils,Sedan,20000 to 29000,1,5744,1,400,3,more than 30,more than 30,none,4 years,31 to 35,No,No,External,more than 5,no change,1 vehicle,1994,All Perils
1,3,4,Toyota,Urban,4,1,3,Male,Single,22,Policy Holder,Sedan - Collision,Sedan,30000 to 39000,0,5745,15,400,4,more than 30,more than 30,2 to 4,5 years,26 to 30,No,No,External,none,no change,1 vehicle,1994,Collision
1,2,3,Honda,Urban,2,4,3,Male,Single,23,Policy Holder,Sedan - Collision,Sedan,20000 to 29000,0,5746,1,400,1,more than 30,more than 30,2 to 4,5 years,26 to 30,No,No,External,none,no change,1 vehicle,1994,Collision
1,2,3,Mazda,Urban,1,11,4,Female,Single,27,Third Party,Sedan - All Perils,Sedan,20000 to 29000,0,5747,1,400,2,more than 30,more than 30,2 to 4,7 years,31 to 35,No,No,External,none,no change,1 vehicle,1994,All Perils
11,4,3,Mazda,Urban,2,11,4,Female,Single,31,Third Party,Sedan - Collision,Sedan,20000 to 29000,0,5748,5,400,4,more than 30,more than 30,none,6 years,31 to 35,No,No,External,1 to 2,no change,1 vehicle,1994,Collision
10,2,2,Pontiac,Urban,2,11,3,Male,Single,30,Policy Holder,Sedan - Collision,Sedan,20000 to 29000,0,5749,10,400,4,more than 30,more than 30,more than 4,7 years,31 to 35,No,No,External,none,no change,1 vehicle,1994,Collision
11,4,5,Toyota,Urban,1,9,4,Male,Married,62,Policy Holder,Sedan - Collision,Sedan,20000 to 29000,0,5750,11,400,4,more than 30,more than 30,none,7 years,51 to 65,No,No,External,3 to 5,no change,1 vehicle,1994,Collision
9,1,6,Mazda,Urban,2,8,1,Male,Married,44,Policy Holder,Sedan - Collision,Sedan,20000 to 29000,0,5751,12,400,1,more than 30,more than 30,1,7 years,36 to 40,No,No,External,none,no change,1 vehicle,1994,Collision
7,3,5,Toyota,Urban,3,6,1,Female,Married,38,Policy Holder,Sedan - Collision,Sedan,20000 to 29000,0,5752,10,400,4,more than 30,more than 30,2 to 4,5 years,36 to 40,No,No,External,3 to 5,no change,1 vehicle,1994,Collision
6,4,3,Accura,Urban,4,6,5,Male,Married,63,Policy Holder,Sedan - Liability,Sport,more than 69000,0,5753,11,400,3,more than 30,more than 30,2 to 4,more than 7,51 to 65,No,No,External,more than 5,no change,1 vehicle,1994,Liability
6,1,3,Honda,Urban,4,12,1,Male,Married,44,Policy Holder,Sedan - Liability,Sport,20000 to 29000,0,5754,6,400,4,more than 30,more than 30,1,7 years,36 to 40,No,No,External,none,no change,1 vehicle,1994,Liability
12,2,2,Mazda,Urban,2,7,3,Female,Married,38,Third Party,Sedan - All Perils,Sedan,more than 69000,0,5755,14,400,4,more than 30,more than 30,none,7 years,36 to 40,No,No,External,more than 5,4 to 8 years,2 vehicles,1994,All Perils
7,3,3,Chevrolet,Urban,4,7,3,Male,Single,29,Policy Holder,Sedan - Liability,Sport,40000 to 59000,0,5756,16,400,1,more than 30,more than 30,2 to 4,6 years,31 to 35,No,No,External,3 to 5,no change,1 vehicle,1994,Liability
7,3,1,Mazda,Urban,5,7,3,Male,Single,21,Third Party,Sedan - All Perils,Sedan,less than 20000,0,5757,16,400,3,more than 30,more than 30,none,5 years,26 to 30,Yes,No,External,none,no change,1 vehicle,1994,All Perils
5,5,1,Toyota,Urban,2,5,4,Male,Single,29,Policy Holder,Sedan - Collision,Sedan,30000 to 39000,0,5758,13,400,2,more than 30,more than 30,1,7 years,31 to 35,No,No,External,more than 5,no change,1 vehicle,1994,Collision
5,4,1,Toyota,Urban,1,5,4,Female,Single,39,Policy Holder,Sedan - Liability,Sport,20000 to 29000,0,5759,16,400,3,more than 30,more than 30,2 to 4,7 years,36 to 40,No,No,External,none,no change,1 vehicle,1994,Liability
5,4,5,Toyota,Urban,3,5,4,Male,Married,56,Third Party,Sedan - All Perils,Sedan,20000 to 29000,0,5760,9,400,3,more than 30,more than 30,2 to 4,more than 7,51 to 65,No,No,External,none,no change,1 vehicle,1994,All Perils
5,3,3,Mazda,Urban,3,8,4,Male,Single,19,Third Party,Sedan - Collision,Sedan,20000 to 29000,0,5761,3,400,1,more than 30,more than 30,none,3 years,21 to 25,No,No,External,none,no change,1 vehicle,1994,Collision
8,3,7,Pontiac,Urban,4,11,5,Male,Married,35,Policy Holder,Sedan - All Perils,Sedan,20000 to 29000,1,5762,9,400,4,more than 30,more than 30,2 to 4,6 years,31 to 35,No,No,External,1 to 2,no change,1 vehicle,1994,All Perils
10,5,2,Pontiac,Urban,4,11,1,Male,Married,27,Third Party,Sedan - Liability,Sport,20000 to 29000,0,5763,11,400,4,more than 30,more than 30,more than 4,6 years,31 to 35,No,No,External,3 to 5,no change,1 vehicle,1994,Liability
11,1,5,Toyota,Rural,1,9,1,Male,Married,50,Policy Holder,Sedan - All Perils,Sedan,20000 to 29000,0,5764,10,500,2,more than 30,more than 30,1,more than 7,41 to 50,No,No,External,more than 5,2 to 3 years,1 vehicle,1994,All Perils
9,3,3,Toyota,Urban,3,8,3,Male,Married,51,Third Party,Sedan - All Perils,Sedan,20000 to 29000,0,5765,2,400,3,more than 30,more than 30,1,more than 7,41 to 50,No,No,External,more than 5,no change,1 vehicle,1994,All Perils
8,3,3,Mazda,Urban,1,8,4,Male,Married,78,Third Party,Sedan - All Perils,Sedan,30000 to 39000,0,5766,3,400,2,more than 30,more than 30,2 to 4,6 years,over 65,No,No,External,none,no change,1 vehicle,1994,All Perils
8,3,3,Accura,Urban,2,5,4,Male,Married,36,Policy Holder,Sedan - All Perils,Sedan,30000 to 39000,1,5767,4,700,3,more than 30,more than 30,none,7 years,36 to 40,No,No,External,none,no change,1 vehicle,1994,All Perils
5,3,2,Pontiac,Urban,5,5,4,Male,Married,35,Policy Holder,Sedan - Liability,Sport,more than 69000,0,5768,14,400,2,more than 30,more than 30,more than 4,7 years,31 to 35,No,No,External,more than 5,no change,1 vehicle,1994,Liability
5,2,4,Mazda,Urban,1,11,2,Male,Married,47,Policy Holder,Sedan - Liability,Sport,30000 to 39000,0,5769,2,400,3,more than 30,more than 30,2 to 4,7 years,41 to 50,No,No,External,1 to 2,no change,1 vehicle,1994,Liability
11,3,5,Pontiac,Urban,1,11,3,Male,Married,50,Third Party,Sedan - Collision,Sedan,30000 to 39000,0,5770,10,400,3,more than 30,more than 30,2 to 4,more than 7,41 to 50,No,No,External,3 to 5,no change,1 vehicle,1994,Collision
11,3,4,Pontiac,Rural,2,8,3,Female,Single,35,Policy Holder,Sedan - Collision,Sedan,20000 to 29000,0,5771,10,400,2,more than 30,more than 30,2 to 4,6 years,31 to 35,No,No,External,none,no change,1 vehicle,1994,Collision
8,3,3,Pontiac,Urban,5,8,4,Male,Married,39,Third Party,Sedan - Collision,Sedan,30000 to 39000,0,5772,2,400,4,more than 30,more than 30,none,more than 7,36 to 40,No,No,External,more than 5,no change,1 vehicle,1994,Collision
8,3,2,Pontiac,Urban,2,5,4,Male,Married,36,Policy Holder,Sedan - Collision,Sedan,20000 to 29000,0,5773,11,400,4,more than 30,more than 30,none,more than 7,36 to 40,No,No,External,none,no change,1 vehicle,1994,Collision
5,1,7,Mazda,Urban,5,4,1,Male,Single,29,Policy Holder,Sedan - Liability,Sport,20000 to 29000,0,5774,16,400,4,more than 30,more than 30,2 to 4,6 years,31 to 35,No,No,External,more than 5,no change,1 vehicle,1994,Liability
4,3,4,Honda,Urban,5,8,4,Male,Married,34,Policy Holder,Sedan - Liability,Sport,20000 to 29000,0,5775,14,400,3,more than 30,more than 30,2 to 4,7 years,31 to 35,No,No,External,1 to 2,no change,1 vehicle,1994,Liability
8,3,5,Pontiac,Urban,4,11,3,Male,Married,32,Policy Holder,Sedan - All Perils,Sedan,less than 20000,1,5776,5,400,2,more than 30,more than 30,1,7 years,31 to 35,No,No,External,none,4 to 8 years,2 vehicles,1994,All Perils
11,1,4,Chevrolet,Rural,5,8,2,Male,Married,51,Policy Holder,Sedan - Collision,Sedan,20000 to 29000,0,5777,2,400,2,more than 30,more than 30,2 to 4,7 years,41 to 50,No,No,External,none,no change,1 vehicle,1994,Collision
8,3,5,Accura,Rural,3,11,3,Male,Married,32,Policy Holder,Sedan - Collision,Sedan,more than 69000,1,5778,1,400,4,more than 30,more than 30,none,6 years,31 to 35,No,No,External,1 to 2,no change,1 vehicle,1994,Collision
10,5,1,Toyota,Urban,4,10,1,Male,Married,30,Third Party,Sedan - Liability,Sport,20000 to 29000,0,5779,16,400,2,more than 30,more than 30,1,7 years,31 to 35,No,No,External,more than 5,no change,1 vehicle,1994,Liability
10,4,4,Honda,Urban,5,8,4,Male,Married,30,Third Party,Sedan - Collision,Sedan,20000 to 29000,0,5780,4,400,1,more than 30,more than 30,1,6 years,31 to 35,No,No,External,none,no change,1 vehicle,1994,Collision
8,3,1,Toyota,Urban,3,7,3,Male,Single,31,Policy Holder,Sedan - All Perils,Sedan,20000 to 29000,1,5781,9,400,1,more than 30,more than 30,none,5 years,31 to 35,No,No,External,none,no change,1 vehicle,1994,All Perils
7,3,2,Toyota,Urban,2,6,4,Male,Married,67,Policy Holder,Sedan - All Perils,Sedan,20000 to 29000,0,5782,6,400,3,more than 30,more than 30,2 to 4,more than 7,over 65,No,No,External,3 to 5,no change,3 to 4,1994,All Perils
6,4,5,Honda,Urban,5,3,4,Male,Single,17,Policy Holder,Sport - Collision,Sport,more than 69000,0,5783,8,400,4,more than 30,more than 30,none,2 years,18 to 20,No,No,External,none,no change,1 vehicle,1994,Collision
3,2,7,Pontiac,Urban,2,3,2,Male,Married,42,Third Party,Sedan - All Perils,Sedan,20000 to 29000,0,5784,15,400,2,more than 30,more than 30,none,7 years,36 to 40,No,No,External,none,no change,1 vehicle,1994,All Perils
3,2,1,Pontiac,Urban,5,4,3,Male,Single,35,Policy Holder,Sedan - Collision,Sedan,20000 to 29000,0,5785,2,400,4,more than 30,more than 30,2 to 4,6 years,31 to 35,No,No,External,none,no change,1 vehicle,1994,Collision
3,5,3,Pontiac,Rural,2,4,1,Male,Single,28,Third Party,Sedan - Liability,Sport,30000 to 39000,0,5786,3,400,4,more than 30,more than 30,more than 4,5 years,31 to 35,No,No,External,none,no change,1 vehicle,1994,Liability
4,1,3,Saturn,Urban,2,4,2,Male,Married,41,Policy Holder,Sedan - All Perils,Sedan,20000 to 29000,0,5787,8,400,2,more than 30,more than 30,none,7 years,36 to 40,No,No,External,none,no change,1 vehicle,1994,All Perils
4,1,4,Dodge,Urban,3,4,2,Male,Single,37,Third Party,Sedan - All Perils,Sedan,30000 to 39000,0,5788,9,400,1,more than 30,more than 30,2 to 4,7 years,36 to 40,No,No,External,1 to 2,no change,1 vehicle,1994,All Perils
4,2,7,Honda,Urban,4,4,2,Male,Married,33,Third Party,Sedan - Liability,Sport,20000 to 29000,0,5789,11,400,3,more than 30,more than 30,2 to 4,6 years,31 to 35,No,No,External,none,no change,1 vehicle,1994,Liability
4,2,5,Honda,Urban,1,4,3,Male,Married,37,Policy Holder,Sedan - Liability,Sport,20000 to 29000,0,5790,9,400,2,more than 30,more than 30,2 to 4,7 years,36 to 40,No,No,External,none,no change,1 vehicle,1994,Liability
4,3,1,Chevrolet,Urban,3,4,3,Male,Married,28,Third Party,Utility - All Perils,Utility,more than 69000,0,5791,7,400,2,more than 30,more than 30,1,7 years,31 to 35,No,No,External,none,no change,1 vehicle,1994,All Perils
4,4,5,Honda,Urban,5,5,4,Male,Married,43,Policy Holder,Sedan - Liability,Sport,20000 to 29000,0,5792,7,400,2,more than 30,more than 30,more than 4,7 years,36 to 40,No,No,External,1 to 2,no change,1 vehicle,1994,Liability
5,1,5,Honda,Urban,3,6,2,Male,Married,42,Policy Holder,Sedan - Liability,Sport,20000 to 29000,0,5793,16,400,2,more than 30,more than 30,more than 4,7 years,36 to 40,No,No,External,none,no change,1 vehicle,1994,Liability
5,4,1,Honda,Rural,1,6,2,Male,Married,48,Policy Holder,Sedan - Liability,Sport,30000 to 39000,0,5794,13,400,4,more than 30,more than 30,2 to 4,more than 7,41 to 50,No,No,External,none,no change,1 vehicle,1994,Liability
6,1,3,Mazda,Urban,1,6,2,Female,Married,35,Third Party,Sedan - All Perils,Sedan,20000 to 29000,0,5795,14,400,3,more than 30,more than 30,none,6 years,31 to 35,No,No,External,none,no change,1 vehicle,1994,All Perils
6,2,4,Honda,Urban,4,6,2,Male,Married,64,Policy Holder,Sedan - Collision,Sedan,30000 to 39000,0,5796,11,400,1,more than 30,more than 30,2 to 4,more than 7,51 to 65,No,No,External,more than 5,no change,1 vehicle,1994,Collision
6,2,3,Toyota,Urban,1,6,2,Male,Married,26,Policy Holder,Sedan - Collision,Sedan,20000 to 29000,0,5797,2,400,2,15 to 30,15 to 30,1,6 years,31 to 35,No,No,External,none,4 to 8 years,2 vehicles,1994,Collision
6,3,5,Toyota,Urban,1,9,4,Male,Single,33,Policy Holder,Sedan - Liability,Sport,30000 to 39000,0,5798,13,700,1,more than 30,more than 30,2 to 4,7 years,31 to 35,No,No,External,none,no change,1 vehicle,1994,Liability
8,3,3,Accura,Urban,3,6,1,Male,Single,24,Policy Holder,Sedan - Liability,Sport,30000 to 39000,1,5799,15,400,2,more than 30,more than 30,2 to 4,6 years,26 to 30,No,No,External,1 to 2,no change,1 vehicle,1994,Liability
6,5,4,Chevrolet,Urban,5,7,5,Male,Married,52,Third Party,Sedan - All Perils,Sedan,more than 69000,0,5800,3,400,4,more than 30,more than 30,1,more than 7,41 to 50,No,No,External,none,no change,1 vehicle,1994,All Perils
7,2,2,Toyota,Urban,3,8,2,Male,Single,34,Policy Holder,Sedan - All Perils,Sedan,less than 20000,0,5801,3,400,1,more than 30,more than 30,1,7 years,31 to 35,No,No,External,more than 5,no change,1 vehicle,1994,All Perils
8,3,1,Pontiac,Urban,2,10,3,Male,Married,55,Policy Holder,Utility - All Perils,Utility,more than 69000,0,5802,9,400,1,more than 30,more than 30,2 to 4,more than 7,41 to 50,No,No,External,1 to 2,no change,1 vehicle,1994,All Perils
9,3,3,Mazda,Urban,5,10,1,Male,Single,29,Policy Holder,Sedan - All Perils,Sedan,20000 to 29000,0,5803,15,400,3,more than 30,more than 30,2 to 4,6 years,31 to 35,No,No,External,none,no change,1 vehicle,1994,All Perils
9,4,2,Pontiac,Urban,2,9,4,Male,Married,46,Policy Holder,Sedan - Liability,Sport,30000 to 39000,0,5804,2,400,4,more than 30,more than 30,2 to 4,more than 7,41 to 50,No,No,External,3 to 5,no change,1 vehicle,1994,Liability
9,4,2,Pontiac,Urban,2,10,4,Female,Divorced,29,Policy Holder,Sedan - Liability,Sport,20000 to 29000,0,5805,13,400,2,more than 30,more than 30,1,7 years,31 to 35,No,No,External,none,no change,1 vehicle,1994,Liability
10,3,7,Toyota,Urban,1,10,3,Male,Married,40,Policy Holder,Sedan - Liability,Sport,more than 69000,0,5806,14,400,1,more than 30,more than 30,2 to 4,7 years,36 to 40,No,No,External,3 to 5,no change,1 vehicle,1994,Liability
10,4,5,Honda,Urban,4,10,4,Male,Married,59,Policy Holder,Sedan - Collision,Sedan,20000 to 29000,0,5807,12,400,3,more than 30,more than 30,more than 4,more than 7,51 to 65,No,No,External,more than 5,no change,1 vehicle,1994,Collision
8,3,3,Ford,Urban,4,11,1,Male,Married,43,Third Party,Utility - All Perils,Utility,30000 to 39000,0,5808,11,400,1,more than 30,more than 30,2 to 4,7 years,36 to 40,No,No,External,none,no change,1 vehicle,1994,All Perils
11,1,5,Toyota,Urban,5,11,1,Male,Single,27,Policy Holder,Sedan - Liability,Sport,30000 to 39000,0,5809,3,400,4,more than 30,more than 30,2 to 4,6 years,31 to 35,No,No,External,none,no change,1 vehicle,1994,Liability
11,1,2,Toyota,Urban,4,3,1,Male,Married,29,Policy Holder,Sedan - Collision,Sedan,20000 to 29000,0,5810,8,400,4,more than 30,more than 30,more than 4,7 years,31 to 35,No,No,External,none,no change,1 vehicle,1994,Collision
3,3,1,Honda,Urban,2,3,3,Female,Single,34,Policy Holder,Sedan - All Perils,Sedan,less than 20000,0,5811,15,400,4,more than 30,more than 30,1,5 years,31 to 35,No,No,External,none,no change,1 vehicle,1994,All Perils
3,2,1,Honda,Urban,1,3,3,Male,Married,43,Policy Holder,Sedan - Collision,Sedan,30000 to 39000,0,5812,9,400,2,more than 30,more than 30,1,7 years,36 to 40,No,No,External,3 to 5,no change,1 vehicle,1994,Collision
3,2,4,Honda,Urban,5,4,2,Female,Married,38,Policy Holder,Sedan - Collision,Sedan,20000 to 29000,0,5813,15,400,3,more than 30,more than 30,1,6 years,36 to 40,No,No,External,none,no change,1 vehicle,1994,Collision
4,1,4,Mazda,Urban,1,4,2,Male,Married,57,Third Party,Sedan - All Perils,Sedan,20000 to 29000,0,5814,4,400,1,more than 30,more than 30,2 to 4,7 years,51 to 65,No,No,External,none,no change,1 vehicle,1994,All Perils
4,1,1,Toyota,Urban,3,5,2,Male,Married,68,Policy Holder,Sedan - Liability,Sport,20000 to 29000,0,5815,11,500,3,more than 30,more than 30,2 to 4,more than 7,over 65,No,No,External,none,2 to 3 years,1 vehicle,1994,Liability
5,2,7,Honda,Urban,2,7,2,Male,Single,42,Policy Holder,Sedan - Liability,Sport,20000 to 29000,0,5816,14,400,1,more than 30,more than 30,2 to 4,7 years,36 to 40,No,No,External,none,no change,1 vehicle,1994,Liability
7,1,3,Pontiac,Urban,3,7,1,Male,Married,40,Policy Holder,Sedan - Collision,Sedan,20000 to 29000,0,5817,2,400,3,more than 30,more than 30,more than 4,5 years,36 to 40,No,No,External,more than 5,no change,1 vehicle,1994,Collision
7,2,2,Honda,Urban,2,7,3,Male,Married,41,Third Party,Sedan - All Perils,Sedan,30000 to 39000,0,5818,7,400,1,more than 30,more than 30,none,7 years,36 to 40,No,No,External,none,4 to 8 years,2 vehicles,1994,All Perils
7,2,1,Toyota,Urban,1,7,2,Male,Married,61,Policy Holder,Sedan - All Perils,Sedan,20000 to 29000,0,5819,3,400,2,more than 30,more than 30,none,more than 7,51 to 65,No,No,External,more than 5,no change,1 vehicle,1994,All Perils
7,3,6,Mazda,Urban,1,7,3,Male,Married,37,Policy Holder,Sedan - Collision,Sedan,20000 to 29000,0,5820,4,400,2,more than 30,more than 30,2 to 4,7 years,36 to 40,No,No,External,none,no change,1 vehicle,1994,Collision
7,3,6,Chevrolet,Urban,3,8,3,Male,Single,34,Policy Holder,Sedan - Collision,Sedan,20000 to 29000,0,5821,5,400,2,more than 30,more than 30,1,6 years,31 to 35,No,No,External,1 to 2,no change,1 vehicle,1994,Collision
8,3,6,Honda,Urban,5,10,5,Male,Married,33,Third Party,Sedan - Collision,Sedan,20000 to 29000,0,5822,3,400,1,more than 30,more than 30,2 to 4,7 years,31 to 35,No,No,External,none,no change,1 vehicle,1994,Collision
10,3,7,Mazda,Rural,3,11,3,Male,Married,39,Policy Holder,Sedan - Collision,Sedan,20000 to 29000,0,5823,10,400,2,more than 30,more than 30,none,7 years,36 to 40,No,No,External,3 to 5,no change,3 to 4,1994,Collision
11,2,1,Pontiac,Urban,1,11,3,Male,Married,50,Policy Holder,Sedan - All Perils,Sedan,less than 20000,0,5824,9,400,1,more than 30,more than 30,1,more than 7,41 to 50,No,No,External,more than 5,no change,1 vehicle,1994,All Perils
11,2,4,Pontiac,Urban,1,11,2,Female,Single,38,Policy Holder,Sedan - Collision,Sedan,20000 to 29000,0,5825,15,400,4,more than 30,more than 30,none,6 years,36 to 40,No,No,External,more than 5,1 year,1 vehicle,1994,Collision
11,3,4,Toyota,Urban,5,11,4,Male,Single,45,Policy Holder,Sedan - Liability,Sport,30000 to 39000,0,5826,13,400,4,more than 30,more than 30,more than 4,7 years,36 to 40,No,No,External,3 to 5,no change,1 vehicle,1994,Liability
11,3,1,Pontiac,Urban,2,11,3,Male,Married,36,Policy Holder,Sedan - Liability,Sport,30000 to 39000,0,5827,8,400,2,more than 30,more than 30,more than 4,7 years,36 to 40,No,No,External,none,no change,1 vehicle,1994,Liability
11,2,1,Pontiac,Urban,1,11,3,Male,Married,23,Policy Holder,Sedan - Collision,Sedan,20000 to 29000,0,5828,11,400,2,more than 30,more than 30,1,4 years,26 to 30,No,No,External,none,no change,1 vehicle,1994,Collision
11,2,5,Honda,Urban,1,11,3,Male,Single,24,Policy Holder,Sedan - Liability,Sport,20000 to 29000,0,5829,11,400,3,more than 30,more than 30,1,5 years,26 to 30,No,No,External,3 to 5,no change,1 vehicle,1994,Liability
11,2,7,Honda,Urban,2,10,3,Male,Single,0,Third Party,Sedan - All Perils,Sedan,less than 20000,0,5830,10,400,1,more than 30,more than 30,none,more than 7,16 to 17,Yes,No,External,3 to 5,no change,1 vehicle,1994,All Perils
10,2,1,Toyota,Urban,3,8,4,Female,Single,31,Policy Holder,Sedan - Liability,Sport,20000 to 29000,0,5831,7,400,3,more than 30,more than 30,1,4 years,31 to 35,No,No,External,none,no change,1 vehicle,1994,Liability
7,4,6,Pontiac,Urban,1,7,1,Male,Single,43,Third Party,Sedan - All Perils,Sedan,20000 to 29000,0,5832,14,400,3,more than 30,more than 30,2 to 4,7 years,36 to 40,No,No,External,1 to 2,no change,1 vehicle,1994,All Perils
7,4,6,Pontiac,Urban,1,8,4,Male,Married,32,Policy Holder,Sedan - All Perils,Sedan,20000 to 29000,0,5833,2,400,3,more than 30,more than 30,1,6 years,31 to 35,No,No,External,none,no change,1 vehicle,1994,All Perils
7,4,5,Pontiac,Rural,2,7,2,Male,Single,34,Policy Holder,Sedan - Collision,Sedan,30000 to 39000,0,5834,7,400,3,more than 30,more than 30,2 to 4,6 years,31 to 35,No,No,External,3 to 5,no change,1 vehicle,1994,Collision
7,4,7,VW,Urban,5,7,4,Male,Married,58,Policy Holder,Sedan - Liability,Sport,20000 to 29000,0,5835,2,400,3,more than 30,more than 30,2 to 4,7 years,51 to 65,No,No,External,none,no change,1 vehicle,1994,Liability
7,3,5,Honda,Urban,5,7,4,Male,Married,59,Policy Holder,Sport - Collision,Sport,more than 69000,0,5836,12,400,2,more than 30,more than 30,none,more than 7,51 to 65,No,No,External,none,no change,1 vehicle,1994,Collision
7,3,5,Toyota,Rural,2,7,3,Male,Married,77,Policy Holder,Sedan - Collision,Sedan,20000 to 29000,0,5837,5,400,4,more than 30,more than 30,1,more than 7,over 65,No,No,External,none,no change,1 vehicle,1994,Collision
7,3,7,Toyota,Urban,3,8,4,Female,Married,47,Third Party,Sedan - Collision,Sedan,30000 to 39000,0,5838,2,400,2,more than 30,more than 30,more than 4,more than 7,41 to 50,No,No,External,more than 5,no change,1 vehicle,1994,Collision
8,4,6,Saab,Urban,2,7,4,Male,Single,39,Policy Holder,Sedan - Collision,Sedan,30000 to 39000,1,5839,16,400,2,more than 30,more than 30,2 to 4,7 years,36 to 40,No,No,External,more than 5,4 to 8 years,2 vehicles,1994,Collision
7,2,1,Toyota,Urban,5,7,3,Male,Single,55,Third Party,Sedan - All Perils,Sedan,less than 20000,0,5840,9,400,2,more than 30,more than 30,none,more than 7,41 to 50,No,No,External,more than 5,no change,1 vehicle,1994,All Perils
7,1,1,Mazda,Urban,4,6,5,Male,Married,51,Policy Holder,Sedan - Collision,Sedan,20000 to 29000,0,5841,5,400,4,more than 30,more than 30,none,7 years,41 to 50,No,No,External,none,no change,1 vehicle,1994,Collision
6,1,1,Pontiac,Urban,4,6,3,Male,Single,25,Third Party,Sedan - All Perils,Sedan,20000 to 29000,0,5842,4,400,1,more than 30,more than 30,1,3 years,26 to 30,Yes,No,External,more than 5,no change,1 vehicle,1994,All Perils
5,5,7,Pontiac,Urban,1,5,4,Male,Married,36,Policy Holder,Utility - All Perils,Utility,40000 to 59000,0,5843,3,400,3,more than 30,more than 30,more than 4,6 years,36 to 40,No,No,External,none,no change,1 vehicle,1994,All Perils
5,5,7,Toyota,Urban,3,8,5,Male,Single,26,Policy Holder,Sedan - Liability,Sport,20000 to 29000,0,5844,15,400,1,more than 30,more than 30,2 to 4,5 years,31 to 35,No,No,External,none,no change,1 vehicle,1994,Liability
8,4,5,Pontiac,Urban,1,5,4,Male,Married,41,Policy Holder,Sedan - All Perils,Sedan,20000 to 29000,1,5845,7,400,4,more than 30,more than 30,1,more than 7,36 to 40,No,No,External,3 to 5,no change,1 vehicle,1994,All Perils
5,3,7,Toyota,Rural,1,5,4,Male,Married,34,Third Party,Sedan - Liability,Sport,30000 to 39000,0,5846,16,400,1,more than 30,more than 30,2 to 4,7 years,31 to 35,No,No,External,none,no change,1 vehicle,1994,Liability
5,3,3,Pontiac,Urban,1,5,3,Male,Married,60,Third Party,Sedan - All Perils,Sedan,20000 to 29000,0,5847,13,400,4,more than 30,more than 30,more than 4,more than 7,51 to 65,No,No,External,1 to 2,no change,1 vehicle,1994,All Perils
5,2,1,Pontiac,Urban,2,5,3,Male,Married,52,Third Party,Sedan - All Perils,Sedan,20000 to 29000,0,5848,9,400,3,more than 30,more than 30,none,more than 7,41 to 50,No,No,External,more than 5,no change,1 vehicle,1994,All Perils
5,2,2,Mazda,Urban,3,5,2,Male,Single,30,Third Party,Sedan - Collision,Sedan,20000 to 29000,0,5849,14,400,2,more than 30,more than 30,2 to 4,7 years,31 to 35,No,No,External,more than 5,no change,1 vehicle,1994,Collision
5,2,5,Pontiac,Urban,2,4,2,Female,Single,51,Policy Holder,Sedan - Liability,Sport,more than 69000,0,5850,8,400,3,more than 30,more than 30,more than 4,more than 7,41 to 50,No,No,External,more than 5,no change,1 vehicle,1994,Liability
4,4,6,Mazda,Urban,5,5,4,Male,Married,30,Policy Holder,Sedan - Liability,Sport,30000 to 39000,0,5851,13,400,1,more than 30,more than 30,2 to 4,6 years,31 to 35,No,No,External,none,no change,1 vehicle,1994,Liability
4,4,7,Pontiac,Urban,1,3,1,Male,Married,49,Policy Holder,Sedan - Collision,Sedan,20000 to 29000,0,5852,13,400,2,more than 30,more than 30,2 to 4,more than 7,41 to 50,No,No,External,none,no change,1 vehicle,1994,Collision
3,4,4,Pontiac,Urban,5,3,4,Female,Single,31,Policy Holder,Sedan - Collision,Sedan,20000 to 29000,0,5853,12,400,2,more than 30,more than 30,more than 4,6 years,31 to 35,No,No,External,1 to 2,no change,1 vehicle,1994,Collision
3,4,1,Honda,Urban,2,12,4,Male,Married,33,Policy Holder,Sedan - Liability,Sport,20000 to 29000,0,5854,6,400,1,more than 30,more than 30,more than 4,6 years,31 to 35,No,No,External,more than 5,no change,1 vehicle,1994,Liability
12,4,6,Honda,Urban,1,12,4,Male,Married,30,Policy Holder,Sedan - Liability,Sport,30000 to 39000,0,5855,11,400,1,more than 30,more than 30,more than 4,5 years,31 to 35,No,No,External,3 to 5,no change,1 vehicle,1994,Liability
12,4,1,Ford,Urban,3,8,4,Female,Single,28,Policy Holder,Sedan - Liability,Sport,30000 to 39000,0,5856,8,400,3,more than 30,more than 30,more than 4,6 years,31 to 35,No,No,External,none,no change,1 vehicle,1994,Liability
8,4,7,Mazda,Urban,1,11,4,Male,Married,30,Policy Holder,Sedan - All Perils,Sedan,less than 20000,1,5857,7,400,1,more than 30,more than 30,2 to 4,6 years,31 to 35,No,No,External,none,no change,1 vehicle,1994,All Perils
11,1,2,Honda,Urban,3,11,2,Female,Married,32,Policy Holder,Sedan - Collision,Sedan,20000 to 29000,0,5858,9,400,2,more than 30,more than 30,2 to 4,7 years,31 to 35,No,No,External,none,no change,1 vehicle,1994,Collision
11,2,5,Mazda,Urban,2,11,3,Male,Divorced,37,Third Party,Sedan - Collision,Sedan,30000 to 39000,0,5859,16,400,2,more than 30,more than 30,2 to 4,7 years,36 to 40,No,No,External,none,no change,1 vehicle,1994,Collision
11,1,3,Mazda,Urban,4,11,3,Female,Single,22,Policy Holder,Sedan - All Perils,Sedan,20000 to 29000,0,5860,12,400,3,more than 30,more than 30,1,5 years,26 to 30,No,No,External,more than 5,4 to 8 years,2 vehicles,1994,All Perils
11,1,5,Chevrolet,Urban,4,11,1,Male,Married,42,Third Party,Sedan - Collision,Sedan,more than 69000,0,5861,8,400,4,more than 30,more than 30,2 to 4,6 years,36 to 40,No,No,External,1 to 2,no change,1 vehicle,1994,Collision
10,5,5,Pontiac,Urban,4,11,3,Male,Married,29,Policy Holder,Sedan - Collision,Sedan,30000 to 39000,0,5862,12,400,4,more than 30,more than 30,2 to 4,7 years,31 to 35,No,No,External,more than 5,no change,1 vehicle,1994,Collision
10,5,2,Honda,Urban,3,8,2,Male,Married,54,Policy Holder,Sedan - Collision,Sedan,30000 to 39000,0,5863,10,400,3,more than 30,more than 30,none,more than 7,41 to 50,No,No,External,none,no change,1 vehicle,1994,Collision
8,4,5,Toyota,Urban,5,11,4,Male,Married,72,Policy Holder,Sedan - All Perils,Sedan,more than 69000,1,5864,15,400,1,more than 30,more than 30,2 to 4,7 years,over 65,No,No,External,more than 5,no change,3 to 4,1994,All Perils
10,4,2,Toyota,Urban,3,10,1,Male,Single,32,Policy Holder,Sedan - Collision,Sedan,20000 to 29000,0,5865,12,400,1,more than 30,more than 30,none,6 years,31 to 35,No,No,External,3 to 5,no change,1 vehicle,1994,Collision
10,3,2,Toyota,Urban,1,10,3,Male,Married,34,Third Party,Sedan - All Perils,Sedan,less than 20000,1,5866,2,500,2,more than 30,more than 30,none,6 years,31 to 35,No,No,External,more than 5,2 to 3 years,1 vehicle,1994,All Perils
10,2,2,Toyota,Urban,4,8,3,Male,Single,34,Policy Holder,Sedan - All Perils,Sedan,20000 to 29000,0,5867,1,400,2,more than 30,more than 30,2 to 4,6 years,31 to 35,No,No,External,3 to 5,no change,1 vehicle,1994,All Perils
8,4,3,Pontiac,Urban,4,9,4,Male,Single,31,Third Party,Sedan - All Perils,Sedan,30000 to 39000,0,5868,1,400,3,more than 30,more than 30,2 to 4,7 years,31 to 35,No,No,External,3 to 5,no change,1 vehicle,1994,All Perils
9,5,4,Mazda,Urban,1,10,5,Female,Married,48,Policy Holder,Sedan - Liability,Sport,20000 to 29000,0,5869,5,400,3,more than 30,more than 30,1,7 years,41 to 50,No,No,External,more than 5,no change,1 vehicle,1994,Liability
9,5,7,Pontiac,Urban,2,9,1,Male,Single,40,Third Party,Sedan - All Perils,Sedan,less than 20000,0,5870,3,400,1,more than 30,more than 30,none,7 years,36 to 40,No,No,External,none,no change,1 vehicle,1994,All Perils
9,4,6,Mazda,Urban,2,9,4,Male,Single,28,Policy Holder,Sedan - Collision,Sedan,20000 to 29000,0,5871,14,400,1,more than 30,more than 30,more than 4,6 years,31 to 35,No,No,External,none,no change,1 vehicle,1994,Collision
9,4,3,Honda,Urban,2,9,4,Male,Married,36,Third Party,Sedan - Collision,Sedan,30000 to 39000,0,5872,7,400,3,more than 30,more than 30,none,7 years,36 to 40,No,No,External,none,no change,1 vehicle,1994,Collision
9,4,4,Pontiac,Urban,5,9,4,Female,Single,34,Policy Holder,Sedan - Liability,Sport,20000 to 29000,0,5873,3,400,3,more than 30,more than 30,none,4 years,31 to 35,No,No,External,none,no change,1 vehicle,1994,Liability
9,4,5,Pontiac,Urban,1,9,5,Male,Married,50,Policy Holder,Sedan - Liability,Sport,30000 to 39000,0,5874,15,400,3,more than 30,more than 30,1,more than 7,41 to 50,No,No,External,1 to 2,no change,1 vehicle,1994,Liability
9,2,5,Chevrolet,Urban,5,9,2,Male,Married,41,Third Party,Sedan - All Perils,Sedan,20000 to 29000,0,5875,4,400,1,more than 30,more than 30,2 to 4,7 years,36 to 40,Yes,No,External,1 to 2,no change,1 vehicle,1994,All Perils
9,2,1,Pontiac,Urban,2,8,3,Male,Married,40,Policy Holder,Sedan - Collision,Sedan,20000 to 29000,0,5876,5,400,2,more than 30,more than 30,2 to 4,7 years,36 to 40,No,No,External,1 to 2,no change,1 vehicle,1994,Collision
8,3,2,Mazda,Urban,2,8,3,Male,Married,45,Policy Holder,Sedan - Collision,Sedan,20000 to 29000,0,5877,7,400,4,more than 30,more than 30,none,7 years,36 to 40,No,No,External,1 to 2,no change,1 vehicle,1994,Collision
8,3,7,Toyota,Urban,2,7,3,Male,Single,28,Policy Holder,Sedan - Liability,Sport,30000 to 39000,0,5878,5,400,1,more than 30,more than 30,more than 4,6 years,31 to 35,No,No,External,more than 5,no change,1 vehicle,1994,Liability
7,2,4,Chevrolet,Urban,4,7,2,Male,Married,45,Policy Holder,Sedan - Collision,Sedan,30000 to 39000,0,5879,10,400,3,more than 30,more than 30,none,more than 7,36 to 40,No,No,External,3 to 5,no change,1 vehicle,1994,Collision
7,2,5,Mazda,Urban,1,7,2,Male,Married,35,Policy Holder,Sedan - Liability,Sport,30000 to 39000,0,5880,1,400,3,more than 30,more than 30,2 to 4,6 years,31 to 35,No,No,External,none,no change,1 vehicle,1994,Liability
7,1,1,Toyota,Urban,1,6,3,Male,Married,49,Policy Holder,Sedan - Liability,Sport,30000 to 39000,0,5881,5,400,1,more than 30,more than 30,2 to 4,7 years,41 to 50,No,No,External,more than 5,4 to 8 years,2 vehicles,1994,Liability
6,3,3,Pontiac,Urban,1,6,4,Male,Married,64,Policy Holder,Sedan - Liability,Sport,30000 to 39000,0,5882,3,400,3,more than 30,more than 30,more than 4,more than 7,51 to 65,No,No,External,1 to 2,no change,1 vehicle,1994,Liability
6,3,1,Mazda,Urban,4,6,4,Male,Married,40,Third Party,Sedan - Collision,Sedan,30000 to 39000,0,5883,7,400,2,more than 30,more than 30,1,more than 7,36 to 40,No,No,External,more than 5,no change,1 vehicle,1994,Collision
6,2,2,Honda,Urban,3,6,3,Male,Single,36,Third Party,Sedan - All Perils,Sedan,20000 to 29000,0,5884,7,400,1,more than 30,more than 30,2 to 4,7 years,36 to 40,No,No,External,1 to 2,no change,1 vehicle,1994,All Perils
6,3,1,Accura,Urban,1,6,3,Male,Married,28,Policy Holder,Sedan - All Perils,Sedan,20000 to 29000,0,5885,16,400,1,more than 30,more than 30,2 to 4,7 years,31 to 35,No,No,External,more than 5,no change,1 vehicle,1994,All Perils
6,1,6,Toyota,Urban,1,5,1,Female,Married,44,Policy Holder,Sedan - Liability,Sport,20000 to 29000,0,5886,4,400,1,more than 30,more than 30,2 to 4,7 years,36 to 40,No,No,External,none,no change,1 vehicle,1994,Liability
5,5,6,Mazda,Urban,3,6,5,Male,Married,35,Third Party,Sedan - Collision,Sedan,20000 to 29000,0,5887,10,400,3,more than 30,more than 30,2 to 4,7 years,31 to 35,No,No,External,none,no change,1 vehicle,1994,Collision
5,5,7,Pontiac,Urban,1,5,1,Male,Single,32,Policy Holder,Sedan - Liability,Sport,20000 to 29000,0,5888,13,400,1,more than 30,more than 30,2 to 4,6 years,31 to 35,No,No,External,none,no change,1 vehicle,1994,Liability
5,4,5,Honda,Urban,4,5,4,Male,Married,50,Policy Holder,Sedan - All Perils,Sedan,30000 to 39000,0,5889,15,400,2,more than 30,more than 30,none,more than 7,41 to 50,No,No,External,3 to 5,no change,1 vehicle,1994,All Perils
5,2,1,Toyota,Urban,2,5,3,Male,Single,24,Policy Holder,Sedan - All Perils,Sedan,20000 to 29000,0,5890,6,400,4,more than 30,more than 30,none,4 years,26 to 30,No,No,External,none,no change,1 vehicle,1994,All Perils
5,2,5,Accura,Urban,5,5,2,Male,Married,42,Third Party,Sedan - Liability,Sport,30000 to 39000,0,5891,7,700,2,more than 30,more than 30,2 to 4,7 years,36 to 40,No,No,External,more than 5,no change,1 vehicle,1994,Liability
5,1,5,Chevrolet,Urban,1,5,1,Female,Married,48,Policy Holder,Sedan - Liability,Sport,more than 69000,0,5892,2,400,4,more than 30,more than 30,more than 4,more than 7,41 to 50,No,No,External,3 to 5,no change,1 vehicle,1994,Liability
5,1,4,Chevrolet,Urban,5,4,2,Female,Single,35,Policy Holder,Sedan - Liability,Sport,more than 69000,0,5893,9,400,2,more than 30,more than 30,2 to 4,3 years,31 to 35,No,No,External,1 to 2,no change,1 vehicle,1994,Liability
4,5,5,Chevrolet,Urban,2,5,5,Male,Married,55,Policy Holder,Sedan - Collision,Sedan,30000 to 39000,0,5894,13,400,4,more than 30,more than 30,2 to 4,7 years,41 to 50,No,No,External,none,no change,1 vehicle,1994,Collision
4,5,4,Mazda,Urban,3,5,2,Male,Single,25,Third Party,Sedan - Collision,Sedan,20000 to 29000,0,5895,10,400,1,more than 30,more than 30,more than 4,6 years,26 to 30,No,No,External,more than 5,no change,1 vehicle,1994,Collision
4,5,3,VW,Urban,5,8,1,Male,Married,63,Policy Holder,Sedan - Liability,Sport,more than 69000,0,5896,4,400,2,more than 30,more than 30,more than 4,more than 7,51 to 65,No,No,External,none,no change,1 vehicle,1994,Liability
8,4,6,Honda,Urban,5,4,4,Male,Single,58,Policy Holder,Sedan - Collision,Sedan,20000 to 29000,1,5897,16,400,1,more than 30,more than 30,none,6 years,51 to 65,No,No,External,none,no change,1 vehicle,1994,Collision
4,3,6,Honda,Urban,7,4,4,Male,Married,30,Third Party,Sedan - All Perils,Sedan,20000 to 29000,0,5898,1,400,2,more than 30,more than 30,2 to 4,7 years,31 to 35,No,No,External,none,no change,1 vehicle,1994,All Perils
4,2,3,Honda,Urban,3,8,2,Male,Single,35,Third Party,Sport - Collision,Sport,more than 69000,0,5899,3,400,2,more than 30,more than 30,none,6 years,31 to 35,No,No,External,more than 5,no change,1 vehicle,1994,Collision
8,4,2,Chevrolet,Urban,1,4,4,Male,Married,38,Policy Holder,Sedan - Collision,Sedan,30000 to 39000,1,5900,4,400,2,more than 30,more than 30,1,7 years,36 to 40,No,No,External,none,no change,1 vehicle,1994,Collision
4,1,1,Pontiac,Rural,5,4,4,Male,Married,56,Policy Holder,Sedan - All Perils,Sedan,20000 to 29000,0,5901,3,400,4,more than 30,more than 30,none,more than 7,51 to 65,No,No,External,none,no change,1 vehicle,1994,All Perils
3,3,7,Pontiac,Urban,1,3,1,Male,Married,29,Policy Holder,Sedan - Liability,Sport,30000 to 39000,0,5902,9,400,3,more than 30,more than 30,1,7 years,31 to 35,No,No,External,none,4 to 8 years,2 vehicles,1994,Liability
3,2,1,Mazda,Urban,2,8,5,Male,Married,65,Policy Holder,Sedan - Collision,Sedan,more than 69000,0,5903,3,400,4,more than 30,more than 30,none,more than 7,51 to 65,No,No,External,3 to 5,no change,1 vehicle,1994,Collision
7,4,1,Pontiac,Urban,2,7,1,Male,Married,35,Third Party,Sedan - All Perils,Sedan,less than 20000,0,5904,1,400,3,more than 30,more than 30,1,5 years,31 to 35,No,No,External,none,no change,1 vehicle,1994,All Perils
7,3,2,Chevrolet,Urban,4,11,3,Female,Married,30,Third Party,Sedan - Collision,Sedan,30000 to 39000,0,5905,7,400,4,more than 30,more than 30,2 to 4,4 years,31 to 35,No,No,External,more than 5,no change,3 to 4,1994,Collision
11,3,4,Pontiac,Rural,2,11,3,Male,Married,32,Policy Holder,Sedan - Liability,Sport,30000 to 39000,0,5906,5,400,2,more than 30,more than 30,more than 4,7 years,31 to 35,No,No,Internal,more than 5,no change,1 vehicle,1994,Liability
11,2,1,Pontiac,Urban,1,8,3,Male,Single,27,Third Party,Sedan - Liability,Sport,20000 to 29000,0,5907,13,400,2,more than 30,more than 30,2 to 4,6 years,31 to 35,No,No,External,3 to 5,no change,1 vehicle,1994,Liability
8,3,4,Toyota,Urban,4,9,3,Male,Married,34,Policy Holder,Sedan - Collision,Sedan,20000 to 29000,0,5908,8,400,1,more than 30,more than 30,2 to 4,6 years,31 to 35,No,No,External,1 to 2,no change,1 vehicle,1994,Collision
8,4,2,Chevrolet,Urban,5,12,4,Male,Married,32,Policy Holder,Sedan - All Perils,Sedan,20000 to 29000,1,5909,6,400,2,more than 30,more than 30,1,7 years,31 to 35,No,No,External,none,no change,1 vehicle,1994,All Perils
12,3,4,Toyota,Urban,5,9,4,Female,Married,35,Third Party,Sedan - Liability,Sport,less than 20000,0,5910,3,400,4,more than 30,more than 30,none,7 years,31 to 35,No,No,External,none,no change,1 vehicle,1994,Liability
8,4,5,Mazda,Urban,4,12,1,Male,Single,26,Third Party,Sedan - All Perils,Sedan,20000 to 29000,0,5911,11,400,4,more than 30,more than 30,2 to 4,4 years,31 to 35,No,No,External,none,no change,1 vehicle,1994,All Perils
12,2,2,Honda,Urban,4,7,3,Male,Single,25,Policy Holder,Sedan - Liability,Sport,20000 to 29000,0,5912,16,400,3,more than 30,more than 30,1,5 years,26 to 30,No,No,External,none,no change,1 vehicle,1994,Liability
7,1,5,Pontiac,Urban,5,7,3,Male,Single,34,Policy Holder,Sedan - Collision,Sedan,20000 to 29000,0,5913,12,400,3,more than 30,more than 30,none,6 years,31 to 35,No,No,External,1 to 2,no change,1 vehicle,1994,Collision
7,1,4,Pontiac,Urban,5,8,1,Male,Married,42,Policy Holder,Sedan - Collision,Sedan,20000 to 29000,0,5914,4,400,4,more than 30,more than 30,none,7 years,36 to 40,No,No,External,none,no change,1 vehicle,1994,Collision
8,4,4,Pontiac,Urban,2,10,4,Male,Married,40,Policy Holder,Sedan - All Perils,Sedan,30000 to 39000,1,5915,13,400,1,more than 30,more than 30,2 to 4,more than 7,36 to 40,No,No,External,3 to 5,no change,1 vehicle,1994,All Perils
8,4,1,Ford,Urban,1,12,1,Male,Married,62,Policy Holder,Sedan - All Perils,Sedan,20000 to 29000,1,5916,8,400,3,more than 30,more than 30,1,more than 7,51 to 65,No,No,External,3 to 5,1 year,1 vehicle,1994,All Perils
12,3,4,Mazda,Urban,4,12,3,Male,Single,30,Policy Holder,Sedan - Collision,Sedan,20000 to 29000,0,5917,14,500,4,more than 30,more than 30,more than 4,6 years,31 to 35,No,No,External,none,2 to 3 years,1 vehicle,1994,Collision
12,3,2,Chevrolet,Urban,4,11,3,Male,Married,60,Policy Holder,Sedan - Collision,Sedan,30000 to 39000,0,5918,9,400,2,more than 30,more than 30,none,more than 7,51 to 65,No,No,External,3 to 5,no change,1 vehicle,1994,Collision
8,5,3,Toyota,Urban,3,8,3,Male,Married,41,Policy Holder,Sedan - Collision,Sedan,20000 to 29000,0,5919,10,400,1,more than 30,more than 30,1,more than 7,36 to 40,No,No,External,more than 5,no change,1 vehicle,1994,Collision
8,2,3,Honda,Urban,3,10,2,Male,Married,56,Policy Holder,Sedan - Liability,Sport,20000 to 29000,0,5920,15,400,1,more than 30,more than 30,more than 4,more than 7,51 to 65,No,No,External,more than 5,no change,1 vehicle,1994,Liability
9,3,1,Pontiac,Rural,5,12,1,Male,Married,32,Policy Holder,Sedan - Collision,Sedan,20000 to 29000,0,5921,8,400,4,more than 30,more than 30,none,6 years,31 to 35,No,No,External,none,no change,1 vehicle,1994,Collision
11,4,6,Toyota,Urban,1,11,1,Male,Single,29,Third Party,Sedan - Collision,Sedan,20000 to 29000,0,5922,4,400,3,more than 30,more than 30,2 to 4,4 years,31 to 35,No,No,External,none,no change,1 vehicle,1994,Collision
11,4,3,Toyota,Urban,3,12,4,Male,Married,43,Third Party,Sedan - Collision,Sedan,more than 69000,0,5923,16,400,4,more than 30,more than 30,1,7 years,36 to 40,No,No,External,none,4 to 8 years,2 vehicles,1994,Collision
12,3,5,Honda,Urban,5,7,3,Male,Married,51,Policy Holder,Sedan - Liability,Sport,20000 to 29000,0,5924,6,400,2,more than 30,more than 30,1,more than 7,41 to 50,No,No,External,none,no change,1 vehicle,1994,Liability
7,3,6,Honda,Urban,1,7,3,Male,Married,42,Policy Holder,Sedan - Liability,Sport,20000 to 29000,0,5925,5,400,2,more than 30,more than 30,more than 4,more than 7,36 to 40,No,No,External,none,no change,1 vehicle,1994,Liability
7,3,5,Accura,Urban,5,7,3,Male,Married,28,Policy Holder,Sedan - Liability,Sport,30000 to 39000,0,5926,5,400,3,more than 30,more than 30,2 to 4,6 years,31 to 35,No,No,External,3 to 5,no change,1 vehicle,1994,Liability
6,4,3,Pontiac,Urban,4,6,5,Female,Married,47,Policy Holder,Sedan - All Perils,Sedan,30000 to 39000,0,5927,5,400,3,more than 30,more than 30,2 to 4,5 years,41 to 50,No,No,External,more than 5,no change,1 vehicle,1994,All Perils
6,1,2,Chevrolet,Urban,3,9,1,Male,Married,61,Policy Holder,Utility - All Perils,Utility,more than 69000,0,5928,9,400,2,more than 30,more than 30,1,more than 7,51 to 65,No,No,External,more than 5,no change,1 vehicle,1994,All Perils
9,2,5,Honda,Rural,2,8,3,Male,Married,59,Third Party,Sedan - All Perils,Sedan,20000 to 29000,0,5929,15,400,4,more than 30,more than 30,none,more than 7,51 to 65,No,No,External,none,no change,1 vehicle,1994,All Perils
8,4,6,Honda,Urban,2,5,5,Male,Married,35,Policy Holder,Sedan - All Perils,Sedan,less than 20000,1,5930,5,400,3,more than 30,more than 30,none,7 years,31 to 35,No,No,External,none,no change,1 vehicle,1994,All Perils
5,1,1,Honda,Urban,1,11,2,Male,Married,30,Policy Holder,Sedan - Liability,Sport,20000 to 29000,0,5931,9,400,4,more than 30,more than 30,1,7 years,31 to 35,No,No,External,3 to 5,no change,1 vehicle,1994,Liability
11,4,4,Honda,Urban,5,11,4,Female,Single,34,Policy Holder,Sedan - Liability,Sport,20000 to 29000,0,5932,16,400,4,more than 30,more than 30,2 to 4,6 years,31 to 35,No,No,External,1 to 2,no change,1 vehicle,1994,Liability
11,3,3,Accura,Urban,4,11,3,Male,Married,55,Policy Holder,Sedan - Collision,Sedan,30000 to 39000,0,5933,2,400,2,more than 30,more than 30,2 to 4,more than 7,41 to 50,No,No,External,none,no change,1 vehicle,1994,Collision
11,3,7,Mazda,Urban,1,3,3,Male,Married,26,Policy Holder,Sedan - Collision,Sedan,20000 to 29000,0,5934,1,400,3,more than 30,more than 30,more than 4,7 years,31 to 35,No,No,External,1 to 2,no change,1 vehicle,1994,Collision
6,3,7,Honda,Urban,4,1,4,Male,Single,0,Policy Holder,Sport - All Perils,Sport,more than 69000,0,5935,11,400,2,more than 30,more than 30,none,new,16 to 17,No,No,External,none,no change,1 vehicle,1994,All Perils
1,1,7,Chevrolet,Urban,5,1,1,Male,Single,35,Policy Holder,Sedan - Liability,Sport,30000 to 39000,0,5936,5,400,2,more than 30,more than 30,1,6 years,31 to 35,No,No,External,none,no change,1 vehicle,1994,Liability
1,1,1,Mazda,Urban,4,7,2,Male,Married,45,Policy Holder,Sedan - Liability,Sport,30000 to 39000,0,5937,11,400,3,more than 30,more than 30,2 to 4,6 years,36 to 40,No,No,External,1 to 2,no change,1 vehicle,1994,Liability
2,1,3,Honda,Urban,4,1,3,Male,Married,28,Policy Holder,Sedan - Liability,Sport,20000 to 29000,0,5938,5,400,4,more than 30,more than 30,more than 4,7 years,31 to 35,No,No,External,more than 5,no change,1 vehicle,1994,Liability
1,3,6,Saab,Urban,4,2,3,Female,Widow,21,Policy Holder,Sedan - Collision,Sedan,30000 to 39000,0,5939,15,400,1,more than 30,more than 30,1,5 years,26 to 30,No,No,External,more than 5,no change,1 vehicle,1994,Collision
10,3,5,Toyota,Urban,5,8,1,Male,Married,63,Policy Holder,Sedan - All Perils,Sedan,20000 to 29000,0,5940,15,400,4,more than 30,more than 30,none,7 years,51 to 65,No,No,External,none,no change,1 vehicle,1994,All Perils
8,4,3,Ford,Urban,4,3,4,Male,Married,46,Policy Holder,Sedan - Collision,Sedan,30000 to 39000,1,5941,5,400,1,more than 30,more than 30,2 to 4,more than 7,41 to 50,No,No,External,more than 5,no change,1 vehicle,1994,Collision
2,2,2,Ford,Urban,5,3,1,Male,Married,45,Policy Holder,Sedan - Collision,Sedan,40000 to 59000,0,5942,14,400,1,more than 30,more than 30,none,7 years,36 to 40,No,No,External,none,no change,1 vehicle,1994,Collision
3,2,1,Chevrolet,Urban,2,3,2,Male,Married,51,Policy Holder,Sedan - Liability,Sport,30000 to 39000,0,5943,15,400,3,more than 30,more than 30,2 to 4,more than 7,41 to 50,No,No,External,none,no change,1 vehicle,1994,Liability
3,2,6,Chevrolet,Urban,2,3,2,Female,Single,43,Policy Holder,Sedan - Collision,Sedan,20000 to 29000,0,5944,9,400,2,more than 30,more than 30,2 to 4,7 years,36 to 40,No,No,External,none,4 to 8 years,2 vehicles,1994,Collision
3,1,4,Honda,Urban,5,10,2,Male,Single,35,Policy Holder,Sedan - Collision,Sedan,20000 to 29000,0,5945,1,400,2,more than 30,more than 30,more than 4,6 years,31 to 35,No,No,External,1 to 2,no change,1 vehicle,1994,Collision
10,2,3,Pontiac,Urban,4,10,3,Male,Married,45,Policy Holder,Sedan - Collision,Sedan,20000 to 29000,0,5946,9,400,2,more than 30,more than 30,none,6 years,36 to 40,No,No,External,1 to 2,no change,3 to 4,1994,Collision
10,1,2,Toyota,Rural,4,10,1,Female,Single,27,Policy Holder,Sedan - All Perils,Sedan,20000 to 29000,0,5947,4,400,4,more than 30,more than 30,1,6 years,31 to 35,No,No,External,1 to 2,no change,1 vehicle,1994,All Perils
10,1,6,Pontiac,Urban,1,10,1,Male,Married,43,Policy Holder,Utility - All Perils,Utility,40000 to 59000,0,5948,9,400,1,more than 30,more than 30,more than 4,7 years,36 to 40,No,No,External,none,no change,1 vehicle,1994,All Perils
10,1,6,Pontiac,Urban,1,9,2,Male,Married,76,Policy Holder,Sedan - Liability,Sport,20000 to 29000,0,5949,16,400,2,more than 30,more than 30,none,more than 7,over 65,No,No,External,none,no change,1 vehicle,1994,Liability
8,4,5,Mecedes,Urban,2,2,4,Female,Single,25,Third Party,Sedan - Collision,Sedan,30000 to 39000,0,5950,11,400,3,more than 30,more than 30,none,3 years,26 to 30,No,No,External,none,no change,1 vehicle,1994,Collision
1,4,1,Chevrolet,Urban,1,3,2,Male,Married,44,Policy Holder,Utility - Liability,Utility,more than 69000,0,5951,2,400,4,more than 30,more than 30,2 to 4,7 years,36 to 40,No,No,Internal,3 to 5,no change,1 vehicle,1994,Liability
3,3,2,Accura,Urban,2,4,3,Male,Married,33,Policy Holder,Sedan - Collision,Sedan,30000 to 39000,0,5952,5,400,1,more than 30,more than 30,2 to 4,7 years,31 to 35,No,No,External,3 to 5,no change,1 vehicle,1994,Collision
3,4,6,Honda,Urban,1,8,1,Male,Single,59,Policy Holder,Sedan - Collision,Sedan,20000 to 29000,0,5953,15,700,1,more than 30,more than 30,2 to 4,7 years,51 to 65,No,No,External,none,no change,1 vehicle,1994,Collision
8,4,3,Chevrolet,Urban,2,6,5,Male,Single,35,Third Party,Sedan - All Perils,Sedan,20000 to 29000,0,5954,14,400,3,more than 30,more than 30,none,6 years,31 to 35,No,No,External,3 to 5,no change,1 vehicle,1994,All Perils
6,3,6,Honda,Urban,1,4,3,Male,Married,71,Third Party,Sedan - Liability,Sport,more than 69000,0,5955,16,400,3,more than 30,more than 30,2 to 4,more than 7,over 65,No,No,External,none,no change,1 vehicle,1994,Liability
4,2,4,Pontiac,Urban,5,8,2,Male,Single,22,Third Party,Sedan - All Perils,Sedan,20000 to 29000,0,5956,15,400,2,more than 30,more than 30,1,3 years,26 to 30,No,No,External,none,no change,1 vehicle,1994,All Perils
8,1,4,Chevrolet,Urban,5,8,1,Male,Married,30,Policy Holder,Sedan - Liability,Sport,30000 to 39000,0,5957,5,400,4,more than 30,more than 30,2 to 4,7 years,31 to 35,No,No,External,none,no change,1 vehicle,1994,Liability
8,1,5,Pontiac,Urban,1,11,1,Male,Married,28,Policy Holder,Sedan - Collision,Sedan,20000 to 29000,0,5958,5,400,4,more than 30,more than 30,none,6 years,31 to 35,Yes,No,External,1 to 2,no change,1 vehicle,1994,Collision
10,4,5,Pontiac,Urban,1,12,4,Male,Married,36,Third Party,Sedan - Liability,Sport,30000 to 39000,0,5959,1,400,4,more than 30,more than 30,more than 4,7 years,36 to 40,No,No,Internal,more than 5,no change,1 vehicle,1994,Liability
12,1,1,Mazda,Urban,1,11,1,Male,Single,24,Policy Holder,Sedan - Collision,Sedan,20000 to 29000,0,5960,3,400,3,more than 30,more than 30,1,5 years,26 to 30,No,No,External,none,no change,1 vehicle,1994,Collision
11,1,5,Mazda,Urban,5,11,1,Female,Married,26,Third Party,Sedan - All Perils,Sedan,20000 to 29000,0,5961,7,400,4,more than 30,more than 30,none,5 years,31 to 35,Yes,No,External,more than 5,no change,1 vehicle,1994,All Perils
11,1,4,Mazda,Urban,1,8,1,Male,Married,31,Policy Holder,Sedan - Collision,Sedan,20000 to 29000,0,5962,4,400,4,more than 30,more than 30,none,4 years,31 to 35,No,No,External,none,no change,1 vehicle,1994,Collision
6,5,1,Pontiac,Urban,4,7,3,Male,Married,37,Policy Holder,Sedan - Collision,Sedan,30000 to 39000,0,5963,6,400,4,more than 30,more than 30,none,more than 7,36 to 40,No,No,External,1 to 2,no change,1 vehicle,1994,Collision
6,4,6,Pontiac,Urban,3,3,3,Male,Married,47,Policy Holder,Sedan - Collision,Sedan,20000 to 29000,0,5964,12,400,2,more than 30,more than 30,2 to 4,more than 7,41 to 50,No,No,External,none,no change,1 vehicle,1994,Collision
8,4,3,Mazda,Urban,3,3,2,Male,Married,33,Third Party,Sport - Collision,Sport,more than 69000,0,5965,14,400,2,more than 30,more than 30,none,4 years,31 to 35,No,No,External,none,4 to 8 years,2 vehicles,1994,Collision
3,5,3,Accura,Urban,4,3,5,Female,Married,48,Policy Holder,Sedan - Collision,Sedan,30000 to 39000,0,5966,2,400,1,more than 30,more than 30,none,7 years,41 to 50,No,No,External,1 to 2,no change,1 vehicle,1994,Collision
3,3,7,Pontiac,Urban,3,9,3,Male,Married,31,Policy Holder,Sedan - Collision,Sedan,30000 to 39000,0,5967,9,400,4,more than 30,more than 30,2 to 4,7 years,31 to 35,No,No,External,more than 5,no change,1 vehicle,1994,Collision
8,5,4,Honda,Urban,5,3,2,Male,Single,35,Policy Holder,Sedan - Collision,Sedan,20000 to 29000,1,5968,9,500,4,more than 30,more than 30,1,6 years,31 to 35,No,No,External,more than 5,2 to 3 years,1 vehicle,1994,Collision
3,3,7,Mazda,Urban,2,3,3,Male,Married,27,Policy Holder,Sedan - Collision,Sedan,20000 to 29000,0,5969,1,400,1,more than 30,more than 30,2 to 4,7 years,31 to 35,No,No,External,more than 5,no change,1 vehicle,1994,Collision
3,2,5,Mazda,Urban,1,2,3,Female,Married,33,Third Party,Sedan - All Perils,Sedan,20000 to 29000,0,5970,5,400,1,more than 30,more than 30,none,3 years,31 to 35,No,No,External,none,no change,1 vehicle,1994,All Perils
2,4,3,Mazda,Urban,4,3,4,Male,Single,26,Policy Holder,Sedan - Collision,Sedan,20000 to 29000,0,5971,16,400,1,more than 30,more than 30,2 to 4,7 years,31 to 35,No,No,External,none,no change,1 vehicle,1994,Collision
2,3,2,Toyota,Urban,5,5,1,Male,Married,37,Policy Holder,Sedan - Collision,Sedan,20000 to 29000,0,5972,15,400,2,more than 30,more than 30,1,7 years,36 to 40,No,No,External,1 to 2,no change,1 vehicle,1994,Collision
4,2,4,Mazda,Urban,4,5,1,Male,Married,51,Policy Holder,Sedan - All Perils,Sedan,more than 69000,0,5973,2,400,1,more than 30,more than 30,1,7 years,41 to 50,No,No,External,1 to 2,no change,1 vehicle,1994,All Perils
3,4,3,Pontiac,Urban,1,3,2,Male,Single,33,Policy Holder,Sedan - Liability,Sport,20000 to 29000,0,5974,6,400,3,more than 30,more than 30,1,6 years,31 to 35,No,No,External,none,no change,1 vehicle,1994,Liability
3,4,5,Toyota,Urban,1,4,5,Male,Married,36,Policy Holder,Sedan - All Perils,Sedan,20000 to 29000,0,5975,15,400,2,more than 30,more than 30,none,7 years,36 to 40,No,No,External,none,no change,1 vehicle,1994,All Perils
3,1,5,Honda,Rural,1,3,3,Male,Single,0,Policy Holder,Sedan - Collision,Sedan,more than 69000,0,5976,1,400,4,more than 30,more than 30,1,new,16 to 17,No,No,External,none,no change,1 vehicle,1994,Collision
3,1,7,Pontiac,Urban,4,11,2,Male,Single,30,Policy Holder,Sedan - Liability,Sport,30000 to 39000,0,5977,11,400,2,more than 30,more than 30,2 to 4,7 years,31 to 35,No,No,External,none,no change,1 vehicle,1994,Liability
8,5,2,Ford,Rural,4,3,1,Male,Single,30,Policy Holder,Sedan - All Perils,Sedan,more than 69000,1,5978,3,400,3,15 to 30,more than 30,none,6 years,31 to 35,No,No,External,none,no change,1 vehicle,1994,All Perils
3,1,7,Mazda,Urban,1,8,2,Male,Married,35,Third Party,Sedan - All Perils,Sedan,30000 to 39000,0,5979,12,400,1,more than 30,more than 30,none,7 years,31 to 35,No,No,External,none,no change,1 vehicle,1994,All Perils
8,5,2,Honda,Urban,3,2,5,Male,Single,19,Policy Holder,Sport - Collision,Sport,more than 69000,1,5980,6,400,1,more than 30,more than 30,none,5 years,21 to 25,No,No,External,none,no change,1 vehicle,1994,Collision
2,4,4,Honda,Urban,5,2,4,Male,Single,23,Third Party,Sedan - Collision,Sedan,20000 to 29000,0,5981,8,400,4,more than 30,more than 30,2 to 4,5 years,26 to 30,No,No,External,more than 5,no change,1 vehicle,1994,Collision
2,3,1,Chevrolet,Urban,5,9,4,Male,Single,44,Third Party,Sedan - Collision,Sedan,more than 69000,0,5982,2,400,1,more than 30,more than 30,2 to 4,6 years,36 to 40,No,No,External,more than 5,no change,1 vehicle,1994,Collision
8,5,1,Toyota,Urban,4,9,3,Female,Married,32,Policy Holder,Sedan - All Perils,Sedan,20000 to 29000,1,5983,11,400,4,more than 30,more than 30,1,7 years,31 to 35,No,No,External,more than 5,no change,1 vehicle,1994,All Perils
8,5,3,Toyota,Urban,3,1,1,Male,Single,33,Third Party,Sedan - Collision,Sedan,30000 to 39000,0,5984,9,700,1,more than 30,more than 30,2 to 4,7 years,31 to 35,No,No,External,more than 5,no change,1 vehicle,1994,Collision
1,1,1,Honda,Urban,4,10,1,Male,Married,45,Policy Holder,Sedan - Liability,Sport,20000 to 29000,0,5985,6,400,3,more than 30,more than 30,more than 4,7 years,36 to 40,No,No,External,none,no change,1 vehicle,1994,Liability
8,5,4,Mercury,Rural,5,12,3,Male,Married,63,Third Party,Sedan - All Perils,Sedan,20000 to 29000,0,5986,12,400,1,more than 30,more than 30,1,more than 7,51 to 65,No,No,External,more than 5,4 to 8 years,2 vehicles,1994,All Perils
12,4,1,Mazda,Urban,1,8,4,Female,Divorced,42,Policy Holder,Sedan - Liability,Sport,30000 to 39000,0,5987,16,400,2,more than 30,more than 30,2 to 4,6 years,36 to 40,No,No,External,more than 5,no change,3 to 4,1994,Liability
8,5,6,Mercury,Urban,2,2,5,Male,Married,46,Policy Holder,Utility - All Perils,Utility,30000 to 39000,1,5988,14,400,3,more than 30,more than 30,more than 4,more than 7,41 to 50,No,No,External,none,no change,1 vehicle,1994,All Perils
1,5,3,Toyota,Urban,3,1,1,Male,Single,23,Policy Holder,Sedan - Collision,Sedan,more than 69000,0,5989,8,400,2,more than 30,more than 30,2 to 4,5 years,26 to 30,No,No,External,1 to 2,no change,1 vehicle,1994,Collision
1,2,5,Pontiac,Urban,5,11,2,Male,Married,28,Policy Holder,Sedan - Liability,Sport,20000 to 29000,0,5990,9,400,3,more than 30,more than 30,2 to 4,6 years,31 to 35,No,No,External,more than 5,no change,1 vehicle,1994,Liability
11,4,5,Pontiac,Rural,5,11,4,Male,Married,37,Policy Holder,Sedan - Collision,Sedan,20000 to 29000,0,5991,12,400,2,more than 30,more than 30,none,7 years,36 to 40,No,No,External,more than 5,no change,1 vehicle,1994,Collision
11,4,3,Honda,Urban,4,11,4,Male,Single,40,Third Party,Sedan - All Perils,Sedan,20000 to 29000,0,5992,10,400,1,more than 30,more than 30,1,7 years,36 to 40,No,No,External,none,no change,1 vehicle,1994,All Perils
11,4,3,Honda,Urban,3,11,4,Female,Married,33,Policy Holder,Sedan - Collision,Sedan,30000 to 39000,0,5993,5,400,2,more than 30,more than 30,none,6 years,31 to 35,No,No,External,more than 5,no change,1 vehicle,1994,Collision
11,4,1,Chevrolet,Urban,3,11,4,Male,Married,34,Policy Holder,Sedan - Liability,Sport,30000 to 39000,0,5994,13,400,2,more than 30,more than 30,2 to 4,7 years,31 to 35,No,No,External,none,no change,1 vehicle,1994,Liability
11,3,4,Chevrolet,Rural,5,12,4,Male,Single,25,Policy Holder,Sedan - Liability,Sport,20000 to 29000,0,5995,14,400,1,more than 30,more than 30,1,5 years,26 to 30,No,No,External,none,no change,1 vehicle,1994,Liability
12,1,6,Honda,Urban,4,1,1,Male,Married,47,Policy Holder,Sedan - All Perils,Sedan,20000 to 29000,0,5996,4,400,1,more than 30,more than 30,none,7 years,41 to 50,No,No,External,none,no change,1 vehicle,1994,All Perils
1,2,3,Honda,Urban,5,5,3,Male,Married,47,Policy Holder,Sedan - Liability,Sport,more than 69000,0,5997,13,400,1,more than 30,more than 30,2 to 4,more than 7,41 to 50,No,No,External,more than 5,no change,1 vehicle,1994,Liability
5,1,1,Toyota,Urban,2,5,1,Male,Married,34,Policy Holder,Sedan - All Perils,Sedan,less than 20000,0,5998,4,400,3,more than 30,more than 30,none,7 years,31 to 35,No,No,External,more than 5,no change,1 vehicle,1994,All Perils
5,3,2,Toyota,Urban,4,5,3,Male,Married,43,Policy Holder,Sedan - Liability,Sport,30000 to 39000,0,5999,1,400,1,more than 30,more than 30,more than 4,7 years,36 to 40,No,No,External,more than 5,no change,1 vehicle,1994,Liability
5,3,1,Mazda,Urban,4,7,3,Male,Single,30,Third Party,Sedan - Liability,Sport,20000 to 29000,0,6000,14,400,1,more than 30,more than 30,more than 4,6 years,31 to 35,No,No,External,none,no change,1 vehicle,1994,Liability
5,4,1,Toyota,Rural,3,9,2,Male,Married,55,Policy Holder,Sedan - All Perils,Sedan,more than 69000,0,6001,5,400,3,more than 30,more than 30,2 to 4,more than 7,41 to 50,No,No,External,1 to 2,no change,1 vehicle,1994,All Perils
8,5,2,Toyota,Urban,4,5,2,Male,Married,29,Third Party,Sedan - All Perils,Sedan,20000 to 29000,0,6002,5,400,4,more than 30,more than 30,1,6 years,31 to 35,No,No,External,none,no change,1 vehicle,1994,All Perils
5,4,1,Chevrolet,Urban,2,9,4,Male,Married,51,Third Party,Sedan - Collision,Sedan,30000 to 39000,0,6003,7,400,4,more than 30,more than 30,1,more than 7,41 to 50,No,No,External,more than 5,no change,1 vehicle,1994,Collision
8,5,7,Toyota,Urban,1,8,1,Male,Married,44,Third Party,Sedan - Collision,Sedan,20000 to 29000,0,6004,11,400,2,more than 30,more than 30,1,7 years,36 to 40,No,No,External,none,no change,1 vehicle,1994,Collision
6,4,3,Pontiac,Rural,3,7,5,Male,Married,75,Policy Holder,Sedan - Collision,Sedan,40000 to 59000,0,6005,16,400,3,more than 30,more than 30,more than 4,more than 7,over 65,No,No,External,none,no change,1 vehicle,1994,Collision
7,2,2,Pontiac,Urban,1,9,2,Female,Single,40,Policy Holder,Sedan - Liability,Sport,20000 to 29000,0,6006,5,400,4,more than 30,more than 30,2 to 4,6 years,36 to 40,No,No,External,1 to 2,no change,1 vehicle,1994,Liability
8,5,2,Mazda,Urban,3,8,1,Male,Single,24,Third Party,Sedan - Collision,Sedan,30000 to 39000,0,6007,16,400,3,more than 30,more than 30,2 to 4,5 years,26 to 30,No,No,External,more than 5,1 year,2 vehicles,1994,Collision
8,1,6,Mazda,Urban,3,8,3,Male,Married,42,Policy Holder,Sedan - All Perils,Sedan,20000 to 29000,0,6008,14,400,4,more than 30,more than 30,1,7 years,36 to 40,No,No,External,none,no change,1 vehicle,1994,All Perils
8,2,4,Honda,Urban,5,9,3,Male,Married,52,Policy Holder,Sedan - Collision,Sedan,30000 to 39000,0,6009,13,400,1,more than 30,more than 30,2 to 4,7 years,41 to 50,No,No,External,more than 5,no change,1 vehicle,1994,Collision
8,3,5,Honda,Urban,4,8,2,Male,Married,27,Policy Holder,Sedan - Liability,Sport,20000 to 29000,0,6010,8,400,3,more than 30,more than 30,none,7 years,31 to 35,No,No,External,none,no change,1 vehicle,1994,Liability
8,3,3,Ford,Urban,4,9,4,Male,Married,51,Policy Holder,Sedan - Liability,Sport,30000 to 39000,0,6011,10,400,4,more than 30,more than 30,2 to 4,7 years,41 to 50,No,No,External,1 to 2,no change,1 vehicle,1994,Liability
9,3,6,Pontiac,Urban,3,10,3,Male,Married,51,Policy Holder,Sedan - Liability,Sport,20000 to 29000,0,6012,3,400,2,more than 30,more than 30,1,6 years,41 to 50,No,No,External,more than 5,no change,1 vehicle,1994,Liability
10,2,1,Mazda,Urban,4,11,4,Female,Married,41,Policy Holder,Sedan - Collision,Sedan,20000 to 29000,0,6013,13,400,4,more than 30,more than 30,2 to 4,7 years,36 to 40,No,No,External,none,no change,1 vehicle,1994,Collision
10,5,5,Mazda,Urban,5,11,1,Male,Single,34,Policy Holder,Sedan - Collision,Sedan,20000 to 29000,0,6014,15,400,2,more than 30,more than 30,none,6 years,31 to 35,No,No,External,more than 5,no change,1 vehicle,1994,Collision
11,2,5,Mazda,Urban,5,11,4,Female,Single,35,Policy Holder,Sedan - Liability,Sport,20000 to 29000,0,6015,16,400,3,more than 30,more than 30,more than 4,5 years,31 to 35,No,No,External,1 to 2,no change,1 vehicle,1994,Liability
11,3,5,Toyota,Urban,2,12,3,Female,Married,44,Policy Holder,Sedan - Liability,Sport,20000 to 29000,0,6016,14,400,2,more than 30,more than 30,1,7 years,36 to 40,No,No,External,3 to 5,no change,1 vehicle,1994,Liability
12,2,4,Pontiac,Urban,3,5,2,Male,Married,73,Policy Holder,Sedan - All Perils,Sedan,20000 to 29000,0,6017,10,400,4,more than 30,more than 30,2 to 4,more than 7,over 65,No,No,External,more than 5,no change,1 vehicle,1994,All Perils
4,4,4,Toyota,Urban,5,5,1,Male,Married,50,Policy Holder,Sedan - Liability,Sport,20000 to 29000,0,6018,13,400,1,more than 30,more than 30,1,7 years,41 to 50,No,No,External,none,no change,1 vehicle,1994,Liability
4,4,3,Mazda,Rural,4,5,1,Male,Married,66,Policy Holder,Sedan - Collision,Sedan,30000 to 39000,0,6019,15,500,2,more than 30,more than 30,1,more than 7,over 65,Yes,No,External,none,no change,1 vehicle,1994,Collision
5,1,7,Pontiac,Urban,2,5,1,Female,Married,43,Policy Holder,Sedan - Liability,Sport,20000 to 29000,0,6020,9,400,2,more than 30,more than 30,2 to 4,more than 7,36 to 40,No,No,External,more than 5,no change,1 vehicle,1994,Liability
5,2,5,Toyota,Urban,5,5,2,Male,Married,38,Policy Holder,Sedan - Liability,Sport,20000 to 29000,0,6021,6,400,2,more than 30,more than 30,none,more than 7,36 to 40,No,No,External,more than 5,no change,1 vehicle,1994,Liability
5,1,4,Toyota,Urban,1,5,1,Male,Single,35,Policy Holder,Sedan - Collision,Sedan,20000 to 29000,0,6022,4,400,1,more than 30,more than 30,1,6 years,31 to 35,No,No,External,none,no change,1 vehicle,1994,Collision
5,3,3,Toyota,Urban,4,6,4,Male,Single,23,Third Party,Sedan - Collision,Sedan,20000 to 29000,0,6023,7,400,2,more than 30,more than 30,none,5 years,26 to 30,No,No,External,more than 5,no change,1 vehicle,1994,Collision
6,3,3,Mazda,Rural,4,7,3,Female,Married,43,Policy Holder,Sedan - Liability,Sport,20000 to 29000,0,6024,7,400,3,more than 30,more than 30,1,7 years,36 to 40,No,No,External,more than 5,no change,1 vehicle,1994,Liability
7,4,4,Honda,Rural,2,8,4,Female,Married,51,Policy Holder,Sedan - Collision,Sedan,20000 to 29000,0,6025,12,400,3,more than 30,more than 30,2 to 4,7 years,41 to 50,No,No,External,none,no change,1 vehicle,1994,Collision
7,4,5,Honda,Urban,5,7,1,Male,Single,23,Third Party,Sedan - Collision,Sedan,20000 to 29000,0,6026,7,400,3,more than 30,more than 30,2 to 4,5 years,26 to 30,No,No,External,none,no change,1 vehicle,1994,Collision
7,5,1,Toyota,Urban,2,8,5,Male,Married,28,Policy Holder,Sedan - Liability,Sport,20000 to 29000,0,6027,5,400,3,more than 30,more than 30,2 to 4,7 years,31 to 35,Yes,No,External,more than 5,no change,1 vehicle,1994,Liability
7,5,2,Chevrolet,Rural,3,8,1,Male,Married,41,Policy Holder,Sedan - Collision,Sedan,30000 to 39000,0,6028,15,400,4,more than 30,more than 30,none,more than 7,36 to 40,No,No,External,none,4 to 8 years,3 to 4,1994,Collision
8,1,1,Mazda,Urban,4,9,1,Male,Married,45,Policy Holder,Sedan - Collision,Sedan,20000 to 29000,0,6029,7,400,2,more than 30,more than 30,2 to 4,more than 7,36 to 40,No,No,External,3 to 5,no change,1 vehicle,1994,Collision
8,5,2,Mazda,Urban,5,9,4,Male,Single,30,Policy Holder,Sedan - Collision,Sedan,30000 to 39000,0,6030,9,400,1,more than 30,more than 30,more than 4,6 years,31 to 35,No,No,External,more than 5,no change,1 vehicle,1994,Collision
8,5,2,Chevrolet,Urban,3,8,1,Male,Married,57,Policy Holder,Sedan - All Perils,Sedan,30000 to 39000,1,6031,1,400,1,more than 30,more than 30,2 to 4,more than 7,51 to 65,No,No,External,none,no change,1 vehicle,1994,All Perils
8,5,7,Pontiac,Urban,3,11,5,Male,Married,52,Policy Holder,Sedan - All Perils,Sedan,less than 20000,1,6032,13,400,3,more than 30,more than 30,none,more than 7,41 to 50,No,No,External,more than 5,no change,1 vehicle,1994,All Perils
11,3,2,Pontiac,Urban,3,11,4,Male,Single,23,Policy Holder,Sedan - Liability,Sport,20000 to 29000,0,6033,4,400,1,more than 30,more than 30,2 to 4,2 years,26 to 30,No,No,External,none,no change,1 vehicle,1994,Liability
11,5,2,Honda,Urban,3,8,5,Male,Married,40,Policy Holder,Sedan - Liability,Sport,20000 to 29000,0,6034,3,400,3,more than 30,more than 30,none,7 years,36 to 40,No,No,External,more than 5,no change,1 vehicle,1994,Liability
8,5,3,Toyota,Rural,1,12,5,Male,Single,42,Policy Holder,Sedan - All Perils,Sedan,less than 20000,1,6035,2,400,4,more than 30,more than 30,none,7 years,36 to 40,No,No,External,none,no change,1 vehicle,1994,All Perils
11,5,6,Honda,Urban,5,12,1,Female,Single,30,Policy Holder,Sedan - Collision,Sedan,20000 to 29000,0,6036,9,400,4,more than 30,more than 30,none,5 years,31 to 35,No,No,External,none,no change,1 vehicle,1994,Collision
11,4,6,Chevrolet,Urban,1,11,1,Female,Married,30,Policy Holder,Sedan - Liability,Sport,30000 to 39000,0,6037,7,400,4,more than 30,more than 30,2 to 4,6 years,31 to 35,No,No,External,1 to 2,no change,1 vehicle,1994,Liability
11,3,3,Chevrolet,Urban,3,9,4,Male,Married,47,Third Party,Sedan - All Perils,Sedan,30000 to 39000,0,6038,8,400,4,more than 30,more than 30,none,more than 7,41 to 50,No,No,External,none,no change,1 vehicle,1994,All Perils
9,3,7,Chevrolet,Urban,2,9,4,Male,Married,51,Third Party,Sedan - Collision,Sedan,30000 to 39000,0,6039,4,400,3,more than 30,more than 30,2 to 4,more than 7,41 to 50,No,No,Internal,more than 5,no change,1 vehicle,1994,Collision
9,1,3,Toyota,Urban,5,9,1,Female,Married,41,Policy Holder,Sedan - Liability,Sport,20000 to 29000,0,6040,3,400,1,more than 30,more than 30,more than 4,7 years,36 to 40,No,No,External,none,no change,1 vehicle,1994,Liability
8,5,5,Toyota,Urban,3,8,1,Male,Single,34,Third Party,Sedan - All Perils,Sedan,30000 to 39000,0,6041,13,400,2,more than 30,more than 30,1,7 years,31 to 35,No,No,External,none,no change,1 vehicle,1994,All Perils
8,2,4,Pontiac,Urban,1,8,3,Male,Married,39,Policy Holder,Sedan - Collision,Sedan,20000 to 29000,0,6042,15,400,3,more than 30,more than 30,more than 4,7 years,36 to 40,No,No,External,3 to 5,no change,1 vehicle,1994,Collision
8,1,2,Chevrolet,Urban,5,8,3,Male,Single,44,Policy Holder,Sedan - Liability,Sport,30000 to 39000,0,6043,7,400,4,more than 30,more than 30,1,7 years,36 to 40,Yes,No,External,none,no change,1 vehicle,1994,Liability
8,1,3,Accura,Urban,3,9,2,Male,Single,26,Policy Holder,Utility - All Perils,Utility,more than 69000,0,6044,16,400,1,more than 30,more than 30,none,7 years,31 to 35,No,No,External,none,no change,1 vehicle,1994,All Perils
8,5,5,Toyota,Urban,1,8,4,Male,Married,27,Policy Holder,Sedan - All Perils,Sedan,20000 to 29000,1,6045,10,400,4,more than 30,more than 30,2 to 4,6 years,31 to 35,No,No,External,more than 5,no change,1 vehicle,1994,All Perils
7,5,2,Ford,Urban,3,6,3,Male,Married,71,Policy Holder,Sedan - Collision,Sedan,40000 to 59000,0,6046,6,700,3,more than 30,more than 30,none,more than 7,over 65,Yes,No,External,1 to 2,no change,1 vehicle,1994,Collision
6,2,1,Mazda,Urban,2,4,3,Male,Married,53,Policy Holder,Sedan - Liability,Sport,30000 to 39000,0,6047,16,400,4,more than 30,more than 30,1,more than 7,41 to 50,No,No,External,more than 5,no change,1 vehicle,1994,Liability
4,3,1,Honda,Urban,1,12,3,Female,Single,24,Third Party,Sedan - Liability,Sport,more than 69000,0,6048,12,400,3,more than 30,more than 30,2 to 4,5 years,26 to 30,No,No,External,none,no change,1 vehicle,1994,Liability
12,2,5,Toyota,Urban,2,12,2,Male,Single,31,Policy Holder,Sedan - Liability,Sport,30000 to 39000,0,6049,10,400,3,more than 30,more than 30,1,6 years,31 to 35,No,No,External,none,4 to 8 years,2 vehicles,1994,Liability
12,2,6,Honda,Rural,5,12,2,Male,Married,44,Third Party,Sedan - Collision,Sedan,30000 to 39000,0,6050,1,400,3,more than 30,more than 30,none,7 years,36 to 40,No,No,External,none,no change,1 vehicle,1994,Collision
11,3,6,Toyota,Urban,5,12,2,Male,Married,43,Policy Holder,Sedan - All Perils,Sedan,20000 to 29000,0,6051,9,400,4,more than 30,more than 30,none,7 years,36 to 40,No,No,External,3 to 5,no change,1 vehicle,1994,All Perils
11,3,5,Toyota,Urban,1,11,2,Male,Married,35,Third Party,Sedan - All Perils,Sedan,20000 to 29000,0,6052,8,400,1,more than 30,more than 30,none,6 years,31 to 35,No,No,External,none,no change,1 vehicle,1994,All Perils
11,3,1,Honda,Urban,1,11,4,Male,Single,28,Third Party,Sedan - Collision,Sedan,20000 to 29000,0,6053,2,400,4,more than 30,more than 30,none,7 years,31 to 35,No,No,External,none,no change,1 vehicle,1994,Collision
11,3,3,Pontiac,Urban,2,11,3,Male,Married,48,Policy Holder,Sedan - Collision,Sedan,30000 to 39000,0,6054,3,400,2,more than 30,more than 30,2 to 4,more than 7,41 to 50,No,No,External,1 to 2,no change,1 vehicle,1994,Collision
11,2,2,Chevrolet,Urban,3,11,4,Male,Single,27,Third Party,Sedan - All Perils,Sedan,more than 69000,0,6055,2,400,4,more than 30,more than 30,none,5 years,31 to 35,No,No,External,more than 5,no change,1 vehicle,1994,All Perils
11,1,6,Ford,Urban,4,10,1,Male,Married,62,Policy Holder,Sedan - Liability,Sport,more than 69000,0,6056,13,400,2,more than 30,more than 30,more than 4,more than 7,51 to 65,No,No,External,more than 5,no change,1 vehicle,1994,Liability
10,2,7,Honda,Rural,4,10,3,Male,Married,37,Policy Holder,Sedan - Collision,Sedan,30000 to 39000,0,6057,7,400,4,more than 30,more than 30,none,7 years,36 to 40,No,No,External,none,no change,1 vehicle,1994,Collision
10,2,3,Accura,Urban,1,11,2,Male,Married,56,Policy Holder,Sedan - All Perils,Sedan,30000 to 39000,0,6058,8,400,2,more than 30,more than 30,2 to 4,5 years,51 to 65,No,No,External,none,no change,1 vehicle,1994,All Perils
9,3,1,Toyota,Urban,5,9,5,Male,Married,28,Policy Holder,Sedan - Liability,Sport,20000 to 29000,0,6059,10,400,3,more than 30,more than 30,more than 4,7 years,31 to 35,No,No,External,none,no change,1 vehicle,1994,Liability
9,1,6,Accura,Urban,1,10,2,Male,Single,41,Policy Holder,Sedan - All Perils,Sedan,more than 69000,0,6060,7,400,4,more than 30,more than 30,1,7 years,36 to 40,No,No,External,3 to 5,no change,1 vehicle,1994,All Perils
8,4,1,Chevrolet,Rural,3,8,2,Male,Single,30,Policy Holder,Sedan - Collision,Sedan,30000 to 39000,0,6061,10,400,1,more than 30,more than 30,2 to 4,4 years,31 to 35,No,No,External,none,no change,1 vehicle,1994,Collision
8,2,1,Toyota,Urban,2,8,2,Male,Married,57,Policy Holder,Sedan - Collision,Sedan,20000 to 29000,0,6062,11,400,3,more than 30,more than 30,none,more than 7,51 to 65,No,No,External,none,no change,1 vehicle,1994,Collision
8,1,1,Honda,Urban,1,7,1,Male,Married,42,Third Party,Sedan - Liability,Sport,30000 to 39000,0,6063,13,400,3,more than 30,more than 30,more than 4,7 years,36 to 40,No,No,External,none,no change,1 vehicle,1994,Liability
7,4,4,Toyota,Urban,3,11,4,Male,Married,75,Policy Holder,Sedan - All Perils,Sedan,less than 20000,0,6064,16,400,4,more than 30,more than 30,none,more than 7,over 65,No,No,External,more than 5,no change,1 vehicle,1994,All Perils
7,4,4,Honda,Urban,5,7,2,Male,Married,56,Policy Holder,Sport - Collision,Sport,more than 69000,0,6065,3,400,2,more than 30,more than 30,none,7 years,51 to 65,No,No,External,none,no change,1 vehicle,1994,Collision
7,4,5,Honda,Urban,5,7,4,Female,Single,34,Policy Holder,Sedan - Liability,Sport,more than 69000,0,6066,10,400,2,more than 30,more than 30,more than 4,new,31 to 35,No,No,External,none,no change,1 vehicle,1994,Liability
7,3,3,Toyota,Urban,3,7,4,Male,Married,65,Third Party,Sedan - Collision,Sedan,20000 to 29000,0,6067,11,400,3,more than 30,more than 30,none,more than 7,51 to 65,No,No,External,more than 5,no change,1 vehicle,1994,Collision
7,2,2,Pontiac,Urban,2,7,3,Male,Married,61,Policy Holder,Sedan - All Perils,Sedan,less than 20000,0,6068,12,400,1,more than 30,more than 30,none,more than 7,51 to 65,No,No,External,none,no change,1 vehicle,1994,All Perils
7,2,7,Toyota,Urban,1,7,2,Male,Married,54,Policy Holder,Sedan - Liability,Sport,20000 to 29000,0,6069,11,400,3,more than 30,more than 30,more than 4,more than 7,41 to 50,No,No,External,more than 5,no change,3 to 4,1994,Liability
7,1,1,Ford,Urban,2,6,1,Male,Married,55,Policy Holder,Sedan - Collision,Sedan,40000 to 59000,0,6070,1,500,1,more than 30,more than 30,1,more than 7,41 to 50,No,No,External,more than 5,2 to 3 years,2 vehicles,1994,Collision
6,4,7,Nisson,Urban,4,6,5,Male,Married,47,Policy Holder,Sedan - All Perils,Sedan,more than 69000,0,6071,16,400,3,more than 30,more than 30,more than 4,more than 7,41 to 50,No,No,External,1 to 2,no change,1 vehicle,1994,All Perils
6,4,4,Pontiac,Urban,5,9,5,Male,Married,43,Policy Holder,Sedan - Liability,Sport,more than 69000,0,6072,13,400,2,more than 30,more than 30,more than 4,6 years,36 to 40,No,No,External,more than 5,no change,1 vehicle,1994,Liability
9,1,3,Honda,Urban,2,6,1,Male,Married,31,Policy Holder,Sedan - All Perils,Sedan,30000 to 39000,1,6073,14,400,1,more than 30,more than 30,none,7 years,31 to 35,No,No,External,none,no change,1 vehicle,1994,All Perils
5,4,4,Honda,Urban,5,5,3,Male,Single,41,Policy Holder,Sedan - Liability,Sport,more than 69000,0,6074,14,400,1,more than 30,more than 30,more than 4,7 years,36 to 40,No,No,External,1 to 2,no change,1 vehicle,1994,Liability
5,2,3,Honda,Urban,3,5,2,Male,Single,0,Policy Holder,Sedan - Collision,Sedan,more than 69000,0,6075,11,400,2,more than 30,more than 30,none,new,16 to 17,No,No,External,none,no change,1 vehicle,1994,Collision
5,2,7,Mazda,Urban,2,2,4,Male,Single,30,Policy Holder,Sedan - Liability,Sport,20000 to 29000,0,6076,1,400,1,more than 30,more than 30,more than 4,6 years,31 to 35,No,No,External,3 to 5,no change,1 vehicle,1994,Liability
2,3,4,Pontiac,Urban,5,3,4,Male,Single,28,Policy Holder,Sedan - All Perils,Sedan,30000 to 39000,0,6077,14,700,2,more than 30,more than 30,2 to 4,7 years,31 to 35,No,No,External,none,no change,1 vehicle,1994,All Perils
11,4,4,Honda,Rural,4,12,2,Male,Single,0,Policy Holder,Sedan - All Perils,Sedan,more than 69000,0,6078,3,400,4,more than 30,more than 30,none,new,16 to 17,No,No,External,none,no change,1 vehicle,1994,All Perils
12,3,2,Honda,Urban,2,12,3,Male,Married,44,Policy Holder,Sedan - Liability,Sport,20000 to 29000,0,6079,6,400,1,more than 30,more than 30,2 to 4,7 years,36 to 40,No,No,External,none,no change,1 vehicle,1994,Liability
12,3,1,Toyota,Urban,1,12,3,Male,Married,47,Third Party,Sedan - All Perils,Sedan,20000 to 29000,0,6080,2,400,1,more than 30,more than 30,1,more than 7,41 to 50,No,No,External,3 to 5,no change,1 vehicle,1994,All Perils
12,1,5,Toyota,Urban,5,10,1,Male,Single,29,Policy Holder,Sedan - All Perils,Sedan,20000 to 29000,0,6081,9,400,4,more than 30,more than 30,2 to 4,5 years,31 to 35,No,No,External,more than 5,no change,1 vehicle,1994,All Perils
10,1,4,Pontiac,Urban,4,12,1,Male,Married,62,Third Party,Sedan - All Perils,Sedan,less than 20000,0,6082,13,400,3,more than 30,more than 30,none,more than 7,51 to 65,No,No,External,none,no change,1 vehicle,1994,All Perils
12,4,1,Honda,Urban,2,10,4,Female,Single,32,Third Party,Sedan - Liability,Sport,20000 to 29000,0,6083,3,400,4,more than 30,more than 30,2 to 4,6 years,31 to 35,No,No,External,more than 5,no change,1 vehicle,1994,Liability
9,4,1,Mazda,Urban,5,9,2,Male,Married,76,Third Party,Sedan - All Perils,Sedan,20000 to 29000,0,6084,2,400,2,more than 30,more than 30,2 to 4,more than 7,over 65,No,No,External,none,no change,1 vehicle,1994,All Perils
9,4,1,Honda,Urban,5,1,5,Male,Single,27,Third Party,Sedan - Collision,Sedan,20000 to 29000,0,6085,8,400,3,more than 30,more than 30,2 to 4,6 years,31 to 35,No,No,External,none,no change,1 vehicle,1994,Collision
1,4,6,Pontiac,Urban,2,3,5,Male,Married,39,Third Party,Sedan - All Perils,Sedan,20000 to 29000,0,6086,9,400,4,more than 30,more than 30,none,6 years,36 to 40,No,No,External,3 to 5,no change,1 vehicle,1994,All Perils
1,1,5,VW,Urban,2,9,1,Female,Married,45,Policy Holder,Sedan - All Perils,Sedan,30000 to 39000,0,6087,14,400,4,more than 30,more than 30,1,more than 7,36 to 40,No,No,External,none,no change,1 vehicle,1994,All Perils
9,1,5,Toyota,Urban,2,9,2,Male,Married,33,Policy Holder,Sedan - All Perils,Sedan,less than 20000,1,6088,6,400,4,more than 30,more than 30,none,7 years,31 to 35,No,No,External,none,no change,1 vehicle,1994,All Perils
9,1,5,Mazda,Urban,2,4,2,Male,Married,41,Policy Holder,Sedan - All Perils,Sedan,20000 to 29000,1,6089,10,400,3,more than 30,more than 30,1,more than 7,36 to 40,No,No,External,none,no change,1 vehicle,1994,All Perils
4,1,1,VW,Rural,1,3,1,Male,Married,80,Policy Holder,Sedan - All Perils,Sedan,20000 to 29000,0,6090,4,400,3,more than 30,more than 30,2 to 4,6 years,over 65,No,No,External,none,no change,1 vehicle,1994,All Perils
3,4,3,Mazda,Urban,4,10,4,Female,Single,23,Policy Holder,Sedan - Liability,Sport,20000 to 29000,0,6091,1,400,3,more than 30,more than 30,2 to 4,3 years,26 to 30,No,No,External,3 to 5,4 to 8 years,2 vehicles,1994,Liability
10,1,1,Mazda,Urban,1,10,2,Male,Married,49,Third Party,Sedan - All Perils,Sedan,30000 to 39000,0,6092,7,400,2,more than 30,more than 30,1,more than 7,41 to 50,No,No,External,none,no change,1 vehicle,1994,All Perils
10,1,5,Mercury,Urban,1,9,1,Male,Married,36,Third Party,Sedan - All Perils,Sedan,20000 to 29000,0,6093,11,400,4,more than 30,more than 30,none,6 years,36 to 40,No,No,External,none,no change,1 vehicle,1994,All Perils
9,1,4,Toyota,Urban,1,4,1,Female,Single,45,Policy Holder,Sedan - All Perils,Sedan,less than 20000,1,6094,10,400,3,more than 30,more than 30,none,6 years,36 to 40,No,No,External,1 to 2,no change,1 vehicle,1994,All Perils
3,3,7,Pontiac,Urban,2,3,1,Male,Married,53,Third Party,Sedan - Collision,Sedan,20000 to 29000,0,6095,10,400,4,more than 30,more than 30,1,more than 7,41 to 50,No,No,External,1 to 2,no change,1 vehicle,1994,Collision
3,2,5,Toyota,Urban,5,6,5,Male,Married,38,Policy Holder,Sedan - Collision,Sedan,20000 to 29000,0,6096,14,400,1,more than 30,more than 30,none,7 years,36 to 40,Yes,No,External,more than 5,no change,1 vehicle,1994,Collision
6,3,3,Accura,Urban,3,3,3,Male,Married,37,Policy Holder,Sedan - Collision,Sedan,30000 to 39000,0,6097,2,400,1,more than 30,more than 30,none,7 years,36 to 40,No,No,External,1 to 2,no change,1 vehicle,1994,Collision
3,5,5,Honda,Urban,1,7,5,Male,Married,29,Policy Holder,Sedan - Liability,Sport,20000 to 29000,0,6098,3,400,4,more than 30,more than 30,none,5 years,31 to 35,No,No,External,none,1 year,1 vehicle,1994,Liability
6,5,2,Toyota,Urban,2,7,1,Female,Single,23,Policy Holder,Sedan - Collision,Sedan,less than 20000,0,6099,2,400,1,more than 30,more than 30,none,5 years,26 to 30,No,No,External,none,no change,1 vehicle,1994,Collision
6,4,3,Toyota,Urban,1,10,1,Female,Married,36,Third Party,Sedan - Collision,Sedan,20000 to 29000,0,6100,6,400,4,more than 30,more than 30,none,7 years,36 to 40,No,No,External,none,no change,1 vehicle,1994,Collision
10,4,5,Toyota,Urban,1,8,5,Male,Single,27,Third Party,Sedan - Collision,Sedan,30000 to 39000,0,6101,5,400,1,more than 30,more than 30,2 to 4,7 years,31 to 35,No,No,External,none,no change,1 vehicle,1994,Collision
8,1,6,Honda,Urban,1,12,2,Male,Married,44,Policy Holder,Sedan - Collision,Sedan,20000 to 29000,0,6102,2,400,4,more than 30,more than 30,none,7 years,36 to 40,No,No,External,none,no change,1 vehicle,1994,Collision
12,1,5,Saab,Urban,1,12,1,Male,Married,31,Third Party,Sedan - All Perils,Sedan,20000 to 29000,0,6103,12,400,3,more than 30,more than 30,2 to 4,6 years,31 to 35,No,No,External,none,no change,1 vehicle,1994,All Perils
12,1,5,Mazda,Urban,5,4,1,Male,Married,30,Policy Holder,Sedan - Collision,Sedan,30000 to 39000,0,6104,4,400,3,more than 30,more than 30,more than 4,6 years,31 to 35,No,No,External,more than 5,no change,1 vehicle,1994,Collision
4,2,6,Pontiac,Urban,4,10,3,Male,Married,50,Third Party,Sedan - Liability,Sport,20000 to 29000,0,6105,2,400,1,more than 30,more than 30,more than 4,7 years,41 to 50,No,No,External,3 to 5,no change,1 vehicle,1994,Liability
9,1,6,Accura,Urban,1,11,3,Male,Married,39,Policy Holder,Sedan - Collision,Sedan,30000 to 39000,1,6106,8,400,4,more than 30,more than 30,2 to 4,7 years,36 to 40,No,No,External,none,no change,1 vehicle,1994,Collision
9,1,1,Pontiac,Urban,4,6,2,Female,Married,33,Policy Holder,Sedan - All Perils,Sedan,20000 to 29000,1,6107,3,400,4,more than 30,more than 30,none,7 years,31 to 35,No,No,External,none,no change,1 vehicle,1994,All Perils
6,2,6,Chevrolet,Urban,1,6,3,Female,Single,28,Third Party,Sedan - Collision,Sedan,more than 69000,0,6108,6,700,2,more than 30,more than 30,none,7 years,31 to 35,No,No,External,more than 5,no change,1 vehicle,1994,Collision
6,2,6,Pontiac,Urban,5,9,2,Male,Married,49,Policy Holder,Sport - All Perils,Sport,30000 to 39000,0,6109,2,400,4,more than 30,more than 30,none,7 years,41 to 50,No,No,External,more than 5,no change,1 vehicle,1994,All Perils
9,1,4,Mazda,Urban,4,6,4,Male,Single,22,Policy Holder,Sedan - Collision,Sedan,20000 to 29000,1,6110,3,400,3,more than 30,more than 30,2 to 4,5 years,26 to 30,No,No,External,more than 5,no change,3 to 4,1994,Collision
6,2,1,Honda,Urban,2,6,2,Male,Married,46,Policy Holder,Sedan - Collision,Sedan,30000 to 39000,0,6111,14,400,4,more than 30,more than 30,2 to 4,more than 7,41 to 50,No,No,External,none,no change,1 vehicle,1994,Collision
6,1,4,Pontiac,Urban,4,9,2,Male,Single,44,Policy Holder,Sedan - Liability,Sport,more than 69000,0,6112,12,400,2,more than 30,more than 30,1,7 years,36 to 40,No,No,External,none,4 to 8 years,2 vehicles,1994,Liability
9,1,2,Pontiac,Urban,1,8,2,Male,Single,36,Third Party,Sedan - Collision,Sedan,20000 to 29000,0,6113,10,400,2,more than 30,more than 30,none,7 years,36 to 40,No,No,External,more than 5,no change,1 vehicle,1994,Collision
8,3,4,Pontiac,Urban,3,10,4,Male,Married,29,Third Party,Sedan - All Perils,Sedan,30000 to 39000,0,6114,14,400,2,more than 30,more than 30,2 to 4,5 years,31 to 35,No,No,External,none,no change,1 vehicle,1994,All Perils
9,4,2,Chevrolet,Urban,4,9,1,Male,Married,52,Third Party,Utility - All Perils,Utility,more than 69000,0,6115,5,400,1,more than 30,more than 30,none,more than 7,41 to 50,No,No,External,none,no change,1 vehicle,1994,All Perils
9,3,6,Pontiac,Urban,3,10,4,Male,Married,41,Policy Holder,Sedan - Liability,Sport,more than 69000,0,6116,6,400,2,more than 30,more than 30,more than 4,7 years,36 to 40,No,No,External,none,no change,1 vehicle,1994,Liability
10,4,4,Honda,Urban,5,11,4,Female,Married,39,Policy Holder,Sedan - Liability,Sport,20000 to 29000,0,6117,11,400,3,more than 30,more than 30,more than 4,7 years,36 to 40,No,No,Internal,more than 5,no change,1 vehicle,1994,Liability
10,3,6,Honda,Urban,2,9,4,Male,Married,26,Policy Holder,Sedan - Liability,Sport,30000 to 39000,0,6118,14,400,4,more than 30,more than 30,2 to 4,6 years,31 to 35,No,No,External,more than 5,no change,1 vehicle,1994,Liability
9,1,3,Toyota,Urban,1,12,1,Male,Married,31,Policy Holder,Sedan - Collision,Sedan,20000 to 29000,1,6119,6,400,3,more than 30,more than 30,more than 4,7 years,31 to 35,No,No,External,none,no change,1 vehicle,1994,Collision
11,1,1,Honda,Rural,5,12,1,Male,Single,26,Policy Holder,Sedan - Liability,Sport,30000 to 39000,0,6120,4,400,2,more than 30,more than 30,none,7 years,31 to 35,No,No,Internal,none,no change,1 vehicle,1994,Liability
12,1,6,Pontiac,Urban,1,11,2,Female,Single,27,Third Party,Sedan - Liability,Sport,30000 to 39000,0,6121,10,500,1,more than 30,more than 30,more than 4,7 years,31 to 35,No,No,External,more than 5,2 to 3 years,1 vehicle,1994,Liability
11,4,6,Mazda,Urban,3,4,5,Male,Married,36,Policy Holder,Sedan - Liability,Sport,20000 to 29000,0,6122,8,400,1,more than 30,more than 30,2 to 4,7 years,36 to 40,No,No,External,none,no change,1 vehicle,1994,Liability
4,1,6,Toyota,Urban,1,4,1,Male,Married,34,Policy Holder,Sedan - Liability,Sport,20000 to 29000,0,6123,8,400,3,more than 30,more than 30,2 to 4,6 years,31 to 35,No,No,External,none,no change,1 vehicle,1994,Liability
4,4,1,Mazda,Urban,3,5,4,Male,Married,32,Policy Holder,Sedan - Liability,Sport,30000 to 39000,0,6124,11,400,2,more than 30,more than 30,2 to 4,5 years,31 to 35,No,No,Internal,more than 5,no change,1 vehicle,1994,Liability
5,1,7,Toyota,Urban,1,5,3,Male,Married,46,Policy Holder,Sedan - Liability,Sport,20000 to 29000,0,6125,7,400,1,more than 30,more than 30,2 to 4,more than 7,41 to 50,No,No,External,more than 5,no change,1 vehicle,1994,Liability
5,4,5,Pontiac,Urban,3,6,4,Male,Married,52,Policy Holder,Sedan - Collision,Sedan,20000 to 29000,0,6126,7,400,2,more than 30,more than 30,2 to 4,more than 7,41 to 50,No,No,External,more than 5,no change,1 vehicle,1994,Collision
6,2,7,Toyota,Urban,1,6,4,Male,Married,28,Policy Holder,Sedan - Collision,Sedan,20000 to 29000,0,6127,10,400,4,more than 30,more than 30,2 to 4,7 years,31 to 35,No,No,External,1 to 2,no change,1 vehicle,1994,Collision
6,1,6,Mazda,Urban,1,9,1,Male,Single,21,Policy Holder,Sedan - Collision,Sedan,20000 to 29000,0,6128,13,400,3,more than 30,more than 30,1,5 years,26 to 30,No,No,External,none,no change,1 vehicle,1994,Collision
9,1,3,Mazda,Urban,4,7,1,Male,Single,31,Policy Holder,Sedan - Collision,Sedan,20000 to 29000,1,6129,12,400,3,more than 30,more than 30,none,5 years,31 to 35,Yes,No,External,none,no change,1 vehicle,1994,Collision
7,2,6,VW,Urban,2,10,2,Male,Married,51,Policy Holder,Sedan - Liability,Sport,more than 69000,0,6130,7,400,1,more than 30,more than 30,2 to 4,7 years,41 to 50,No,No,External,more than 5,no change,1 vehicle,1994,Liability
10,3,1,Honda,Urban,1,10,3,Male,Married,50,Third Party,Sedan - Liability,Sport,20000 to 29000,0,6131,15,400,3,more than 30,more than 30,more than 4,7 years,41 to 50,No,No,External,none,no change,1 vehicle,1994,Liability
10,2,4,Pontiac,Urban,2,11,2,Male,Married,46,Policy Holder,Sedan - Collision,Sedan,less than 20000,0,6132,10,400,2,more than 30,more than 30,1,more than 7,41 to 50,No,No,External,none,no change,1 vehicle,1994,Collision
9,5,4,Toyota,Urban,5,9,2,Male,Married,30,Policy Holder,Sedan - All Perils,Sedan,less than 20000,0,6133,12,400,4,more than 30,more than 30,none,7 years,31 to 35,No,No,External,none,4 to 8 years,2 vehicles,1994,All Perils
9,4,5,Honda,Urban,5,9,4,Male,Married,50,Third Party,Sedan - All Perils,Sedan,20000 to 29000,0,6134,16,400,4,more than 30,more than 30,more than 4,6 years,41 to 50,No,No,External,none,no change,1 vehicle,1994,All Perils
9,4,4,Saab,Urban,2,7,5,Male,Single,24,Policy Holder,Sedan - All Perils,Sedan,30000 to 39000,0,6135,14,400,4,more than 30,more than 30,none,5 years,26 to 30,No,No,External,more than 5,no change,1 vehicle,1994,All Perils
7,3,3,Mazda,Rural,4,7,4,Male,Single,23,Policy Holder,Sedan - Collision,Sedan,20000 to 29000,0,6136,16,400,3,more than 30,more than 30,1,5 years,26 to 30,No,No,External,1 to 2,no change,1 vehicle,1994,Collision
7,3,6,Toyota,Urban,4,7,3,Male,Married,37,Policy Holder,Sedan - Collision,Sedan,20000 to 29000,0,6137,3,400,3,more than 30,more than 30,none,7 years,36 to 40,No,No,External,1 to 2,no change,1 vehicle,1994,Collision
7,1,7,Pontiac,Urban,2,3,2,Male,Married,41,Policy Holder,Sedan - Liability,Sport,30000 to 39000,0,6138,12,400,3,more than 30,more than 30,2 to 4,more than 7,36 to 40,No,No,External,1 to 2,no change,1 vehicle,1994,Liability
3,4,4,Mazda,Urban,4,3,5,Male,Married,45,Policy Holder,Sedan - Collision,Sedan,30000 to 39000,0,6139,4,700,4,more than 30,more than 30,none,more than 7,36 to 40,No,No,External,3 to 5,no change,1 vehicle,1994,Collision
3,4,6,Toyota,Urban,1,11,4,Female,Married,31,Policy Holder,Sedan - Liability,Sport,20000 to 29000,0,6140,14,400,2,more than 30,more than 30,2 to 4,6 years,31 to 35,No,No,External,none,no change,1 vehicle,1994,Liability
11,4,1,Chevrolet,Urban,1,11,5,Male,Single,30,Policy Holder,Sedan - All Perils,Sedan,20000 to 29000,0,6141,13,400,4,more than 30,more than 30,2 to 4,6 years,31 to 35,No,No,External,more than 5,no change,1 vehicle,1994,All Perils
11,5,7,Accura,Urban,3,11,5,Male,Single,27,Policy Holder,Sedan - All Perils,Sedan,20000 to 29000,0,6142,3,400,2,more than 30,more than 30,1,7 years,31 to 35,No,No,External,more than 5,no change,1 vehicle,1994,All Perils
11,4,3,Toyota,Urban,3,11,5,Male,Married,31,Policy Holder,Sedan - Liability,Sport,20000 to 29000,0,6143,14,400,3,more than 30,more than 30,2 to 4,6 years,31 to 35,No,No,External,3 to 5,no change,1 vehicle,1995,Liability
11,4,4,Toyota,Urban,1,11,4,Female,Married,68,Policy Holder,Sedan - Liability,Sport,20000 to 29000,0,6144,3,400,2,more than 30,more than 30,more than 4,7 years,over 65,No,No,External,3 to 5,no change,1 vehicle,1995,Liability
11,4,7,Ford,Urban,4,9,5,Male,Married,37,Policy Holder,Sedan - Collision,Sedan,30000 to 39000,0,6145,4,400,4,more than 30,more than 30,2 to 4,more than 7,36 to 40,No,No,External,none,no change,1 vehicle,1995,Collision
9,1,3,Mazda,Urban,2,11,2,Male,Married,42,Policy Holder,Sedan - All Perils,Sedan,less than 20000,1,6146,10,400,1,more than 30,more than 30,none,more than 7,36 to 40,No,No,External,1 to 2,no change,1 vehicle,1995,All Perils
10,4,7,Honda,Urban,1,10,5,Male,Married,42,Policy Holder,Sedan - Liability,Sport,20000 to 29000,0,6147,8,400,3,more than 30,more than 30,2 to 4,7 years,36 to 40,No,No,External,none,no change,1 vehicle,1995,Liability
10,3,7,Toyota,Urban,2,9,3,Male,Single,66,Policy Holder,Sedan - All Perils,Sedan,less than 20000,0,6148,7,400,4,more than 30,more than 30,none,more than 7,over 65,No,No,External,none,no change,1 vehicle,1995,All Perils
9,1,7,Pontiac,Urban,1,9,2,Male,Single,21,Policy Holder,Sedan - Collision,Sedan,20000 to 29000,1,6149,16,400,4,more than 30,more than 30,2 to 4,5 years,26 to 30,No,No,External,none,no change,1 vehicle,1995,Collision
9,1,1,Honda,Rural,1,8,1,Male,Single,18,Policy Holder,Sport - Collision,Sport,more than 69000,1,6150,6,400,4,more than 30,more than 30,none,5 years,21 to 25,No,No,External,none,no change,1 vehicle,1995,Collision
7,2,3,Toyota,Urban,4,8,1,Male,Married,70,Policy Holder,Sedan - All Perils,Sedan,20000 to 29000,0,6151,10,400,4,more than 30,more than 30,1,more than 7,over 65,No,No,External,1 to 2,no change,3 to 4,1995,All Perils
6,5,2,Toyota,Urban,1,7,1,Male,Married,75,Policy Holder,Sedan - All Perils,Sedan,20000 to 29000,0,6152,3,400,2,more than 30,more than 30,1,more than 7,over 65,No,No,External,1 to 2,no change,1 vehicle,1995,All Perils
6,5,2,Honda,Urban,1,7,2,Male,Married,55,Policy Holder,Sedan - All Perils,Sedan,20000 to 29000,0,6153,5,400,1,more than 30,more than 30,1,6 years,41 to 50,No,No,External,1 to 2,no change,1 vehicle,1995,All Perils
6,4,7,Chevrolet,Urban,2,6,3,Male,Married,36,Policy Holder,Sedan - Collision,Sedan,40000 to 59000,0,6154,12,400,1,more than 30,more than 30,2 to 4,7 years,36 to 40,No,No,External,none,4 to 8 years,2 vehicles,1995,Collision
6,3,4,Toyota,Urban,5,6,5,Male,Married,37,Third Party,Sedan - Collision,Sedan,30000 to 39000,0,6155,9,400,3,more than 30,more than 30,none,more than 7,36 to 40,No,No,External,none,no change,1 vehicle,1995,Collision
6,3,1,Pontiac,Urban,5,9,3,Male,Married,45,Third Party,Sedan - Liability,Sport,30000 to 39000,0,6156,13,400,2,more than 30,more than 30,more than 4,7 years,36 to 40,No,No,External,more than 5,no change,1 vehicle,1995,Liability
9,1,2,Saab,Urban,5,6,5,Male,Single,35,Policy Holder,Sedan - All Perils,Sedan,30000 to 39000,1,6157,4,400,2,more than 30,more than 30,1,6 years,31 to 35,No,No,External,none,no change,1 vehicle,1995,All Perils
5,5,6,Pontiac,Rural,3,6,1,Male,Married,66,Third Party,Sedan - All Perils,Sedan,20000 to 29000,0,6158,9,400,1,more than 30,more than 30,1,more than 7,over 65,No,No,External,none,no change,1 vehicle,1995,All Perils
5,5,7,Pontiac,Urban,1,5,1,Male,Married,64,Third Party,Sedan - All Perils,Sedan,30000 to 39000,0,6159,13,400,1,more than 30,more than 30,none,more than 7,51 to 65,No,No,External,none,no change,1 vehicle,1995,All Perils
5,5,2,Toyota,Urban,3,4,5,Male,Married,45,Policy Holder,Sedan - Collision,Sedan,20000 to 29000,0,6160,6,400,3,more than 30,more than 30,more than 4,7 years,36 to 40,No,No,External,none,no change,1 vehicle,1995,Collision
4,4,4,Honda,Urban,5,4,4,Male,Single,33,Policy Holder,Sedan - Collision,Sedan,20000 to 29000,0,6161,5,400,4,more than 30,more than 30,2 to 4,6 years,31 to 35,No,No,External,more than 5,no change,1 vehicle,1995,Collision
4,4,3,Toyota,Urban,4,4,4,Male,Married,63,Policy Holder,Sedan - All Perils,Sedan,less than 20000,0,6162,14,400,2,more than 30,more than 30,none,6 years,51 to 65,No,No,External,none,no change,1 vehicle,1995,All Perils
4,1,3,Chevrolet,Urban,2,4,2,Male,Single,36,Policy Holder,Sedan - Liability,Sport,20000 to 29000,0,6163,16,400,2,more than 30,more than 30,2 to 4,7 years,36 to 40,No,No,External,3 to 5,no change,1 vehicle,1995,Liability
3,5,1,Mazda,Urban,1,4,3,Male,Married,37,Third Party,Sedan - All Perils,Sedan,20000 to 29000,0,6164,16,400,1,more than 30,more than 30,2 to 4,7 years,36 to 40,No,No,External,none,no change,1 vehicle,1995,All Perils
3,5,6,Chevrolet,Urban,3,9,2,Male,Married,43,Third Party,Sedan - All Perils,Sedan,30000 to 39000,0,6165,7,400,2,more than 30,more than 30,1,7 years,36 to 40,No,No,External,none,no change,1 vehicle,1995,All Perils
9,2,6,Honda,Urban,4,12,2,Male,Married,52,Policy Holder,Sedan - Collision,Sedan,more than 69000,0,6166,2,400,2,more than 30,more than 30,none,more than 7,41 to 50,No,No,External,1 to 2,no change,1 vehicle,1995,Collision
12,2,4,Mazda,Urban,3,9,4,Male,Married,45,Policy Holder,Sedan - Liability,Sport,20000 to 29000,0,6167,8,400,2,more than 30,more than 30,1,7 years,36 to 40,No,No,External,1 to 2,no change,1 vehicle,1995,Liability
8,5,7,Mazda,Urban,3,9,1,Male,Married,38,Policy Holder,Sedan - Liability,Sport,20000 to 29000,0,6168,8,400,1,more than 30,more than 30,1,6 years,36 to 40,No,No,External,more than 5,no change,1 vehicle,1995,Liability
9,1,5,Honda,Urban,2,9,4,Male,Single,27,Third Party,Sedan - Liability,Sport,30000 to 39000,0,6169,13,400,2,more than 30,more than 30,2 to 4,6 years,31 to 35,No,No,External,1 to 2,no change,1 vehicle,1995,Liability
9,1,4,Pontiac,Urban,4,2,1,Male,Married,75,Third Party,Sedan - Liability,Sport,20000 to 29000,0,6170,6,700,1,more than 30,more than 30,1,more than 7,over 65,No,No,Internal,none,no change,1 vehicle,1995,Liability
2,1,4,Pontiac,Urban,1,7,1,Female,Married,48,Policy Holder,Sedan - Liability,Sport,20000 to 29000,0,6171,10,400,1,more than 30,more than 30,more than 4,more than 7,41 to 50,No,No,External,more than 5,no change,1 vehicle,1995,Liability
6,4,4,Toyota,Urban,2,6,3,Male,Married,39,Third Party,Sedan - Collision,Sedan,20000 to 29000,1,6172,7,500,2,more than 30,more than 30,2 to 4,7 years,36 to 40,No,No,External,none,2 to 3 years,1 vehicle,1995,Collision
6,4,1,Pontiac,Urban,2,6,4,Male,Married,36,Policy Holder,Sedan - All Perils,Sedan,20000 to 29000,0,6173,1,400,1,more than 30,more than 30,none,7 years,36 to 40,No,No,External,more than 5,no change,1 vehicle,1995,All Perils
6,3,4,Mazda,Urban,1,4,3,Female,Single,36,Policy Holder,Sedan - Liability,Sport,20000 to 29000,0,6174,8,400,1,more than 30,more than 30,1,7 years,36 to 40,No,No,External,more than 5,no change,1 vehicle,1995,Liability
3,5,2,Toyota,Urban,1,4,1,Female,Married,35,Policy Holder,Sedan - Liability,Sport,20000 to 29000,0,6175,12,400,4,more than 30,more than 30,none,6 years,31 to 35,No,No,External,none,4 to 8 years,2 vehicles,1995,Liability
3,5,1,Toyota,Urban,2,3,1,Male,Single,30,Policy Holder,Sedan - Liability,Sport,20000 to 29000,0,6176,9,400,2,more than 30,more than 30,more than 4,6 years,31 to 35,No,No,External,none,no change,1 vehicle,1995,Liability
3,3,1,Mazda,Urban,2,9,4,Female,Married,40,Policy Holder,Sedan - Liability,Sport,more than 69000,0,6177,5,400,3,more than 30,more than 30,more than 4,7 years,36 to 40,No,No,External,more than 5,no change,1 vehicle,1995,Liability
9,1,5,Honda,Rural,5,10,1,Male,Single,17,Policy Holder,Sport - Collision,Sport,more than 69000,1,6178,13,400,3,more than 30,more than 30,none,3 years,18 to 20,No,No,External,none,no change,1 vehicle,1995,Collision
10,3,3,Toyota,Urban,3,4,3,Male,Married,58,Third Party,Sedan - Liability,Sport,30000 to 39000,0,6179,13,400,4,more than 30,more than 30,1,more than 7,51 to 65,No,No,External,more than 5,no change,1 vehicle,1995,Liability
4,2,4,Honda,Urban,4,3,3,Male,Single,0,Third Party,Sedan - Liability,Sport,more than 69000,0,6180,16,400,1,more than 30,more than 30,2 to 4,new,16 to 17,No,No,External,none,no change,1 vehicle,1995,Liability
3,2,3,Pontiac,Urban,3,3,2,Male,Married,59,Policy Holder,Sedan - Liability,Sport,20000 to 29000,0,6181,3,400,3,more than 30,more than 30,more than 4,more than 7,51 to 65,No,No,External,1 to 2,no change,1 vehicle,1995,Liability
3,1,7,Pontiac,Urban,1,2,1,Male,Married,56,Policy Holder,Sedan - Collision,Sedan,20000 to 29000,0,6182,11,400,4,more than 30,more than 30,2 to 4,more than 7,51 to 65,No,No,External,more than 5,no change,1 vehicle,1995,Collision
2,1,2,Mazda,Urban,3,9,2,Male,Single,39,Policy Holder,Sedan - Liability,Sport,30000 to 39000,0,6183,1,400,3,more than 30,more than 30,more than 4,more than 7,36 to 40,No,No,External,more than 5,no change,1 vehicle,1995,Liability
9,1,2,Toyota,Urban,5,9,3,Male,Married,40,Policy Holder,Sedan - All Perils,Sedan,20000 to 29000,1,6184,2,400,1,more than 30,more than 30,2 to 4,7 years,36 to 40,No,No,External,1 to 2,no change,1 vehicle,1995,All Perils
9,1,2,Honda,Urban,4,11,2,Male,Married,53,Policy Holder,Sedan - All Perils,Sedan,20000 to 29000,1,6185,12,400,4,more than 30,more than 30,1,more than 7,41 to 50,No,No,External,1 to 2,no change,1 vehicle,1995,All Perils
11,4,1,Pontiac,Urban,1,11,4,Male,Married,45,Third Party,Sedan - All Perils,Sedan,30000 to 39000,0,6186,6,400,4,more than 30,more than 30,none,more than 7,36 to 40,No,No,External,none,no change,1 vehicle,1995,All Perils
11,4,2,Pontiac,Urban,2,11,4,Male,Married,39,Policy Holder,Sedan - Collision,Sedan,20000 to 29000,0,6187,9,400,3,more than 30,more than 30,none,7 years,36 to 40,No,No,External,none,no change,1 vehicle,1995,Collision
11,5,4,Pontiac,Urban,4,12,5,Male,Married,48,Third Party,Sedan - All Perils,Sedan,30000 to 39000,0,6188,16,400,4,more than 30,more than 30,none,6 years,41 to 50,No,No,External,3 to 5,no change,1 vehicle,1995,All Perils
12,1,1,VW,Urban,2,3,3,Male,Married,40,Policy Holder,Sedan - Liability,Sport,more than 69000,0,6189,7,400,3,more than 30,more than 30,2 to 4,7 years,36 to 40,No,No,External,none,1 year,1 vehicle,1995,Liability
3,1,7,Pontiac,Urban,1,8,2,Male,Married,51,Policy Holder,Sedan - Liability,Sport,20000 to 29000,0,6190,5,400,1,more than 30,more than 30,2 to 4,7 years,41 to 50,No,No,External,more than 5,no change,1 vehicle,1995,Liability
8,1,1,Pontiac,Urban,2,8,2,Male,Married,54,Third Party,Sedan - Collision,Sedan,20000 to 29000,0,6191,12,400,4,more than 30,more than 30,2 to 4,more than 7,41 to 50,No,No,External,none,no change,1 vehicle,1995,Collision
8,2,1,Pontiac,Urban,4,8,2,Male,Married,69,Policy Holder,Sedan - Collision,Sedan,20000 to 29000,0,6192,7,400,1,more than 30,more than 30,2 to 4,7 years,over 65,No,No,External,3 to 5,no change,3 to 4,1995,Collision
8,2,4,Toyota,Rural,4,8,2,Female,Single,29,Third Party,Sedan - Collision,Sedan,30000 to 39000,0,6193,10,400,3,more than 30,more than 30,1,6 years,31 to 35,No,No,External,none,no change,1 vehicle,1995,Collision
8,3,3,Mazda,Urban,1,9,3,Male,Married,60,Policy Holder,Sedan - Collision,Sedan,30000 to 39000,0,6194,2,400,3,more than 30,more than 30,1,more than 7,51 to 65,No,No,External,none,no change,1 vehicle,1995,Collision
8,5,2,Toyota,Urban,2,9,1,Male,Married,51,Policy Holder,Sedan - Liability,Sport,20000 to 29000,0,6195,9,400,4,more than 30,more than 30,none,7 years,41 to 50,No,No,External,none,no change,1 vehicle,1995,Liability
9,4,7,Pontiac,Rural,2,11,4,Male,Single,30,Policy Holder,Sedan - Liability,Sport,20000 to 29000,0,6196,3,400,2,more than 30,more than 30,2 to 4,7 years,31 to 35,No,No,External,more than 5,4 to 8 years,2 vehicles,1995,Liability
11,4,1,Toyota,Urban,1,12,5,Male,Single,23,Third Party,Sedan - Collision,Sedan,20000 to 29000,0,6197,2,400,4,more than 30,more than 30,2 to 4,5 years,26 to 30,No,No,External,1 to 2,no change,1 vehicle,1995,Collision
12,1,7,Ford,Urban,2,12,1,Male,Single,74,Policy Holder,Sedan - Collision,Sedan,60000 to 69000,0,6198,13,400,3,more than 30,more than 30,none,more than 7,over 65,No,No,External,none,no change,1 vehicle,1995,Collision
12,3,7,Mazda,Urban,1,12,3,Male,Married,44,Policy Holder,Sedan - All Perils,Sedan,less than 20000,0,6199,10,400,2,more than 30,more than 30,1,6 years,36 to 40,No,No,External,more than 5,no change,1 vehicle,1995,All Perils
12,2,6,Mazda,Urban,1,12,2,Male,Single,33,Third Party,Sedan - Collision,Sedan,20000 to 29000,0,6200,9,400,3,more than 30,more than 30,none,7 years,31 to 35,No,No,External,3 to 5,no change,1 vehicle,1995,Collision
12,2,2,Pontiac,Urban,4,9,2,Male,Married,37,Policy Holder,Sedan - Liability,Sport,30000 to 39000,0,6201,15,700,4,more than 30,more than 30,1,7 years,36 to 40,No,No,External,none,no change,1 vehicle,1995,Liability
9,1,4,Pontiac,Urban,1,12,5,Male,Married,47,Third Party,Sedan - All Perils,Sedan,20000 to 29000,0,6202,6,400,2,more than 30,more than 30,2 to 4,more than 7,41 to 50,No,No,External,none,no change,1 vehicle,1995,All Perils
12,2,2,Honda,Urban,2,12,2,Male,Married,40,Policy Holder,Sedan - Collision,Sedan,less than 20000,0,6203,11,400,2,more than 30,more than 30,2 to 4,7 years,36 to 40,No,No,External,none,no change,1 vehicle,1995,Collision
12,1,2,Chevrolet,Urban,1,10,1,Male,Single,49,Policy Holder,Sedan - All Perils,Sedan,30000 to 39000,0,6204,16,400,4,more than 30,more than 30,2 to 4,more than 7,41 to 50,No,No,External,3 to 5,no change,1 vehicle,1995,All Perils
10,2,3,Pontiac,Urban,4,10,3,Male,Married,61,Third Party,Sedan - Collision,Sedan,20000 to 29000,0,6205,4,400,4,more than 30,more than 30,more than 4,more than 7,51 to 65,No,No,External,more than 5,no change,1 vehicle,1995,Collision
10,2,5,Pontiac,Urban,4,10,3,Female,Married,34,Policy Holder,Sedan - Collision,Sedan,less than 20000,0,6206,11,400,2,more than 30,more than 30,none,6 years,31 to 35,No,No,External,1 to 2,no change,1 vehicle,1995,Collision
9,2,2,Pontiac,Urban,4,9,1,Male,Single,27,Policy Holder,Sedan - Collision,Sedan,20000 to 29000,0,6207,3,400,1,more than 30,more than 30,1,6 years,31 to 35,No,No,External,none,no change,1 vehicle,1995,Collision
9,1,7,Accura,Urban,1,9,5,Male,Married,28,Policy Holder,Utility - All Perils,Utility,more than 69000,1,6208,6,400,4,more than 30,more than 30,1,6 years,31 to 35,No,No,External,1 to 2,no change,1 vehicle,1995,All Perils
9,1,2,Mazda,Urban,1,8,1,Male,Married,30,Policy Holder,Sedan - Collision,Sedan,20000 to 29000,0,6209,10,400,4,more than 30,more than 30,2 to 4,7 years,31 to 35,No,No,External,1 to 2,no change,1 vehicle,1995,Collision
8,3,1,Pontiac,Urban,4,8,4,Female,Married,30,Policy Holder,Sedan - Collision,Sedan,20000 to 29000,0,6210,16,400,1,more than 30,more than 30,2 to 4,6 years,31 to 35,No,No,External,1 to 2,no change,1 vehicle,1995,Collision
8,3,5,Mazda,Urban,1,4,4,Male,Married,70,Policy Holder,Sedan - Liability,Sport,20000 to 29000,0,6211,9,400,1,more than 30,more than 30,2 to 4,more than 7,over 65,No,No,Internal,more than 5,no change,1 vehicle,1995,Liability
3,5,1,Toyota,Urban,3,2,4,Male,Married,30,Third Party,Sedan - All Perils,Sedan,less than 20000,0,6212,14,400,2,none,more than 30,1,6 years,31 to 35,Yes,No,External,none,no change,1 vehicle,1995,All Perils
2,3,3,Honda,Urban,3,3,4,Male,Married,31,Policy Holder,Sedan - Liability,Sport,20000 to 29000,0,6213,12,400,3,more than 30,more than 30,more than 4,7 years,31 to 35,No,No,External,none,no change,1 vehicle,1995,Liability
12,5,3,Honda,Urban,4,12,5,Male,Married,45,Third Party,Sedan - Collision,Sedan,more than 69000,0,6214,15,400,4,more than 30,more than 30,none,new,36 to 40,No,No,External,none,no change,1 vehicle,1995,Collision
12,3,4,Toyota,Urban,3,12,3,Male,Married,29,Policy Holder,Sedan - All Perils,Sedan,20000 to 29000,0,6215,15,400,3,more than 30,more than 30,1,7 years,31 to 35,No,No,External,none,no change,1 vehicle,1995,All Perils
12,1,2,Chevrolet,Urban,3,12,2,Male,Married,26,Policy Holder,Sedan - Liability,Sport,30000 to 39000,0,6216,13,400,1,more than 30,more than 30,none,5 years,31 to 35,No,No,External,none,no change,1 vehicle,1995,Liability
11,5,6,Toyota,Urban,1,9,4,Male,Married,47,Third Party,Sedan - Liability,Sport,20000 to 29000,0,6217,7,400,4,more than 30,more than 30,2 to 4,more than 7,41 to 50,No,No,External,none,4 to 8 years,2 vehicles,1995,Liability
9,1,5,Toyota,Urban,5,7,1,Male,Married,60,Third Party,Sedan - Collision,Sedan,30000 to 39000,0,6218,16,400,4,more than 30,more than 30,1,more than 7,51 to 65,No,No,External,more than 5,no change,1 vehicle,1995,Collision
6,4,1,Chevrolet,Rural,3,2,2,Male,Married,31,Policy Holder,Sedan - Collision,Sedan,30000 to 39000,0,6219,8,400,2,more than 30,more than 30,1,7 years,31 to 35,No,No,External,more than 5,no change,1 vehicle,1995,Collision
2,2,2,Toyota,Rural,3,1,2,Male,Married,35,Policy Holder,Sedan - All Perils,Sedan,20000 to 29000,0,6220,14,400,4,more than 30,more than 30,none,6 years,31 to 35,No,No,External,none,no change,1 vehicle,1995,All Perils
1,4,1,Toyota,Urban,1,1,4,Female,Married,53,Policy Holder,Sedan - Collision,Sedan,20000 to 29000,0,6221,15,400,3,more than 30,more than 30,none,7 years,41 to 50,No,No,External,none,no change,1 vehicle,1995,Collision
1,4,6,Honda,Urban,5,3,4,Male,Single,34,Policy Holder,Sedan - Liability,Sport,20000 to 29000,0,6222,8,400,3,more than 30,more than 30,2 to 4,6 years,31 to 35,No,No,External,none,no change,1 vehicle,1995,Liability
1,1,3,Honda,Rural,2,5,4,Male,Married,39,Policy Holder,Sedan - Liability,Sport,30000 to 39000,0,6223,6,500,2,more than 30,more than 30,more than 4,7 years,36 to 40,No,No,External,none,2 to 3 years,1 vehicle,1995,Liability
2,4,4,Honda,Urban,5,2,3,Male,Single,0,Policy Holder,Sedan - Liability,Sport,more than 69000,0,6224,14,400,3,more than 30,more than 30,2 to 4,new,16 to 17,No,No,External,none,no change,1 vehicle,1995,Liability
2,3,2,Pontiac,Urban,2,3,3,Male,Married,35,Policy Holder,Sedan - Liability,Sport,more than 69000,0,6225,5,400,2,more than 30,more than 30,1,7 years,31 to 35,No,No,External,1 to 2,no change,1 vehicle,1995,Liability
3,4,7,Mazda,Urban,1,10,4,Male,Married,53,Policy Holder,Sedan - Liability,Sport,20000 to 29000,0,6226,7,400,2,more than 30,more than 30,2 to 4,7 years,41 to 50,No,No,External,3 to 5,no change,1 vehicle,1995,Liability
10,1,7,Pontiac,Urban,2,4,1,Female,Single,39,Policy Holder,Sedan - Liability,Sport,less than 20000,0,6227,13,400,1,more than 30,more than 30,2 to 4,6 years,36 to 40,No,No,External,more than 5,no change,1 vehicle,1995,Liability
4,1,2,Mazda,Urban,4,1,1,Male,Married,40,Policy Holder,Sedan - Liability,Sport,30000 to 39000,0,6228,2,400,4,more than 30,more than 30,more than 4,7 years,36 to 40,No,No,External,1 to 2,no change,1 vehicle,1995,Liability
1,4,6,Toyota,Urban,1,1,4,Male,Single,37,Third Party,Sedan - All Perils,Sedan,20000 to 29000,0,6229,4,400,3,more than 30,more than 30,1,7 years,36 to 40,No,No,External,3 to 5,no change,1 vehicle,1995,All Perils
1,4,2,Pontiac,Urban,4,2,4,Female,Married,39,Policy Holder,Sedan - Collision,Sedan,20000 to 29000,0,6230,9,400,3,more than 30,more than 30,2 to 4,7 years,36 to 40,No,No,External,none,no change,1 vehicle,1995,Collision
2,3,1,Mazda,Urban,2,4,3,Male,Married,44,Policy Holder,Sedan - Collision,Sedan,30000 to 39000,0,6231,1,400,3,more than 30,more than 30,1,7 years,36 to 40,No,No,External,more than 5,no change,1 vehicle,1995,Collision
4,2,5,Mazda,Urban,5,10,2,Female,Single,30,Third Party,Sedan - Collision,Sedan,less than 20000,0,6232,16,400,3,more than 30,more than 30,2 to 4,6 years,31 to 35,No,No,External,none,no change,1 vehicle,1995,Collision
10,3,6,Chevrolet,Urban,1,10,3,Male,Married,57,Policy Holder,Sedan - Collision,Sedan,30000 to 39000,0,6233,14,400,2,more than 30,more than 30,2 to 4,more than 7,51 to 65,No,No,External,more than 5,no change,3 to 4,1995,Collision
10,4,4,Chevrolet,Urban,5,11,4,Male,Single,60,Policy Holder,Sedan - Liability,Sport,30000 to 39000,0,6234,13,400,4,more than 30,more than 30,more than 4,more than 7,51 to 65,No,No,External,3 to 5,no change,1 vehicle,1995,Liability
11,1,5,Pontiac,Rural,2,12,1,Male,Married,42,Policy Holder,Sedan - Collision,Sedan,30000 to 39000,0,6235,15,400,3,more than 30,more than 30,none,7 years,36 to 40,No,No,External,more than 5,no change,1 vehicle,1995,Collision
11,1,4,Accura,Urban,5,9,1,Male,Married,41,Policy Holder,Sedan - All Perils,Sedan,30000 to 39000,0,6236,14,400,3,more than 30,more than 30,more than 4,more than 7,36 to 40,No,No,External,more than 5,no change,1 vehicle,1995,All Perils
9,2,3,Ford,Urban,3,4,3,Female,Married,38,Third Party,Sedan - All Perils,Sedan,40000 to 59000,0,6237,7,400,1,more than 30,more than 30,none,6 years,36 to 40,No,No,External,more than 5,no change,1 vehicle,1995,All Perils
3,5,2,Pontiac,Urban,2,4,1,Male,Married,79,Policy Holder,Sedan - All Perils,Sedan,more than 69000,0,6238,10,400,3,more than 30,more than 30,1,6 years,over 65,No,No,External,3 to 5,4 to 8 years,2 vehicles,1995,All Perils
3,5,1,Pontiac,Urban,1,4,2,Male,Married,43,Third Party,Sedan - All Perils,Sedan,20000 to 29000,0,6239,9,400,1,more than 30,more than 30,2 to 4,more than 7,36 to 40,Yes,Yes,External,more than 5,no change,1 vehicle,1995,All Perils
4,4,3,Ford,Urban,3,5,4,Male,Married,40,Policy Holder,Sedan - All Perils,Sedan,40000 to 59000,0,6240,3,400,4,more than 30,more than 30,1,7 years,36 to 40,No,No,External,more than 5,no change,1 vehicle,1995,All Perils
4,4,1,Chevrolet,Urban,1,5,3,Male,Married,59,Third Party,Sedan - All Perils,Sedan,60000 to 69000,0,6241,2,400,1,more than 30,more than 30,none,more than 7,51 to 65,No,No,External,more than 5,no change,1 vehicle,1995,All Perils
4,4,6,Honda,Urban,3,5,1,Male,Single,34,Policy Holder,Sedan - Liability,Sport,more than 69000,0,6242,4,400,4,more than 30,more than 30,more than 4,new,31 to 35,No,No,External,none,no change,1 vehicle,1995,Liability
5,3,1,Toyota,Rural,3,5,3,Male,Married,26,Policy Holder,Sedan - Collision,Sedan,less than 20000,0,6243,7,400,2,more than 30,more than 30,none,6 years,31 to 35,No,No,External,more than 5,no change,1 vehicle,1995,Collision
5,2,5,Chevrolet,Urban,1,9,2,Male,Married,45,Third Party,Sedan - All Perils,Sedan,more than 69000,0,6244,4,400,1,more than 30,more than 30,none,6 years,36 to 40,No,No,External,none,no change,1 vehicle,1995,All Perils
9,2,1,Mazda,Urban,2,6,4,Male,Married,31,Third Party,Sedan - Collision,Sedan,30000 to 39000,0,6245,14,400,1,more than 30,more than 30,none,6 years,31 to 35,No,No,External,more than 5,no change,1 vehicle,1995,Collision
6,1,3,Toyota,Urban,5,7,3,Male,Married,34,Policy Holder,Sedan - Liability,Sport,20000 to 29000,0,6246,2,400,1,more than 30,more than 30,2 to 4,7 years,31 to 35,No,No,External,3 to 5,no change,1 vehicle,1995,Liability
6,5,1,Mazda,Urban,2,6,1,Male,Single,25,Policy Holder,Sedan - All Perils,Sedan,20000 to 29000,0,6247,13,400,1,more than 30,more than 30,2 to 4,5 years,26 to 30,No,No,External,none,no change,1 vehicle,1995,All Perils
6,3,1,Pontiac,Urban,1,9,5,Male,Married,32,Policy Holder,Sedan - Liability,Sport,30000 to 39000,0,6248,1,400,4,more than 30,more than 30,2 to 4,7 years,31 to 35,No,No,External,none,no change,1 vehicle,1995,Liability
9,3,6,Toyota,Urban,5,9,3,Male,Married,30,Policy Holder,Sedan - Liability,Sport,20000 to 29000,0,6249,10,400,1,more than 30,more than 30,2 to 4,7 years,31 to 35,No,No,External,1 to 2,no change,1 vehicle,1995,Liability
9,2,4,Pontiac,Urban,5,10,3,Male,Married,49,Policy Holder,Sedan - Liability,Sport,30000 to 39000,0,6250,7,400,2,more than 30,more than 30,2 to 4,more than 7,41 to 50,No,No,External,none,no change,1 vehicle,1995,Liability
10,3,5,Pontiac,Urban,2,10,4,Male,Single,35,Third Party,Sedan - All Perils,Sedan,20000 to 29000,0,6251,3,400,4,more than 30,more than 30,2 to 4,7 years,31 to 35,No,No,External,3 to 5,no change,1 vehicle,1995,All Perils
10,4,4,Chevrolet,Urban,4,11,4,Male,Married,37,Policy Holder,Utility - All Perils,Utility,more than 69000,0,6252,15,400,3,more than 30,more than 30,2 to 4,7 years,36 to 40,No,No,External,more than 5,no change,1 vehicle,1995,All Perils
11,1,6,Chevrolet,Urban,1,11,2,Male,Married,76,Policy Holder,Sedan - Liability,Sport,30000 to 39000,0,6253,15,400,4,more than 30,more than 30,more than 4,more than 7,over 65,No,No,External,1 to 2,no change,1 vehicle,1995,Liability
10,5,5,Honda,Urban,5,11,3,Male,Single,33,Policy Holder,Sedan - All Perils,Sedan,20000 to 29000,0,6254,5,400,3,more than 30,more than 30,none,6 years,31 to 35,No,No,External,1 to 2,no change,1 vehicle,1995,All Perils
11,4,5,Mazda,Urban,4,12,4,Male,Single,27,Policy Holder,Sedan - Collision,Sedan,30000 to 39000,0,6255,4,400,3,more than 30,more than 30,none,5 years,31 to 35,No,No,External,3 to 5,no change,1 vehicle,1995,Collision
11,4,5,Mazda,Urban,2,4,1,Male,Single,30,Third Party,Sport - Collision,Sport,more than 69000,0,6256,3,400,2,more than 30,more than 30,2 to 4,5 years,31 to 35,No,No,External,3 to 5,no change,1 vehicle,1995,Collision
4,3,1,Accura,Urban,1,6,3,Male,Married,31,Policy Holder,Sedan - Collision,Sedan,20000 to 29000,0,6257,5,400,4,more than 30,more than 30,2 to 4,7 years,31 to 35,No,No,External,more than 5,no change,1 vehicle,1995,Collision
6,1,1,Honda,Urban,5,6,1,Female,Married,38,Policy Holder,Sedan - Liability,Sport,20000 to 29000,0,6258,6,400,4,more than 30,more than 30,more than 4,5 years,36 to 40,No,No,External,none,no change,1 vehicle,1995,Liability
5,5,5,Honda,Urban,3,9,1,Male,Married,33,Policy Holder,Sedan - Collision,Sedan,20000 to 29000,0,6259,9,400,3,more than 30,more than 30,2 to 4,6 years,31 to 35,No,No,External,more than 5,4 to 8 years,2 vehicles,1995,Collision
9,2,1,Honda,Urban,5,11,3,Male,Single,32,Policy Holder,Sedan - Liability,Sport,20000 to 29000,0,6260,4,400,3,more than 30,more than 30,2 to 4,6 years,31 to 35,No,No,External,none,no change,1 vehicle,1995,Liability
11,2,2,Pontiac,Urban,2,1,3,Male,Married,28,Third Party,Sedan - All Perils,Sedan,less than 20000,0,6261,9,400,4,more than 30,more than 30,1,7 years,31 to 35,No,No,External,none,no change,1 vehicle,1995,All Perils
1,3,3,Chevrolet,Urban,5,5,3,Male,Married,28,Policy Holder,Sedan - Liability,Sport,30000 to 39000,0,6262,13,400,3,more than 30,more than 30,more than 4,7 years,31 to 35,No,No,External,none,no change,1 vehicle,1995,Liability
5,1,6,Toyota,Urban,1,6,3,Female,Single,38,Policy Holder,Sedan - Liability,Sport,20000 to 29000,0,6263,9,700,3,more than 30,more than 30,2 to 4,7 years,36 to 40,No,No,External,none,no change,1 vehicle,1995,Liability
6,1,2,Mercury,Urban,2,7,2,Male,Single,18,Policy Holder,Sedan - Collision,Sedan,20000 to 29000,0,6264,11,400,1,more than 30,more than 30,none,2 years,21 to 25,No,No,External,more than 5,no change,1 vehicle,1995,Collision
7,3,1,Pontiac,Urban,1,8,3,Male,Married,54,Policy Holder,Sedan - All Perils,Sedan,less than 20000,0,6265,7,400,1,more than 30,more than 30,none,more than 7,41 to 50,No,No,External,more than 5,no change,1 vehicle,1995,All Perils
8,1,2,Toyota,Urban,3,7,1,Female,Married,35,Third Party,Sedan - All Perils,Sedan,less than 20000,0,6266,7,400,4,more than 30,more than 30,1,6 years,31 to 35,No,No,External,1 to 2,no change,1 vehicle,1995,All Perils
7,4,3,Honda,Urban,5,12,4,Male,Married,63,Policy Holder,Sedan - Liability,Sport,30000 to 39000,0,6267,3,400,1,more than 30,more than 30,1,more than 7,51 to 65,No,No,External,more than 5,no change,1 vehicle,1995,Liability
11,2,6,Mazda,Urban,6,9,2,Male,Married,57,Policy Holder,Sedan - Collision,Sedan,20000 to 29000,0,6268,2,400,1,more than 30,more than 30,2 to 4,7 years,51 to 65,No,No,External,none,no change,1 vehicle,1995,Collision
9,2,4,Pontiac,Rural,5,12,3,Male,Single,31,Policy Holder,Sedan - All Perils,Sedan,20000 to 29000,1,6269,8,400,4,more than 30,more than 30,1,7 years,31 to 35,No,No,External,more than 5,no change,1 vehicle,1995,All Perils
12,2,6,Ford,Urban,4,12,2,Male,Single,37,Policy Holder,Sedan - Collision,Sedan,40000 to 59000,0,6270,2,400,1,more than 30,more than 30,none,7 years,36 to 40,No,No,External,more than 5,no change,1 vehicle,1995,Collision
11,3,5,Pontiac,Urban,2,11,1,Male,Married,52,Policy Holder,Sedan - All Perils,Sedan,20000 to 29000,0,6271,15,400,4,more than 30,more than 30,none,7 years,41 to 50,Yes,Yes,External,more than 5,no change,1 vehicle,1995,All Perils
11,3,1,Honda,Urban,2,12,4,Male,Married,28,Third Party,Sedan - All Perils,Sedan,less than 20000,0,6272,6,400,3,more than 30,more than 30,2 to 4,4 years,31 to 35,No,No,External,none,no change,1 vehicle,1995,All Perils
12,2,4,Pontiac,Urban,4,6,2,Male,Married,63,Policy Holder,Sedan - All Perils,Sedan,less than 20000,0,6273,3,400,2,more than 30,more than 30,none,more than 7,51 to 65,No,No,External,1 to 2,no change,1 vehicle,1995,All Perils
5,3,6,Honda,Urban,2,10,1,Male,Single,29,Policy Holder,Sedan - Liability,Sport,30000 to 39000,0,6274,13,400,4,more than 30,more than 30,2 to 4,5 years,31 to 35,No,No,External,1 to 2,2 to 3 years,3 to 4,1995,Liability
9,2,1,BMW,Urban,3,8,1,Male,Married,65,Third Party,Sedan - Collision,Sedan,20000 to 29000,0,6275,4,400,3,more than 30,more than 30,2 to 4,more than 7,51 to 65,No,No,External,1 to 2,no change,1 vehicle,1995,Collision
8,5,7,Mazda,Urban,1,9,5,Male,Married,59,Policy Holder,Sedan - Liability,Sport,20000 to 29000,0,6276,1,400,2,more than 30,more than 30,more than 4,more than 7,51 to 65,No,No,External,3 to 5,no change,1 vehicle,1995,Liability
8,4,1,Honda,Urban,1,8,3,Male,Married,46,Third Party,Sedan - Liability,Sport,more than 69000,0,6277,7,400,1,more than 30,more than 30,more than 4,7 years,41 to 50,No,No,External,3 to 5,no change,1 vehicle,1995,Liability
8,5,6,Mercury,Rural,5,9,5,Male,Married,56,Policy Holder,Sedan - Collision,Sedan,20000 to 29000,0,6278,9,400,1,more than 30,more than 30,2 to 4,more than 7,51 to 65,No,No,External,none,no change,1 vehicle,1995,Collision
9,2,7,Accura,Urban,1,9,4,Male,Married,72,Policy Holder,Sedan - All Perils,Sedan,20000 to 29000,1,6279,5,400,1,more than 30,more than 30,none,7 years,over 65,No,No,External,none,no change,1 vehicle,1995,All Perils
9,3,5,Pontiac,Urban,2,11,3,Male,Married,39,Policy Holder,Sedan - Liability,Sport,30000 to 39000,0,6280,14,400,2,more than 30,more than 30,1,7 years,36 to 40,No,No,External,more than 5,1 year,2 vehicles,1995,Liability
9,3,2,Accura,Urban,3,10,3,Male,Married,61,Policy Holder,Sedan - Liability,Sport,30000 to 39000,0,6281,16,400,4,more than 30,more than 30,none,more than 7,51 to 65,No,No,External,none,no change,1 vehicle,1995,Liability
10,3,3,Honda,Urban,4,10,3,Male,Married,46,Policy Holder,Sedan - Liability,Sport,30000 to 39000,0,6282,2,400,1,more than 30,more than 30,2 to 4,7 years,41 to 50,No,No,External,more than 5,no change,1 vehicle,1995,Liability
10,1,4,Pontiac,Urban,5,9,1,Male,Married,44,Policy Holder,Sedan - Liability,Sport,20000 to 29000,0,6283,16,400,2,more than 30,more than 30,more than 4,7 years,36 to 40,No,No,External,more than 5,no change,1 vehicle,1995,Liability
8,5,6,VW,Rural,4,9,1,Male,Married,47,Policy Holder,Sedan - Liability,Sport,40000 to 59000,0,6284,5,400,3,15 to 30,more than 30,none,more than 7,41 to 50,No,No,Internal,1 to 2,no change,1 vehicle,1995,Liability
9,1,5,Mercury,Urban,2,8,2,Male,Single,22,Third Party,Sedan - Collision,Sedan,20000 to 29000,0,6285,1,400,3,more than 30,more than 30,none,5 years,26 to 30,No,No,External,1 to 2,no change,1 vehicle,1995,Collision
8,4,7,Honda,Urban,1,8,5,Male,Married,36,Policy Holder,Sedan - All Perils,Sedan,20000 to 29000,0,6286,1,400,4,more than 30,more than 30,none,7 years,36 to 40,No,No,External,none,no change,1 vehicle,1995,All Perils
8,3,2,Accura,Urban,2,8,5,Male,Married,56,Policy Holder,Sedan - All Perils,Sedan,30000 to 39000,0,6287,14,400,3,more than 30,more than 30,none,more than 7,51 to 65,No,No,External,3 to 5,no change,1 vehicle,1995,All Perils
8,4,5,Chevrolet,Urban,4,8,5,Male,Married,62,Third Party,Sedan - Liability,Sport,more than 69000,0,6288,14,400,3,more than 30,more than 30,2 to 4,7 years,51 to 65,No,No,External,3 to 5,no change,1 vehicle,1995,Liability
8,3,4,Honda,Urban,4,7,4,Male,Single,32,Policy Holder,Sedan - Liability,Sport,30000 to 39000,0,6289,10,400,1,more than 30,more than 30,1,7 years,31 to 35,No,No,External,3 to 5,no change,1 vehicle,1995,Liability
7,4,2,Pontiac,Urban,3,8,4,Male,Married,39,Third Party,Sedan - Collision,Sedan,30000 to 39000,0,6290,1,400,4,more than 30,more than 30,1,6 years,36 to 40,No,No,External,more than 5,no change,1 vehicle,1995,Collision
7,4,2,Ford,Urban,4,6,2,Male,Married,58,Policy Holder,Sedan - All Perils,Sedan,30000 to 39000,0,6291,6,400,3,more than 30,more than 30,2 to 4,more than 7,51 to 65,No,No,External,1 to 2,no change,1 vehicle,1995,All Perils
6,2,7,Toyota,Urban,1,4,3,Male,Married,39,Third Party,Sedan - All Perils,Sedan,20000 to 29000,0,6292,5,400,1,more than 30,more than 30,none,7 years,36 to 40,No,No,External,1 to 2,no change,1 vehicle,1995,All Perils
4,3,6,Toyota,Urban,2,9,3,Female,Single,31,Policy Holder,Sedan - Collision,Sedan,20000 to 29000,0,6293,2,400,1,more than 30,more than 30,2 to 4,5 years,31 to 35,No,No,External,3 to 5,no change,1 vehicle,1995,Collision
9,2,6,Mazda,Urban,2,12,2,Male,Married,50,Policy Holder,Sedan - All Perils,Sedan,30000 to 39000,1,6294,4,700,3,more than 30,more than 30,2 to 4,more than 7,41 to 50,No,No,External,1 to 2,no change,1 vehicle,1995,All Perils
12,2,5,Pontiac,Urban,5,12,2,Male,Married,54,Policy Holder,Sedan - Liability,Sport,20000 to 29000,0,6295,8,400,1,more than 30,more than 30,1,more than 7,41 to 50,No,No,External,3 to 5,no change,1 vehicle,1995,Liability
12,2,3,Mazda,Urban,4,11,3,Male,Married,37,Policy Holder,Sedan - Collision,Sedan,20000 to 29000,0,6296,10,400,2,none,more than 30,2 to 4,6 years,36 to 40,No,No,External,none,no change,1 vehicle,1995,Collision
11,3,6,Pontiac,Urban,2,11,3,Male,Married,64,Policy Holder,Sedan - Collision,Sedan,20000 to 29000,0,6297,10,400,2,more than 30,more than 30,1,more than 7,51 to 65,No,No,External,none,no change,1 vehicle,1995,Collision
11,2,5,Pontiac,Urban,5,11,3,Male,Single,21,Policy Holder,Sedan - Liability,Sport,20000 to 29000,0,6298,6,400,2,more than 30,more than 30,2 to 4,4 years,26 to 30,No,No,External,none,no change,1 vehicle,1995,Liability
11,2,7,Chevrolet,Urban,2,11,2,Male,Married,45,Policy Holder,Sedan - Liability,Sport,20000 to 29000,0,6299,14,400,1,more than 30,more than 30,1,7 years,36 to 40,No,No,External,none,no change,1 vehicle,1995,Liability
10,5,7,Mazda,Urban,1,9,1,Male,Single,28,Policy Holder,Sedan - Collision,Sedan,30000 to 39000,0,6300,1,400,1,more than 30,more than 30,1,6 years,31 to 35,No,No,External,more than 5,no change,1 vehicle,1995,Collision
9,2,1,Toyota,Urban,3,9,2,Male,Married,37,Policy Holder,Sedan - Liability,Sport,20000 to 29000,1,6301,14,400,1,more than 30,more than 30,none,7 years,36 to 40,No,No,External,more than 5,4 to 8 years,2 vehicles,1995,Liability
9,1,7,Pontiac,Rural,1,8,2,Male,Single,27,Policy Holder,Sedan - Collision,Sedan,20000 to 29000,0,6302,4,400,3,more than 30,more than 30,1,6 years,31 to 35,No,No,External,none,no change,1 vehicle,1995,Collision
8,4,6,Chevrolet,Urban,1,8,4,Male,Married,70,Policy Holder,Sedan - Liability,Sport,30000 to 39000,0,6303,9,400,4,more than 30,more than 30,2 to 4,more than 7,over 65,No,No,External,none,no change,1 vehicle,1995,Liability
8,1,4,Chevrolet,Urban,3,8,2,Male,Married,36,Policy Holder,Sedan - Liability,Sport,30000 to 39000,0,6304,4,400,4,more than 30,more than 30,2 to 4,7 years,36 to 40,No,No,External,none,no change,1 vehicle,1995,Liability
8,1,7,Mazda,Urban,1,9,5,Female,Single,42,Third Party,Sedan - Collision,Sedan,20000 to 29000,0,6305,15,400,1,more than 30,more than 30,more than 4,more than 7,36 to 40,No,No,External,more than 5,no change,1 vehicle,1995,Collision
9,2,1,Pontiac,Urban,4,7,2,Male,Single,21,Third Party,Sedan - Collision,Sedan,more than 69000,0,6306,13,400,1,more than 30,more than 30,none,5 years,26 to 30,No,No,External,1 to 2,no change,1 vehicle,1995,Collision
7,3,6,Saab,Urban,1,8,4,Male,Married,41,Policy Holder,Sedan - Collision,Sedan,30000 to 39000,0,6307,12,400,1,more than 30,more than 30,none,7 years,36 to 40,No,No,External,none,no change,1 vehicle,1995,Collision
7,3,3,Mazda,Urban,4,7,1,Male,Married,27,Policy Holder,Sedan - Liability,Sport,20000 to 29000,0,6308,9,400,1,more than 30,more than 30,more than 4,7 years,31 to 35,No,No,External,1 to 2,no change,1 vehicle,1995,Liability
7,2,2,Chevrolet,Urban,3,7,3,Female,Single,27,Policy Holder,Sedan - Liability,Sport,20000 to 29000,0,6309,10,400,2,more than 30,more than 30,more than 4,5 years,31 to 35,No,No,External,none,no change,1 vehicle,1995,Liability
7,1,7,Pontiac,Urban,3,7,2,Male,Married,38,Third Party,Sedan - All Perils,Sedan,more than 69000,0,6310,5,400,3,more than 30,more than 30,1,more than 7,36 to 40,No,No,External,3 to 5,no change,1 vehicle,1995,All Perils
7,1,3,VW,Urban,3,5,2,Male,Married,35,Third Party,Sedan - Liability,Sport,more than 69000,0,6311,1,400,3,more than 30,more than 30,more than 4,7 years,31 to 35,No,No,External,none,no change,1 vehicle,1995,Liability
5,3,6,Toyota,Urban,3,3,3,Male,Married,29,Policy Holder,Sedan - Liability,Sport,40000 to 59000,0,6312,12,400,1,more than 30,more than 30,2 to 4,7 years,31 to 35,No,No,External,none,no change,1 vehicle,1995,Liability
3,1,1,Saab,Urban,2,2,2,Male,Married,64,Policy Holder,Sedan - All Perils,Sedan,30000 to 39000,0,6313,15,400,4,more than 30,more than 30,2 to 4,more than 7,51 to 65,No,No,External,none,no change,1 vehicle,1995,All Perils
2,3,1,Honda,Urban,4,10,3,Female,Single,28,Policy Holder,Sedan - Liability,Sport,20000 to 29000,0,6314,14,400,2,more than 30,more than 30,more than 4,6 years,31 to 35,No,No,External,none,no change,1 vehicle,1995,Liability
8,2,2,Accura,Urban,2,1,2,Male,Married,41,Policy Holder,Utility - All Perils,Utility,more than 69000,0,6315,11,400,1,more than 30,more than 30,none,7 years,36 to 40,No,No,External,1 to 2,no change,3 to 4,1995,All Perils
1,2,3,Pontiac,Urban,4,1,2,Male,Single,30,Policy Holder,Sedan - Liability,Sport,20000 to 29000,0,6316,6,400,3,more than 30,more than 30,2 to 4,6 years,31 to 35,No,No,External,3 to 5,no change,1 vehicle,1995,Liability
1,1,3,Toyota,Urban,5,2,1,Male,Married,32,Policy Holder,Sedan - All Perils,Sedan,more than 69000,0,6317,15,400,4,more than 30,more than 30,none,6 years,31 to 35,No,No,External,3 to 5,no change,1 vehicle,1995,All Perils
2,2,5,Ford,Urban,1,3,2,Male,Married,54,Policy Holder,Sedan - Liability,Sport,30000 to 39000,0,6318,7,400,4,more than 30,more than 30,2 to 4,7 years,41 to 50,No,No,External,more than 5,no change,1 vehicle,1995,Liability
3,1,7,Mazda,Urban,1,11,1,Male,Married,40,Third Party,Sedan - Collision,Sedan,20000 to 29000,0,6319,15,400,1,more than 30,more than 30,none,more than 7,36 to 40,No,No,External,more than 5,no change,1 vehicle,1995,Collision
11,1,2,Toyota,Urban,1,9,1,Female,Married,21,Policy Holder,Sedan - Liability,Sport,20000 to 29000,0,6320,3,400,3,more than 30,more than 30,none,5 years,26 to 30,No,No,External,3 to 5,no change,1 vehicle,1995,Liability
7,3,3,Pontiac,Urban,3,8,1,Male,Married,45,Policy Holder,Sedan - Liability,Sport,30000 to 39000,0,6321,12,400,3,more than 30,more than 30,more than 4,more than 7,36 to 40,No,No,External,more than 5,no change,1 vehicle,1995,Liability
7,3,1,Mazda,Urban,3,6,1,Male,Married,37,Third Party,Sport - Collision,Sport,more than 69000,0,6322,9,400,2,more than 30,more than 30,none,more than 7,36 to 40,No,No,External,none,4 to 8 years,2 vehicles,1995,Collision
4,4,6,Mazda,Rural,2,4,2,Male,Married,33,Policy Holder,Sedan - All Perils,Sedan,30000 to 39000,0,6323,9,400,1,more than 30,more than 30,1,6 years,31 to 35,No,No,External,none,no change,1 vehicle,1995,All Perils
4,4,5,Mazda,Urban,2,5,4,Female,Single,25,Policy Holder,Sedan - Collision,Sedan,20000 to 29000,0,6324,2,400,4,more than 30,more than 30,more than 4,5 years,26 to 30,Yes,No,External,none,no change,1 vehicle,1995,Collision
4,4,1,Mazda,Urban,3,12,4,Female,Single,27,Policy Holder,Sedan - All Perils,Sedan,less than 20000,0,6325,11,700,3,more than 30,more than 30,1,7 years,31 to 35,No,No,External,1 to 2,2 to 3 years,1 vehicle,1995,All Perils
12,4,1,Pontiac,Urban,3,12,5,Male,Single,29,Policy Holder,Sedan - Collision,Sedan,30000 to 39000,0,6326,8,400,2,more than 30,more than 30,none,6 years,31 to 35,No,No,External,none,no change,1 vehicle,1995,Collision
12,1,7,Pontiac,Urban,5,12,4,Male,Married,31,Policy Holder,Sedan - Collision,Sedan,20000 to 29000,0,6327,5,400,2,more than 30,more than 30,1,7 years,31 to 35,No,No,External,more than 5,no change,1 vehicle,1995,Collision
12,1,3,Chevrolet,Urban,4,10,2,Male,Married,42,Third Party,Sedan - Liability,Sport,30000 to 39000,0,6328,11,400,2,more than 30,more than 30,more than 4,7 years,36 to 40,No,No,External,3 to 5,no change,1 vehicle,1995,Liability
10,4,1,Chevrolet,Urban,2,10,4,Male,Married,50,Policy Holder,Sedan - All Perils,Sedan,30000 to 39000,0,6329,1,400,4,more than 30,more than 30,1,more than 7,41 to 50,No,No,External,more than 5,no change,1 vehicle,1995,All Perils
10,4,1,Honda,Urban,1,9,4,Male,Single,38,Policy Holder,Sedan - All Perils,Sedan,less than 20000,0,6330,8,400,2,more than 30,more than 30,none,7 years,36 to 40,No,No,External,none,no change,1 vehicle,1995,All Perils
9,2,1,Toyota,Urban,5,9,4,Male,Single,35,Policy Holder,Sedan - All Perils,Sedan,less than 20000,1,6331,4,400,4,more than 30,more than 30,1,5 years,31 to 35,No,No,External,none,no change,1 vehicle,1995,All Perils
9,2,5,Mazda,Rural,2,8,3,Male,Married,27,Policy Holder,Sedan - Collision,Sedan,20000 to 29000,1,6332,14,400,3,more than 30,more than 30,none,5 years,31 to 35,Yes,No,External,none,no change,1 vehicle,1995,Collision
7,5,5,Pontiac,Rural,5,7,1,Male,Married,57,Policy Holder,Utility - All Perils,Utility,40000 to 59000,0,6333,15,400,4,more than 30,more than 30,2 to 4,6 years,51 to 65,No,No,External,1 to 2,no change,1 vehicle,1995,All Perils
7,2,5,Pontiac,Urban,3,7,3,Male,Married,32,Policy Holder,Sedan - Collision,Sedan,30000 to 39000,0,6334,12,400,2,more than 30,more than 30,2 to 4,7 years,31 to 35,No,No,External,none,no change,1 vehicle,1995,Collision
7,1,1,Honda,Urban,2,5,1,Male,Married,34,Policy Holder,Sedan - Collision,Sedan,20000 to 29000,0,6335,4,400,2,more than 30,more than 30,more than 4,6 years,31 to 35,No,No,External,more than 5,no change,1 vehicle,1995,Collision
5,5,5,Mazda,Urban,1,4,5,Male,Married,61,Policy Holder,Sedan - Liability,Sport,20000 to 29000,0,6336,3,400,2,more than 30,more than 30,2 to 4,more than 7,51 to 65,No,No,External,none,no change,1 vehicle,1995,Liability
4,3,7,Chevrolet,Urban,1,4,3,Male,Married,52,Policy Holder,Utility - All Perils,Utility,more than 69000,0,6337,9,400,2,more than 30,more than 30,1,more than 7,41 to 50,No,No,External,none,no change,1 vehicle,1995,All Perils
4,2,5,Toyota,Urban,1,3,3,Male,Single,32,Policy Holder,Sedan - All Perils,Sedan,20000 to 29000,0,6338,12,400,1,more than 30,more than 30,2 to 4,5 years,31 to 35,No,No,External,1 to 2,no change,1 vehicle,1995,All Perils
3,2,4,Chevrolet,Urban,1,2,3,Female,Married,55,Third Party,Sedan - All Perils,Sedan,more than 69000,0,6339,4,400,3,more than 30,more than 30,more than 4,more than 7,41 to 50,No,No,External,more than 5,no change,1 vehicle,1995,All Perils
1,3,5,Mazda,Urban,1,12,4,Male,Single,26,Policy Holder,Sedan - Collision,Sedan,20000 to 29000,0,6340,15,400,1,more than 30,more than 30,1,6 years,31 to 35,No,No,External,none,no change,1 vehicle,1995,Collision
12,4,4,Pontiac,Urban,5,10,4,Male,Married,29,Policy Holder,Sedan - Collision,Sedan,20000 to 29000,0,6341,8,400,2,more than 30,more than 30,1,6 years,31 to 35,No,No,External,more than 5,no change,1 vehicle,1995,Collision
10,2,7,Honda,Urban,1,1,3,Male,Single,35,Policy Holder,Sedan - Liability,Sport,more than 69000,0,6342,6,400,3,more than 30,more than 30,2 to 4,6 years,31 to 35,No,No,External,3 to 5,no change,1 vehicle,1995,Liability
1,3,5,Honda,Urban,2,2,3,Male,Single,31,Policy Holder,Sedan - All Perils,Sedan,20000 to 29000,0,6343,1,400,1,more than 30,more than 30,none,5 years,31 to 35,No,No,External,none,4 to 8 years,2 vehicles,1995,All Perils
2,2,4,Mazda,Urban,3,3,3,Male,Single,34,Policy Holder,Sedan - Liability,Sport,30000 to 39000,0,6344,12,400,4,more than 30,more than 30,more than 4,6 years,31 to 35,No,No,External,none,no change,1 vehicle,1995,Liability
3,2,6,Ford,Urban,3,4,3,Male,Single,46,Third Party,Sedan - Collision,Sedan,30000 to 39000,0,6345,1,400,3,more than 30,more than 30,2 to 4,more than 7,41 to 50,No,No,External,none,no change,1 vehicle,1995,Collision
4,1,6,Chevrolet,Urban,3,4,1,Male,Married,28,Policy Holder,Sedan - Collision,Sedan,30000 to 39000,0,6346,12,400,1,more than 30,more than 30,more than 4,6 years,31 to 35,No,No,External,more than 5,no change,1 vehicle,1995,Collision
4,1,2,Honda,Urban,4,9,1,Female,Single,26,Third Party,Sedan - Collision,Sedan,20000 to 29000,0,6347,6,400,4,more than 30,more than 30,2 to 4,7 years,31 to 35,No,No,Internal,more than 5,no change,1 vehicle,1995,Collision
8,4,5,Honda,Urban,5,12,1,Male,Married,42,Policy Holder,Sedan - Liability,Sport,more than 69000,0,6348,10,400,3,more than 30,more than 30,more than 4,7 years,36 to 40,No,No,External,more than 5,no change,1 vehicle,1995,Liability
12,3,7,Pontiac,Urban,3,4,3,Male,Married,47,Policy Holder,Sedan - Collision,Sedan,20000 to 29000,0,6349,9,400,2,more than 30,more than 30,none,7 years,41 to 50,No,No,External,more than 5,no change,1 vehicle,1995,Collision
4,2,2,Honda,Urban,2,4,2,Male,Single,44,Policy Holder,Sedan - Collision,Sedan,20000 to 29000,0,6350,11,400,3,more than 30,more than 30,none,6 years,36 to 40,No,No,External,3 to 5,no change,1 vehicle,1995,Collision
4,2,6,Chevrolet,Urban,2,7,3,Male,Married,56,Policy Holder,Sedan - All Perils,Sedan,20000 to 29000,0,6351,5,400,1,more than 30,more than 30,2 to 4,more than 7,51 to 65,No,No,External,none,no change,1 vehicle,1995,All Perils
7,3,7,Honda,Urban,5,9,3,Male,Married,50,Third Party,Sedan - Liability,Sport,20000 to 29000,0,6352,1,400,3,more than 30,more than 30,1,more than 7,41 to 50,No,No,External,more than 5,no change,1 vehicle,1995,Liability
9,4,6,Mazda,Urban,2,12,5,Male,Single,80,Policy Holder,Sedan - Liability,Sport,30000 to 39000,0,6353,10,400,4,more than 30,more than 30,2 to 4,more than 7,over 65,No,No,External,3 to 5,no change,1 vehicle,1995,Liability
12,1,3,Toyota,Rural,4,12,1,Male,Married,29,Third Party,Sedan - Collision,Sedan,20000 to 29000,0,6354,15,400,3,more than 30,more than 30,none,7 years,31 to 35,No,No,External,1 to 2,no change,1 vehicle,1995,Collision
12,2,2,Chevrolet,Urban,3,12,3,Male,Married,27,Policy Holder,Sedan - Collision,Sedan,30000 to 39000,0,6355,7,400,4,more than 30,more than 30,none,6 years,31 to 35,No,No,External,more than 5,no change,1 vehicle,1995,Collision
12,2,2,Chevrolet,Urban,3,12,2,Male,Single,42,Third Party,Sedan - Collision,Sedan,30000 to 39000,0,6356,15,700,3,more than 30,more than 30,none,7 years,36 to 40,No,No,External,more than 5,no change,3 to 4,1995,Collision
12,3,3,Ford,Urban,5,12,3,Male,Married,42,Policy Holder,Sedan - Liability,Sport,30000 to 39000,0,6357,6,400,1,more than 30,more than 30,1,7 years,36 to 40,No,No,External,none,no change,1 vehicle,1995,Liability
12,3,5,Mazda,Urban,2,12,4,Male,Married,29,Policy Holder,Sedan - Collision,Sedan,20000 to 29000,0,6358,11,400,2,more than 30,more than 30,1,7 years,31 to 35,No,No,External,none,no change,1 vehicle,1995,Collision
12,3,1,Pontiac,Urban,1,12,3,Male,Married,58,Third Party,Sedan - Collision,Sedan,30000 to 39000,0,6359,10,400,1,more than 30,more than 30,more than 4,more than 7,51 to 65,Yes,No,External,more than 5,no change,1 vehicle,1995,Collision
12,2,2,Mazda,Urban,1,9,3,Male,Married,65,Policy Holder,Sedan - Collision,Sedan,20000 to 29000,0,6360,15,400,4,more than 30,more than 30,2 to 4,more than 7,51 to 65,No,No,External,more than 5,no change,1 vehicle,1995,Collision
9,2,4,Mercury,Urban,5,12,3,Male,Married,43,Policy Holder,Sedan - All Perils,Sedan,20000 to 29000,1,6361,8,400,3,more than 30,more than 30,1,7 years,36 to 40,No,No,External,none,no change,1 vehicle,1995,All Perils
11,3,3,Honda,Urban,5,11,4,Male,Single,28,Policy Holder,Sport - Collision,Sport,more than 69000,0,6362,5,400,1,more than 30,more than 30,none,5 years,31 to 35,No,No,External,none,no change,1 vehicle,1995,Collision
11,2,6,Pontiac,Urban,1,7,2,Male,Single,18,Policy Holder,Sedan - Collision,Sedan,20000 to 29000,0,6363,4,400,2,more than 30,more than 30,none,2 years,21 to 25,No,No,External,3 to 5,no change,1 vehicle,1995,Collision
7,3,3,Pontiac,Rural,1,5,3,Male,Single,28,Policy Holder,Sedan - Liability,Sport,20000 to 29000,0,6364,8,400,4,more than 30,more than 30,more than 4,6 years,31 to 35,No,No,External,none,4 to 8 years,2 vehicles,1995,Liability
4,2,2,Pontiac,Urban,1,9,1,Male,Married,44,Policy Holder,Sedan - All Perils,Sedan,30000 to 39000,0,6365,7,400,2,more than 30,more than 30,none,7 years,36 to 40,No,No,External,none,no change,1 vehicle,1995,All Perils
9,2,1,Pontiac,Rural,3,3,4,Female,Single,27,Third Party,Sedan - Collision,Sedan,20000 to 29000,0,6366,8,400,4,more than 30,more than 30,2 to 4,6 years,31 to 35,No,No,External,more than 5,no change,1 vehicle,1995,Collision
2,4,5,Toyota,Urban,3,12,1,Male,Single,33,Third Party,Sedan - Collision,Sedan,20000 to 29000,0,6367,14,400,1,more than 30,more than 30,2 to 4,6 years,31 to 35,Yes,No,External,none,no change,1 vehicle,1995,Collision
12,3,6,Pontiac,Urban,2,12,4,Male,Married,32,Policy Holder,Sedan - Collision,Sedan,20000 to 29000,0,6368,1,400,2,more than 30,more than 30,1,6 years,31 to 35,No,No,External,none,no change,1 vehicle,1995,Collision
12,3,3,Mazda,Urban,3,6,4,Male,Single,26,Policy Holder,Sedan - Liability,Sport,30000 to 39000,0,6369,6,400,1,more than 30,more than 30,none,6 years,31 to 35,No,No,External,none,no change,1 vehicle,1995,Liability
6,2,7,Chevrolet,Urban,1,4,2,Female,Single,31,Policy Holder,Sedan - Liability,Sport,20000 to 29000,0,6370,3,400,3,more than 30,more than 30,more than 4,6 years,31 to 35,No,No,External,none,no change,1 vehicle,1995,Liability
4,3,1,Pontiac,Rural,1,3,3,Male,Married,45,Third Party,Sedan - Collision,Sedan,less than 20000,0,6371,12,400,4,more than 30,more than 30,1,7 years,36 to 40,No,No,External,none,1 year,1 vehicle,1995,Collision
3,4,1,Chevrolet,Urban,3,3,4,Male,Married,29,Policy Holder,Utility - All Perils,Utility,more than 69000,0,6372,2,400,4,more than 30,more than 30,2 to 4,7 years,31 to 35,No,No,External,3 to 5,no change,1 vehicle,1995,All Perils
2,5,4,Toyota,Urban,1,2,3,Female,Married,35,Third Party,Sedan - Collision,Sedan,less than 20000,0,6373,15,400,3,more than 30,more than 30,none,6 years,31 to 35,No,No,External,3 to 5,no change,1 vehicle,1995,Collision
2,4,5,Chevrolet,Urban,1,6,5,Male,Single,37,Policy Holder,Sedan - Liability,Sport,20000 to 29000,0,6374,14,400,1,more than 30,more than 30,2 to 4,7 years,36 to 40,No,No,External,none,no change,1 vehicle,1995,Liability
6,4,6,Pontiac,Urban,3,6,4,Male,Married,64,Third Party,Sedan - All Perils,Sedan,30000 to 39000,0,6375,6,400,2,more than 30,more than 30,none,more than 7,51 to 65,No,No,External,1 to 2,no change,1 vehicle,1995,All Perils
6,3,2,Toyota,Urban,2,6,4,Male,Married,28,Policy Holder,Sedan - Collision,Sedan,less than 20000,0,6376,2,500,1,more than 30,more than 30,2 to 4,6 years,31 to 35,No,No,External,3 to 5,2 to 3 years,1 vehicle,1995,Collision
4,4,6,Honda,Urban,5,7,2,Male,Single,37,Policy Holder,Sedan - All Perils,Sedan,30000 to 39000,0,6377,16,400,3,more than 30,more than 30,1,7 years,36 to 40,No,No,External,more than 5,no change,1 vehicle,1995,All Perils
5,3,1,Honda,Urban,2,5,2,Male,Married,48,Policy Holder,Sedan - All Perils,Sedan,less than 20000,0,6378,1,400,1,more than 30,more than 30,more than 4,more than 7,41 to 50,No,No,External,1 to 2,no change,1 vehicle,1995,All Perils
5,2,1,Pontiac,Urban,2,5,2,Male,Married,46,Policy Holder,Utility - All Perils,Utility,more than 69000,0,6379,6,400,4,more than 30,more than 30,more than 4,more than 7,41 to 50,No,No,External,more than 5,no change,1 vehicle,1995,All Perils
5,1,3,Mazda,Urban,3,5,1,Male,Single,35,Third Party,Sport - Collision,Sport,more than 69000,0,6380,13,400,3,more than 30,more than 30,none,7 years,31 to 35,No,Yes,External,more than 5,no change,1 vehicle,1995,Collision
5,4,5,Mazda,Urban,4,5,4,Male,Married,64,Third Party,Sedan - All Perils,Sedan,30000 to 39000,0,6381,16,400,1,more than 30,more than 30,none,more than 7,51 to 65,No,No,External,more than 5,no change,1 vehicle,1995,All Perils
5,3,2,Dodge,Urban,3,6,4,Male,Married,31,Policy Holder,Sedan - Liability,Sport,30000 to 39000,0,6382,4,400,4,more than 30,more than 30,2 to 4,7 years,31 to 35,No,No,External,3 to 5,no change,1 vehicle,1995,Liability
6,3,3,Accura,Urban,3,8,5,Female,Single,50,Policy Holder,Sedan - Collision,Sedan,more than 69000,0,6383,14,400,2,more than 30,more than 30,1,6 years,41 to 50,No,No,External,1 to 2,no change,1 vehicle,1995,Collision
8,2,5,Honda,Urban,2,7,2,Male,Married,53,Third Party,Sedan - Liability,Sport,20000 to 29000,0,6384,16,400,4,more than 30,more than 30,2 to 4,more than 7,41 to 50,No,No,External,none,no change,1 vehicle,1995,Liability
7,2,5,Mazda,Urban,1,9,2,Female,Single,29,Policy Holder,Sedan - Liability,Sport,30000 to 39000,0,6385,12,400,3,more than 30,more than 30,2 to 4,6 years,31 to 35,No,No,External,3 to 5,4 to 8 years,2 vehicles,1995,Liability
9,2,3,Chevrolet,Urban,2,11,2,Male,Married,65,Policy Holder,Sedan - Liability,Sport,40000 to 59000,0,6386,1,400,4,more than 30,more than 30,2 to 4,more than 7,51 to 65,No,No,External,more than 5,no change,1 vehicle,1995,Liability
9,3,2,Chevrolet,Urban,4,10,2,Male,Married,66,Policy Holder,Utility - All Perils,Utility,more than 69000,1,6387,13,700,3,more than 30,more than 30,none,more than 7,over 65,No,No,External,more than 5,no change,1 vehicle,1995,All Perils
10,2,3,Accura,Urban,4,4,3,Male,Married,44,Policy Holder,Sedan - Liability,Sport,60000 to 69000,0,6388,7,400,1,more than 30,more than 30,2 to 4,7 years,36 to 40,No,No,External,1 to 2,no change,1 vehicle,1995,Liability
4,1,2,Toyota,Urban,1,4,4,Male,Single,35,Policy Holder,Sedan - Liability,Sport,20000 to 29000,0,6389,16,400,3,more than 30,more than 30,2 to 4,5 years,31 to 35,No,No,External,more than 5,no change,1 vehicle,1995,Liability
4,1,2,Mazda,Urban,2,5,4,Male,Single,34,Third Party,Sedan - Collision,Sedan,20000 to 29000,0,6390,10,400,4,more than 30,more than 30,1,7 years,31 to 35,No,No,External,3 to 5,no change,1 vehicle,1995,Collision
5,2,3,Pontiac,Urban,3,9,2,Female,Married,29,Policy Holder,Sedan - Liability,Sport,20000 to 29000,0,6391,1,400,1,more than 30,more than 30,2 to 4,6 years,31 to 35,No,No,External,none,no change,1 vehicle,1995,Liability
9,3,1,Chevrolet,Urban,1,11,3,Female,Married,36,Policy Holder,Sedan - Collision,Sedan,20000 to 29000,0,6392,3,400,3,more than 30,more than 30,none,6 years,36 to 40,No,No,External,none,no change,1 vehicle,1995,Collision
11,1,4,Honda,Urban,1,12,1,Male,Married,33,Policy Holder,Sedan - Liability,Sport,20000 to 29000,0,6393,4,400,1,more than 30,more than 30,2 to 4,6 years,31 to 35,No,No,External,3 to 5,no change,1 vehicle,1995,Liability
12,4,7,Toyota,Urban,3,3,4,Male,Married,41,Third Party,Sedan - All Perils,Sedan,30000 to 39000,0,6394,4,400,3,more than 30,more than 30,none,6 years,36 to 40,No,No,External,none,no change,1 vehicle,1995,All Perils
1,5,3,Toyota,Urban,4,9,1,Male,Single,43,Policy Holder,Sedan - Liability,Sport,30000 to 39000,0,6395,13,400,3,more than 30,more than 30,more than 4,7 years,36 to 40,No,No,External,none,no change,1 vehicle,1995,Liability
9,3,3,Honda,Urban,5,9,4,Male,Married,59,Third Party,Sedan - All Perils,Sedan,20000 to 29000,0,6396,4,400,2,more than 30,more than 30,none,more than 7,51 to 65,No,No,External,1 to 2,no change,1 vehicle,1995,All Perils
9,3,2,Honda,Rural,5,5,3,Male,Married,34,Third Party,Sedan - All Perils,Sedan,20000 to 29000,0,6397,8,400,1,more than 30,more than 30,none,6 years,31 to 35,No,No,External,none,no change,3 to 4,1995,All Perils
5,1,3,Honda,Urban,5,9,1,Male,Married,34,Policy Holder,Sedan - Collision,Sedan,20000 to 29000,0,6398,1,400,3,more than 30,more than 30,2 to 4,6 years,31 to 35,No,No,External,none,no change,1 vehicle,1995,Collision
9,3,2,Toyota,Urban,2,5,3,Female,Widow,35,Policy Holder,Sedan - All Perils,Sedan,20000 to 29000,1,6399,16,400,1,more than 30,more than 30,1,7 years,31 to 35,No,No,External,1 to 2,no change,1 vehicle,1995,All Perils
5,3,6,Honda,Rural,3,7,3,Male,Married,43,Policy Holder,Sedan - Liability,Sport,20000 to 29000,0,6400,2,400,1,more than 30,more than 30,2 to 4,7 years,36 to 40,No,No,External,none,no change,1 vehicle,1995,Liability
7,3,3,Pontiac,Urban,4,7,3,Male,Single,29,Third Party,Sedan - All Perils,Sedan,less than 20000,0,6401,1,400,2,more than 30,more than 30,1,7 years,31 to 35,No,No,External,3 to 5,no change,1 vehicle,1995,All Perils
7,1,1,Pontiac,Rural,1,9,2,Male,Married,29,Policy Holder,Sedan - Collision,Sedan,20000 to 29000,0,6402,11,400,3,more than 30,more than 30,1,6 years,31 to 35,No,No,External,more than 5,no change,1 vehicle,1995,Collision
7,4,5,Chevrolet,Urban,1,7,2,Male,Married,59,Policy Holder,Sedan - All Perils,Sedan,20000 to 29000,0,6403,1,400,4,more than 30,more than 30,2 to 4,more than 7,51 to 65,No,No,External,1 to 2,no change,1 vehicle,1995,All Perils
7,4,7,Chevrolet,Urban,5,7,4,Male,Married,53,Policy Holder,Sedan - Liability,Sport,20000 to 29000,0,6404,11,400,3,more than 30,more than 30,2 to 4,7 years,41 to 50,No,No,External,none,no change,1 vehicle,1995,Liability
7,3,6,Toyota,Rural,4,8,4,Male,Married,29,Third Party,Sedan - Collision,Sedan,20000 to 29000,0,6405,9,400,3,more than 30,more than 30,1,7 years,31 to 35,No,No,External,3 to 5,no change,1 vehicle,1995,Collision
8,1,7,Chevrolet,Urban,2,8,3,Male,Married,58,Policy Holder,Sedan - Liability,Sport,40000 to 59000,0,6406,11,400,2,more than 30,more than 30,more than 4,more than 7,51 to 65,No,No,External,none,4 to 8 years,2 vehicles,1995,Liability
8,2,2,Pontiac,Urban,5,8,2,Male,Married,41,Policy Holder,Sedan - Liability,Sport,20000 to 29000,0,6407,2,400,2,more than 30,more than 30,1,7 years,36 to 40,No,No,External,none,no change,1 vehicle,1995,Liability
8,1,1,Mazda,Urban,2,11,1,Male,Single,29,Policy Holder,Sedan - Collision,Sedan,30000 to 39000,0,6408,16,400,1,more than 30,more than 30,1,7 years,31 to 35,No,No,External,none,no change,1 vehicle,1995,Collision
10,5,6,Pontiac,Urban,4,9,1,Male,Married,60,Policy Holder,Sedan - Liability,Sport,30000 to 39000,0,6409,10,400,3,more than 30,more than 30,1,more than 7,51 to 65,No,No,External,more than 5,no change,1 vehicle,1995,Liability
9,3,1,Pontiac,Rural,1,2,5,Male,Married,58,Third Party,Sedan - All Perils,Sedan,20000 to 29000,0,6410,9,400,2,more than 30,more than 30,2 to 4,more than 7,51 to 65,No,No,External,more than 5,no change,1 vehicle,1995,All Perils
2,2,4,Pontiac,Urban,4,9,2,Male,Married,47,Policy Holder,Sedan - Liability,Sport,20000 to 29000,0,6411,12,400,1,more than 30,more than 30,more than 4,7 years,41 to 50,No,No,External,none,no change,1 vehicle,1995,Liability
9,3,4,Ford,Rural,1,5,4,Male,Married,55,Third Party,Sedan - Collision,Sedan,30000 to 39000,0,6412,2,400,2,more than 30,more than 30,2 to 4,7 years,41 to 50,No,No,External,none,no change,1 vehicle,1995,Collision
4,4,3,Pontiac,Urban,3,4,1,Male,Married,51,Third Party,Sedan - All Perils,Sedan,20000 to 29000,0,6413,8,400,2,more than 30,more than 30,2 to 4,7 years,41 to 50,No,No,External,more than 5,no change,1 vehicle,1995,All Perils
4,4,2,Mazda,Urban,3,9,4,Male,Married,28,Policy Holder,Sedan - Collision,Sedan,30000 to 39000,0,6414,10,400,2,more than 30,more than 30,1,6 years,31 to 35,No,No,External,none,no change,1 vehicle,1995,Collision
7,4,3,Mazda,Urban,5,11,1,Male,Married,46,Policy Holder,Sedan - Liability,Sport,20000 to 29000,0,6415,3,400,3,more than 30,more than 30,more than 4,7 years,41 to 50,No,No,External,none,no change,1 vehicle,1995,Liability
10,3,5,Toyota,Urban,5,10,1,Male,Married,32,Policy Holder,Sedan - Liability,Sport,20000 to 29000,0,6416,4,400,1,more than 30,more than 30,2 to 4,5 years,31 to 35,No,No,External,none,no change,1 vehicle,1995,Liability
10,3,4,Honda,Urban,2,10,3,Male,Married,55,Policy Holder,Sedan - Liability,Sport,20000 to 29000,0,6417,8,400,1,more than 30,more than 30,1,7 years,41 to 50,No,No,External,more than 5,no change,1 vehicle,1995,Liability
9,5,6,Toyota,Urban,1,3,1,Female,Single,39,Third Party,Sedan - Liability,Sport,20000 to 29000,0,6418,12,700,3,more than 30,more than 30,none,7 years,36 to 40,No,No,Internal,1 to 2,no change,1 vehicle,1995,Liability
3,3,4,Honda,Urban,5,12,4,Male,Single,35,Policy Holder,Sedan - All Perils,Sedan,20000 to 29000,0,6419,8,400,4,more than 30,more than 30,2 to 4,6 years,31 to 35,No,No,External,none,no change,1 vehicle,1995,All Perils
12,3,5,Pontiac,Urban,2,12,3,Female,Single,23,Policy Holder,Sedan - All Perils,Sedan,20000 to 29000,0,6420,5,400,1,more than 30,more than 30,none,4 years,26 to 30,No,No,External,3 to 5,no change,1 vehicle,1995,All Perils
12,3,7,Mazda,Urban,2,11,3,Male,Married,43,Policy Holder,Utility - All Perils,Utility,more than 69000,0,6421,8,400,1,more than 30,more than 30,none,more than 7,36 to 40,Yes,No,External,none,no change,1 vehicle,1995,All Perils
3,1,2,Mercury,Rural,5,3,2,Male,Married,51,Policy Holder,Sedan - All Perils,Sedan,more than 69000,0,6422,2,400,4,more than 30,more than 30,1,more than 7,41 to 50,No,No,External,more than 5,no change,1 vehicle,1995,All Perils
3,2,5,Pontiac,Urban,2,10,2,Female,Divorced,41,Third Party,Sedan - Collision,Sedan,less than 20000,0,6423,2,400,1,more than 30,more than 30,none,7 years,36 to 40,No,No,External,none,no change,1 vehicle,1995,Collision
10,1,6,Mazda,Urban,3,12,2,Male,Married,44,Policy Holder,Sedan - Collision,Sedan,30000 to 39000,0,6424,12,400,2,more than 30,more than 30,none,7 years,36 to 40,No,No,External,none,no change,1 vehicle,1995,Collision
12,2,2,Pontiac,Urban,3,12,2,Male,Single,20,Third Party,Sedan - Collision,Sedan,20000 to 29000,0,6425,14,400,3,more than 30,more than 30,1,2 years,21 to 25,No,Yes,External,none,no change,1 vehicle,1995,Collision
12,1,1,Mazda,Urban,1,12,3,Male,Married,37,Policy Holder,Sedan - Collision,Sedan,20000 to 29000,0,6426,6,400,1,more than 30,more than 30,none,7 years,36 to 40,No,No,External,more than 5,no change,1 vehicle,1995,Collision
12,3,5,Mazda,Urban,4,9,3,Male,Married,46,Policy Holder,Sedan - Liability,Sport,20000 to 29000,0,6427,3,500,3,more than 30,more than 30,2 to 4,7 years,41 to 50,No,No,External,none,2 to 3 years,2 vehicles,1995,Liability
9,3,7,Accura,Urban,1,12,4,Male,Married,74,Third Party,Sedan - All Perils,Sedan,more than 69000,0,6428,13,400,1,more than 30,more than 30,more than 4,more than 7,over 65,No,No,External,more than 5,no change,1 vehicle,1995,All Perils
12,3,7,Toyota,Urban,3,12,3,Male,Married,40,Third Party,Sedan - All Perils,Sedan,20000 to 29000,0,6429,11,400,4,more than 30,more than 30,none,7 years,36 to 40,No,No,External,more than 5,no change,1 vehicle,1995,All Perils
11,4,5,Toyota,Urban,4,9,3,Male,Married,36,Third Party,Sedan - Collision,Sedan,20000 to 29000,0,6430,7,400,3,more than 30,more than 30,none,7 years,36 to 40,No,No,External,none,no change,1 vehicle,1995,Collision
9,3,7,Toyota,Urban,1,9,5,Male,Married,32,Policy Holder,Sedan - Collision,Sedan,20000 to 29000,1,6431,10,400,1,more than 30,more than 30,2 to 4,7 years,31 to 35,No,No,External,1 to 2,no change,1 vehicle,1995,Collision
9,2,5,Toyota,Urban,7,9,2,Male,Single,45,Policy Holder,Sedan - Collision,Sedan,20000 to 29000,0,6432,4,400,2,8 to 15,15 to 30,1,5 years,36 to 40,No,No,External,none,no change,1 vehicle,1995,Collision
9,3,1,Saab,Urban,2,9,3,Male,Married,43,Third Party,Sedan - All Perils,Sedan,30000 to 39000,0,6433,12,400,2,more than 30,more than 30,none,7 years,36 to 40,No,No,External,more than 5,no change,1 vehicle,1995,All Perils
9,1,4,Toyota,Urban,3,9,1,Male,Single,22,Policy Holder,Sedan - All Perils,Sedan,20000 to 29000,0,6434,9,400,4,more than 30,more than 30,2 to 4,5 years,26 to 30,No,No,External,none,no change,1 vehicle,1995,All Perils
8,5,2,Mazda,Urban,3,8,1,Male,Single,28,Policy Holder,Sedan - Collision,Sedan,30000 to 39000,0,6435,10,400,3,more than 30,more than 30,1,7 years,31 to 35,No,No,External,1 to 2,no change,1 vehicle,1995,Collision
8,2,5,Pontiac,Urban,3,9,2,Male,Married,61,Policy Holder,Sedan - Collision,Sedan,30000 to 39000,0,6436,16,400,3,more than 30,more than 30,none,more than 7,51 to 65,No,No,External,3 to 5,no change,1 vehicle,1995,Collision
9,3,5,Mazda,Urban,5,9,5,Male,Married,36,Policy Holder,Sedan - Collision,Sedan,30000 to 39000,1,6437,6,400,3,more than 30,more than 30,1,7 years,36 to 40,No,No,External,none,no change,1 vehicle,1995,Collision
9,1,6,Honda,Urban,1,9,2,Male,Married,42,Policy Holder,Sedan - Collision,Sedan,20000 to 29000,0,6438,2,400,2,more than 30,more than 30,none,more than 7,36 to 40,No,No,External,none,no change,3 to 4,1995,Collision
9,1,5,Mazda,Urban,2,6,1,Female,Single,34,Third Party,Sedan - Liability,Sport,20000 to 29000,0,6439,10,400,2,more than 30,more than 30,none,6 years,31 to 35,No,No,External,none,no change,1 vehicle,1995,Liability
6,4,6,Honda,Urban,1,11,5,Male,Married,48,Third Party,Sedan - All Perils,Sedan,30000 to 39000,0,6440,2,400,3,more than 30,more than 30,none,more than 7,41 to 50,No,No,External,more than 5,no change,1 vehicle,1995,All Perils
11,1,5,Honda,Urban,5,11,2,Male,Married,51,Third Party,Sport - Collision,Sport,more than 69000,0,6441,16,400,1,more than 30,more than 30,2 to 4,6 years,41 to 50,No,No,External,3 to 5,no change,1 vehicle,1995,Collision
11,4,6,Chevrolet,Urban,2,9,4,Male,Married,48,Policy Holder,Sedan - Liability,Sport,60000 to 69000,0,6442,6,400,4,more than 30,more than 30,none,more than 7,41 to 50,No,No,External,none,no change,1 vehicle,1995,Liability
9,3,2,Chevrolet,Urban,2,9,4,Male,Married,42,Third Party,Sedan - Liability,Sport,30000 to 39000,0,6443,1,400,4,more than 30,more than 30,1,7 years,36 to 40,No,No,External,more than 5,no change,1 vehicle,1995,Liability
9,2,4,VW,Urban,4,9,2,Male,Married,55,Policy Holder,Sedan - Liability,Sport,30000 to 39000,0,6444,14,400,4,more than 30,more than 30,1,more than 7,41 to 50,No,No,External,more than 5,no change,1 vehicle,1995,Liability
9,2,7,Toyota,Urban,4,9,2,Male,Married,32,Policy Holder,Sedan - Collision,Sedan,20000 to 29000,0,6445,6,400,4,more than 30,more than 30,1,6 years,31 to 35,No,No,External,none,no change,1 vehicle,1995,Collision
9,1,5,Pontiac,Urban,1,5,3,Female,Single,19,Policy Holder,Sedan - Collision,Sedan,20000 to 29000,0,6446,8,400,2,more than 30,more than 30,1,3 years,21 to 25,No,No,External,1 to 2,no change,1 vehicle,1995,Collision
5,1,6,Mazda,Urban,1,5,2,Male,Married,57,Policy Holder,Utility - All Perils,Utility,more than 69000,0,6447,12,400,3,more than 30,more than 30,2 to 4,more than 7,51 to 65,No,No,External,none,no change,1 vehicle,1995,All Perils
5,1,3,Honda,Urban,3,4,2,Male,Married,49,Policy Holder,Sedan - Liability,Sport,20000 to 29000,0,6448,11,400,2,more than 30,more than 30,2 to 4,more than 7,41 to 50,No,No,External,none,4 to 8 years,2 vehicles,1995,Liability
4,4,4,Toyota,Urban,1,5,4,Female,Married,41,Policy Holder,Sedan - Liability,Sport,30000 to 39000,0,6449,7,700,3,more than 30,more than 30,2 to 4,7 years,36 to 40,No,No,External,3 to 5,no change,1 vehicle,1995,Liability
4,3,5,Chevrolet,Urban,1,9,2,Female,Married,26,Policy Holder,Sedan - Liability,Sport,20000 to 29000,0,6450,12,400,4,more than 30,more than 30,none,7 years,31 to 35,No,No,External,none,no change,1 vehicle,1995,Liability
9,3,2,Chevrolet,Rural,5,12,4,Female,Married,28,Policy Holder,Sedan - Liability,Sport,more than 69000,0,6451,16,400,1,more than 30,more than 30,none,7 years,31 to 35,No,No,External,none,no change,1 vehicle,1995,Liability
12,3,4,Pontiac,Urban,2,12,4,Female,Single,27,Policy Holder,Sedan - Liability,Sport,20000 to 29000,0,6452,16,400,1,more than 30,more than 30,1,6 years,31 to 35,No,No,External,more than 5,no change,1 vehicle,1995,Liability
12,2,4,Mazda,Urban,5,11,4,Male,Married,54,Policy Holder,Sedan - All Perils,Sedan,20000 to 29000,0,6453,6,400,1,more than 30,more than 30,2 to 4,more than 7,41 to 50,No,No,External,none,no change,1 vehicle,1995,All Perils
11,3,4,Dodge,Urban,5,9,3,Male,Married,42,Policy Holder,Sedan - Liability,Sport,30000 to 39000,0,6454,6,400,4,more than 30,more than 30,2 to 4,7 years,36 to 40,No,No,External,more than 5,no change,1 vehicle,1995,Liability
9,3,3,Pontiac,Urban,4,9,4,Male,Married,35,Policy Holder,Sedan - All Perils,Sedan,20000 to 29000,0,6455,11,400,3,more than 30,more than 30,1,7 years,31 to 35,No,No,External,1 to 2,no change,1 vehicle,1995,All Perils
9,3,2,Honda,Urban,2,9,3,Female,Married,41,Policy Holder,Sedan - All Perils,Sedan,20000 to 29000,0,6456,8,400,3,more than 30,more than 30,none,7 years,36 to 40,No,No,External,none,no change,1 vehicle,1995,All Perils
9,1,1,Pontiac,Urban,1,8,2,Female,Married,54,Policy Holder,Sedan - Liability,Sport,20000 to 29000,0,6457,2,400,4,more than 30,more than 30,1,7 years,41 to 50,No,No,External,1 to 2,no change,1 vehicle,1995,Liability
8,1,7,Pontiac,Urban,3,10,5,Female,Married,28,Policy Holder,Sedan - Liability,Sport,20000 to 29000,0,6458,12,400,1,more than 30,more than 30,2 to 4,6 years,31 to 35,No,No,External,none,no change,1 vehicle,1995,Liability
6,4,7,Toyota,Urban,1,10,1,Female,Married,33,Third Party,Sedan - Liability,Sport,20000 to 29000,0,6459,1,400,2,more than 30,more than 30,2 to 4,6 years,31 to 35,No,No,External,none,no change,1 vehicle,1995,Liability
10,2,6,Honda,Urban,2,5,2,Male,Married,41,Policy Holder,Sedan - Liability,Sport,20000 to 29000,0,6460,2,400,4,more than 30,more than 30,2 to 4,6 years,36 to 40,No,No,External,1 to 2,no change,1 vehicle,1995,Liability
5,4,5,Toyota,Urban,3,9,5,Male,Married,53,Third Party,Sedan - Liability,Sport,20000 to 29000,0,6461,4,400,3,more than 30,more than 30,none,more than 7,41 to 50,No,No,External,more than 5,no change,1 vehicle,1995,Liability
9,3,6,Mazda,Urban,2,4,4,Male,Single,34,Third Party,Sport - Collision,Sport,more than 69000,0,6462,5,400,4,more than 30,more than 30,none,6 years,31 to 35,No,No,External,none,1 year,1 vehicle,1995,Collision
4,3,2,Chevrolet,Urban,4,12,4,Male,Single,53,Third Party,Sedan - All Perils,Sedan,20000 to 29000,0,6463,7,400,4,more than 30,more than 30,none,7 years,41 to 50,No,No,External,none,no change,1 vehicle,1995,All Perils
12,4,7,Toyota,Urban,3,12,5,Male,Married,42,Third Party,Sedan - Liability,Sport,30000 to 39000,0,6464,14,400,1,more than 30,more than 30,none,7 years,36 to 40,No,No,External,more than 5,no change,1 vehicle,1995,Liability
12,4,5,Honda,Urban,2,12,5,Female,Married,50,Policy Holder,Sedan - Collision,Sedan,30000 to 39000,0,6465,16,400,2,more than 30,more than 30,more than 4,7 years,41 to 50,No,No,External,1 to 2,no change,1 vehicle,1995,Collision
12,4,7,Chevrolet,Urban,3,12,4,Male,Married,63,Third Party,Sedan - Liability,Sport,more than 69000,0,6466,12,400,4,more than 30,more than 30,2 to 4,6 years,51 to 65,No,No,External,none,no change,1 vehicle,1995,Liability
12,1,6,Chevrolet,Urban,5,10,5,Male,Married,40,Policy Holder,Sedan - Liability,Sport,30000 to 39000,0,6467,3,400,2,8 to 15,more than 30,2 to 4,7 years,36 to 40,No,No,External,none,no change,1 vehicle,1995,Liability
9,3,6,Toyota,Urban,2,8,3,Male,Single,33,Policy Holder,Sedan - Liability,Sport,20000 to 29000,0,6468,6,400,3,more than 30,more than 30,none,5 years,31 to 35,No,No,External,1 to 2,no change,1 vehicle,1995,Liability
8,4,2,Pontiac,Rural,2,9,5,Male,Married,28,Policy Holder,Sedan - Collision,Sedan,30000 to 39000,0,6469,8,400,2,more than 30,more than 30,1,6 years,31 to 35,No,No,External,none,4 to 8 years,2 vehicles,1995,Collision
8,5,5,Toyota,Urban,5,5,2,Male,Married,30,Policy Holder,Sedan - Liability,Sport,20000 to 29000,0,6470,6,400,1,more than 30,more than 30,1,7 years,31 to 35,No,No,External,1 to 2,no change,1 vehicle,1995,Liability
4,3,4,Mazda,Urban,5,4,1,Male,Single,38,Policy Holder,Sedan - Liability,Sport,20000 to 29000,0,6471,16,400,2,more than 30,more than 30,none,7 years,36 to 40,No,No,External,none,no change,1 vehicle,1995,Liability
4,2,5,Honda,Urban,3,4,4,Male,Single,0,Policy Holder,Sedan - All Perils,Sedan,more than 69000,0,6472,7,400,2,more than 30,more than 30,none,new,16 to 17,No,No,External,none,no change,1 vehicle,1995,All Perils
4,1,6,VW,Urban,3,9,1,Male,Single,40,Third Party,Sedan - All Perils,Sedan,more than 69000,0,6473,16,400,3,more than 30,more than 30,none,7 years,36 to 40,No,No,External,3 to 5,no change,1 vehicle,1995,All Perils
9,3,5,Mazda,Urban,5,4,5,Male,Single,21,Third Party,Sedan - Collision,Sedan,20000 to 29000,0,6474,12,400,1,more than 30,more than 30,2 to 4,5 years,26 to 30,No,No,External,1 to 2,no change,1 vehicle,1995,Collision
4,4,6,Pontiac,Urban,2,5,5,Male,Single,51,Third Party,Sedan - All Perils,Sedan,20000 to 29000,0,6475,11,400,3,more than 30,more than 30,none,more than 7,41 to 50,No,No,External,1 to 2,no change,1 vehicle,1995,All Perils
5,2,1,Mazda,Urban,3,12,2,Male,Single,23,Third Party,Sedan - All Perils,Sedan,20000 to 29000,0,6476,10,400,4,more than 30,more than 30,2 to 4,5 years,26 to 30,No,No,External,more than 5,no change,1 vehicle,1995,All Perils
6,1,2,Honda,Urban,2,9,3,Male,Single,0,Policy Holder,Sedan - Collision,Sedan,more than 69000,0,6477,8,400,2,more than 30,more than 30,2 to 4,new,16 to 17,No,No,External,none,no change,1 vehicle,1995,Collision
8,3,2,Toyota,Urban,3,9,1,Male,Married,52,Policy Holder,Sedan - Collision,Sedan,30000 to 39000,0,6478,7,500,2,more than 30,more than 30,none,more than 7,41 to 50,No,No,External,none,2 to 3 years,1 vehicle,1995,Collision
8,5,6,Pontiac,Urban,4,12,4,Male,Single,56,Third Party,Sedan - All Perils,Sedan,less than 20000,0,6479,10,400,4,more than 30,more than 30,2 to 4,7 years,51 to 65,No,No,External,1 to 2,no change,3 to 4,1995,All Perils
12,2,1,Toyota,Urban,1,12,5,Male,Married,33,Policy Holder,Sedan - Collision,Sedan,20000 to 29000,0,6480,16,400,1,more than 30,more than 30,none,6 years,31 to 35,No,No,External,1 to 2,no change,1 vehicle,1995,Collision
12,2,5,Mazda,Urban,3,4,2,Male,Married,34,Policy Holder,Sedan - Collision,Sedan,30000 to 39000,0,6481,3,400,1,more than 30,more than 30,2 to 4,6 years,31 to 35,No,No,External,3 to 5,no change,1 vehicle,1995,Collision
4,4,1,Pontiac,Urban,3,4,4,Male,Married,41,Policy Holder,Sedan - Collision,Sedan,less than 20000,0,6482,7,400,4,more than 30,more than 30,2 to 4,7 years,36 to 40,No,No,External,none,no change,1 vehicle,1995,Collision
4,4,4,Toyota,Urban,2,6,4,Male,Married,63,Policy Holder,Sedan - Liability,Sport,20000 to 29000,0,6483,10,400,2,more than 30,more than 30,2 to 4,more than 7,51 to 65,No,No,External,3 to 5,no change,1 vehicle,1995,Liability
6,3,5,Mazda,Rural,1,8,4,Male,Single,35,Policy Holder,Sedan - Collision,Sedan,30000 to 39000,0,6484,14,400,2,more than 30,more than 30,1,5 years,31 to 35,No,No,External,1 to 2,no change,1 vehicle,1995,Collision
7,5,1,Toyota,Urban,3,10,2,Female,Married,39,Policy Holder,Sedan - Collision,Sedan,less than 20000,0,6485,13,400,1,more than 30,more than 30,none,more than 7,36 to 40,No,No,External,none,no change,1 vehicle,1995,Collision
10,4,6,Toyota,Urban,2,12,4,Male,Married,63,Third Party,Sedan - All Perils,Sedan,more than 69000,0,6486,7,400,2,more than 30,more than 30,1,more than 7,51 to 65,No,No,External,none,no change,1 vehicle,1995,All Perils
12,4,5,Dodge,Urban,2,12,4,Female,Single,32,Third Party,Sedan - Collision,Sedan,20000 to 29000,0,6487,11,400,2,more than 30,more than 30,2 to 4,6 years,31 to 35,No,No,External,none,no change,1 vehicle,1995,Collision
12,4,5,VW,Urban,2,12,4,Male,Married,54,Policy Holder,Sedan - Collision,Sedan,60000 to 69000,0,6488,12,400,4,more than 30,more than 30,2 to 4,6 years,41 to 50,Yes,No,External,more than 5,no change,1 vehicle,1995,Collision
12,4,6,Pontiac,Urban,3,12,4,Female,Married,39,Policy Holder,Sedan - Collision,Sedan,30000 to 39000,0,6489,2,400,1,more than 30,more than 30,more than 4,more than 7,36 to 40,No,No,External,none,no change,1 vehicle,1995,Collision
12,4,6,Pontiac,Urban,1,11,4,Male,Married,52,Policy Holder,Sedan - All Perils,Sedan,20000 to 29000,0,6490,10,400,3,more than 30,more than 30,2 to 4,more than 7,41 to 50,No,No,External,none,4 to 8 years,2 vehicles,1995,All Perils
11,3,6,Mazda,Urban,4,11,3,Male,Married,45,Policy Holder,Sedan - All Perils,Sedan,less than 20000,0,6491,4,400,4,more than 30,more than 30,none,7 years,36 to 40,No,No,External,3 to 5,no change,1 vehicle,1995,All Perils
11,2,4,Honda,Urban,4,11,4,Male,Married,26,Policy Holder,Sedan - Liability,Sport,more than 69000,0,6492,15,400,3,more than 30,more than 30,2 to 4,5 years,31 to 35,No,No,External,none,no change,1 vehicle,1995,Liability
11,1,1,Toyota,Urban,3,9,1,Male,Single,27,Policy Holder,Sedan - Collision,Sedan,less than 20000,0,6493,16,400,1,more than 30,more than 30,more than 4,7 years,31 to 35,No,No,External,3 to 5,no change,1 vehicle,1995,Collision
8,5,3,Chevrolet,Urban,4,8,1,Male,Single,28,Policy Holder,Sedan - All Perils,Sedan,20000 to 29000,0,6494,10,400,2,more than 30,more than 30,none,6 years,31 to 35,Yes,No,External,none,no change,1 vehicle,1995,All Perils
8,4,4,Chevrolet,Urban,3,9,4,Male,Married,64,Policy Holder,Sedan - Collision,Sedan,30000 to 39000,0,6495,4,400,2,more than 30,more than 30,more than 4,more than 7,51 to 65,No,No,External,1 to 2,no change,1 vehicle,1995,Collision
7,3,3,Pontiac,Urban,3,11,2,Female,Single,38,Third Party,Sedan - Liability,Sport,30000 to 39000,0,6496,8,400,3,more than 30,more than 30,1,7 years,36 to 40,No,No,External,none,no change,1 vehicle,1995,Liability
7,2,3,Toyota,Urban,4,6,2,Male,Single,33,Policy Holder,Sedan - Collision,Sedan,30000 to 39000,0,6497,9,400,2,more than 30,more than 30,2 to 4,7 years,31 to 35,No,No,Internal,more than 5,no change,1 vehicle,1995,Collision
6,4,3,Honda,Urban,5,5,4,Male,Single,28,Policy Holder,Sedan - Liability,Sport,20000 to 29000,0,6498,14,400,4,more than 30,more than 30,1,6 years,31 to 35,No,No,External,none,no change,1 vehicle,1995,Liability
3,4,3,Chevrolet,Urban,3,3,3,Male,Single,27,Policy Holder,Sedan - Collision,Sedan,30000 to 39000,0,6499,5,400,4,more than 30,more than 30,2 to 4,7 years,31 to 35,Yes,No,External,1 to 2,no change,1 vehicle,1995,Collision
3,3,1,Pontiac,Rural,3,12,3,Male,Married,51,Policy Holder,Sedan - Liability,Sport,20000 to 29000,0,6500,15,400,1,more than 30,more than 30,2 to 4,7 years,41 to 50,No,No,External,none,no change,1 vehicle,1995,Liability
12,2,4,Pontiac,Urban,4,11,3,Female,Single,31,Third Party,Sedan - Collision,Sedan,20000 to 29000,0,6501,1,400,3,more than 30,more than 30,none,5 years,31 to 35,No,No,Internal,none,no change,1 vehicle,1995,Collision
11,2,3,Honda,Urban,5,11,2,Male,Married,47,Policy Holder,Sedan - Collision,Sedan,20000 to 29000,0,6502,10,400,1,more than 30,more than 30,none,more than 7,41 to 50,No,No,External,none,no change,1 vehicle,1995,Collision
10,4,2,Accura,Rural,2,10,2,Male,Married,39,Policy Holder,Sedan - All Perils,Sedan,30000 to 39000,0,6503,8,400,2,more than 30,more than 30,none,5 years,36 to 40,No,No,External,none,no change,1 vehicle,1995,All Perils
10,1,7,Saab,Urban,3,9,1,Male,Married,33,Policy Holder,Sedan - Collision,Sedan,20000 to 29000,0,6504,15,400,2,more than 30,more than 30,2 to 4,6 years,31 to 35,No,No,External,none,no change,1 vehicle,1995,Collision
9,3,7,Toyota,Urban,1,9,4,Male,Single,29,Policy Holder,Sedan - Liability,Sport,20000 to 29000,1,6505,1,400,1,more than 30,more than 30,none,7 years,31 to 35,No,No,External,none,no change,1 vehicle,1995,Liability
9,4,1,Pontiac,Urban,2,8,4,Male,Single,31,Third Party,Sedan - All Perils,Sedan,less than 20000,0,6506,5,400,3,more than 30,more than 30,1,7 years,31 to 35,No,No,External,more than 5,no change,1 vehicle,1995,All Perils
8,5,4,Pontiac,Urban,2,9,5,Female,Single,30,Policy Holder,Sedan - Liability,Sport,more than 69000,0,6507,13,400,1,more than 30,more than 30,2 to 4,6 years,31 to 35,No,No,External,none,no change,1 vehicle,1995,Liability
8,4,3,Pontiac,Urban,5,8,4,Female,Married,37,Third Party,Sedan - Collision,Sedan,20000 to 29000,0,6508,8,400,3,more than 30,more than 30,none,more than 7,36 to 40,No,No,External,more than 5,no change,1 vehicle,1995,Collision
8,3,5,Pontiac,Urban,5,7,4,Male,Married,56,Third Party,Sedan - Collision,Sedan,20000 to 29000,0,6509,3,400,2,more than 30,more than 30,none,more than 7,51 to 65,No,No,External,none,no change,1 vehicle,1995,Collision
7,1,1,Chevrolet,Urban,4,8,2,Male,Married,51,Third Party,Sedan - All Perils,Sedan,20000 to 29000,0,6510,5,400,4,more than 30,more than 30,2 to 4,more than 7,41 to 50,No,No,External,3 to 5,no change,1 vehicle,1995,All Perils
6,3,7,Chevrolet,Urban,1,7,4,Male,Married,33,Policy Holder,Utility - All Perils,Utility,more than 69000,0,6511,2,400,1,more than 30,more than 30,none,6 years,31 to 35,No,No,External,more than 5,4 to 8 years,2 vehicles,1995,All Perils
6,3,5,Pontiac,Rural,2,5,1,Male,Single,33,Policy Holder,Sedan - Liability,Sport,20000 to 29000,0,6512,16,400,3,more than 30,more than 30,2 to 4,6 years,31 to 35,No,No,External,none,no change,1 vehicle,1995,Liability
5,1,7,Pontiac,Urban,2,5,3,Male,Single,33,Policy Holder,Sedan - Collision,Sedan,20000 to 29000,0,6513,9,400,1,more than 30,more than 30,none,6 years,31 to 35,No,No,External,none,no change,1 vehicle,1995,Collision
5,1,1,Toyota,Urban,5,4,1,Male,Married,48,Policy Holder,Sedan - All Perils,Sedan,less than 20000,0,6514,15,400,4,more than 30,more than 30,2 to 4,7 years,41 to 50,No,No,External,more than 5,no change,1 vehicle,1995,All Perils
3,5,2,Chevrolet,Urban,5,2,1,Male,Single,38,Policy Holder,Sedan - Liability,Sport,30000 to 39000,0,6515,16,400,3,more than 30,more than 30,1,7 years,36 to 40,No,No,External,3 to 5,no change,1 vehicle,1995,Liability
12,5,2,Mazda,Urban,5,4,3,Male,Married,31,Third Party,Sedan - Collision,Sedan,20000 to 29000,0,6516,3,400,1,more than 30,more than 30,2 to 4,7 years,31 to 35,No,No,External,1 to 2,no change,1 vehicle,1995,Collision
3,5,5,Chevrolet,Urban,3,9,1,Male,Married,40,Policy Holder,Sedan - Liability,Sport,30000 to 39000,0,6517,15,400,3,more than 30,more than 30,more than 4,7 years,36 to 40,No,No,External,none,no change,1 vehicle,1995,Liability
9,2,1,Mazda,Urban,4,9,3,Male,Married,39,Policy Holder,Sedan - Collision,Sedan,30000 to 39000,0,6518,7,400,4,more than 30,more than 30,none,more than 7,36 to 40,No,No,External,more than 5,no change,1 vehicle,1995,Collision
9,3,2,Pontiac,Urban,1,10,5,Male,Single,63,Policy Holder,Sedan - Liability,Sport,20000 to 29000,0,6519,5,400,2,more than 30,more than 30,more than 4,more than 7,51 to 65,No,No,External,more than 5,no change,1 vehicle,1995,Liability
9,3,5,Pontiac,Urban,5,5,5,Female,Married,54,Policy Holder,Sedan - All Perils,Sedan,more than 69000,0,6520,3,400,1,more than 30,more than 30,1,6 years,41 to 50,No,No,External,none,no change,3 to 4,1995,All Perils
5,4,6,Toyota,Urban,4,10,4,Male,Single,29,Policy Holder,Sedan - Liability,Sport,30000 to 39000,0,6521,1,400,1,more than 30,more than 30,none,5 years,31 to 35,No,No,External,more than 5,no change,1 vehicle,1995,Liability
10,3,1,Toyota,Urban,3,2,3,Male,Single,35,Policy Holder,Sedan - Liability,Sport,more than 69000,0,6522,4,400,1,more than 30,more than 30,more than 4,5 years,31 to 35,No,No,External,1 to 2,no change,1 vehicle,1995,Liability
1,5,5,Toyota,Urban,5,7,2,Male,Married,46,Policy Holder,Sedan - Liability,Sport,20000 to 29000,0,6523,15,400,2,more than 30,more than 30,1,7 years,41 to 50,No,No,External,1 to 2,no change,1 vehicle,1995,Liability
7,4,3,Pontiac,Urban,3,7,4,Male,Married,53,Third Party,Sedan - Collision,Sedan,less than 20000,0,6524,6,400,4,more than 30,more than 30,2 to 4,more than 7,41 to 50,No,No,External,more than 5,no change,1 vehicle,1995,Collision
7,3,1,Chevrolet,Urban,3,9,4,Female,Married,32,Policy Holder,Sedan - Collision,Sedan,20000 to 29000,0,6525,1,400,3,more than 30,more than 30,none,5 years,31 to 35,No,No,External,none,no change,1 vehicle,1995,Collision
9,3,6,Toyota,Urban,4,7,4,Male,Married,35,Policy Holder,Sedan - Collision,Sedan,20000 to 29000,1,6526,8,400,2,more than 30,more than 30,none,5 years,31 to 35,No,No,External,none,no change,1 vehicle,1995,Collision
7,3,5,Chevrolet,Rural,1,8,4,Male,Single,27,Policy Holder,Sedan - Liability,Sport,20000 to 29000,0,6527,7,400,3,more than 30,more than 30,2 to 4,6 years,31 to 35,No,No,External,more than 5,no change,1 vehicle,1995,Liability
8,1,4,Toyota,Urban,1,10,4,Male,Married,40,Policy Holder,Sedan - All Perils,Sedan,20000 to 29000,0,6528,11,400,1,more than 30,more than 30,2 to 4,6 years,36 to 40,No,No,External,more than 5,no change,1 vehicle,1995,All Perils
9,3,1,Toyota,Urban,3,9,2,Female,Married,28,Policy Holder,Sedan - Liability,Sport,20000 to 29000,0,6529,5,500,1,more than 30,more than 30,more than 4,6 years,31 to 35,No,No,External,none,2 to 3 years,1 vehicle,1995,Liability
9,1,1,VW,Rural,3,9,2,Male,Married,50,Policy Holder,Sedan - Collision,Sedan,40000 to 59000,0,6530,16,400,4,more than 30,more than 30,none,more than 7,41 to 50,No,No,External,1 to 2,no change,1 vehicle,1995,Collision
9,1,4,Pontiac,Urban,5,11,2,Male,Married,52,Policy Holder,Sedan - All Perils,Sedan,20000 to 29000,0,6531,9,400,2,more than 30,more than 30,2 to 4,more than 7,41 to 50,No,No,External,none,no change,1 vehicle,1995,All Perils
11,3,1,Honda,Rural,2,11,3,Male,Single,22,Third Party,Sedan - Liability,Sport,20000 to 29000,0,6532,11,400,3,more than 30,more than 30,2 to 4,5 years,26 to 30,Yes,Yes,External,none,4 to 8 years,2 vehicles,1995,Liability
11,3,7,Chevrolet,Urban,2,11,4,Male,Married,48,Policy Holder,Sedan - Liability,Sport,30000 to 39000,0,6533,4,400,1,more than 30,more than 30,more than 4,7 years,41 to 50,No,No,External,none,no change,1 vehicle,1995,Liability
11,3,3,Pontiac,Urban,1,9,4,Male,Married,54,Policy Holder,Sedan - All Perils,Sedan,20000 to 29000,0,6534,13,400,1,more than 30,more than 30,2 to 4,7 years,41 to 50,No,No,External,1 to 2,no change,1 vehicle,1995,All Perils
9,1,3,Toyota,Urban,2,11,3,Male,Married,54,Policy Holder,Sedan - Collision,Sedan,40000 to 59000,0,6535,2,400,3,more than 30,more than 30,1,6 years,41 to 50,No,No,External,3 to 5,no change,1 vehicle,1995,Collision
10,3,5,Ford,Urban,4,4,2,Male,Married,31,Policy Holder,Sedan - Collision,Sedan,30000 to 39000,0,6536,2,400,3,8 to 15,more than 30,none,6 years,31 to 35,No,No,External,none,no change,1 vehicle,1995,Collision
3,1,1,Honda,Urban,1,9,3,Male,Single,22,Policy Holder,Sedan - Collision,Sedan,30000 to 39000,0,6537,12,400,1,more than 30,more than 30,2 to 4,6 years,26 to 30,No,No,External,none,no change,1 vehicle,1995,Collision
9,3,1,Pontiac,Urban,3,12,3,Female,Single,29,Third Party,Sedan - Collision,Sedan,20000 to 29000,0,6538,13,400,4,more than 30,more than 30,1,7 years,31 to 35,No,No,External,more than 5,no change,1 vehicle,1995,Collision
12,4,3,Toyota,Urban,1,1,4,Male,Married,44,Policy Holder,Sedan - Collision,Sedan,20000 to 29000,0,6539,15,400,4,more than 30,more than 30,2 to 4,more than 7,36 to 40,No,No,External,more than 5,no change,1 vehicle,1995,Collision
12,5,5,Pontiac,Urban,1,8,1,Female,Single,30,Policy Holder,Sedan - Liability,Sport,20000 to 29000,0,6540,5,400,1,more than 30,more than 30,2 to 4,7 years,31 to 35,No,No,External,3 to 5,no change,1 vehicle,1995,Liability
8,2,1,Pontiac,Urban,3,9,3,Male,Married,57,Policy Holder,Sedan - Collision,Sedan,20000 to 29000,0,6541,6,400,4,more than 30,more than 30,more than 4,6 years,51 to 65,No,No,External,none,no change,1 vehicle,1995,Collision
9,4,1,Accura,Urban,2,11,4,Female,Single,30,Policy Holder,Sedan - All Perils,Sedan,20000 to 29000,0,6542,2,400,1,more than 30,more than 30,1,6 years,31 to 35,No,No,External,none,no change,1 vehicle,1995,All Perils
10,3,1,Pontiac,Urban,3,9,2,Female,Married,45,Third Party,Sedan - Collision,Sedan,20000 to 29000,0,6543,10,400,1,more than 30,more than 30,2 to 4,7 years,36 to 40,No,No,External,none,no change,1 vehicle,1995,Collision
9,3,3,Accura,Rural,5,10,4,Male,Married,29,Policy Holder,Utility - All Perils,Utility,more than 69000,1,6544,12,400,3,more than 30,more than 30,2 to 4,7 years,31 to 35,No,No,External,none,no change,1 vehicle,1995,All Perils
10,3,2,Toyota,Urban,4,4,4,Female,Married,55,Third Party,Sedan - Collision,Sedan,20000 to 29000,0,6545,16,400,2,more than 30,more than 30,none,7 years,41 to 50,No,No,External,none,no change,1 vehicle,1995,Collision
3,2,3,Mazda,Urban,3,6,3,Female,Married,26,Policy Holder,Sedan - Collision,Sedan,20000 to 29000,0,6546,1,400,3,more than 30,more than 30,2 to 4,6 years,31 to 35,No,No,External,1 to 2,no change,1 vehicle,1995,Collision
6,3,2,Mazda,Rural,4,6,3,Male,Married,42,Policy Holder,Sedan - Liability,Sport,20000 to 29000,0,6547,16,400,3,more than 30,more than 30,more than 4,7 years,36 to 40,No,No,External,none,no change,1 vehicle,1995,Liability
4,3,1,Chevrolet,Urban,1,4,2,Male,Married,40,Policy Holder,Sedan - Liability,Sport,40000 to 59000,0,6548,11,400,1,more than 30,more than 30,2 to 4,7 years,36 to 40,No,No,External,none,no change,1 vehicle,1995,Liability
4,3,2,Mazda,Urban,2,9,3,Male,Married,45,Policy Holder,Sedan - Collision,Sedan,20000 to 29000,0,6549,10,400,3,more than 30,more than 30,none,4 years,36 to 40,No,No,External,none,no change,1 vehicle,1995,Collision
8,4,6,Chevrolet,Urban,2,7,1,Male,Married,33,Third Party,Sedan - Collision,Sedan,20000 to 29000,0,6550,11,400,3,more than 30,more than 30,none,7 years,31 to 35,No,No,External,1 to 2,no change,1 vehicle,1995,Collision
7,2,4,Mazda,Urban,4,3,2,Male,Married,27,Policy Holder,Sedan - Liability,Sport,30000 to 39000,0,6551,2,400,2,more than 30,more than 30,more than 4,7 years,31 to 35,No,No,External,none,no change,1 vehicle,1995,Liability
3,1,4,Pontiac,Urban,4,9,3,Female,Married,40,Policy Holder,Sedan - Liability,Sport,20000 to 29000,0,6552,10,400,1,more than 30,more than 30,more than 4,7 years,36 to 40,No,No,External,1 to 2,no change,1 vehicle,1995,Liability
7,2,5,Pontiac,Urban,1,11,4,Male,Married,36,Third Party,Sedan - Liability,Sport,30000 to 39000,0,6553,2,400,4,more than 30,more than 30,2 to 4,7 years,36 to 40,No,No,External,3 to 5,1 year,2 vehicles,1995,Liability
11,3,2,Chevrolet,Urban,3,11,4,Male,Married,63,Third Party,Sedan - All Perils,Sedan,30000 to 39000,0,6554,12,400,2,more than 30,more than 30,none,more than 7,51 to 65,No,No,External,more than 5,no change,1 vehicle,1995,All Perils
11,3,2,Toyota,Urban,3,11,3,Female,Single,33,Third Party,Sedan - Liability,Sport,20000 to 29000,0,6555,4,400,1,more than 30,more than 30,none,6 years,31 to 35,No,No,External,none,no change,1 vehicle,1995,Liability
11,2,4,Toyota,Urban,2,12,2,Male,Married,38,Policy Holder,Sedan - Collision,Sedan,30000 to 39000,0,6556,3,400,1,more than 30,more than 30,more than 4,6 years,36 to 40,No,No,External,none,no change,1 vehicle,1995,Collision
12,4,3,Honda,Urban,4,11,4,Male,Single,35,Policy Holder,Sedan - Collision,Sedan,20000 to 29000,0,6557,12,400,2,more than 30,more than 30,none,5 years,31 to 35,No,No,External,none,no change,1 vehicle,1995,Collision
11,5,6,Mazda,Urban,2,5,5,Female,Single,24,Policy Holder,Sedan - Liability,Sport,20000 to 29000,0,6558,8,400,2,more than 30,more than 30,more than 4,6 years,26 to 30,No,No,External,more than 5,no change,1 vehicle,1995,Liability
3,3,4,Mazda,Urban,4,1,2,Male,Single,30,Policy Holder,Sedan - Liability,Sport,30000 to 39000,0,6559,14,400,1,more than 30,more than 30,more than 4,6 years,31 to 35,No,No,External,none,no change,1 vehicle,1995,Liability
1,2,2,Honda,Urban,3,4,2,Male,Married,55,Third Party,Sedan - Collision,Sedan,20000 to 29000,0,6560,7,400,4,more than 30,more than 30,2 to 4,more than 7,41 to 50,No,No,External,3 to 5,no change,1 vehicle,1995,Collision
4,2,1,Honda,Rural,4,1,4,Male,Married,44,Third Party,Sedan - All Perils,Sedan,less than 20000,0,6561,16,400,3,more than 30,more than 30,none,7 years,36 to 40,No,No,External,more than 5,no change,3 to 4,1995,All Perils
1,1,1,Toyota,Urban,1,1,1,Female,Widow,37,Policy Holder,Sedan - All Perils,Sedan,less than 20000,0,6562,6,400,1,more than 30,more than 30,1,7 years,36 to 40,No,No,External,none,no change,1 vehicle,1995,All Perils
1,1,7,Mecedes,Urban,2,1,2,Male,Married,44,Policy Holder,Sedan - Collision,Sedan,30000 to 39000,0,6563,9,400,1,more than 30,more than 30,none,7 years,36 to 40,No,No,External,none,no change,1 vehicle,1995,Collision
1,1,5,Pontiac,Urban,4,5,1,Male,Single,27,Third Party,Sedan - Collision,Sedan,20000 to 29000,0,6564,10,400,3,more than 30,more than 30,none,7 years,31 to 35,Yes,No,External,more than 5,no change,1 vehicle,1995,Collision
4,5,3,Pontiac,Urban,5,9,3,Male,Married,30,Policy Holder,Sedan - All Perils,Sedan,30000 to 39000,0,6565,2,400,2,more than 30,more than 30,none,7 years,31 to 35,No,No,External,none,no change,1 vehicle,1995,All Perils
8,2,6,Accura,Urban,1,3,1,Male,Married,65,Policy Holder,Sedan - All Perils,Sedan,30000 to 39000,0,6566,9,400,3,more than 30,more than 30,none,more than 7,51 to 65,No,No,External,none,no change,1 vehicle,1995,All Perils
3,4,3,Toyota,Urban,3,5,4,Male,Single,35,Policy Holder,Sedan - Liability,Sport,20000 to 29000,0,6567,11,400,2,more than 30,more than 30,2 to 4,6 years,31 to 35,No,No,External,none,no change,1 vehicle,1995,Liability
5,2,1,Chevrolet,Urban,5,5,2,Male,Single,30,Policy Holder,Sedan - Liability,Sport,20000 to 29000,0,6568,3,400,4,more than 30,more than 30,none,6 years,31 to 35,No,No,External,1 to 2,no change,1 vehicle,1995,Liability
5,1,3,Pontiac,Urban,3,9,1,Female,Married,38,Policy Holder,Sedan - All Perils,Sedan,20000 to 29000,0,6569,11,400,1,more than 30,more than 30,2 to 4,7 years,36 to 40,No,No,External,more than 5,no change,1 vehicle,1995,All Perils
9,3,7,Ford,Urban,4,9,3,Male,Married,40,Policy Holder,Sedan - Liability,Sport,30000 to 39000,0,6570,14,400,1,more than 30,more than 30,1,6 years,36 to 40,Yes,No,External,3 to 5,no change,1 vehicle,1995,Liability
9,3,4,Saab,Urban,1,9,4,Male,Married,34,Policy Holder,Sedan - Liability,Sport,more than 69000,0,6571,8,400,2,more than 30,more than 30,more than 4,6 years,31 to 35,No,No,External,none,no change,1 vehicle,1995,Liability
9,3,3,Dodge,Urban,5,5,3,Female,Married,54,Third Party,Sedan - All Perils,Sedan,20000 to 29000,0,6572,8,400,4,more than 30,more than 30,none,7 years,41 to 50,No,No,External,1 to 2,no change,1 vehicle,1995,All Perils
5,3,2,Ford,Urban,3,5,3,Female,Married,48,Third Party,Sedan - All Perils,Sedan,40000 to 59000,0,6573,12,700,3,more than 30,more than 30,2 to 4,more than 7,41 to 50,No,No,External,more than 5,no change,1 vehicle,1995,All Perils
5,3,3,Mazda,Urban,3,3,3,Male,Married,26,Policy Holder,Sedan - Collision,Sedan,20000 to 29000,0,6574,4,400,1,more than 30,more than 30,none,7 years,31 to 35,No,No,External,none,4 to 8 years,2 vehicles,1995,Collision
3,2,6,Toyota,Rural,5,11,2,Male,Married,43,Policy Holder,Sedan - Collision,Sedan,30000 to 39000,0,6575,16,400,2,more than 30,more than 30,2 to 4,7 years,36 to 40,No,No,External,more than 5,no change,1 vehicle,1995,Collision
11,2,6,Toyota,Urban,1,10,3,Male,Married,33,Policy Holder,Sedan - Liability,Sport,20000 to 29000,0,6576,13,400,4,more than 30,more than 30,2 to 4,7 years,31 to 35,No,No,External,none,no change,1 vehicle,1995,Liability
10,2,4,Honda,Urban,1,9,3,Female,Single,33,Policy Holder,Sedan - All Perils,Sedan,20000 to 29000,0,6577,16,400,2,more than 30,more than 30,1,5 years,31 to 35,No,No,External,1 to 2,no change,1 vehicle,1995,All Perils
9,3,1,Toyota,Rural,2,5,3,Male,Married,37,Policy Holder,Sedan - Liability,Sport,30000 to 39000,0,6578,15,400,4,more than 30,more than 30,none,more than 7,36 to 40,No,No,External,none,no change,1 vehicle,1995,Liability
5,3,1,VW,Urban,1,3,3,Male,Married,29,Policy Holder,Sedan - Liability,Sport,40000 to 59000,0,6579,15,400,3,more than 30,more than 30,more than 4,7 years,31 to 35,No,No,External,more than 5,no change,1 vehicle,1995,Liability
3,2,4,Mazda,Urban,2,9,2,Female,Single,41,Policy Holder,Sedan - Liability,Sport,more than 69000,0,6580,3,500,4,more than 30,more than 30,more than 4,7 years,36 to 40,No,No,External,3 to 5,2 to 3 years,1 vehicle,1995,Liability
9,4,5,Honda,Urban,5,5,4,Male,Married,48,Policy Holder,Sedan - All Perils,Sedan,30000 to 39000,1,6581,3,400,3,more than 30,more than 30,2 to 4,more than 7,41 to 50,No,No,External,1 to 2,no change,1 vehicle,1995,All Perils
5,2,3,Honda,Urban,2,5,3,Male,Married,42,Policy Holder,Sedan - Liability,Sport,20000 to 29000,0,6582,7,400,4,more than 30,more than 30,more than 4,7 years,36 to 40,No,No,External,more than 5,no change,1 vehicle,1995,Liability
5,2,6,Pontiac,Rural,2,5,3,Male,Single,30,Policy Holder,Sedan - Collision,Sedan,30000 to 39000,0,6583,16,400,3,more than 30,more than 30,none,7 years,31 to 35,No,No,External,3 to 5,no change,1 vehicle,1995,Collision
4,3,6,Honda,Urban,4,5,1,Female,Single,38,Policy Holder,Sedan - All Perils,Sedan,20000 to 29000,0,6584,11,400,3,more than 30,more than 30,1,7 years,36 to 40,No,No,External,more than 5,no change,1 vehicle,1995,All Perils
4,5,1,Pontiac,Urban,1,6,1,Male,Married,33,Third Party,Sedan - Collision,Sedan,20000 to 29000,0,6585,3,400,4,more than 30,more than 30,none,7 years,31 to 35,No,No,External,3 to 5,no change,1 vehicle,1995,Collision
6,2,4,Pontiac,Urban,2,8,2,Male,Married,43,Policy Holder,Sedan - Liability,Sport,20000 to 29000,0,6586,16,400,2,more than 30,more than 30,2 to 4,6 years,36 to 40,No,No,External,none,no change,1 vehicle,1995,Liability
7,5,3,Toyota,Urban,4,7,1,Female,Single,53,Policy Holder,Sedan - All Perils,Sedan,20000 to 29000,0,6587,7,400,2,more than 30,more than 30,2 to 4,7 years,41 to 50,No,No,External,1 to 2,no change,1 vehicle,1995,All Perils
7,4,2,Dodge,Rural,2,8,5,Female,Single,21,Third Party,Sedan - Collision,Sedan,20000 to 29000,0,6588,3,400,1,more than 30,more than 30,1,4 years,26 to 30,No,No,External,more than 5,no change,1 vehicle,1995,Collision
8,2,4,Pontiac,Urban,1,9,3,Male,Married,28,Policy Holder,Sedan - All Perils,Sedan,30000 to 39000,0,6589,10,400,2,more than 30,more than 30,1,7 years,31 to 35,No,No,External,more than 5,no change,1 vehicle,1995,All Perils
9,4,1,Chevrolet,Urban,5,10,4,Female,Married,39,Policy Holder,Sedan - Collision,Sedan,20000 to 29000,1,6590,16,400,2,more than 30,more than 30,2 to 4,5 years,36 to 40,No,No,External,1 to 2,no change,1 vehicle,1995,Collision
10,2,4,Honda,Rural,4,10,5,Male,Married,48,Policy Holder,Sedan - Liability,Sport,20000 to 29000,0,6591,15,400,4,more than 30,more than 30,more than 4,7 years,41 to 50,No,No,External,3 to 5,no change,1 vehicle,1995,Liability
10,3,2,Chevrolet,Urban,3,11,3,Male,Married,35,Policy Holder,Sedan - Collision,Sedan,20000 to 29000,0,6592,6,400,2,more than 30,more than 30,2 to 4,7 years,31 to 35,No,No,External,3 to 5,no change,1 vehicle,1995,Collision
11,2,5,Chevrolet,Urban,3,11,2,Male,Married,52,Policy Holder,Sedan - All Perils,Sedan,more than 69000,0,6593,8,400,2,more than 30,more than 30,1,7 years,41 to 50,No,No,External,3 to 5,no change,1 vehicle,1995,All Perils
11,2,5,Honda,Urban,3,9,4,Female,Single,34,Policy Holder,Sedan - Liability,Sport,more than 69000,0,6594,7,400,1,more than 30,more than 30,1,new,31 to 35,No,No,External,none,no change,1 vehicle,1995,Liability
9,4,7,Mazda,Urban,4,12,5,Male,Single,18,Policy Holder,Sedan - Collision,Sedan,20000 to 29000,1,6595,8,400,1,more than 30,more than 30,more than 4,2 years,21 to 25,No,No,External,more than 5,4 to 8 years,2 vehicles,1995,Collision
12,1,2,Mazda,Urban,2,1,3,Male,Married,51,Third Party,Sedan - All Perils,Sedan,20000 to 29000,0,6596,15,400,4,more than 30,more than 30,more than 4,more than 7,41 to 50,No,No,External,3 to 5,no change,1 vehicle,1995,All Perils
12,3,3,Chevrolet,Urban,3,1,2,Male,Married,50,Policy Holder,Utility - All Perils,Utility,more than 69000,0,6597,4,400,2,more than 30,more than 30,more than 4,more than 7,41 to 50,No,No,External,1 to 2,no change,1 vehicle,1995,All Perils
1,1,5,Ford,Urban,1,1,1,Male,Married,39,Policy Holder,Sedan - Liability,Sport,30000 to 39000,0,6598,3,400,3,more than 30,more than 30,more than 4,4 years,36 to 40,No,No,External,more than 5,no change,1 vehicle,1995,Liability
1,1,4,Honda,Urban,4,5,2,Male,Married,43,Policy Holder,Sedan - Liability,Sport,20000 to 29000,0,6599,7,400,3,more than 30,more than 30,none,7 years,36 to 40,No,No,External,none,no change,1 vehicle,1995,Liability
4,4,6,Mazda,Urban,2,5,3,Female,Single,33,Third Party,Sedan - Liability,Sport,20000 to 29000,0,6600,9,400,3,more than 30,more than 30,more than 4,7 years,31 to 35,No,No,External,none,no change,1 vehicle,1995,Liability
5,1,5,Pontiac,Urban,5,10,2,Male,Married,35,Third Party,Sedan - Liability,Sport,20000 to 29000,0,6601,8,400,4,more than 30,more than 30,2 to 4,6 years,31 to 35,No,No,External,none,no change,1 vehicle,1995,Liability
9,4,2,Toyota,Urban,2,5,4,Male,Married,27,Policy Holder,Sedan - Collision,Sedan,20000 to 29000,1,6602,16,400,4,more than 30,more than 30,2 to 4,6 years,31 to 35,No,No,Internal,more than 5,no change,3 to 4,1995,Collision
5,3,5,Mazda,Urban,2,9,3,Male,Married,28,Policy Holder,Sedan - Liability,Sport,30000 to 39000,0,6603,12,400,2,more than 30,more than 30,2 to 4,6 years,31 to 35,No,No,External,1 to 2,no change,1 vehicle,1995,Liability
9,4,3,Honda,Urban,1,9,4,Male,Single,32,Policy Holder,Sport - Collision,Sport,more than 69000,1,6604,8,400,1,more than 30,more than 30,none,6 years,31 to 35,No,No,External,more than 5,no change,1 vehicle,1995,Collision
8,4,5,Toyota,Urban,2,5,4,Male,Married,45,Policy Holder,Sedan - Collision,Sedan,20000 to 29000,0,6605,14,400,4,more than 30,more than 30,1,7 years,36 to 40,Yes,No,External,3 to 5,no change,1 vehicle,1995,Collision
9,4,1,Honda,Urban,2,9,4,Male,Single,19,Third Party,Sport - Collision,Sport,more than 69000,0,6606,4,400,2,more than 30,more than 30,1,5 years,21 to 25,No,No,External,none,no change,1 vehicle,1995,Collision
9,2,4,Honda,Urban,5,9,2,Male,Married,43,Policy Holder,Sedan - Collision,Sedan,30000 to 39000,0,6607,1,400,3,more than 30,more than 30,2 to 4,7 years,36 to 40,No,No,External,none,no change,1 vehicle,1995,Collision
9,4,4,Chevrolet,Urban,4,10,4,Male,Married,38,Policy Holder,Sedan - All Perils,Sedan,more than 69000,0,6608,15,400,4,more than 30,more than 30,2 to 4,more than 7,36 to 40,No,No,External,none,no change,1 vehicle,1995,All Perils
9,4,1,Chevrolet,Urban,2,12,3,Male,Married,54,Policy Holder,Sedan - Collision,Sedan,20000 to 29000,0,6609,14,400,4,more than 30,more than 30,none,more than 7,41 to 50,No,No,External,none,no change,1 vehicle,1995,Collision
12,3,1,Toyota,Rural,2,12,4,Female,Married,34,Policy Holder,Sedan - Collision,Sedan,less than 20000,0,6610,1,400,3,more than 30,more than 30,none,5 years,31 to 35,No,No,External,none,no change,1 vehicle,1995,Collision
12,4,2,Pontiac,Urban,4,12,4,Male,Single,39,Policy Holder,Sedan - All Perils,Sedan,less than 20000,0,6611,3,400,2,more than 30,more than 30,none,7 years,36 to 40,No,No,External,3 to 5,no change,1 vehicle,1995,All Perils
12,4,6,Chevrolet,Urban,4,10,5,Male,Married,43,Third Party,Sedan - Collision,Sedan,30000 to 39000,0,6612,6,400,4,more than 30,more than 30,1,7 years,36 to 40,Yes,No,External,none,no change,1 vehicle,1995,Collision
9,4,7,Pontiac,Urban,1,12,1,Male,Single,27,Third Party,Sedan - Collision,Sedan,20000 to 29000,0,6613,12,400,1,more than 30,more than 30,2 to 4,6 years,31 to 35,No,No,External,more than 5,no change,1 vehicle,1995,Collision
12,3,1,Honda,Urban,5,12,3,Male,Single,30,Policy Holder,Sedan - Liability,Sport,20000 to 29000,0,6614,12,400,2,more than 30,more than 30,2 to 4,7 years,31 to 35,No,No,External,none,no change,1 vehicle,1995,Liability
11,4,7,Honda,Urban,5,11,1,Male,Married,48,Policy Holder,Sedan - Liability,Sport,30000 to 39000,0,6615,15,400,1,more than 30,more than 30,2 to 4,7 years,41 to 50,No,No,Internal,1 to 2,no change,1 vehicle,1995,Liability
11,1,1,Honda,Urban,1,9,3,Male,Married,44,Third Party,Sedan - All Perils,Sedan,20000 to 29000,0,6616,3,400,4,more than 30,more than 30,1,more than 7,36 to 40,No,No,External,3 to 5,4 to 8 years,2 vehicles,1995,All Perils
9,3,4,Chevrolet,Urban,4,10,3,Male,Married,35,Policy Holder,Sedan - Collision,Sedan,20000 to 29000,0,6617,7,400,3,more than 30,more than 30,none,7 years,31 to 35,No,No,External,none,no change,1 vehicle,1995,Collision
9,2,1,VW,Urban,1,8,1,Male,Married,47,Policy Holder,Sedan - All Perils,Sedan,40000 to 59000,0,6618,14,400,4,more than 30,more than 30,none,more than 7,41 to 50,No,No,External,none,no change,1 vehicle,1995,All Perils
8,4,4,Honda,Urban,5,5,5,Male,Single,33,Third Party,Sedan - All Perils,Sedan,20000 to 29000,0,6619,14,400,1,more than 30,more than 30,more than 4,6 years,31 to 35,No,No,External,1 to 2,no change,1 vehicle,1995,All Perils
5,3,6,Honda,Urban,2,10,3,Male,Single,27,Policy Holder,Sedan - Liability,Sport,30000 to 39000,0,6620,8,400,4,more than 30,more than 30,2 to 4,6 years,31 to 35,No,No,External,none,no change,1 vehicle,1995,Liability
9,4,2,Pontiac,Rural,5,6,1,Male,Single,29,Policy Holder,Sedan - All Perils,Sedan,20000 to 29000,1,6621,16,400,1,more than 30,more than 30,1,5 years,31 to 35,No,No,External,none,no change,1 vehicle,1995,All Perils
5,2,2,Pontiac,Urban,2,10,1,Male,Married,59,Policy Holder,Sedan - All Perils,Sedan,30000 to 39000,0,6622,6,400,4,more than 30,more than 30,none,more than 7,51 to 65,No,No,External,none,no change,1 vehicle,1995,All Perils
4,1,7,Mazda,Urban,1,1,1,Male,Single,33,Policy Holder,Sedan - Collision,Sedan,20000 to 29000,0,6623,3,400,2,more than 30,more than 30,2 to 4,6 years,31 to 35,No,No,External,more than 5,no change,1 vehicle,1995,Collision
1,2,1,Pontiac,Urban,3,1,2,Male,Married,46,Policy Holder,Sedan - Liability,Sport,30000 to 39000,0,6624,6,400,1,more than 30,more than 30,2 to 4,more than 7,41 to 50,No,No,External,more than 5,no change,1 vehicle,1995,Liability
1,1,4,Toyota,Urban,6,12,3,Female,Married,33,Policy Holder,Sedan - Liability,Sport,20000 to 29000,0,6625,7,400,3,more than 30,more than 30,2 to 4,7 years,31 to 35,No,No,External,none,no change,1 vehicle,1995,Liability
12,3,6,Mazda,Rural,1,9,3,Male,Married,59,Third Party,Sedan - Collision,Sedan,20000 to 29000,0,6626,7,400,1,more than 30,more than 30,1,more than 7,51 to 65,No,No,External,1 to 2,no change,1 vehicle,1995,Collision
9,4,7,Chevrolet,Urban,1,11,4,Male,Married,48,Policy Holder,Sedan - All Perils,Sedan,more than 69000,1,6627,9,400,4,more than 30,more than 30,none,more than 7,41 to 50,No,No,External,none,no change,1 vehicle,1995,All Perils
11,1,6,Mazda,Urban,1,10,2,Male,Married,31,Policy Holder,Sedan - Collision,Sedan,20000 to 29000,0,6628,5,400,1,more than 30,more than 30,none,6 years,31 to 35,No,No,External,none,no change,1 vehicle,1995,Collision
10,4,5,Toyota,Urban,2,10,4,Male,Single,31,Policy Holder,Sedan - All Perils,Sedan,less than 20000,0,6629,16,400,4,more than 30,more than 30,none,7 years,31 to 35,No,No,External,none,no change,1 vehicle,1995,All Perils
10,4,1,Honda,Urban,2,10,4,Female,Married,55,Policy Holder,Sedan - Collision,Sedan,20000 to 29000,0,6630,16,400,4,more than 30,more than 30,1,5 years,41 to 50,No,No,External,1 to 2,no change,1 vehicle,1995,Collision
10,2,2,Toyota,Urban,1,10,2,Female,Married,53,Policy Holder,Sedan - Collision,Sedan,20000 to 29000,0,6631,6,500,4,more than 30,more than 30,1,6 years,41 to 50,No,No,External,none,2 to 3 years,1 vehicle,1995,Collision
10,2,3,Honda,Urban,1,10,3,Male,Married,26,Third Party,Sedan - Collision,Sedan,30000 to 39000,0,6632,12,400,2,more than 30,more than 30,none,6 years,31 to 35,No,No,External,1 to 2,no change,1 vehicle,1995,Collision
9,4,7,Toyota,Rural,2,10,1,Male,Married,26,Policy Holder,Sedan - Collision,Sedan,20000 to 29000,0,6633,12,400,4,more than 30,more than 30,none,5 years,31 to 35,No,No,External,more than 5,no change,1 vehicle,1995,Collision
9,4,7,Pontiac,Urban,3,6,1,Female,Married,55,Third Party,Sedan - All Perils,Sedan,less than 20000,0,6634,4,400,3,more than 30,more than 30,none,7 years,41 to 50,No,No,External,more than 5,no change,1 vehicle,1995,All Perils
6,2,7,Chevrolet,Rural,1,10,4,Male,Married,52,Policy Holder,Sedan - Collision,Sedan,30000 to 39000,0,6635,9,700,1,more than 30,more than 30,1,more than 7,41 to 50,No,No,External,more than 5,no change,1 vehicle,1995,Collision
9,4,4,Honda,Urban,1,5,1,Male,Single,22,Third Party,Sedan - All Perils,Sedan,less than 20000,0,6636,5,400,4,more than 30,more than 30,1,5 years,26 to 30,No,No,External,none,no change,1 vehicle,1995,All Perils
4,5,3,Pontiac,Urban,2,5,1,Male,Married,65,Third Party,Sedan - Liability,Sport,20000 to 29000,0,6637,14,400,2,more than 30,more than 30,none,more than 7,51 to 65,No,No,External,more than 5,4 to 8 years,2 vehicles,1995,Liability
4,4,2,Mazda,Urban,3,5,2,Male,Married,57,Third Party,Sedan - Collision,Sedan,20000 to 29000,0,6638,8,400,2,more than 30,more than 30,none,more than 7,51 to 65,No,No,External,1 to 2,no change,1 vehicle,1995,Collision
5,1,3,Toyota,Urban,2,10,1,Female,Single,35,Policy Holder,Sedan - Liability,Sport,20000 to 29000,0,6639,13,400,2,more than 30,more than 30,more than 4,6 years,31 to 35,No,No,External,none,no change,1 vehicle,1995,Liability
6,1,7,Pontiac,Urban,3,10,2,Male,Married,30,Policy Holder,Sedan - Liability,Sport,20000 to 29000,0,6640,15,400,1,more than 30,more than 30,2 to 4,7 years,31 to 35,No,No,External,none,no change,1 vehicle,1995,Liability
10,2,1,Mazda,Urban,1,5,2,Male,Married,43,Policy Holder,Sport - Collision,Sport,more than 69000,0,6641,2,400,4,more than 30,more than 30,2 to 4,7 years,36 to 40,No,No,External,more than 5,no change,1 vehicle,1995,Collision
5,4,1,Pontiac,Urban,3,9,5,Male,Married,46,Policy Holder,Sedan - Liability,Sport,30000 to 39000,0,6642,9,400,1,more than 30,more than 30,2 to 4,more than 7,41 to 50,No,No,External,none,no change,1 vehicle,1995,Liability
4,1,4,Chevrolet,Urban,4,12,4,Male,Married,48,Policy Holder,Utility - All Perils,Utility,more than 69000,0,6643,6,400,4,more than 30,more than 30,none,more than 7,41 to 50,No,No,External,none,no change,3 to 4,1995,All Perils
12,5,1,Pontiac,Urban,2,10,5,Male,Single,40,Policy Holder,Sedan - Liability,Sport,20000 to 29000,0,6644,6,400,2,more than 30,more than 30,2 to 4,6 years,36 to 40,No,No,External,3 to 5,1 year,1 vehicle,1995,Liability
10,1,1,Toyota,Urban,3,9,1,Female,Married,52,Policy Holder,Sedan - Liability,Sport,30000 to 39000,0,6645,15,400,3,more than 30,more than 30,more than 4,7 years,41 to 50,No,No,External,none,no change,1 vehicle,1995,Liability
9,4,1,Pontiac,Urban,1,1,4,Male,Married,27,Third Party,Sedan - Collision,Sedan,20000 to 29000,0,6646,10,400,3,more than 30,more than 30,none,7 years,31 to 35,No,No,External,none,no change,1 vehicle,1995,Collision
1,4,7,Honda,Urban,2,1,4,Female,Single,72,Policy Holder,Sedan - Collision,Sedan,20000 to 29000,0,6647,11,400,2,more than 30,more than 30,2 to 4,7 years,over 65,No,No,External,more than 5,no change,1 vehicle,1995,Collision
1,4,4,Mazda,Urban,5,6,4,Male,Married,40,Third Party,Sedan - Liability,Sport,30000 to 39000,0,6648,13,400,3,more than 30,more than 30,2 to 4,7 years,36 to 40,No,No,External,none,no change,1 vehicle,1995,Liability
6,2,1,Mazda,Urban,4,4,2,Male,Single,45,Policy Holder,Sedan - Liability,Sport,20000 to 29000,0,6649,16,400,4,more than 30,more than 30,2 to 4,7 years,36 to 40,No,No,External,none,no change,1 vehicle,1995,Liability
4,3,3,Honda,Urban,5,1,4,Male,Single,0,Policy Holder,Sedan - Liability,Sport,more than 69000,0,6650,16,400,1,more than 30,more than 30,2 to 4,new,16 to 17,No,No,External,none,no change,1 vehicle,1995,Liability
1,2,2,Toyota,Urban,4,1,2,Male,Married,57,Policy Holder,Sedan - All Perils,Sedan,20000 to 29000,0,6651,11,400,3,more than 30,more than 30,more than 4,more than 7,51 to 65,No,No,External,3 to 5,no change,1 vehicle,1995,All Perils
1,2,1,Accura,Urban,1,10,2,Male,Married,49,Policy Holder,Sedan - Collision,Sedan,20000 to 29000,0,6652,7,400,1,more than 30,more than 30,2 to 4,more than 7,41 to 50,No,No,External,1 to 2,no change,1 vehicle,1995,Collision
9,4,2,Chevrolet,Urban,5,11,1,Male,Married,35,Policy Holder,Sedan - All Perils,Sedan,20000 to 29000,0,6653,8,400,4,more than 30,more than 30,1,6 years,31 to 35,No,No,External,none,no change,1 vehicle,1995,All Perils
11,4,2,Chevrolet,Urban,3,5,4,Female,Married,36,Policy Holder,Sedan - Liability,Sport,20000 to 29000,0,6654,14,400,4,more than 30,more than 30,2 to 4,7 years,36 to 40,No,No,External,more than 5,no change,1 vehicle,1995,Liability
5,5,1,Dodge,Urban,2,6,5,Female,Single,31,Third Party,Sedan - All Perils,Sedan,20000 to 29000,0,6655,9,400,1,more than 30,more than 30,2 to 4,5 years,31 to 35,No,No,External,1 to 2,no change,1 vehicle,1995,All Perils
3,5,6,Toyota,Rural,3,6,3,Male,Single,18,Policy Holder,Sedan - All Perils,Sedan,20000 to 29000,0,6656,12,400,4,more than 30,more than 30,1,2 years,21 to 25,No,No,External,3 to 5,no change,1 vehicle,1995,All Perils
6,2,4,Honda,Urban,5,7,3,Male,Married,43,Policy Holder,Sedan - Liability,Sport,20000 to 29000,0,6657,9,400,3,more than 30,more than 30,2 to 4,7 years,36 to 40,No,No,External,none,no change,1 vehicle,1995,Liability
6,5,2,Saab,Urban,1,6,1,Male,Single,33,Policy Holder,Sedan - Collision,Sedan,20000 to 29000,0,6658,3,400,1,more than 30,more than 30,1,6 years,31 to 35,No,No,External,none,4 to 8 years,2 vehicles,1995,Collision
6,4,7,Saab,Urban,1,10,4,Male,Single,29,Policy Holder,Sedan - All Perils,Sedan,30000 to 39000,0,6659,3,400,4,more than 30,more than 30,1,6 years,31 to 35,No,No,External,1 to 2,no change,1 vehicle,1995,All Perils
10,1,2,Honda,Urban,2,11,1,Male,Single,41,Policy Holder,Sedan - Collision,Sedan,20000 to 29000,0,6660,7,400,1,more than 30,more than 30,2 to 4,7 years,36 to 40,No,No,External,more than 5,no change,1 vehicle,1995,Collision
10,4,7,Mazda,Urban,3,9,2,Male,Married,56,Third Party,Sedan - All Perils,Sedan,30000 to 39000,0,6661,10,400,2,more than 30,more than 30,none,more than 7,51 to 65,No,No,External,none,no change,1 vehicle,1995,All Perils
9,4,4,Pontiac,Urban,3,12,5,Male,Married,29,Policy Holder,Sedan - All Perils,Sedan,more than 69000,1,6662,2,400,4,more than 30,more than 30,none,6 years,31 to 35,No,No,External,more than 5,no change,1 vehicle,1995,All Perils
12,4,1,Toyota,Urban,1,1,5,Male,Single,18,Policy Holder,Sedan - All Perils,Sedan,less than 20000,0,6663,2,400,4,more than 30,more than 30,none,2 years,21 to 25,No,No,External,more than 5,no change,1 vehicle,1995,All Perils
12,2,6,Mazda,Urban,2,12,3,Male,Married,28,Policy Holder,Sedan - Liability,Sport,30000 to 39000,0,6664,10,400,4,more than 30,more than 30,2 to 4,5 years,31 to 35,No,No,External,more than 5,no change,1 vehicle,1995,Liability
12,2,6,Chevrolet,Urban,2,12,2,Male,Married,55,Third Party,Sedan - Collision,Sedan,less than 20000,0,6665,6,400,1,more than 30,more than 30,none,7 years,41 to 50,No,No,External,none,no change,1 vehicle,1995,Collision
12,4,6,Mazda,Urban,1,7,4,Male,Married,56,Third Party,Sedan - Liability,Sport,30000 to 39000,0,6666,2,700,1,more than 30,more than 30,1,7 years,51 to 65,No,No,External,none,no change,1 vehicle,1995,Liability
7,1,1,Pontiac,Urban,4,10,1,Male,Married,43,Policy Holder,Sedan - Liability,Sport,more than 69000,0,6667,6,400,4,more than 30,more than 30,2 to 4,7 years,36 to 40,No,No,External,more than 5,no change,1 vehicle,1995,Liability
9,4,3,Honda,Urban,5,7,1,Male,Single,30,Policy Holder,Sedan - All Perils,Sedan,less than 20000,1,6668,3,400,1,more than 30,more than 30,none,6 years,31 to 35,No,No,External,none,no change,1 vehicle,1995,All Perils
7,4,3,Mazda,Urban,1,7,5,Male,Married,48,Policy Holder,Sedan - All Perils,Sedan,20000 to 29000,0,6669,1,400,4,more than 30,more than 30,2 to 4,more than 7,41 to 50,No,No,External,more than 5,no change,1 vehicle,1995,All Perils
7,1,5,Mazda,Urban,4,11,2,Male,Married,56,Policy Holder,Sedan - Liability,Sport,less than 20000,0,6670,15,400,2,more than 30,more than 30,2 to 4,more than 7,51 to 65,No,No,External,1 to 2,no change,1 vehicle,1995,Liability
11,2,5,Toyota,Rural,5,12,3,Male,Single,30,Policy Holder,Sedan - Collision,Sedan,20000 to 29000,0,6671,5,400,3,more than 30,more than 30,none,7 years,31 to 35,No,No,External,3 to 5,no change,1 vehicle,1995,Collision
12,4,6,Accura,Urban,2,12,5,Female,Single,37,Policy Holder,Sedan - Collision,Sedan,more than 69000,0,6672,14,400,2,more than 30,more than 30,more than 4,more than 7,36 to 40,Yes,No,External,1 to 2,no change,1 vehicle,1995,Collision
12,2,5,Chevrolet,Urban,3,3,2,Male,Married,48,Policy Holder,Sedan - Liability,Sport,20000 to 29000,0,6673,14,400,3,more than 30,more than 30,none,more than 7,41 to 50,No,No,External,none,no change,1 vehicle,1995,Liability
3,4,5,Pontiac,Urban,4,11,5,Male,Married,57,Third Party,Sedan - Liability,Sport,30000 to 39000,0,6674,16,400,3,more than 30,more than 30,none,more than 7,51 to 65,No,No,External,3 to 5,no change,1 vehicle,1995,Liability
11,2,1,Toyota,Urban,2,10,4,Female,Married,47,Policy Holder,Sedan - All Perils,Sedan,20000 to 29000,0,6675,9,400,2,more than 30,more than 30,none,7 years,41 to 50,No,No,External,none,no change,1 vehicle,1995,All Perils
10,1,1,Toyota,Urban,2,10,4,Male,Married,36,Policy Holder,Sedan - All Perils,Sedan,20000 to 29000,0,6676,6,400,1,more than 30,more than 30,none,7 years,36 to 40,No,No,External,1 to 2,no change,1 vehicle,1995,All Perils
10,1,2,Toyota,Urban,3,8,1,Male,Married,55,Policy Holder,Sedan - Liability,Sport,20000 to 29000,0,6677,16,400,4,more than 30,more than 30,2 to 4,more than 7,41 to 50,No,No,External,none,no change,1 vehicle,1995,Liability
8,3,3,Toyota,Urban,3,8,3,Male,Married,31,Third Party,Sedan - Liability,Sport,20000 to 29000,0,6678,9,400,3,more than 30,more than 30,1,6 years,31 to 35,No,No,External,3 to 5,no change,1 vehicle,1995,Liability
8,3,1,Toyota,Urban,5,12,3,Male,Married,55,Policy Holder,Sedan - Collision,Sedan,20000 to 29000,0,6679,9,400,3,more than 30,more than 30,2 to 4,6 years,41 to 50,No,No,External,1 to 2,4 to 8 years,2 vehicles,1995,Collision
5,2,1,Accura,Urban,2,9,1,Male,Single,28,Policy Holder,Sedan - All Perils,Sedan,20000 to 29000,0,6680,9,400,4,more than 30,more than 30,1,6 years,31 to 35,No,No,External,none,no change,1 vehicle,1995,All Perils
9,4,5,Ford,Urban,5,1,4,Male,Married,63,Policy Holder,Sedan - All Perils,Sedan,more than 69000,1,6681,11,400,2,more than 30,more than 30,2 to 4,more than 7,51 to 65,No,No,External,none,no change,1 vehicle,1995,All Perils
1,2,6,Toyota,Urban,1,8,3,Male,Married,34,Policy Holder,Sedan - Liability,Sport,20000 to 29000,0,6682,5,500,4,more than 30,more than 30,2 to 4,6 years,31 to 35,No,No,External,more than 5,2 to 3 years,1 vehicle,1995,Liability
7,4,6,Toyota,Urban,2,8,4,Male,Married,52,Policy Holder,Sedan - Collision,Sedan,20000 to 29000,0,6683,13,400,3,more than 30,more than 30,none,more than 7,41 to 50,No,No,External,none,no change,1 vehicle,1995,Collision
8,1,1,Pontiac,Urban,5,8,2,Male,Married,38,Policy Holder,Sedan - All Perils,Sedan,30000 to 39000,0,6684,7,400,1,more than 30,more than 30,none,7 years,36 to 40,No,No,External,3 to 5,no change,3 to 4,1995,All Perils
8,2,3,Honda,Urban,4,5,2,Male,Single,58,Policy Holder,Sedan - All Perils,Sedan,less than 20000,0,6685,4,400,1,more than 30,more than 30,2 to 4,more than 7,51 to 65,No,No,External,more than 5,no change,1 vehicle,1995,All Perils
5,4,3,Chevrolet,Urban,4,5,4,Male,Married,38,Third Party,Sedan - Collision,Sedan,more than 69000,0,6686,4,400,3,more than 30,more than 30,more than 4,more than 7,36 to 40,No,No,External,more than 5,no change,1 vehicle,1995,Collision
5,4,3,Pontiac,Urban,4,10,4,Male,Married,38,Third Party,Sedan - Collision,Sedan,20000 to 29000,0,6687,12,400,4,more than 30,more than 30,2 to 4,7 years,36 to 40,No,No,External,more than 5,no change,1 vehicle,1995,Collision
10,3,4,Toyota,Urban,2,3,3,Male,Married,44,Policy Holder,Sedan - Liability,Sport,20000 to 29000,0,6688,3,400,2,more than 30,more than 30,more than 4,6 years,36 to 40,No,No,External,more than 5,no change,1 vehicle,1995,Liability
3,2,5,Mazda,Urban,1,11,3,Male,Single,35,Third Party,Sport - Collision,Sport,more than 69000,0,6689,4,400,2,more than 30,more than 30,1,6 years,31 to 35,No,No,External,none,no change,1 vehicle,1995,Collision
11,3,7,Pontiac,Urban,5,8,3,Male,Married,39,Policy Holder,Sedan - Collision,Sedan,20000 to 29000,0,6690,6,400,2,more than 30,more than 30,2 to 4,7 years,36 to 40,No,No,External,1 to 2,no change,1 vehicle,1995,Collision
8,4,4,Saturn,Urban,1,10,4,Male,Married,36,Policy Holder,Sedan - All Perils,Sedan,20000 to 29000,0,6691,3,400,3,more than 30,more than 30,1,5 years,36 to 40,No,No,External,none,no change,1 vehicle,1995,All Perils
10,1,5,Accura,Urban,5,10,2,Male,Married,48,Policy Holder,Utility - All Perils,Utility,more than 69000,0,6692,6,400,1,more than 30,more than 30,1,more than 7,41 to 50,No,No,External,none,no change,1 vehicle,1995,All Perils
10,1,3,Honda,Urban,3,5,1,Male,Married,40,Policy Holder,Sedan - Liability,Sport,30000 to 39000,0,6693,11,400,4,more than 30,more than 30,more than 4,7 years,36 to 40,No,No,External,none,no change,1 vehicle,1995,Liability
5,1,2,Honda,Urban,2,5,1,Male,Married,29,Policy Holder,Sedan - Liability,Sport,20000 to 29000,0,6694,16,400,1,more than 30,more than 30,more than 4,6 years,31 to 35,No,No,External,1 to 2,no change,1 vehicle,1995,Liability
5,3,1,Pontiac,Rural,1,10,3,Male,Married,44,Third Party,Sedan - Collision,Sedan,20000 to 29000,0,6695,5,400,4,more than 30,more than 30,none,7 years,36 to 40,No,No,External,more than 5,no change,1 vehicle,1995,Collision
7,1,1,Ford,Urban,2,9,1,Male,Married,46,Policy Holder,Utility - All Perils,Utility,30000 to 39000,0,6696,16,400,4,more than 30,more than 30,1,more than 7,41 to 50,No,No,External,none,no change,1 vehicle,1995,All Perils
9,1,2,Pontiac,Urban,3,9,4,Male,Married,37,Policy Holder,Sedan - Liability,Sport,30000 to 39000,0,6697,2,700,4,more than 30,more than 30,more than 4,more than 7,36 to 40,No,No,External,3 to 5,no change,1 vehicle,1995,Liability
9,1,3,Ford,Rural,4,10,2,Male,Single,31,Third Party,Sedan - All Perils,Sedan,40000 to 59000,0,6698,12,400,4,more than 30,more than 30,none,6 years,31 to 35,No,No,External,3 to 5,no change,1 vehicle,1995,All Perils
10,1,3,Mazda,Urban,3,1,2,Male,Married,33,Third Party,Sport - Collision,Sport,more than 69000,0,6699,12,400,4,more than 30,more than 30,none,7 years,31 to 35,No,No,External,none,no change,1 vehicle,1995,Collision
1,3,6,Mazda,Urban,1,1,3,Male,Married,46,Policy Holder,Sedan - Collision,Sedan,20000 to 29000,0,6700,2,400,3,more than 30,more than 30,none,more than 7,41 to 50,No,No,External,more than 5,4 to 8 years,2 vehicles,1995,Collision
1,4,1,Chevrolet,Urban,2,5,4,Female,Single,53,Third Party,Sedan - Liability,Sport,30000 to 39000,0,6701,2,400,2,more than 30,more than 30,2 to 4,more than 7,41 to 50,No,No,External,none,no change,1 vehicle,1995,Liability
5,4,4,Chevrolet,Urban,4,5,4,Male,Married,44,Third Party,Sedan - Collision,Sedan,20000 to 29000,0,6702,1,400,4,more than 30,more than 30,none,7 years,36 to 40,Yes,No,External,none,no change,1 vehicle,1995,Collision
5,4,4,Pontiac,Urban,3,5,4,Female,Married,48,Policy Holder,Sedan - Collision,Sedan,more than 69000,0,6703,2,400,3,more than 30,more than 30,none,more than 7,41 to 50,No,No,External,3 to 5,no change,1 vehicle,1995,Collision
5,4,2,Mazda,Urban,2,5,5,Male,Married,48,Policy Holder,Utility - All Perils,Utility,more than 69000,0,6704,8,400,1,more than 30,more than 30,2 to 4,7 years,41 to 50,No,No,External,1 to 2,no change,1 vehicle,1995,All Perils
5,5,6,Pontiac,Urban,2,7,5,Female,Married,37,Policy Holder,Sedan - Liability,Sport,20000 to 29000,0,6705,2,400,4,more than 30,more than 30,2 to 4,7 years,36 to 40,No,No,External,1 to 2,no change,1 vehicle,1995,Liability
7,2,1,Pontiac,Urban,2,9,2,Female,Single,31,Policy Holder,Sedan - Liability,Sport,20000 to 29000,0,6706,11,400,2,more than 30,more than 30,none,5 years,31 to 35,No,No,External,1 to 2,no change,1 vehicle,1995,Liability
9,1,4,Toyota,Urban,2,10,1,Male,Single,26,Policy Holder,Sedan - Collision,Sedan,20000 to 29000,0,6707,2,400,4,more than 30,more than 30,more than 4,7 years,31 to 35,No,No,External,1 to 2,no change,1 vehicle,1995,Collision
9,5,2,Honda,Urban,1,10,1,Female,Single,43,Policy Holder,Sedan - Liability,Sport,more than 69000,0,6708,14,400,3,more than 30,more than 30,2 to 4,new,36 to 40,No,No,External,none,no change,1 vehicle,1995,Liability
9,4,2,Mazda,Urban,3,9,1,Male,Married,54,Third Party,Sedan - All Perils,Sedan,20000 to 29000,0,6709,14,400,1,more than 30,more than 30,none,more than 7,41 to 50,No,No,External,3 to 5,no change,1 vehicle,1995,All Perils
9,4,6,Mazda,Urban,1,10,5,Male,Single,33,Third Party,Sedan - All Perils,Sedan,20000 to 29000,0,6710,14,400,1,more than 30,more than 30,1,6 years,31 to 35,No,No,External,1 to 2,no change,1 vehicle,1995,All Perils
10,3,2,Toyota,Urban,4,10,3,Male,Married,29,Policy Holder,Sedan - Collision,Sedan,20000 to 29000,0,6711,4,400,3,more than 30,more than 30,2 to 4,7 years,31 to 35,No,No,External,more than 5,no change,1 vehicle,1995,Collision
10,1,4,Chevrolet,Urban,2,10,3,Male,Married,59,Policy Holder,Sedan - Liability,Sport,40000 to 59000,0,6712,7,400,1,more than 30,more than 30,more than 4,more than 7,51 to 65,No,No,External,none,no change,1 vehicle,1995,Liability
9,5,3,Toyota,Urban,2,10,2,Male,Married,54,Policy Holder,Sedan - Liability,Sport,30000 to 39000,0,6713,16,400,4,more than 30,more than 30,2 to 4,7 years,41 to 50,No,No,External,none,no change,1 vehicle,1995,Liability
9,4,2,Toyota,Urban,4,9,1,Male,Married,44,Policy Holder,Sedan - All Perils,Sedan,20000 to 29000,0,6714,9,400,4,more than 30,more than 30,none,5 years,36 to 40,No,No,External,none,no change,1 vehicle,1995,All Perils
9,4,5,Pontiac,Urban,1,6,5,Male,Married,46,Policy Holder,Sedan - Collision,Sedan,20000 to 29000,1,6715,5,400,4,more than 30,more than 30,2 to 4,more than 7,41 to 50,No,No,External,more than 5,no change,1 vehicle,1995,Collision
6,2,3,Honda,Urban,3,6,2,Male,Married,64,Policy Holder,Sedan - Liability,Sport,more than 69000,0,6716,12,400,3,more than 30,more than 30,none,more than 7,51 to 65,No,No,External,1 to 2,no change,1 vehicle,1995,Liability
6,2,1,Mazda,Urban,4,6,2,Female,Married,43,Policy Holder,Sedan - Collision,Sedan,20000 to 29000,0,6717,4,400,4,more than 30,more than 30,2 to 4,3 years,36 to 40,No,No,External,1 to 2,no change,1 vehicle,1995,Collision
6,1,1,Pontiac,Urban,1,6,2,Male,Married,26,Policy Holder,Sedan - Collision,Sedan,30000 to 39000,0,6718,12,400,1,more than 30,more than 30,1,7 years,31 to 35,No,No,External,more than 5,no change,1 vehicle,1995,Collision
5,5,6,Accura,Urban,1,5,2,Male,Single,33,Third Party,Sedan - Liability,Sport,30000 to 39000,0,6719,2,400,1,more than 30,more than 30,more than 4,7 years,31 to 35,Yes,No,External,more than 5,no change,1 vehicle,1995,Liability
5,3,3,Chevrolet,Urban,4,1,4,Male,Single,52,Third Party,Sedan - Liability,Sport,30000 to 39000,0,6720,5,400,3,more than 30,more than 30,2 to 4,more than 7,41 to 50,No,No,External,more than 5,no change,1 vehicle,1995,Liability
1,4,5,Pontiac,Urban,2,1,4,Male,Single,26,Policy Holder,Sedan - Liability,Sport,20000 to 29000,0,6721,11,400,3,more than 30,more than 30,none,6 years,31 to 35,No,No,External,none,4 to 8 years,2 vehicles,1995,Liability
1,3,2,Mazda,Urban,3,9,5,Female,Single,37,Third Party,Sedan - All Perils,Sedan,more than 69000,0,6722,3,400,3,more than 30,more than 30,2 to 4,7 years,36 to 40,Yes,No,External,none,no change,1 vehicle,1995,All Perils
9,4,7,Honda,Urban,5,12,5,Female,Married,62,Policy Holder,Sedan - All Perils,Sedan,20000 to 29000,1,6723,3,400,3,more than 30,more than 30,more than 4,more than 7,51 to 65,No,No,External,1 to 2,no change,1 vehicle,1995,All Perils
12,3,1,Toyota,Urban,4,11,4,Male,Married,27,Policy Holder,Sedan - Liability,Sport,20000 to 29000,0,6724,1,400,3,more than 30,more than 30,more than 4,6 years,31 to 35,No,No,External,more than 5,no change,1 vehicle,1995,Liability
10,5,7,Mazda,Urban,4,10,1,Female,Married,55,Third Party,Sedan - All Perils,Sedan,20000 to 29000,0,6725,10,400,1,more than 30,more than 30,none,more than 7,41 to 50,No,No,External,more than 5,no change,3 to 4,1995,All Perils
10,2,1,Honda,Rural,3,9,2,Male,Married,54,Third Party,Sedan - All Perils,Sedan,20000 to 29000,0,6726,16,400,1,more than 30,more than 30,none,more than 7,41 to 50,Yes,No,External,more than 5,no change,1 vehicle,1995,All Perils
9,3,2,Pontiac,Urban,3,9,4,Male,Married,63,Third Party,Sedan - All Perils,Sedan,30000 to 39000,0,6727,12,400,3,more than 30,more than 30,2 to 4,more than 7,51 to 65,No,No,External,more than 5,no change,1 vehicle,1995,All Perils
9,1,2,Pontiac,Urban,2,9,2,Female,Married,36,Policy Holder,Sedan - Liability,Sport,20000 to 29000,0,6728,15,400,3,more than 30,more than 30,none,5 years,36 to 40,No,No,External,none,no change,1 vehicle,1995,Liability
9,1,2,Honda,Urban,2,7,2,Male,Married,40,Policy Holder,Sedan - All Perils,Sedan,20000 to 29000,0,6729,16,400,4,more than 30,more than 30,none,7 years,36 to 40,No,No,External,1 to 2,no change,1 vehicle,1995,All Perils
7,2,4,Mazda,Urban,4,6,2,Male,Single,27,Policy Holder,Sedan - Liability,Sport,30000 to 39000,0,6730,15,400,3,more than 30,more than 30,1,6 years,31 to 35,No,No,External,more than 5,no change,1 vehicle,1995,Liability
6,4,2,Honda,Urban,4,6,5,Male,Single,27,Policy Holder,Sedan - Collision,Sedan,20000 to 29000,0,6731,2,400,4,more than 30,more than 30,more than 4,6 years,31 to 35,No,No,External,3 to 5,no change,1 vehicle,1995,Collision
5,4,7,Honda,Urban,1,3,1,Male,Married,30,Policy Holder,Sedan - All Perils,Sedan,30000 to 39000,0,6732,5,400,2,none,15 to 30,2 to 4,7 years,31 to 35,No,No,External,none,no change,1 vehicle,1995,All Perils
3,3,1,Pontiac,Urban,1,10,4,Female,Single,26,Policy Holder,Sedan - All Perils,Sedan,less than 20000,0,6733,10,500,3,more than 30,more than 30,2 to 4,7 years,31 to 35,No,No,External,3 to 5,2 to 3 years,1 vehicle,1995,All Perils
10,3,3,Toyota,Urban,5,3,3,Male,Single,38,Policy Holder,Sedan - Collision,Sedan,20000 to 29000,0,6734,6,400,4,more than 30,more than 30,2 to 4,7 years,36 to 40,No,No,External,1 to 2,no change,1 vehicle,1995,Collision
3,2,7,Pontiac,Urban,1,3,3,Male,Married,41,Third Party,Sedan - Collision,Sedan,20000 to 29000,0,6735,1,400,4,more than 30,more than 30,more than 4,6 years,36 to 40,No,No,External,none,1 year,1 vehicle,1995,Collision
2,4,3,Mazda,Urban,2,10,3,Male,Married,30,Third Party,Sedan - Collision,Sedan,more than 69000,0,6736,8,400,1,more than 30,more than 30,2 to 4,6 years,31 to 35,No,No,External,3 to 5,no change,1 vehicle,1995,Collision
9,5,4,Pontiac,Rural,3,7,1,Male,Single,28,Policy Holder,Sedan - Collision,Sedan,30000 to 39000,1,6737,15,400,2,more than 30,more than 30,2 to 4,6 years,31 to 35,No,No,External,none,no change,1 vehicle,1995,Collision
6,3,6,Toyota,Urban,1,7,2,Male,Married,41,Policy Holder,Sedan - All Perils,Sedan,less than 20000,0,6738,14,400,3,more than 30,more than 30,none,7 years,36 to 40,No,No,External,none,no change,1 vehicle,1995,All Perils
7,3,6,Honda,Urban,2,2,3,Male,Single,26,Policy Holder,Sedan - Liability,Sport,30000 to 39000,0,6739,8,400,4,more than 30,more than 30,more than 4,7 years,31 to 35,No,No,External,more than 5,no change,1 vehicle,1995,Liability
2,2,3,Honda,Urban,5,4,3,Male,Married,40,Third Party,Sedan - Liability,Sport,20000 to 29000,0,6740,14,400,2,more than 30,more than 30,more than 4,7 years,36 to 40,No,No,External,more than 5,no change,1 vehicle,1995,Liability
12,3,3,Mazda,Urban,3,2,3,Male,Married,65,Third Party,Sedan - All Perils,Sedan,30000 to 39000,0,6741,5,400,1,more than 30,more than 30,2 to 4,more than 7,51 to 65,No,No,External,more than 5,no change,1 vehicle,1995,All Perils
2,1,2,Pontiac,Urban,5,2,1,Female,Single,32,Third Party,Sedan - Liability,Sport,30000 to 39000,0,6742,1,400,4,more than 30,more than 30,2 to 4,7 years,31 to 35,No,No,External,more than 5,4 to 8 years,2 vehicles,1995,Liability
1,5,4,Pontiac,Urban,4,6,1,Female,Married,33,Policy Holder,Sedan - Liability,Sport,20000 to 29000,0,6743,12,400,1,more than 30,more than 30,2 to 4,6 years,31 to 35,No,No,External,none,no change,1 vehicle,1995,Liability
5,4,1,Honda,Urban,4,10,1,Female,Single,29,Policy Holder,Sedan - Liability,Sport,20000 to 29000,0,6744,12,400,4,more than 30,more than 30,more than 4,5 years,31 to 35,No,No,External,1 to 2,no change,1 vehicle,1995,Liability
10,4,6,Chevrolet,Rural,3,10,4,Male,Married,75,Policy Holder,Sedan - All Perils,Sedan,more than 69000,0,6745,13,400,1,more than 30,more than 30,none,more than 7,over 65,No,No,External,1 to 2,no change,1 vehicle,1995,All Perils
10,1,2,Pontiac,Urban,3,12,1,Male,Married,41,Third Party,Sedan - Collision,Sedan,20000 to 29000,0,6746,16,400,1,more than 30,more than 30,none,more than 7,36 to 40,No,No,External,none,no change,1 vehicle,1995,Collision
12,2,4,Pontiac,Urban,4,2,3,Male,Married,43,Policy Holder,Utility - All Perils,Utility,60000 to 69000,0,6747,16,400,2,more than 30,more than 30,1,7 years,36 to 40,No,No,External,1 to 2,no change,1 vehicle,1995,All Perils
11,2,2,Mazda,Urban,3,10,1,Male,Married,26,Policy Holder,Sedan - Liability,Sport,30000 to 39000,0,6748,16,400,4,more than 30,more than 30,none,7 years,31 to 35,No,No,External,none,no change,1 vehicle,1995,Liability
10,4,6,Pontiac,Urban,1,4,4,Male,Single,29,Policy Holder,Sedan - Liability,Sport,20000 to 29000,0,6749,5,400,4,more than 30,more than 30,more than 4,6 years,31 to 35,No,No,External,1 to 2,no change,1 vehicle,1995,Liability
4,4,4,Pontiac,Urban,1,7,4,Male,Married,42,Policy Holder,Sedan - Collision,Sedan,30000 to 39000,0,6750,6,400,2,more than 30,more than 30,2 to 4,7 years,36 to 40,No,No,External,3 to 5,no change,1 vehicle,1995,Collision
6,5,3,Toyota,Urban,1,10,1,Male,Married,65,Policy Holder,Sedan - All Perils,Sedan,20000 to 29000,0,6751,6,400,1,more than 30,more than 30,1,7 years,51 to 65,No,No,External,3 to 5,no change,1 vehicle,1995,All Perils
9,5,4,Toyota,Urban,2,5,3,Male,Married,43,Policy Holder,Sedan - Collision,Sedan,more than 69000,1,6752,1,400,3,more than 30,more than 30,more than 4,6 years,36 to 40,No,No,External,more than 5,no change,1 vehicle,1995,Collision
4,5,6,Pontiac,Urban,5,5,1,Male,Single,31,Policy Holder,Sedan - Collision,Sedan,20000 to 29000,0,6753,3,400,3,more than 30,more than 30,none,7 years,31 to 35,No,No,External,1 to 2,no change,1 vehicle,1995,Collision
4,5,1,Toyota,Urban,1,10,1,Male,Married,32,Policy Holder,Sedan - Liability,Sport,30000 to 39000,0,6754,3,400,1,more than 30,more than 30,2 to 4,7 years,31 to 35,No,No,External,1 to 2,no change,1 vehicle,1995,Liability
10,2,2,Toyota,Urban,4,10,2,Male,Single,28,Policy Holder,Sedan - Liability,Sport,20000 to 29000,0,6755,14,400,4,more than 30,more than 30,more than 4,6 years,31 to 35,No,No,External,1 to 2,no change,1 vehicle,1995,Liability
10,3,1,Accura,Urban,1,11,3,Male,Married,53,Policy Holder,Sedan - Liability,Sport,60000 to 69000,0,6756,10,400,3,more than 30,more than 30,more than 4,more than 7,41 to 50,No,No,External,none,no change,1 vehicle,1995,Liability
11,2,6,Honda,Urban,1,2,2,Male,Married,37,Policy Holder,Sedan - Liability,Sport,20000 to 29000,0,6757,9,400,3,more than 30,more than 30,more than 4,7 years,36 to 40,No,No,External,none,no change,1 vehicle,1995,Liability
2,1,1,Toyota,Rural,3,2,1,Male,Married,31,Third Party,Sedan - Liability,Sport,20000 to 29000,0,6758,1,400,1,more than 30,more than 30,2 to 4,5 years,31 to 35,No,No,External,none,no change,1 vehicle,1995,Liability
1,1,2,Chevrolet,Urban,2,8,1,Male,Single,32,Third Party,Sedan - Collision,Sedan,20000 to 29000,0,6759,11,400,2,more than 30,more than 30,1,6 years,31 to 35,No,No,External,none,no change,1 vehicle,1995,Collision
8,2,2,Pontiac,Urban,3,7,2,Male,Single,42,Third Party,Sedan - Liability,Sport,30000 to 39000,0,6760,13,400,4,more than 30,more than 30,2 to 4,7 years,36 to 40,No,No,External,3 to 5,no change,1 vehicle,1995,Liability
7,3,3,Honda,Urban,4,9,4,Female,Single,31,Policy Holder,Sedan - Collision,Sedan,20000 to 29000,0,6761,16,400,4,more than 30,more than 30,none,6 years,31 to 35,No,No,External,none,no change,1 vehicle,1995,Collision
9,1,6,Ford,Rural,3,10,2,Male,Married,77,Third Party,Sedan - All Perils,Sedan,20000 to 29000,0,6762,15,400,4,more than 30,more than 30,none,7 years,over 65,No,No,External,none,no change,1 vehicle,1995,All Perils
9,3,1,Mazda,Urban,1,11,2,Male,Married,35,Policy Holder,Sedan - Collision,Sedan,20000 to 29000,0,6763,1,400,2,more than 30,more than 30,2 to 4,7 years,31 to 35,Yes,No,External,more than 5,4 to 8 years,2 vehicles,1995,Collision
10,5,7,Honda,Urban,1,10,1,Male,Married,29,Policy Holder,Sedan - Collision,Sedan,20000 to 29000,0,6764,12,400,4,more than 30,more than 30,none,7 years,31 to 35,No,No,External,none,no change,1 vehicle,1995,Collision
10,2,1,Accura,Urban,3,6,3,Male,Married,29,Policy Holder,Sedan - Collision,Sedan,30000 to 39000,0,6765,1,400,3,more than 30,more than 30,1,7 years,31 to 35,No,No,Internal,1 to 2,no change,1 vehicle,1995,Collision
6,1,1,Honda,Urban,3,6,3,Male,Single,52,Policy Holder,Sedan - All Perils,Sedan,more than 69000,0,6766,10,400,3,more than 30,more than 30,2 to 4,7 years,41 to 50,No,No,External,3 to 5,no change,3 to 4,1995,All Perils
6,1,2,Pontiac,Rural,2,11,2,Male,Single,38,Policy Holder,Sedan - Collision,Sedan,30000 to 39000,0,6767,9,400,1,more than 30,more than 30,more than 4,7 years,36 to 40,No,No,External,more than 5,no change,1 vehicle,1995,Collision
11,5,5,Toyota,Urban,1,10,5,Male,Single,33,Third Party,Sedan - Collision,Sedan,less than 20000,0,6768,1,400,1,more than 30,more than 30,1,6 years,31 to 35,No,No,External,1 to 2,no change,1 vehicle,1995,Collision
9,5,6,Chevrolet,Rural,3,9,1,Male,Married,57,Policy Holder,Sedan - Collision,Sedan,more than 69000,1,6769,16,400,2,more than 30,more than 30,2 to 4,7 years,51 to 65,No,No,External,3 to 5,no change,1 vehicle,1995,Collision
9,2,5,Pontiac,Urban,1,9,3,Male,Married,28,Policy Holder,Sedan - Collision,Sedan,20000 to 29000,0,6770,5,400,1,more than 30,more than 30,2 to 4,7 years,31 to 35,No,No,External,more than 5,no change,1 vehicle,1995,Collision
9,2,3,Toyota,Urban,1,8,2,Female,Single,41,Policy Holder,Sedan - Liability,Sport,more than 69000,0,6771,6,400,4,more than 30,more than 30,2 to 4,7 years,36 to 40,No,No,External,more than 5,no change,1 vehicle,1995,Liability
7,4,1,Honda,Urban,3,3,2,Male,Married,36,Policy Holder,Sedan - All Perils,Sedan,30000 to 39000,0,6772,5,400,2,more than 30,more than 30,1,5 years,36 to 40,No,No,External,3 to 5,no change,1 vehicle,1995,All Perils
3,3,4,Toyota,Urban,1,7,4,Male,Single,33,Third Party,Sedan - Liability,Sport,20000 to 29000,0,6773,1,400,4,more than 30,more than 30,1,7 years,31 to 35,No,No,External,more than 5,no change,1 vehicle,1995,Liability
6,5,6,Mazda,Urban,4,8,1,Female,Married,28,Policy Holder,Sedan - Liability,Sport,20000 to 29000,0,6774,15,400,3,more than 30,more than 30,more than 4,6 years,31 to 35,No,No,External,none,no change,1 vehicle,1995,Liability
7,5,4,Toyota,Rural,2,10,5,Female,Single,33,Third Party,Sedan - All Perils,Sedan,20000 to 29000,0,6775,13,400,1,more than 30,more than 30,2 to 4,6 years,31 to 35,No,No,External,more than 5,no change,1 vehicle,1995,All Perils
8,4,5,Ford,Urban,1,10,2,Male,Single,27,Policy Holder,Sedan - Collision,Sedan,30000 to 39000,0,6776,3,400,3,more than 30,more than 30,2 to 4,6 years,31 to 35,No,No,External,none,no change,1 vehicle,1995,Collision
9,5,5,Toyota,Urban,3,12,1,Male,Single,41,Third Party,Sedan - Collision,Sedan,20000 to 29000,0,6777,5,400,2,more than 30,more than 30,none,more than 7,36 to 40,No,No,External,none,no change,1 vehicle,1995,Collision
11,1,5,Honda,Urban,1,10,2,Male,Married,56,Policy Holder,Sedan - Liability,Sport,30000 to 39000,0,6778,15,400,4,more than 30,more than 30,2 to 4,7 years,51 to 65,No,No,External,more than 5,no change,1 vehicle,1995,Liability
9,5,3,Pontiac,Urban,1,7,2,Male,Single,31,Policy Holder,Sedan - All Perils,Sedan,less than 20000,1,6779,2,400,1,more than 30,more than 30,1,6 years,31 to 35,No,No,External,none,no change,1 vehicle,1995,All Perils
6,5,5,Honda,Urban,5,7,1,Male,Married,52,Policy Holder,Sedan - Liability,Sport,less than 20000,0,6780,15,400,2,more than 30,more than 30,1,7 years,41 to 50,No,No,External,none,no change,1 vehicle,1995,Liability
6,3,1,Toyota,Urban,3,11,1,Female,Single,27,Policy Holder,Sedan - Liability,Sport,more than 69000,0,6781,5,400,3,more than 30,more than 30,2 to 4,6 years,31 to 35,No,No,External,none,no change,1 vehicle,1995,Liability
5,1,6,VW,Urban,1,1,5,Male,Married,50,Policy Holder,Sedan - All Perils,Sedan,40000 to 59000,0,6782,12,400,3,more than 30,more than 30,none,7 years,41 to 50,No,No,External,none,no change,1 vehicle,1995,All Perils
1,5,7,Mazda,Urban,4,2,5,Male,Married,78,Policy Holder,Sedan - Collision,Sedan,20000 to 29000,0,6783,1,400,1,more than 30,more than 30,2 to 4,more than 7,over 65,No,No,External,more than 5,no change,1 vehicle,1995,Collision
1,5,1,Mazda,Urban,1,6,1,Female,Single,53,Policy Holder,Sedan - Collision,Sedan,20000 to 29000,0,6784,8,500,3,more than 30,more than 30,2 to 4,more than 7,41 to 50,No,No,External,none,2 to 3 years,2 vehicles,1995,Collision
6,2,7,Pontiac,Urban,1,6,2,Male,Married,39,Policy Holder,Sedan - Liability,Sport,20000 to 29000,0,6785,7,400,2,more than 30,more than 30,1,7 years,36 to 40,No,No,External,1 to 2,no change,1 vehicle,1995,Liability
6,2,6,Mazda,Urban,2,6,2,Male,Married,60,Policy Holder,Sedan - Collision,Sedan,more than 69000,0,6786,13,400,1,more than 30,more than 30,more than 4,more than 7,51 to 65,No,No,External,1 to 2,no change,1 vehicle,1995,Collision
2,4,1,Chevrolet,Urban,3,1,2,Male,Married,55,Policy Holder,Sedan - Liability,Sport,20000 to 29000,0,6787,12,400,1,more than 30,more than 30,2 to 4,more than 7,41 to 50,No,No,External,none,no change,1 vehicle,1995,Liability
1,4,1,Mazda,Urban,1,6,4,Male,Married,56,Policy Holder,Sedan - Collision,Sedan,20000 to 29000,0,6788,10,400,4,more than 30,more than 30,2 to 4,7 years,51 to 65,No,No,External,more than 5,no change,1 vehicle,1995,Collision
6,2,4,Pontiac,Urban,5,10,2,Male,Married,49,Policy Holder,Sedan - Liability,Sport,40000 to 59000,0,6789,15,400,1,more than 30,more than 30,2 to 4,more than 7,41 to 50,No,No,External,more than 5,no change,1 vehicle,1995,Liability
10,2,5,Pontiac,Urban,1,10,2,Male,Single,80,Policy Holder,Sedan - Liability,Sport,20000 to 29000,0,6790,3,700,3,more than 30,more than 30,2 to 4,more than 7,over 65,No,No,External,more than 5,no change,1 vehicle,1995,Liability
9,5,2,Pontiac,Rural,4,10,2,Female,Married,34,Policy Holder,Sedan - Collision,Sedan,20000 to 29000,1,6791,11,400,1,more than 30,more than 30,1,7 years,31 to 35,No,No,External,1 to 2,no change,1 vehicle,1995,Collision
10,3,5,Ford,Rural,1,11,3,Male,Married,58,Policy Holder,Sedan - Collision,Sedan,more than 69000,0,6792,1,400,1,more than 30,more than 30,none,more than 7,51 to 65,No,No,External,more than 5,no change,1 vehicle,1995,Collision
10,1,1,Mazda,Urban,1,6,2,Male,Married,34,Policy Holder,Sedan - All Perils,Sedan,20000 to 29000,0,6793,15,400,1,more than 30,more than 30,2 to 4,7 years,31 to 35,No,No,External,more than 5,no change,1 vehicle,1995,All Perils
6,2,7,Pontiac,Urban,2,1,2,Female,Single,21,Policy Holder,Sedan - All Perils,Sedan,less than 20000,0,6794,16,400,2,more than 30,more than 30,none,4 years,26 to 30,No,No,External,more than 5,no change,1 vehicle,1995,All Perils
1,5,6,Toyota,Urban,4,2,5,Male,Married,27,Policy Holder,Sedan - Collision,Sedan,20000 to 29000,0,6795,9,400,3,more than 30,more than 30,more than 4,7 years,31 to 35,No,No,External,more than 5,no change,1 vehicle,1995,Collision
1,5,6,Toyota,Urban,5,2,1,Male,Single,30,Third Party,Sedan - All Perils,Sedan,less than 20000,0,6796,5,400,3,more than 30,more than 30,none,7 years,31 to 35,No,No,External,none,no change,1 vehicle,1995,All Perils
1,5,1,Ford,Urban,1,1,2,Female,Married,45,Third Party,Sedan - All Perils,Sedan,30000 to 39000,0,6797,10,400,2,more than 30,more than 30,none,7 years,36 to 40,No,No,External,1 to 2,no change,1 vehicle,1995,All Perils
1,4,1,VW,Urban,2,1,4,Male,Married,43,Policy Holder,Sedan - Liability,Sport,40000 to 59000,0,6798,8,400,3,more than 30,more than 30,2 to 4,more than 7,36 to 40,No,No,External,more than 5,no change,1 vehicle,1995,Liability
1,4,6,Toyota,Urban,1,11,5,Male,Single,33,Policy Holder,Sedan - Liability,Sport,20000 to 29000,0,6799,13,400,2,more than 30,more than 30,none,7 years,31 to 35,No,No,External,1 to 2,no change,1 vehicle,1995,Liability
10,1,2,Honda,Urban,1,10,2,Male,Married,55,Policy Holder,Sedan - Liability,Sport,20000 to 29000,0,6800,9,400,4,more than 30,more than 30,more than 4,more than 7,41 to 50,No,No,External,3 to 5,no change,1 vehicle,1995,Liability
7,3,7,Toyota,Urban,2,7,2,Male,Married,61,Policy Holder,Sedan - Liability,Sport,20000 to 29000,0,6801,9,400,2,more than 30,more than 30,more than 4,more than 7,51 to 65,No,No,External,none,no change,1 vehicle,1995,Liability
7,1,4,Toyota,Rural,4,2,1,Male,Single,30,Policy Holder,Sedan - All Perils,Sedan,20000 to 29000,0,6802,8,400,2,more than 30,more than 30,none,6 years,31 to 35,No,No,External,none,no change,1 vehicle,1995,All Perils
1,3,4,Toyota,Urban,1,1,2,Female,Married,47,Policy Holder,Sedan - Collision,Sedan,20000 to 29000,0,6803,10,400,1,more than 30,more than 30,none,more than 7,41 to 50,No,No,External,1 to 2,no change,1 vehicle,1995,Collision
12,4,6,Pontiac,Urban,3,1,2,Male,Married,56,Policy Holder,Sedan - Liability,Sport,20000 to 29000,0,6804,9,400,1,more than 30,more than 30,2 to 4,7 years,51 to 65,No,No,External,3 to 5,no change,1 vehicle,1995,Liability
12,4,5,Mazda,Urban,3,2,2,Male,Single,27,Policy Holder,Sedan - Liability,Sport,20000 to 29000,0,6805,4,400,1,more than 30,more than 30,2 to 4,6 years,31 to 35,No,No,External,none,4 to 8 years,2 vehicles,1995,Liability
1,5,6,Mazda,Urban,1,10,1,Male,Married,44,Policy Holder,Sedan - Liability,Sport,20000 to 29000,0,6806,13,400,3,more than 30,more than 30,more than 4,more than 7,36 to 40,No,No,External,more than 5,no change,1 vehicle,1995,Liability
10,1,7,VW,Urban,1,1,1,Male,Married,55,Policy Holder,Sedan - All Perils,Sedan,20000 to 29000,1,6807,1,400,1,more than 30,more than 30,2 to 4,more than 7,41 to 50,No,No,External,1 to 2,no change,3 to 4,1995,All Perils
1,5,5,Honda,Urban,2,1,5,Male,Married,37,Policy Holder,Sedan - Liability,Sport,30000 to 39000,0,6808,16,400,1,more than 30,more than 30,2 to 4,7 years,36 to 40,No,No,External,none,no change,1 vehicle,1995,Liability
1,3,6,Pontiac,Urban,4,10,3,Female,Married,43,Third Party,Sedan - Collision,Sedan,20000 to 29000,0,6809,9,400,3,more than 30,more than 30,1,more than 7,36 to 40,No,No,External,more than 5,no change,1 vehicle,1995,Collision
10,1,7,Pontiac,Urban,1,3,1,Male,Married,41,Policy Holder,Sedan - Collision,Sedan,less than 20000,1,6810,11,400,3,more than 30,more than 30,2 to 4,7 years,36 to 40,No,No,External,1 to 2,no change,1 vehicle,1995,Collision
3,1,5,Accura,Rural,1,2,1,Male,Single,26,Policy Holder,Sedan - All Perils,Sedan,30000 to 39000,0,6811,16,400,1,more than 30,more than 30,2 to 4,6 years,31 to 35,No,No,External,3 to 5,no change,1 vehicle,1995,All Perils
2,3,6,Toyota,Rural,1,2,4,Male,Single,30,Policy Holder,Sedan - Liability,Sport,30000 to 39000,0,6812,2,400,2,more than 30,more than 30,more than 4,5 years,31 to 35,No,No,External,none,no change,1 vehicle,1995,Liability
2,3,1,Honda,Urban,1,2,4,Female,Single,31,Policy Holder,Sedan - Liability,Sport,20000 to 29000,0,6813,7,400,1,more than 30,more than 30,1,5 years,31 to 35,No,No,External,none,no change,1 vehicle,1995,Liability
2,3,2,Pontiac,Urban,3,8,3,Male,Married,52,Policy Holder,Sedan - Liability,Sport,20000 to 29000,0,6814,13,400,2,more than 30,more than 30,2 to 4,more than 7,41 to 50,No,No,External,none,no change,1 vehicle,1995,Liability
8,4,2,Pontiac,Urban,1,6,4,Male,Married,53,Policy Holder,Sedan - All Perils,Sedan,less than 20000,0,6815,1,400,1,more than 30,more than 30,1,more than 7,41 to 50,No,No,External,none,no change,1 vehicle,1995,All Perils
6,2,4,Saturn,Rural,4,6,2,Male,Married,42,Third Party,Sedan - All Perils,Sedan,20000 to 29000,0,6816,8,400,1,more than 30,more than 30,2 to 4,more than 7,36 to 40,No,No,External,1 to 2,no change,1 vehicle,1995,All Perils
6,2,2,Honda,Urban,3,3,3,Male,Married,45,Third Party,Sport - Collision,Sport,more than 69000,0,6817,9,400,2,more than 30,more than 30,none,more than 7,36 to 40,No,No,External,none,no change,1 vehicle,1995,Collision
2,5,1,Mazda,Urban,1,2,1,Female,Single,31,Policy Holder,Sedan - Liability,Sport,20000 to 29000,0,6818,3,400,1,more than 30,more than 30,2 to 4,7 years,31 to 35,No,No,External,more than 5,no change,1 vehicle,1995,Liability
2,4,6,Toyota,Rural,1,2,4,Male,Single,27,Policy Holder,Sedan - Collision,Sedan,less than 20000,0,6819,10,400,1,more than 30,more than 30,none,5 years,31 to 35,No,No,External,1 to 2,no change,1 vehicle,1995,Collision
2,3,1,Honda,Urban,3,1,3,Male,Single,34,Policy Holder,Sedan - Collision,Sedan,20000 to 29000,0,6820,2,400,2,more than 30,more than 30,1,5 years,31 to 35,No,No,External,none,no change,1 vehicle,1995,Collision
1,1,1,Mazda,Urban,1,5,1,Male,Married,34,Policy Holder,Sedan - Collision,Sedan,20000 to 29000,0,6821,8,700,1,more than 30,more than 30,2 to 4,7 years,31 to 35,No,No,External,none,no change,1 vehicle,1995,Collision
5,5,6,Chevrolet,Urban,1,4,5,Male,Married,65,Policy Holder,Sedan - Liability,Sport,20000 to 29000,0,6822,15,400,2,more than 30,more than 30,more than 4,6 years,51 to 65,No,No,External,more than 5,no change,1 vehicle,1995,Liability
10,1,5,Accura,Urban,3,7,4,Male,Single,58,Policy Holder,Sedan - All Perils,Sedan,more than 69000,1,6823,5,400,2,more than 30,more than 30,2 to 4,more than 7,51 to 65,No,No,External,1 to 2,no change,1 vehicle,1995,All Perils
7,1,6,Pontiac,Urban,3,10,1,Male,Single,34,Policy Holder,Sedan - Collision,Sedan,20000 to 29000,0,6824,9,400,4,more than 30,more than 30,more than 4,6 years,31 to 35,No,No,External,more than 5,no change,1 vehicle,1995,Collision
10,1,6,Mazda,Rural,2,2,1,Male,Married,50,Third Party,Sedan - Collision,Sedan,30000 to 39000,0,6825,14,400,1,more than 30,more than 30,1,more than 7,41 to 50,No,No,External,1 to 2,no change,1 vehicle,1995,Collision
12,2,3,Pontiac,Rural,3,12,2,Male,Married,64,Policy Holder,Sedan - Collision,Sedan,30000 to 39000,0,6826,10,400,4,15 to 30,more than 30,none,more than 7,51 to 65,No,No,External,none,1 year,2 vehicles,1995,Collision
12,2,3,Pontiac,Urban,4,1,2,Male,Married,30,Third Party,Sedan - Collision,Sedan,20000 to 29000,0,6827,8,400,3,more than 30,more than 30,none,7 years,31 to 35,No,No,External,1 to 2,no change,1 vehicle,1995,Collision
11,4,3,Toyota,Rural,5,2,3,Male,Married,51,Policy Holder,Sedan - Collision,Sedan,20000 to 29000,0,6828,10,400,2,more than 30,more than 30,none,more than 7,41 to 50,No,No,External,none,no change,1 vehicle,1995,Collision
2,3,3,Pontiac,Rural,4,2,3,Male,Married,28,Policy Holder,Sedan - Collision,Sedan,30000 to 39000,0,6829,13,400,3,more than 30,more than 30,2 to 4,7 years,31 to 35,No,No,Internal,more than 5,no change,1 vehicle,1995,Collision
2,3,2,Toyota,Rural,3,2,3,Male,Married,43,Policy Holder,Sedan - Collision,Sedan,30000 to 39000,0,6830,2,400,3,more than 30,more than 30,none,7 years,36 to 40,No,No,External,none,no change,1 vehicle,1995,Collision
2,3,3,Toyota,Urban,4,2,3,Female,Married,34,Policy Holder,Sedan - Liability,Sport,20000 to 29000,0,6831,2,400,4,more than 30,more than 30,2 to 4,6 years,31 to 35,No,No,External,none,no change,1 vehicle,1995,Liability
2,1,5,Pontiac,Urban,4,7,2,Male,Single,32,Policy Holder,Sedan - Liability,Sport,20000 to 29000,0,6832,8,400,4,more than 30,more than 30,2 to 4,5 years,31 to 35,No,No,External,more than 5,no change,1 vehicle,1995,Liability
7,4,3,Mazda,Urban,5,8,4,Male,Married,40,Policy Holder,Sedan - All Perils,Sedan,20000 to 29000,0,6833,6,400,1,more than 30,more than 30,none,5 years,36 to 40,No,No,External,none,no change,1 vehicle,1995,All Perils
8,2,7,Mazda,Urban,5,10,4,Female,Single,22,Third Party,Sedan - All Perils,Sedan,20000 to 29000,0,6834,10,400,1,more than 30,more than 30,2 to 4,5 years,26 to 30,No,No,External,more than 5,no change,1 vehicle,1995,All Perils
10,1,7,Mazda,Urban,5,10,2,Male,Married,59,Policy Holder,Sedan - Collision,Sedan,20000 to 29000,1,6835,10,500,2,more than 30,more than 30,2 to 4,7 years,51 to 65,No,No,External,none,2 to 3 years,1 vehicle,1995,Collision
10,1,3,Pontiac,Urban,4,4,2,Male,Single,32,Third Party,Sedan - Collision,Sedan,20000 to 29000,0,6836,10,400,1,more than 30,more than 30,2 to 4,5 years,31 to 35,No,No,External,none,no change,1 vehicle,1995,Collision
4,1,3,Mazda,Urban,3,3,2,Male,Single,33,Third Party,Sedan - Collision,Sedan,20000 to 29000,0,6837,4,400,2,more than 30,more than 30,2 to 4,7 years,31 to 35,No,No,External,1 to 2,no change,1 vehicle,1995,Collision
3,2,1,Ford,Urban,6,2,2,Male,Married,45,Third Party,Sedan - All Perils,Sedan,40000 to 59000,0,6838,10,400,3,more than 30,more than 30,2 to 4,6 years,36 to 40,No,No,External,none,no change,1 vehicle,1995,All Perils
2,2,5,Chevrolet,Urban,4,4,2,Male,Single,39,Policy Holder,Sedan - Liability,Sport,20000 to 29000,0,6839,2,400,3,more than 30,more than 30,more than 4,7 years,36 to 40,No,No,External,3 to 5,no change,1 vehicle,1995,Liability
4,3,2,Honda,Urban,2,3,4,Female,Single,34,Third Party,Sedan - Collision,Sedan,20000 to 29000,0,6840,1,400,1,more than 30,more than 30,none,6 years,31 to 35,No,No,External,none,no change,1 vehicle,1995,Collision
3,3,1,Pontiac,Urban,5,4,3,Male,Married,28,Policy Holder,Sedan - Collision,Sedan,30000 to 39000,0,6841,3,400,2,more than 30,more than 30,none,7 years,31 to 35,No,No,External,none,no change,1 vehicle,1995,Collision
3,3,2,Pontiac,Urban,2,10,1,Male,Single,29,Policy Holder,Sedan - Liability,Sport,30000 to 39000,0,6842,9,400,2,more than 30,more than 30,2 to 4,7 years,31 to 35,No,No,External,more than 5,no change,1 vehicle,1995,Liability
9,3,7,Chevrolet,Urban,6,9,4,Male,Married,59,Third Party,Sedan - Liability,Sport,20000 to 29000,0,6843,10,400,4,more than 30,more than 30,1,7 years,51 to 65,No,No,External,none,no change,1 vehicle,1995,Liability
9,2,6,Pontiac,Rural,1,11,3,Male,Married,37,Third Party,Sedan - Collision,Sedan,20000 to 29000,0,6844,16,400,1,more than 30,more than 30,2 to 4,7 years,36 to 40,No,No,External,none,no change,1 vehicle,1995,Collision
11,1,5,Mazda,Urban,5,11,4,Male,Married,38,Policy Holder,Sedan - All Perils,Sedan,20000 to 29000,0,6845,12,400,1,more than 30,more than 30,none,7 years,36 to 40,No,No,External,1 to 2,no change,1 vehicle,1995,All Perils
11,1,2,Toyota,Rural,4,2,1,Male,Married,36,Policy Holder,Sedan - All Perils,Sedan,less than 20000,0,6846,10,400,3,more than 30,more than 30,2 to 4,7 years,36 to 40,No,No,External,none,no change,1 vehicle,1995,All Perils
12,1,6,Pontiac,Urban,3,2,1,Male,Married,62,Policy Holder,Sedan - All Perils,Sedan,20000 to 29000,0,6847,2,400,3,more than 30,more than 30,1,more than 7,51 to 65,No,No,External,none,4 to 8 years,2 vehicles,1995,All Perils
2,1,7,Toyota,Urban,3,2,2,Male,Married,42,Policy Holder,Sedan - Liability,Sport,30000 to 39000,0,6848,13,400,3,more than 30,more than 30,1,7 years,36 to 40,No,No,External,more than 5,no change,3 to 4,1995,Liability
2,1,6,Pontiac,Urban,3,2,2,Female,Single,35,Policy Holder,Sedan - Liability,Sport,20000 to 29000,0,6849,16,400,2,more than 30,more than 30,1,7 years,31 to 35,No,No,External,more than 5,no change,1 vehicle,1995,Liability
2,1,6,Chevrolet,Urban,1,1,2,Female,Married,65,Third Party,Sedan - Collision,Sedan,20000 to 29000,0,6850,6,400,1,more than 30,more than 30,2 to 4,7 years,51 to 65,No,No,External,more than 5,no change,1 vehicle,1995,Collision
1,2,4,Toyota,Urban,2,5,2,Male,Married,34,Third Party,Sedan - Collision,Sedan,20000 to 29000,0,6851,7,400,2,more than 30,more than 30,none,6 years,31 to 35,No,No,External,none,no change,1 vehicle,1995,Collision
4,4,2,Pontiac,Urban,4,5,1,Male,Married,38,Policy Holder,Sedan - All Perils,Sedan,less than 20000,0,6852,5,700,1,more than 30,more than 30,none,7 years,36 to 40,No,No,External,3 to 5,no change,1 vehicle,1995,All Perils
4,3,2,Mazda,Urban,1,6,1,Female,Married,27,Policy Holder,Sedan - Liability,Sport,30000 to 39000,0,6853,3,400,4,more than 30,more than 30,2 to 4,7 years,31 to 35,No,No,External,more than 5,no change,1 vehicle,1995,Liability
5,2,7,Honda,Urban,3,10,2,Male,Married,42,Policy Holder,Sport - Collision,Sport,more than 69000,0,6854,11,400,1,more than 30,more than 30,none,3 years,36 to 40,No,No,External,none,no change,1 vehicle,1995,Collision
10,1,6,Chevrolet,Urban,2,6,1,Male,Married,28,Policy Holder,Sedan - Collision,Sedan,20000 to 29000,1,6855,5,400,2,more than 30,more than 30,2 to 4,7 years,31 to 35,No,No,External,none,no change,1 vehicle,1995,Collision
6,3,7,Honda,Urban,1,7,3,Male,Married,35,Policy Holder,Sedan - Collision,Sedan,30000 to 39000,0,6856,7,400,2,more than 30,more than 30,none,7 years,31 to 35,No,No,External,none,no change,1 vehicle,1995,Collision
6,3,2,Toyota,Urban,2,12,1,Male,Married,29,Policy Holder,Sedan - Collision,Sedan,20000 to 29000,0,6857,10,400,1,more than 30,more than 30,2 to 4,6 years,31 to 35,No,No,External,3 to 5,no change,1 vehicle,1995,Collision
8,3,1,Toyota,Urban,4,11,2,Male,Married,26,Policy Holder,Sedan - Collision,Sedan,20000 to 29000,0,6858,6,400,3,more than 30,more than 30,2 to 4,6 years,31 to 35,No,No,External,more than 5,no change,1 vehicle,1995,Collision
10,5,3,Honda,Urban,4,11,2,Male,Married,33,Policy Holder,Sedan - Collision,Sedan,20000 to 29000,0,6859,13,400,1,more than 30,more than 30,1,6 years,31 to 35,No,No,External,none,no change,1 vehicle,1995,Collision
11,1,7,Mazda,Urban,1,10,1,Male,Married,72,Policy Holder,Sedan - Liability,Sport,20000 to 29000,0,6860,11,400,1,more than 30,more than 30,1,more than 7,over 65,No,No,External,1 to 2,no change,1 vehicle,1995,Liability
10,5,6,Toyota,Rural,2,11,5,Male,Married,54,Policy Holder,Sedan - Collision,Sedan,20000 to 29000,0,6861,7,400,2,more than 30,more than 30,none,more than 7,41 to 50,No,No,External,more than 5,no change,1 vehicle,1995,Collision
11,4,5,Pontiac,Urban,1,3,5,Male,Married,49,Policy Holder,Sedan - Collision,Sedan,20000 to 29000,0,6862,10,400,3,more than 30,more than 30,2 to 4,more than 7,41 to 50,No,No,External,more than 5,no change,1 vehicle,1995,Collision
3,3,6,Toyota,Urban,3,3,4,Male,Single,32,Policy Holder,Sedan - All Perils,Sedan,20000 to 29000,0,6863,12,400,4,more than 30,more than 30,1,5 years,31 to 35,No,No,External,3 to 5,no change,1 vehicle,1995,All Perils
3,3,3,Pontiac,Urban,5,5,4,Male,Married,61,Third Party,Sedan - All Perils,Sedan,20000 to 29000,0,6864,8,400,2,more than 30,more than 30,none,7 years,51 to 65,No,No,External,more than 5,no change,1 vehicle,1995,All Perils
5,1,5,Mazda,Rural,2,4,1,Male,Married,30,Policy Holder,Sedan - Liability,Sport,20000 to 29000,0,6865,13,400,4,more than 30,more than 30,2 to 4,6 years,31 to 35,No,No,External,none,no change,1 vehicle,1995,Liability
4,1,3,Toyota,Urban,2,6,1,Male,Single,32,Third Party,Sedan - Collision,Sedan,20000 to 29000,0,6866,6,400,3,more than 30,more than 30,none,6 years,31 to 35,No,No,External,more than 5,no change,1 vehicle,1995,Collision
6,1,3,Mazda,Rural,3,6,3,Male,Married,54,Policy Holder,Utility - All Perils,Utility,more than 69000,0,6867,15,400,2,more than 30,more than 30,2 to 4,more than 7,41 to 50,No,No,External,3 to 5,no change,1 vehicle,1995,All Perils
5,4,1,Mazda,Urban,3,10,2,Male,Married,31,Third Party,Sedan - Collision,Sedan,20000 to 29000,0,6868,11,400,2,more than 30,more than 30,2 to 4,7 years,31 to 35,No,No,External,3 to 5,4 to 8 years,2 vehicles,1995,Collision
10,1,6,Chevrolet,Urban,2,8,1,Male,Married,30,Policy Holder,Sedan - Collision,Sedan,20000 to 29000,1,6869,5,400,1,more than 30,more than 30,none,6 years,31 to 35,No,No,External,none,no change,1 vehicle,1995,Collision
8,1,1,Mazda,Urban,1,8,2,Male,Married,40,Policy Holder,Sedan - Collision,Sedan,20000 to 29000,0,6870,4,400,3,more than 30,more than 30,2 to 4,7 years,36 to 40,No,No,External,more than 5,no change,1 vehicle,1995,Collision
8,2,4,Ford,Rural,5,9,2,Male,Married,49,Third Party,Sedan - All Perils,Sedan,60000 to 69000,0,6871,8,400,1,more than 30,more than 30,none,more than 7,41 to 50,No,No,External,none,no change,1 vehicle,1995,All Perils
9,3,2,Pontiac,Urban,4,9,3,Male,Single,33,Third Party,Sedan - Liability,Sport,20000 to 29000,0,6872,8,400,1,more than 30,more than 30,2 to 4,7 years,31 to 35,No,No,External,1 to 2,no change,1 vehicle,1995,Liability
9,2,1,VW,Urban,1,10,3,Male,Single,55,Third Party,Sedan - All Perils,Sedan,more than 69000,0,6873,6,400,2,more than 30,more than 30,1,more than 7,41 to 50,No,No,External,more than 5,no change,1 vehicle,1995,All Perils
10,2,6,Chevrolet,Urban,2,2,2,Male,Married,43,Policy Holder,Sedan - Liability,Sport,30000 to 39000,0,6874,6,400,3,more than 30,more than 30,more than 4,7 years,36 to 40,No,No,External,3 to 5,no change,1 vehicle,1995,Liability
10,2,4,Chevrolet,Urban,1,7,3,Male,Married,44,Policy Holder,Sedan - Liability,Sport,30000 to 39000,0,6875,10,400,3,more than 30,more than 30,2 to 4,7 years,36 to 40,No,No,External,none,no change,1 vehicle,1995,Liability
7,1,5,Mazda,Urban,2,6,2,Male,Married,29,Third Party,Sedan - All Perils,Sedan,30000 to 39000,0,6876,6,400,2,more than 30,more than 30,1,7 years,31 to 35,No,No,External,1 to 2,no change,1 vehicle,1995,All Perils
6,2,3,Pontiac,Urban,3,12,2,Male,Married,39,Third Party,Sedan - Liability,Sport,30000 to 39000,0,6877,9,400,2,more than 30,more than 30,1,7 years,36 to 40,No,No,External,more than 5,no change,1 vehicle,1995,Liability
12,2,7,Pontiac,Urban,4,10,2,Male,Single,27,Policy Holder,Sedan - Collision,Sedan,30000 to 39000,0,6878,11,400,3,more than 30,more than 30,2 to 4,7 years,31 to 35,No,No,External,3 to 5,no change,1 vehicle,1995,Collision
10,1,7,Ford,Urban,3,7,3,Male,Married,44,Policy Holder,Sedan - Liability,Sport,30000 to 39000,0,6879,3,400,1,more than 30,more than 30,1,7 years,36 to 40,No,No,External,1 to 2,no change,1 vehicle,1995,Liability
6,1,4,Chevrolet,Urban,4,2,2,Male,Single,50,Policy Holder,Sedan - Liability,Sport,40000 to 59000,0,6880,4,400,2,more than 30,more than 30,none,7 years,41 to 50,No,No,External,none,no change,1 vehicle,1995,Liability
1,4,2,Accura,Urban,3,1,3,Male,Married,36,Policy Holder,Sedan - All Perils,Sedan,30000 to 39000,0,6881,1,400,1,more than 30,more than 30,2 to 4,7 years,36 to 40,No,No,External,more than 5,no change,1 vehicle,1995,All Perils
1,4,5,Dodge,Urban,5,1,4,Male,Single,33,Policy Holder,Sedan - Collision,Sedan,20000 to 29000,0,6882,3,400,3,more than 30,more than 30,1,6 years,31 to 35,No,No,Internal,none,no change,1 vehicle,1995,Collision
1,3,5,Chevrolet,Urban,4,2,3,Male,Married,52,Policy Holder,Sedan - Liability,Sport,30000 to 39000,0,6883,9,700,1,more than 30,more than 30,2 to 4,more than 7,41 to 50,No,No,External,none,no change,1 vehicle,1995,Liability
1,3,6,Accura,Urban,1,1,3,Male,Married,46,Policy Holder,Sedan - Liability,Sport,30000 to 39000,0,6884,12,400,1,more than 30,more than 30,2 to 4,7 years,41 to 50,No,No,External,none,no change,1 vehicle,1995,Liability
1,4,1,Toyota,Urban,3,10,4,Male,Married,50,Policy Holder,Sedan - Collision,Sedan,less than 20000,0,6885,8,400,2,more than 30,more than 30,none,more than 7,41 to 50,No,No,External,1 to 2,no change,1 vehicle,1995,Collision
10,1,7,Mazda,Urban,4,1,1,Male,Married,41,Policy Holder,Sedan - Collision,Sedan,more than 69000,1,6886,12,500,2,more than 30,more than 30,none,7 years,36 to 40,No,No,External,none,2 to 3 years,1 vehicle,1995,Collision
1,3,5,Mazda,Urban,2,1,4,Female,Married,50,Policy Holder,Sedan - Liability,Sport,20000 to 29000,0,6887,4,400,4,more than 30,more than 30,2 to 4,7 years,41 to 50,No,No,External,none,no change,1 vehicle,1995,Liability
1,2,4,Mazda,Urban,5,1,3,Female,Single,31,Policy Holder,Sedan - Liability,Sport,30000 to 39000,0,6888,15,400,3,more than 30,more than 30,1,7 years,31 to 35,No,No,External,none,no change,1 vehicle,1995,Liability
1,2,5,Honda,Urban,1,1,2,Male,Married,37,Policy Holder,Sedan - Liability,Sport,30000 to 39000,0,6889,3,400,2,more than 30,more than 30,more than 4,6 years,36 to 40,No,No,External,more than 5,4 to 8 years,3 to 4,1995,Liability
12,5,5,Toyota,Urban,2,1,2,Male,Married,42,Policy Holder,Sedan - Liability,Sport,20000 to 29000,0,6890,10,400,2,more than 30,more than 30,2 to 4,7 years,36 to 40,No,No,External,none,no change,1 vehicle,1995,Liability
12,5,5,Pontiac,Urban,3,1,1,Male,Married,33,Policy Holder,Sedan - All Perils,Sedan,less than 20000,0,6891,4,400,2,more than 30,more than 30,none,7 years,31 to 35,No,No,External,1 to 2,no change,1 vehicle,1995,All Perils
12,5,7,Toyota,Urban,1,12,1,Male,Married,57,Third Party,Sedan - All Perils,Sedan,20000 to 29000,0,6892,1,400,2,more than 30,more than 30,none,7 years,51 to 65,No,No,External,1 to 2,no change,1 vehicle,1995,All Perils
12,3,2,Pontiac,Urban,3,9,3,Female,Single,34,Policy Holder,Sedan - Liability,Sport,20000 to 29000,0,6893,2,400,2,more than 30,more than 30,2 to 4,6 years,31 to 35,No,No,External,none,no change,1 vehicle,1995,Liability
9,1,2,Toyota,Urban,3,7,4,Male,Single,28,Third Party,Sedan - All Perils,Sedan,20000 to 29000,0,6894,14,400,4,more than 30,more than 30,none,6 years,31 to 35,No,No,External,none,no change,1 vehicle,1995,All Perils
7,3,4,Honda,Urban,3,7,3,Male,Single,0,Policy Holder,Sedan - Liability,Sport,more than 69000,0,6895,8,400,2,more than 30,more than 30,1,new,16 to 17,No,No,External,none,no change,1 vehicle,1995,Liability
7,4,2,Pontiac,Urban,3,7,4,Male,Married,28,Third Party,Sedan - All Perils,Sedan,less than 20000,0,6896,6,400,3,more than 30,more than 30,2 to 4,6 years,31 to 35,No,No,External,none,no change,1 vehicle,1995,All Perils
7,1,3,Toyota,Rural,4,4,1,Male,Married,35,Policy Holder,Sedan - All Perils,Sedan,20000 to 29000,0,6897,10,400,2,more than 30,more than 30,2 to 4,6 years,31 to 35,No,No,External,more than 5,no change,1 vehicle,1995,All Perils
3,5,5,Pontiac,Urban,1,3,2,Male,Married,35,Policy Holder,Utility - All Perils,Utility,40000 to 59000,0,6898,13,400,4,more than 30,more than 30,more than 4,7 years,31 to 35,No,No,External,none,no change,1 vehicle,1995,All Perils
3,2,2,Pontiac,Urban,2,4,3,Male,Married,50,Policy Holder,Sedan - All Perils,Sedan,30000 to 39000,0,6899,15,400,3,more than 30,more than 30,none,more than 7,41 to 50,No,No,External,none,no change,1 vehicle,1995,All Perils
4,4,3,Pontiac,Rural,5,3,4,Male,Married,63,Policy Holder,Sedan - Liability,Sport,20000 to 29000,0,6900,9,400,1,more than 30,more than 30,1,7 years,51 to 65,No,No,External,more than 5,no change,1 vehicle,1995,Liability
3,2,4,Honda,Urban,4,3,2,Female,Married,26,Third Party,Sedan - Liability,Sport,20000 to 29000,0,6901,6,400,4,more than 30,more than 30,none,6 years,31 to 35,No,No,External,1 to 2,no change,1 vehicle,1995,Liability
3,2,3,Pontiac,Urban,3,3,2,Male,Married,27,Policy Holder,Sedan - All Perils,Sedan,20000 to 29000,0,6902,15,400,4,more than 30,more than 30,more than 4,6 years,31 to 35,No,No,External,more than 5,no change,1 vehicle,1995,All Perils
3,1,5,Honda,Urban,2,3,1,Male,Single,0,Policy Holder,Sedan - Liability,Sport,more than 69000,0,6903,15,400,3,more than 30,more than 30,2 to 4,new,16 to 17,No,No,External,none,no change,1 vehicle,1995,Liability
2,4,3,Mazda,Urban,4,6,1,Male,Married,26,Third Party,Sedan - Collision,Sedan,20000 to 29000,0,6904,16,400,1,more than 30,more than 30,2 to 4,6 years,31 to 35,No,No,External,more than 5,no change,1 vehicle,1995,Collision
6,5,2,Pontiac,Urban,4,11,5,Male,Single,28,Policy Holder,Sedan - Liability,Sport,30000 to 39000,0,6905,3,400,3,more than 30,more than 30,1,7 years,31 to 35,No,No,External,more than 5,no change,1 vehicle,1995,Liability
11,5,1,BMW,Urban,6,7,5,Female,Married,35,Policy Holder,Sedan - Liability,Sport,30000 to 39000,0,6906,8,400,3,more than 30,more than 30,2 to 4,6 years,31 to 35,No,No,External,none,no change,1 vehicle,1995,Liability
6,4,5,Mazda,Urban,1,6,1,Male,Single,54,Third Party,Sedan - All Perils,Sedan,30000 to 39000,0,6907,9,400,4,more than 30,more than 30,2 to 4,7 years,41 to 50,No,No,External,more than 5,no change,1 vehicle,1995,All Perils
6,4,6,Toyota,Urban,3,5,4,Male,Single,34,Policy Holder,Sedan - Liability,Sport,more than 69000,0,6908,6,400,2,more than 30,more than 30,none,7 years,31 to 35,No,No,External,more than 5,no change,1 vehicle,1995,Liability
5,3,4,Pontiac,Urban,2,5,3,Male,Single,21,Third Party,Sedan - Collision,Sedan,20000 to 29000,0,6909,11,400,2,15 to 30,more than 30,2 to 4,5 years,26 to 30,No,No,External,none,no change,1 vehicle,1995,Collision
5,2,1,Ford,Rural,1,10,3,Male,Married,37,Third Party,Sedan - All Perils,Sedan,40000 to 59000,0,6910,5,400,4,more than 30,more than 30,1,7 years,36 to 40,No,No,External,3 to 5,4 to 8 years,2 vehicles,1995,All Perils
10,1,3,Accura,Urban,3,10,1,Male,Married,30,Policy Holder,Utility - All Perils,Utility,more than 69000,1,6911,1,400,4,more than 30,more than 30,none,7 years,31 to 35,No,No,External,none,no change,1 vehicle,1995,All Perils
10,3,7,Toyota,Urban,2,10,3,Female,Married,37,Third Party,Sedan - Collision,Sedan,less than 20000,0,6912,8,400,4,more than 30,more than 30,none,6 years,36 to 40,No,No,External,none,no change,1 vehicle,1995,Collision
10,3,7,Pontiac,Urban,2,11,3,Female,Single,29,Policy Holder,Sedan - Liability,Sport,30000 to 39000,0,6913,1,400,2,more than 30,more than 30,more than 4,4 years,31 to 35,No,No,External,none,no change,1 vehicle,1995,Liability
11,4,6,Toyota,Rural,6,11,5,Male,Single,25,Third Party,Sedan - Collision,Sedan,20000 to 29000,0,6914,6,400,2,more than 30,more than 30,2 to 4,5 years,26 to 30,No,No,External,none,no change,1 vehicle,1995,Collision
11,1,6,VW,Urban,3,10,1,Male,Married,44,Policy Holder,Sedan - Liability,Sport,30000 to 39000,0,6915,4,400,4,more than 30,more than 30,more than 4,7 years,36 to 40,No,No,External,none,no change,1 vehicle,1995,Liability
10,4,2,Honda,Urban,5,5,4,Male,Single,32,Policy Holder,Sedan - All Perils,Sedan,20000 to 29000,0,6916,7,400,3,more than 30,more than 30,2 to 4,7 years,31 to 35,No,No,External,more than 5,no change,1 vehicle,1995,All Perils
5,3,4,Pontiac,Urban,1,5,3,Male,Married,73,Third Party,Sedan - All Perils,Sedan,30000 to 39000,0,6917,11,400,1,more than 30,more than 30,none,more than 7,over 65,No,No,External,none,1 year,1 vehicle,1995,All Perils
5,1,6,Chevrolet,Urban,3,3,2,Male,Married,29,Policy Holder,Sedan - All Perils,Sedan,more than 69000,0,6918,16,400,4,more than 30,more than 30,none,7 years,31 to 35,No,No,External,none,no change,1 vehicle,1995,All Perils
3,4,1,Chevrolet,Urban,2,1,5,Male,Single,60,Policy Holder,Sedan - Collision,Sedan,20000 to 29000,0,6919,11,400,2,more than 30,more than 30,1,7 years,51 to 65,No,No,External,none,no change,1 vehicle,1995,Collision
1,2,3,Mazda,Urban,2,1,2,Male,Married,26,Policy Holder,Sedan - Collision,Sedan,20000 to 29000,0,6920,8,400,1,more than 30,more than 30,2 to 4,6 years,31 to 35,No,No,External,none,no change,1 vehicle,1995,Collision
1,1,2,Pontiac,Rural,4,10,4,Male,Married,42,Policy Holder,Sedan - Collision,Sedan,20000 to 29000,0,6921,14,400,4,more than 30,more than 30,more than 4,more than 7,36 to 40,No,No,External,none,no change,1 vehicle,1995,Collision
10,1,1,Pontiac,Rural,1,1,1,Male,Married,78,Policy Holder,Sedan - All Perils,Sedan,20000 to 29000,1,6922,4,400,1,more than 30,more than 30,none,more than 7,over 65,No,No,External,none,no change,1 vehicle,1995,All Perils
1,1,3,Ford,Rural,4,1,1,Male,Single,47,Policy Holder,Sedan - Liability,Sport,60000 to 69000,0,6923,8,400,1,more than 30,more than 30,1,more than 7,41 to 50,No,No,External,more than 5,no change,1 vehicle,1995,Liability
1,1,7,Toyota,Urban,3,1,1,Male,Married,30,Third Party,Sedan - Liability,Sport,20000 to 29000,0,6924,15,400,1,more than 30,more than 30,none,7 years,31 to 35,No,No,External,none,no change,1 vehicle,1995,Liability
1,1,7,Chevrolet,Rural,1,1,1,Male,Married,36,Policy Holder,Sedan - Collision,Sedan,20000 to 29000,0,6925,1,400,1,more than 30,more than 30,none,7 years,36 to 40,No,No,External,3 to 5,no change,1 vehicle,1995,Collision
1,1,2,Toyota,Urban,1,1,2,Male,Married,38,Third Party,Sedan - All Perils,Sedan,20000 to 29000,0,6926,16,400,2,more than 30,more than 30,1,more than 7,36 to 40,No,No,External,none,no change,1 vehicle,1995,All Perils
12,4,3,Honda,Urban,3,1,1,Male,Single,22,Third Party,Sedan - Collision,Sedan,20000 to 29000,0,6927,9,400,2,more than 30,more than 30,more than 4,4 years,26 to 30,No,No,External,3 to 5,no change,1 vehicle,1995,Collision
12,5,2,Mazda,Urban,2,1,2,Male,Married,51,Policy Holder,Sedan - Liability,Sport,30000 to 39000,0,6928,2,400,2,more than 30,more than 30,more than 4,more than 7,41 to 50,No,No,External,1 to 2,no change,1 vehicle,1995,Liability
12,4,2,Pontiac,Urban,3,10,1,Male,Married,53,Policy Holder,Sedan - Collision,Sedan,20000 to 29000,0,6929,14,400,3,more than 30,more than 30,none,more than 7,41 to 50,No,No,External,more than 5,no change,1 vehicle,1995,Collision
10,1,2,Honda,Urban,3,11,1,Male,Married,54,Third Party,Sedan - All Perils,Sedan,20000 to 29000,0,6930,10,400,2,more than 30,more than 30,1,more than 7,41 to 50,No,No,External,1 to 2,no change,3 to 4,1995,All Perils
11,3,5,Mazda,Urban,5,9,4,Female,Married,61,Policy Holder,Sedan - Collision,Sedan,30000 to 39000,0,6931,15,400,4,more than 30,more than 30,1,7 years,51 to 65,No,No,External,none,4 to 8 years,2 vehicles,1995,Collision
9,2,1,Accura,Urban,1,6,2,Male,Married,54,Policy Holder,Sedan - Liability,Sport,30000 to 39000,0,6932,4,400,4,more than 30,more than 30,more than 4,more than 7,41 to 50,No,No,External,1 to 2,no change,1 vehicle,1995,Liability
6,4,1,Pontiac,Urban,2,6,4,Male,Married,45,Policy Holder,Sedan - Collision,Sedan,20000 to 29000,0,6933,14,400,2,more than 30,more than 30,2 to 4,more than 7,36 to 40,No,No,External,more than 5,no change,1 vehicle,1995,Collision
6,2,1,Toyota,Urban,3,6,3,Male,Married,26,Policy Holder,Sedan - Collision,Sedan,30000 to 39000,0,6934,9,400,1,more than 30,more than 30,more than 4,6 years,31 to 35,No,No,External,3 to 5,no change,1 vehicle,1995,Collision
6,2,3,Pontiac,Urban,2,10,3,Female,Married,53,Third Party,Sedan - Collision,Sedan,20000 to 29000,0,6935,14,400,3,more than 30,more than 30,2 to 4,7 years,41 to 50,No,No,External,3 to 5,no change,1 vehicle,1995,Collision
10,3,6,VW,Rural,2,1,4,Male,Married,35,Policy Holder,Sedan - Collision,Sedan,30000 to 39000,0,6936,15,400,4,more than 30,more than 30,1,6 years,31 to 35,No,No,External,more than 5,no change,1 vehicle,1995,Collision
11,2,6,Chevrolet,Urban,3,1,3,Male,Single,46,Policy Holder,Sedan - All Perils,Sedan,20000 to 29000,0,6937,8,500,1,more than 30,more than 30,none,more than 7,41 to 50,No,No,External,none,2 to 3 years,1 vehicle,1995,All Perils
11,4,7,Honda,Rural,3,3,4,Male,Single,0,Policy Holder,Sedan - All Perils,Sedan,more than 69000,0,6938,13,400,2,more than 30,more than 30,2 to 4,new,16 to 17,No,No,External,none,no change,1 vehicle,1995,All Perils
2,3,2,Honda,Urban,3,2,2,Male,Single,0,Third Party,Sedan - All Perils,Sedan,more than 69000,0,6939,5,400,1,more than 30,more than 30,none,new,16 to 17,No,No,External,none,no change,1 vehicle,1995,All Perils
2,2,2,Mazda,Urban,2,2,2,Male,Married,41,Policy Holder,Sedan - Collision,Sedan,less than 20000,0,6940,10,400,2,more than 30,more than 30,1,7 years,36 to 40,No,No,External,none,no change,1 vehicle,1995,Collision
2,2,1,Mazda,Urban,4,1,2,Male,Single,24,Policy Holder,Sedan - All Perils,Sedan,20000 to 29000,0,6941,6,400,1,more than 30,more than 30,none,5 years,26 to 30,No,No,External,1 to 2,no change,1 vehicle,1995,All Perils
1,2,4,Honda,Urban,5,11,2,Male,Married,61,Policy Holder,Sedan - Collision,Sedan,20000 to 29000,0,6942,1,400,1,more than 30,more than 30,2 to 4,more than 7,51 to 65,No,No,External,1 to 2,no change,1 vehicle,1995,Collision
11,2,1,Mazda,Urban,4,10,2,Male,Married,51,Policy Holder,Sedan - Liability,Sport,30000 to 39000,0,6943,3,400,2,more than 30,more than 30,1,6 years,41 to 50,No,No,External,1 to 2,no change,1 vehicle,1995,Liability
10,4,2,Honda,Urban,3,10,4,Male,Married,23,Policy Holder,Sedan - Collision,Sedan,less than 20000,0,6944,1,400,2,8 to 15,15 to 30,none,5 years,26 to 30,No,No,External,none,no change,1 vehicle,1995,Collision
10,4,4,Mazda,Urban,4,6,4,Male,Married,40,Third Party,Sedan - Collision,Sedan,more than 69000,0,6945,9,400,1,more than 30,more than 30,2 to 4,6 years,36 to 40,No,No,External,none,no change,1 vehicle,1995,Collision
6,4,4,Toyota,Urban,5,6,4,Female,Widow,42,Policy Holder,Sedan - Collision,Sedan,20000 to 29000,0,6946,7,400,4,more than 30,more than 30,1,3 years,36 to 40,No,No,External,1 to 2,no change,1 vehicle,1995,Collision
6,4,3,Mazda,Urban,4,6,4,Male,Married,40,Third Party,Sedan - All Perils,Sedan,30000 to 39000,0,6947,5,400,2,more than 30,more than 30,1,more than 7,36 to 40,No,No,External,1 to 2,no change,1 vehicle,1995,All Perils
6,4,5,Ford,Rural,5,6,4,Male,Married,53,Third Party,Sedan - Collision,Sedan,40000 to 59000,0,6948,6,400,3,more than 30,more than 30,none,more than 7,41 to 50,No,No,External,none,no change,1 vehicle,1995,Collision
6,3,5,Ford,Rural,2,4,3,Male,Married,45,Policy Holder,Sedan - Collision,Sedan,more than 69000,0,6949,15,400,1,more than 30,more than 30,1,7 years,36 to 40,No,No,External,none,no change,1 vehicle,1995,Collision
4,4,3,Pontiac,Urban,2,4,4,Male,Married,46,Policy Holder,Utility - All Perils,Utility,40000 to 59000,0,6950,4,400,1,more than 30,more than 30,2 to 4,7 years,41 to 50,No,No,External,none,no change,1 vehicle,1995,All Perils
4,1,4,Toyota,Urban,4,4,2,Male,Married,67,Policy Holder,Sedan - All Perils,Sedan,less than 20000,0,6951,9,400,1,more than 30,more than 30,none,more than 7,over 65,No,No,External,3 to 5,no change,1 vehicle,1995,All Perils
4,1,4,Pontiac,Urban,2,3,1,Male,Married,54,Third Party,Utility - All Perils,Utility,more than 69000,0,6952,3,400,1,more than 30,more than 30,2 to 4,more than 7,41 to 50,No,No,External,none,4 to 8 years,2 vehicles,1995,All Perils
3,3,6,Toyota,Rural,6,3,5,Male,Married,43,Policy Holder,Sedan - All Perils,Sedan,more than 69000,0,6953,10,400,4,more than 30,more than 30,1,more than 7,36 to 40,No,No,External,more than 5,no change,1 vehicle,1995,All Perils
3,1,4,Honda,Urban,1,2,1,Male,Married,32,Policy Holder,Sedan - All Perils,Sedan,20000 to 29000,0,6954,8,400,1,more than 30,more than 30,1,7 years,31 to 35,No,No,External,more than 5,no change,1 vehicle,1995,All Perils
2,1,3,Honda,Urban,4,10,1,Male,Married,73,Policy Holder,Sedan - All Perils,Sedan,20000 to 29000,0,6955,3,400,4,more than 30,more than 30,1,6 years,over 65,No,No,External,none,no change,1 vehicle,1995,All Perils
10,1,5,Honda,Urban,3,1,3,Male,Married,52,Third Party,Sedan - Collision,Sedan,20000 to 29000,0,6956,11,400,3,more than 30,more than 30,1,7 years,41 to 50,No,No,External,none,no change,1 vehicle,1995,Collision
12,4,7,Honda,Urban,1,10,1,Male,Married,39,Policy Holder,Sedan - Collision,Sedan,20000 to 29000,0,6957,5,400,1,more than 30,more than 30,1,6 years,36 to 40,No,No,External,more than 5,no change,1 vehicle,1995,Collision
10,4,1,Toyota,Urban,1,10,4,Female,Married,50,Policy Holder,Sedan - All Perils,Sedan,20000 to 29000,0,6958,4,400,4,more than 30,more than 30,none,6 years,41 to 50,No,No,External,1 to 2,no change,1 vehicle,1995,All Perils
10,4,4,Chevrolet,Urban,4,1,4,Male,Single,63,Third Party,Sedan - Liability,Sport,20000 to 29000,0,6959,12,400,1,more than 30,more than 30,none,more than 7,51 to 65,No,No,Internal,none,no change,1 vehicle,1995,Liability
10,2,6,Toyota,Urban,3,8,2,Male,Single,33,Policy Holder,Sedan - Collision,Sedan,20000 to 29000,0,6960,12,400,4,more than 30,more than 30,none,6 years,31 to 35,No,No,External,none,no change,1 vehicle,1995,Collision
8,4,7,Chevrolet,Urban,2,8,5,Male,Married,42,Policy Holder,Utility - All Perils,Utility,more than 69000,0,6961,12,400,4,more than 30,more than 30,none,5 years,36 to 40,No,No,External,none,no change,1 vehicle,1995,All Perils
8,4,2,Chevrolet,Urban,2,8,4,Male,Married,47,Policy Holder,Sedan - All Perils,Sedan,more than 69000,0,6962,11,400,3,more than 30,more than 30,more than 4,more than 7,41 to 50,No,No,External,3 to 5,no change,1 vehicle,1995,All Perils
8,3,5,Pontiac,Urban,1,6,3,Male,Married,33,Policy Holder,Sedan - All Perils,Sedan,20000 to 29000,0,6963,13,400,1,more than 30,more than 30,none,7 years,31 to 35,No,No,External,1 to 2,no change,1 vehicle,1995,All Perils
6,3,7,Honda,Urban,3,6,3,Male,Married,26,Third Party,Sedan - Collision,Sedan,20000 to 29000,0,6964,9,400,2,more than 30,more than 30,2 to 4,7 years,31 to 35,No,No,External,more than 5,no change,1 vehicle,1995,Collision
6,2,2,Pontiac,Urban,4,5,4,Female,Married,28,Policy Holder,Sedan - Liability,Sport,less than 20000,0,6965,10,400,1,more than 30,more than 30,none,7 years,31 to 35,No,No,External,3 to 5,no change,1 vehicle,1995,Liability
5,2,7,Pontiac,Urban,2,5,2,Male,Single,26,Policy Holder,Sedan - Liability,Sport,20000 to 29000,0,6966,12,400,3,more than 30,more than 30,2 to 4,6 years,31 to 35,No,No,External,none,no change,1 vehicle,1995,Liability
5,2,5,Pontiac,Urban,1,5,3,Male,Married,46,Policy Holder,Sedan - Collision,Sedan,20000 to 29000,0,6967,14,400,3,more than 30,more than 30,none,more than 7,41 to 50,No,No,External,none,no change,1 vehicle,1995,Collision
5,1,1,Toyota,Urban,2,4,2,Male,Married,33,Policy Holder,Sedan - Collision,Sedan,more than 69000,0,6968,5,400,1,more than 30,more than 30,1,7 years,31 to 35,No,No,External,more than 5,no change,1 vehicle,1995,Collision
3,5,3,Ford,Urban,1,3,1,Male,Married,34,Policy Holder,Sedan - All Perils,Sedan,30000 to 39000,0,6969,12,400,3,more than 30,more than 30,none,7 years,31 to 35,No,No,External,none,no change,1 vehicle,1995,All Perils
3,3,5,Pontiac,Urban,1,2,4,Male,Married,45,Third Party,Sedan - All Perils,Sedan,30000 to 39000,0,6970,6,400,3,more than 30,more than 30,2 to 4,7 years,36 to 40,No,No,External,none,no change,1 vehicle,1995,All Perils
2,1,6,Pontiac,Urban,1,2,2,Male,Married,27,Policy Holder,Sedan - All Perils,Sedan,less than 20000,0,6971,3,400,2,more than 30,more than 30,none,6 years,31 to 35,No,No,External,more than 5,no change,3 to 4,1995,All Perils
2,1,7,Pontiac,Urban,1,9,2,Male,Single,57,Third Party,Sedan - All Perils,Sedan,less than 20000,0,6972,14,400,2,more than 30,more than 30,none,more than 7,51 to 65,No,No,External,more than 5,no change,1 vehicle,1995,All Perils
7,4,6,Honda,Urban,2,4,1,Male,Married,52,Third Party,Sedan - Collision,Sedan,30000 to 39000,0,6973,12,400,2,more than 30,more than 30,2 to 4,more than 7,41 to 50,No,No,External,none,4 to 8 years,2 vehicles,1995,Collision
4,2,5,Toyota,Urban,2,4,2,Male,Married,59,Policy Holder,Sedan - All Perils,Sedan,20000 to 29000,0,6974,7,400,2,more than 30,more than 30,none,more than 7,51 to 65,No,No,External,none,no change,1 vehicle,1995,All Perils
3,2,6,Ford,Urban,1,3,1,Female,Married,48,Third Party,Sedan - Collision,Sedan,60000 to 69000,0,6975,10,400,3,more than 30,more than 30,2 to 4,more than 7,41 to 50,No,No,External,more than 5,no change,1 vehicle,1995,Collision
3,2,4,Pontiac,Rural,5,2,2,Male,Married,44,Policy Holder,Sedan - Liability,Sport,20000 to 29000,0,6976,9,700,2,more than 30,more than 30,more than 4,more than 7,36 to 40,No,No,External,3 to 5,no change,1 vehicle,1995,Liability
2,2,3,Mazda,Urban,3,2,2,Male,Married,68,Policy Holder,Sedan - Collision,Sedan,30000 to 39000,0,6977,5,400,4,more than 30,more than 30,2 to 4,more than 7,over 65,No,No,External,1 to 2,no change,1 vehicle,1995,Collision
2,2,3,Toyota,Urban,5,3,3,Male,Married,50,Third Party,Sedan - All Perils,Sedan,20000 to 29000,0,6978,10,400,3,more than 30,more than 30,none,7 years,41 to 50,No,No,External,none,no change,1 vehicle,1995,All Perils
2,2,3,Honda,Urban,4,2,2,Female,Married,35,Policy Holder,Sedan - Collision,Sedan,20000 to 29000,0,6979,4,400,1,more than 30,more than 30,1,6 years,31 to 35,No,No,External,none,no change,1 vehicle,1995,Collision
2,2,2,Toyota,Urban,2,2,2,Female,Single,31,Policy Holder,Sedan - Collision,Sedan,20000 to 29000,0,6980,16,400,4,more than 30,more than 30,more than 4,7 years,31 to 35,No,No,External,more than 5,no change,1 vehicle,1995,Collision
2,2,6,Pontiac,Urban,3,4,2,Female,Married,27,Third Party,Sedan - Liability,Sport,20000 to 29000,0,6981,9,400,1,more than 30,more than 30,2 to 4,5 years,31 to 35,No,No,External,1 to 2,no change,1 vehicle,1995,Liability
4,2,1,Mazda,Urban,4,4,2,Male,Married,75,Policy Holder,Sedan - Collision,Sedan,30000 to 39000,0,6982,5,400,3,more than 30,more than 30,none,more than 7,over 65,No,No,External,none,no change,1 vehicle,1995,Collision
3,4,2,Chevrolet,Urban,1,3,2,Male,Married,42,Third Party,Sedan - Collision,Sedan,30000 to 39000,0,6983,7,400,1,more than 30,more than 30,2 to 4,7 years,36 to 40,No,No,External,1 to 2,no change,1 vehicle,1995,Collision
3,4,2,Pontiac,Rural,2,3,5,Male,Married,36,Policy Holder,Sedan - All Perils,Sedan,30000 to 39000,0,6984,3,400,2,more than 30,more than 30,1,more than 7,36 to 40,No,No,External,none,no change,1 vehicle,1995,All Perils
3,4,3,Ford,Urban,2,3,4,Male,Married,54,Third Party,Sedan - Liability,Sport,30000 to 39000,0,6985,2,400,3,more than 30,more than 30,2 to 4,more than 7,41 to 50,No,No,External,more than 5,no change,1 vehicle,1995,Liability
2,4,1,Pontiac,Urban,2,3,1,Male,Married,34,Third Party,Sedan - Collision,Sedan,20000 to 29000,0,6986,9,400,4,more than 30,more than 30,none,7 years,31 to 35,No,No,External,more than 5,no change,1 vehicle,1995,Collision
2,3,3,Toyota,Urban,4,2,1,Female,Married,39,Policy Holder,Sedan - All Perils,Sedan,less than 20000,0,6987,16,400,2,more than 30,more than 30,2 to 4,5 years,36 to 40,No,No,External,more than 5,no change,1 vehicle,1995,All Perils
2,2,4,Pontiac,Urban,1,1,2,Female,Married,45,Third Party,Sedan - Collision,Sedan,20000 to 29000,1,6988,1,500,2,more than 30,more than 30,none,6 years,36 to 40,No,No,External,1 to 2,2 to 3 years,1 vehicle,1995,Collision
1,4,1,Accura,Rural,4,6,5,Male,Married,35,Policy Holder,Sedan - All Perils,Sedan,more than 69000,0,6989,8,400,1,more than 30,more than 30,none,6 years,31 to 35,No,No,External,more than 5,no change,1 vehicle,1995,All Perils
1,4,5,Dodge,Urban,1,10,2,Male,Married,50,Third Party,Sedan - Collision,Sedan,20000 to 29000,0,6990,11,400,3,1 to 7,more than 30,1,7 years,41 to 50,No,No,External,none,no change,1 vehicle,1995,Collision
10,2,3,Saturn,Urban,1,1,2,Male,Married,60,Policy Holder,Sedan - All Perils,Sedan,20000 to 29000,1,6991,10,400,4,more than 30,more than 30,none,more than 7,51 to 65,No,No,External,3 to 5,no change,1 vehicle,1995,All Perils
1,4,2,Dodge,Urban,4,1,5,Male,Married,26,Policy Holder,Sedan - Collision,Sedan,30000 to 39000,0,6992,16,400,3,more than 30,more than 30,2 to 4,6 years,31 to 35,No,No,External,more than 5,no change,1 vehicle,1995,Collision
1,3,5,Chevrolet,Urban,4,10,3,Male,Married,65,Policy Holder,Utility - All Perils,Utility,more than 69000,0,6993,4,400,1,more than 30,more than 30,none,more than 7,51 to 65,No,No,External,more than 5,no change,1 vehicle,1995,All Perils
10,2,2,Toyota,Urban,5,1,2,Male,Single,30,Policy Holder,Sedan - All Perils,Sedan,less than 20000,1,6994,9,400,3,more than 30,more than 30,2 to 4,6 years,31 to 35,No,No,External,none,4 to 8 years,2 vehicles,1995,All Perils
1,3,3,Honda,Urban,4,1,5,Male,Single,28,Policy Holder,Sedan - All Perils,Sedan,less than 20000,0,6995,13,400,1,more than 30,more than 30,none,5 years,31 to 35,No,No,External,none,no change,1 vehicle,1995,All Perils
1,2,3,Mazda,Urban,4,1,2,Male,Married,42,Third Party,Sedan - All Perils,Sedan,20000 to 29000,0,6996,3,400,3,more than 30,more than 30,1,7 years,36 to 40,No,No,External,3 to 5,no change,1 vehicle,1995,All Perils
1,2,2,Toyota,Urban,3,1,2,Male,Married,41,Third Party,Sedan - Collision,Sedan,20000 to 29000,0,6997,7,400,1,more than 30,more than 30,2 to 4,7 years,36 to 40,No,No,External,none,no change,1 vehicle,1995,Collision
1,2,3,Chevrolet,Urban,1,9,2,Male,Married,28,Policy Holder,Sedan - Collision,Sedan,30000 to 39000,0,6998,3,400,1,more than 30,more than 30,1,7 years,31 to 35,No,No,External,more than 5,no change,1 vehicle,1995,Collision
8,3,1,Honda,Urban,1,1,3,Male,Single,41,Policy Holder,Sedan - Liability,Sport,30000 to 39000,0,6999,15,400,1,more than 30,more than 30,none,7 years,36 to 40,No,No,External,none,no change,1 vehicle,1995,Liability
10,1,7,Mazda,Urban,3,1,2,Male,Married,49,Policy Holder,Sedan - All Perils,Sedan,20000 to 29000,0,7000,2,400,3,more than 30,more than 30,2 to 4,more than 7,41 to 50,No,No,External,3 to 5,no change,1 vehicle,1995,All Perils
8,2,2,Pontiac,Rural,4,2,2,Male,Married,32,Third Party,Sedan - Collision,Sedan,20000 to 29000,0,7001,10,400,2,more than 30,more than 30,none,6 years,31 to 35,No,No,External,none,no change,1 vehicle,1995,Collision
2,4,3,Mazda,Urban,3,2,4,Male,Single,28,Third Party,Sport - Collision,Sport,more than 69000,0,7002,10,400,4,more than 30,more than 30,none,5 years,31 to 35,No,Yes,External,1 to 2,no change,1 vehicle,1995,Collision
2,4,1,Saturn,Urban,1,2,4,Male,Single,34,Policy Holder,Sedan - Liability,Sport,40000 to 59000,0,7003,16,400,4,more than 30,more than 30,2 to 4,6 years,31 to 35,No,No,External,none,no change,1 vehicle,1995,Liability
2,2,1,Mazda,Urban,2,2,2,Male,Married,42,Policy Holder,Sedan - Liability,Sport,30000 to 39000,0,7004,5,400,4,more than 30,more than 30,2 to 4,more than 7,36 to 40,No,No,External,more than 5,no change,1 vehicle,1995,Liability
2,3,2,Toyota,Urban,3,2,4,Male,Married,42,Policy Holder,Sedan - Liability,Sport,30000 to 39000,0,7005,4,400,4,more than 30,more than 30,more than 4,more than 7,36 to 40,No,No,External,none,no change,1 vehicle,1995,Liability
2,1,1,Honda,Urban,2,2,1,Male,Single,0,Policy Holder,Sedan - Liability,Sport,more than 69000,0,7006,13,400,4,more than 30,more than 30,1,new,16 to 17,No,No,External,none,no change,1 vehicle,1995,Liability
1,5,5,Honda,Urban,1,1,1,Male,Single,28,Third Party,Sport - Collision,Sport,more than 69000,0,7007,9,400,3,more than 30,more than 30,none,6 years,31 to 35,No,No,External,none,no change,1 vehicle,1995,Collision
1,2,4,Honda,Urban,5,1,2,Male,Single,0,Policy Holder,Sedan - All Perils,Sedan,more than 69000,0,7008,15,400,3,more than 30,more than 30,1,new,16 to 17,No,No,External,none,1 year,1 vehicle,1995,All Perils
1,1,7,Honda,Urban,1,12,2,Female,Married,31,Third Party,Sport - Collision,Sport,more than 69000,0,7009,4,400,2,more than 30,more than 30,none,6 years,31 to 35,No,No,External,none,no change,1 vehicle,1995,Collision
12,2,5,Honda,Urban,3,1,2,Male,Married,36,Policy Holder,Sedan - All Perils,Sedan,20000 to 29000,0,7010,10,400,3,more than 30,more than 30,1,7 years,36 to 40,No,No,External,3 to 5,no change,1 vehicle,1995,All Perils
12,1,5,Toyota,Urban,4,2,1,Male,Married,34,Policy Holder,Sedan - All Perils,Sedan,less than 20000,0,7011,7,400,1,more than 30,more than 30,2 to 4,7 years,31 to 35,No,No,External,none,no change,1 vehicle,1995,All Perils
8,4,3,Pontiac,Urban,4,8,2,Female,Married,32,Policy Holder,Sedan - Liability,Sport,20000 to 29000,0,7012,16,400,3,more than 30,more than 30,none,7 years,31 to 35,No,No,External,none,no change,3 to 4,1995,Liability
7,4,6,Chevrolet,Urban,5,1,1,Male,Married,30,Policy Holder,Sedan - All Perils,Sedan,20000 to 29000,0,7013,11,400,4,more than 30,more than 30,none,7 years,31 to 35,No,No,External,more than 5,no change,1 vehicle,1995,All Perils
1,1,7,Toyota,Urban,2,1,2,Male,Married,57,Third Party,Sedan - All Perils,Sedan,20000 to 29000,0,7014,1,400,1,more than 30,more than 30,2 to 4,more than 7,51 to 65,No,No,External,none,no change,1 vehicle,1995,All Perils
1,1,4,Toyota,Urban,2,1,2,Female,Married,52,Policy Holder,Sedan - All Perils,Sedan,less than 20000,0,7015,3,400,4,more than 30,more than 30,none,more than 7,41 to 50,No,No,External,none,4 to 8 years,2 vehicles,1995,All Perils
12,5,7,Dodge,Urban,1,1,1,Male,Married,30,Policy Holder,Sedan - Collision,Sedan,30000 to 39000,0,7016,3,400,3,more than 30,more than 30,2 to 4,7 years,31 to 35,No,No,External,none,no change,1 vehicle,1995,Collision
12,4,3,Honda,Urban,2,1,1,Male,Married,38,Third Party,Sedan - All Perils,Sedan,20000 to 29000,0,7017,14,400,4,more than 30,more than 30,2 to 4,7 years,36 to 40,No,No,External,more than 5,no change,1 vehicle,1995,All Perils
12,3,6,Mazda,Urban,1,10,3,Male,Single,44,Policy Holder,Sedan - Liability,Sport,30000 to 39000,0,7018,8,400,4,more than 30,more than 30,2 to 4,more than 7,36 to 40,No,No,External,none,no change,1 vehicle,1995,Liability
10,2,6,Toyota,Urban,4,10,4,Male,Single,19,Policy Holder,Sedan - All Perils,Sedan,20000 to 29000,1,7019,5,400,1,more than 30,more than 30,none,3 years,21 to 25,No,No,External,more than 5,no change,1 vehicle,1995,All Perils
10,2,1,Mazda,Urban,3,1,3,Male,Single,28,Third Party,Sedan - Liability,Sport,20000 to 29000,0,7020,6,400,2,more than 30,more than 30,2 to 4,6 years,31 to 35,No,No,External,1 to 2,no change,1 vehicle,1995,Liability
12,3,7,Pontiac,Urban,3,2,2,Male,Married,59,Policy Holder,Sedan - All Perils,Sedan,20000 to 29000,0,7021,11,400,1,more than 30,more than 30,1,more than 7,51 to 65,No,No,External,none,no change,1 vehicle,1995,All Perils
12,4,6,Pontiac,Urban,2,10,3,Male,Married,56,Policy Holder,Sedan - Liability,Sport,20000 to 29000,0,7022,6,400,4,more than 30,more than 30,2 to 4,more than 7,51 to 65,No,No,External,none,no change,1 vehicle,1995,Liability
10,2,4,Mazda,Urban,3,1,2,Male,Married,41,Third Party,Sport - Collision,Sport,more than 69000,0,7023,7,400,1,more than 30,more than 30,2 to 4,7 years,36 to 40,No,No,External,none,no change,1 vehicle,1995,Collision
12,5,2,Pontiac,Urban,2,1,1,Male,Married,41,Third Party,Sedan - Liability,Sport,more than 69000,0,7024,8,400,2,more than 30,more than 30,1,7 years,36 to 40,No,No,External,more than 5,no change,1 vehicle,1995,Liability
12,5,2,Saab,Urban,5,1,1,Male,Married,31,Policy Holder,Sedan - All Perils,Sedan,30000 to 39000,0,7025,10,400,2,more than 30,more than 30,1,5 years,31 to 35,No,No,External,none,no change,1 vehicle,1995,All Perils
12,5,5,Honda,Urban,2,1,2,Male,Married,29,Policy Holder,Sedan - Liability,Sport,20000 to 29000,0,7026,6,400,4,more than 30,more than 30,2 to 4,6 years,31 to 35,No,No,External,none,no change,1 vehicle,1995,Liability
12,5,7,Toyota,Urban,5,1,1,Male,Married,58,Policy Holder,Sedan - All Perils,Sedan,more than 69000,0,7027,16,400,3,more than 30,more than 30,2 to 4,more than 7,51 to 65,No,No,External,none,no change,1 vehicle,1995,All Perils
1,1,5,Nisson,Urban,3,1,4,Male,Married,33,Policy Holder,Sedan - Collision,Sedan,30000 to 39000,0,7028,16,400,3,more than 30,more than 30,more than 4,7 years,31 to 35,No,No,External,none,no change,1 vehicle,1995,Collision
12,5,2,Pontiac,Urban,2,1,1,Female,Married,32,Policy Holder,Sedan - Collision,Sedan,20000 to 29000,0,7029,5,400,2,more than 30,more than 30,none,7 years,31 to 35,No,No,External,none,no change,1 vehicle,1995,Collision
1,1,2,Honda,Urban,2,1,1,Male,Single,27,Policy Holder,Sedan - Liability,Sport,30000 to 39000,0,7030,10,400,4,more than 30,more than 30,2 to 4,6 years,31 to 35,No,No,External,none,no change,1 vehicle,1995,Liability
1,1,5,Honda,Urban,5,1,1,Male,Single,24,Policy Holder,Sedan - Collision,Sedan,20000 to 29000,0,7031,6,400,1,more than 30,more than 30,2 to 4,6 years,26 to 30,No,No,External,1 to 2,no change,1 vehicle,1995,Collision
1,2,4,Pontiac,Urban,2,1,2,Male,Married,32,Policy Holder,Sedan - Liability,Sport,20000 to 29000,0,7032,15,400,2,more than 30,more than 30,more than 4,7 years,31 to 35,No,No,External,1 to 2,no change,1 vehicle,1995,Liability
1,1,4,Pontiac,Rural,1,1,2,Male,Married,50,Policy Holder,Sedan - Liability,Sport,more than 69000,0,7033,15,400,4,more than 30,more than 30,more than 4,7 years,41 to 50,No,No,External,more than 5,no change,1 vehicle,1995,Liability
1,1,1,Pontiac,Rural,3,1,2,Female,Single,30,Policy Holder,Sedan - All Perils,Sedan,20000 to 29000,0,7034,1,400,3,more than 30,more than 30,none,5 years,31 to 35,No,No,External,3 to 5,no change,1 vehicle,1995,All Perils
1,2,1,Honda,Urban,3,1,2,Male,Married,46,Third Party,Sport - Collision,Sport,more than 69000,0,7035,13,400,1,more than 30,more than 30,none,more than 7,41 to 50,No,No,External,none,no change,1 vehicle,1995,Collision
1,2,2,Honda,Urban,4,1,2,Male,Single,0,Policy Holder,Sedan - All Perils,Sedan,more than 69000,0,7036,14,400,1,more than 30,more than 30,1,new,16 to 17,No,No,External,none,4 to 8 years,2 vehicles,1995,All Perils
1,2,2,Ford,Urban,3,1,3,Male,Married,51,Policy Holder,Sedan - All Perils,Sedan,30000 to 39000,0,7037,15,400,3,more than 30,more than 30,more than 4,6 years,41 to 50,No,No,External,3 to 5,no change,1 vehicle,1995,All Perils
1,2,6,Honda,Urban,2,1,4,Male,Married,31,Third Party,Sedan - Liability,Sport,more than 69000,0,7038,6,700,2,more than 30,more than 30,more than 4,7 years,31 to 35,No,No,External,none,no change,1 vehicle,1995,Liability
1,3,6,Honda,Urban,1,1,3,Male,Single,61,Policy Holder,Sedan - Liability,Sport,20000 to 29000,0,7039,10,500,2,more than 30,more than 30,2 to 4,6 years,51 to 65,No,No,External,none,2 to 3 years,1 vehicle,1995,Liability
1,3,4,Saturn,Urban,5,1,3,Male,Single,24,Policy Holder,Sedan - All Perils,Sedan,20000 to 29000,0,7040,4,400,1,more than 30,more than 30,none,6 years,26 to 30,No,No,External,none,no change,1 vehicle,1995,All Perils
1,3,5,Toyota,Urban,4,1,5,Male,Married,47,Third Party,Sedan - Collision,Sedan,20000 to 29000,0,7041,2,400,3,more than 30,more than 30,2 to 4,more than 7,41 to 50,No,No,External,3 to 5,no change,1 vehicle,1995,Collision
1,4,6,Honda,Urban,3,1,4,Male,Married,34,Policy Holder,Sedan - All Perils,Sedan,20000 to 29000,0,7042,4,400,4,more than 30,more than 30,none,7 years,31 to 35,No,No,External,none,no change,1 vehicle,1995,All Perils
1,4,7,Honda,Urban,1,10,4,Male,Married,39,Third Party,Sedan - Collision,Sedan,30000 to 39000,0,7043,10,400,1,more than 30,more than 30,1,7 years,36 to 40,No,No,External,3 to 5,no change,1 vehicle,1995,Collision
10,2,7,Mecedes,Urban,1,1,2,Male,Married,56,Policy Holder,Sedan - All Perils,Sedan,more than 69000,1,7044,14,400,3,more than 30,more than 30,none,7 years,51 to 65,No,No,External,none,no change,1 vehicle,1995,All Perils
1,4,2,Honda,Urban,3,2,4,Male,Married,54,Third Party,Sedan - All Perils,Sedan,more than 69000,0,7045,8,400,3,more than 30,more than 30,none,7 years,41 to 50,No,No,External,none,no change,1 vehicle,1995,All Perils
1,4,1,Mazda,Urban,2,2,1,Male,Married,40,Third Party,Sedan - All Perils,Sedan,20000 to 29000,0,7046,13,400,3,more than 30,more than 30,1,more than 7,36 to 40,No,No,External,none,no change,1 vehicle,1995,All Perils
1,5,7,Toyota,Urban,2,10,1,Male,Married,36,Policy Holder,Sedan - Liability,Sport,20000 to 29000,0,7047,14,400,1,more than 30,more than 30,more than 4,more than 7,36 to 40,No,No,External,none,no change,1 vehicle,1995,Liability
10,2,4,Pontiac,Urban,4,2,2,Male,Married,28,Third Party,Sedan - All Perils,Sedan,30000 to 39000,0,7048,11,400,1,more than 30,more than 30,none,6 years,31 to 35,No,No,External,none,no change,1 vehicle,1995,All Perils
2,1,7,Honda,Urban,2,10,1,Male,Married,46,Policy Holder,Sedan - Liability,Sport,30000 to 39000,0,7049,16,400,3,1 to 7,more than 30,2 to 4,more than 7,41 to 50,No,No,External,none,no change,1 vehicle,1995,Liability
10,2,7,Mazda,Urban,3,3,2,Male,Married,39,Policy Holder,Sedan - Collision,Sedan,20000 to 29000,1,7050,9,400,3,more than 30,more than 30,1,7 years,36 to 40,No,No,External,1 to 2,no change,1 vehicle,1995,Collision
3,1,7,Chevrolet,Rural,6,10,2,Male,Single,31,Policy Holder,Sedan - Collision,Sedan,20000 to 29000,0,7051,4,400,3,more than 30,more than 30,2 to 4,6 years,31 to 35,No,No,External,none,no change,1 vehicle,1995,Collision
10,2,7,Pontiac,Urban,1,10,4,Male,Single,18,Policy Holder,Sedan - All Perils,Sedan,20000 to 29000,1,7052,13,400,4,more than 30,more than 30,none,2 years,21 to 25,No,No,External,1 to 2,no change,1 vehicle,1995,All Perils
10,2,4,Chevrolet,Urban,1,1,2,Male,Single,49,Policy Holder,Sedan - All Perils,Sedan,more than 69000,1,7053,3,400,2,more than 30,more than 30,none,more than 7,41 to 50,No,No,External,none,no change,3 to 4,1995,All Perils
1,1,4,Honda,Urban,4,1,2,Male,Married,74,Third Party,Sport - Collision,Sport,more than 69000,0,7054,3,400,2,more than 30,more than 30,none,more than 7,over 65,No,No,External,1 to 2,no change,1 vehicle,1995,Collision
1,1,1,Pontiac,Urban,1,1,2,Male,Single,29,Policy Holder,Sedan - Liability,Sport,20000 to 29000,0,7055,7,400,2,more than 30,more than 30,none,6 years,31 to 35,No,No,External,more than 5,no change,1 vehicle,1995,Liability
1,2,7,Mazda,Urban,1,1,2,Female,Married,35,Policy Holder,Sedan - Collision,Sedan,20000 to 29000,0,7056,2,400,2,more than 30,more than 30,1,7 years,31 to 35,No,No,External,none,no change,1 vehicle,1995,Collision
1,2,1,Pontiac,Urban,3,1,3,Male,Married,64,Third Party,Sedan - Liability,Sport,30000 to 39000,0,7057,11,400,3,more than 30,more than 30,none,more than 7,51 to 65,No,No,External,none,4 to 8 years,2 vehicles,1995,Liability
1,2,3,Ford,Urban,3,1,2,Male,Married,27,Policy Holder,Sedan - Collision,Sedan,40000 to 59000,0,7058,5,400,3,more than 30,more than 30,more than 4,7 years,31 to 35,No,No,External,3 to 5,no change,1 vehicle,1995,Collision
1,2,2,Toyota,Urban,3,1,3,Male,Married,54,Policy Holder,Sedan - All Perils,Sedan,more than 69000,0,7059,10,400,2,more than 30,more than 30,none,more than 7,41 to 50,No,No,External,more than 5,no change,1 vehicle,1995,All Perils
1,2,3,Honda,Urban,2,1,2,Female,Married,41,Third Party,Sedan - Collision,Sedan,30000 to 39000,0,7060,6,400,1,more than 30,more than 30,none,7 years,36 to 40,No,No,External,none,no change,1 vehicle,1995,Collision
1,2,6,Mazda,Rural,1,1,3,Male,Married,37,Policy Holder,Sedan - Collision,Sedan,20000 to 29000,0,7061,2,400,3,more than 30,more than 30,none,7 years,36 to 40,No,No,External,more than 5,no change,1 vehicle,1995,Collision
1,3,3,Honda,Urban,2,1,3,Male,Married,45,Policy Holder,Sedan - Liability,Sport,20000 to 29000,0,7062,7,400,3,more than 30,more than 30,more than 4,7 years,36 to 40,No,No,External,none,no change,1 vehicle,1995,Liability
1,3,3,Pontiac,Urban,3,1,4,Male,Married,38,Policy Holder,Sedan - All Perils,Sedan,40000 to 59000,0,7063,11,400,1,more than 30,more than 30,none,6 years,36 to 40,No,No,External,3 to 5,no change,1 vehicle,1995,All Perils
1,3,1,Chevrolet,Urban,2,10,3,Male,Married,41,Policy Holder,Sedan - Liability,Sport,40000 to 59000,0,7064,15,400,3,more than 30,more than 30,2 to 4,7 years,36 to 40,No,No,External,more than 5,no change,1 vehicle,1995,Liability
10,2,3,Toyota,Urban,1,2,2,Male,Married,51,Policy Holder,Sedan - Liability,Sport,20000 to 29000,1,7065,7,400,3,more than 30,more than 30,none,more than 7,41 to 50,No,No,External,none,no change,1 vehicle,1995,Liability
2,1,3,Saturn,Urban,3,2,1,Male,Married,42,Policy Holder,Sedan - All Perils,Sedan,20000 to 29000,0,7066,12,400,4,more than 30,more than 30,1,more than 7,36 to 40,No,No,External,none,no change,1 vehicle,1995,All Perils
2,1,3,Mazda,Urban,4,2,1,Male,Married,57,Policy Holder,Sedan - Collision,Sedan,20000 to 29000,0,7067,9,400,4,more than 30,more than 30,1,more than 7,51 to 65,No,No,External,1 to 2,no change,1 vehicle,1995,Collision
2,2,4,Honda,Urban,4,2,2,Female,Married,22,Third Party,Sedan - Collision,Sedan,30000 to 39000,0,7068,1,400,4,more than 30,more than 30,none,5 years,26 to 30,No,No,External,more than 5,no change,1 vehicle,1995,Collision
2,2,2,Honda,Urban,5,2,2,Male,Married,49,Policy Holder,Sedan - Liability,Sport,30000 to 39000,0,7069,15,700,4,more than 30,more than 30,2 to 4,7 years,41 to 50,No,No,External,none,no change,1 vehicle,1995,Liability
2,4,1,Toyota,Urban,4,11,4,Male,Married,77,Policy Holder,Sedan - Collision,Sedan,less than 20000,0,7070,6,400,2,more than 30,more than 30,1,more than 7,over 65,No,No,External,none,no change,1 vehicle,1995,Collision
10,4,1,Toyota,Urban,4,6,1,Female,Married,34,Policy Holder,Sedan - All Perils,Sedan,20000 to 29000,0,7071,2,400,1,more than 30,more than 30,none,7 years,31 to 35,Yes,No,External,1 to 2,no change,1 vehicle,1995,All Perils
6,2,1,Pontiac,Urban,2,10,3,Male,Married,38,Policy Holder,Sedan - Collision,Sedan,less than 20000,0,7072,7,400,4,more than 30,more than 30,none,7 years,36 to 40,No,No,External,none,no change,1 vehicle,1995,Collision
10,2,3,Chevrolet,Urban,5,2,2,Male,Married,41,Third Party,Sedan - All Perils,Sedan,20000 to 29000,0,7073,4,400,4,more than 30,more than 30,2 to 4,more than 7,36 to 40,No,No,External,none,no change,1 vehicle,1995,All Perils
2,4,3,Chevrolet,Urban,2,2,4,Male,Single,44,Policy Holder,Sedan - Collision,Sedan,30000 to 39000,0,7074,14,400,3,more than 30,more than 30,none,7 years,36 to 40,No,No,External,more than 5,no change,1 vehicle,1995,Collision
2,4,1,Toyota,Urban,5,11,5,Female,Single,28,Policy Holder,Sedan - All Perils,Sedan,20000 to 29000,0,7075,7,400,4,more than 30,more than 30,none,5 years,31 to 35,No,No,External,1 to 2,no change,1 vehicle,1995,All Perils
10,2,1,Pontiac,Urban,1,10,4,Male,Single,27,Policy Holder,Sedan - Collision,Sedan,20000 to 29000,1,7076,7,400,4,more than 30,more than 30,more than 4,6 years,31 to 35,No,No,External,1 to 2,no change,1 vehicle,1995,Collision
10,2,4,Toyota,Urban,5,3,2,Male,Married,63,Third Party,Sedan - All Perils,Sedan,less than 20000,0,7077,11,400,2,more than 30,more than 30,1,7 years,51 to 65,No,No,External,none,no change,1 vehicle,1995,All Perils
2,4,7,Toyota,Rural,1,2,2,Male,Married,28,Third Party,Sedan - All Perils,Sedan,20000 to 29000,0,7078,10,400,2,more than 30,more than 30,2 to 4,7 years,31 to 35,No,No,External,more than 5,4 to 8 years,2 vehicles,1995,All Perils
2,3,7,Honda,Urban,2,2,3,Male,Single,34,Third Party,Sedan - Collision,Sedan,30000 to 39000,0,7079,2,400,3,more than 30,more than 30,2 to 4,6 years,31 to 35,No,No,External,more than 5,no change,1 vehicle,1995,Collision
2,3,7,Toyota,Urban,3,2,4,Male,Single,24,Policy Holder,Sedan - Liability,Sport,20000 to 29000,0,7080,10,400,2,more than 30,more than 30,2 to 4,5 years,26 to 30,No,No,External,none,no change,1 vehicle,1995,Liability
2,3,1,Pontiac,Urban,4,2,4,Male,Married,45,Policy Holder,Sedan - All Perils,Sedan,less than 20000,0,7081,2,400,3,more than 30,more than 30,1,7 years,36 to 40,No,No,External,more than 5,no change,1 vehicle,1995,All Perils
2,2,1,Chevrolet,Urban,1,2,3,Female,Married,37,Policy Holder,Sedan - Liability,Sport,more than 69000,0,7082,5,400,3,more than 30,more than 30,more than 4,more than 7,36 to 40,No,No,External,none,no change,1 vehicle,1995,Liability
2,2,6,Toyota,Urban,3,2,2,Male,Married,38,Policy Holder,Sedan - Liability,Sport,20000 to 29000,0,7083,15,400,2,more than 30,more than 30,none,7 years,36 to 40,No,No,External,none,no change,1 vehicle,1995,Liability
2,2,5,Chevrolet,Urban,5,2,4,Male,Married,55,Policy Holder,Sedan - Liability,Sport,30000 to 39000,0,7084,2,400,1,more than 30,more than 30,more than 4,more than 7,41 to 50,No,No,External,more than 5,no change,1 vehicle,1995,Liability
2,2,5,Toyota,Urban,5,6,4,Male,Married,26,Third Party,Sedan - Liability,Sport,20000 to 29000,0,7085,13,400,3,more than 30,more than 30,2 to 4,5 years,31 to 35,No,No,External,none,no change,1 vehicle,1995,Liability
2,2,1,Honda,Urban,1,2,1,Male,Married,50,Third Party,Sport - Collision,Sport,more than 69000,0,7086,14,400,2,more than 30,more than 30,2 to 4,more than 7,41 to 50,No,No,External,none,no change,1 vehicle,1995,Collision
2,1,2,Accura,Urban,5,2,1,Male,Married,28,Policy Holder,Sedan - Liability,Sport,20000 to 29000,0,7087,3,400,2,more than 30,more than 30,more than 4,7 years,31 to 35,No,No,External,1 to 2,no change,1 vehicle,1995,Liability
2,2,2,BMW,Urban,2,2,2,Male,Married,42,Policy Holder,Sedan - Liability,Sport,30000 to 39000,0,7088,16,400,1,more than 30,more than 30,2 to 4,more than 7,36 to 40,No,No,External,more than 5,no change,1 vehicle,1995,Liability
2,2,1,Accura,Urban,4,2,4,Male,Married,41,Policy Holder,Sedan - All Perils,Sedan,30000 to 39000,0,7089,3,400,4,more than 30,more than 30,more than 4,7 years,36 to 40,No,No,External,none,no change,1 vehicle,1995,All Perils
2,1,1,Chevrolet,Urban,1,10,4,Male,Married,54,Third Party,Sedan - All Perils,Sedan,20000 to 29000,0,7090,9,500,3,more than 30,more than 30,2 to 4,more than 7,41 to 50,Yes,No,External,none,no change,1 vehicle,1995,All Perils
10,2,4,Honda,Urban,4,2,2,Male,Married,40,Third Party,Sport - Collision,Sport,more than 69000,0,7091,14,400,2,more than 30,more than 30,2 to 4,6 years,36 to 40,No,No,External,more than 5,no change,1 vehicle,1995,Collision
2,1,3,Toyota,Urban,5,2,4,Male,Married,36,Policy Holder,Sedan - Collision,Sedan,30000 to 39000,0,7092,7,400,2,more than 30,more than 30,2 to 4,more than 7,36 to 40,No,No,External,more than 5,no change,1 vehicle,1995,Collision
1,4,3,Toyota,Rural,1,2,1,Male,Single,35,Third Party,Sedan - All Perils,Sedan,20000 to 29000,0,7093,12,400,4,more than 30,more than 30,none,6 years,31 to 35,Yes,No,External,1 to 2,no change,1 vehicle,1995,All Perils
1,4,5,Honda,Urban,5,2,3,Male,Married,54,Policy Holder,Sedan - Liability,Sport,more than 69000,0,7094,11,400,1,more than 30,more than 30,more than 4,new,41 to 50,No,No,External,none,no change,3 to 4,1995,Liability
1,3,2,Dodge,Urban,3,1,3,Male,Married,41,Third Party,Sedan - Collision,Sedan,30000 to 39000,0,7095,11,400,2,more than 30,more than 30,1,7 years,36 to 40,No,No,External,none,no change,1 vehicle,1995,Collision
1,2,1,Toyota,Rural,1,2,2,Male,Married,27,Policy Holder,Sedan - All Perils,Sedan,more than 69000,0,7096,14,400,3,more than 30,more than 30,1,6 years,31 to 35,No,No,External,more than 5,no change,1 vehicle,1995,All Perils
1,2,1,Toyota,Urban,5,8,4,Male,Single,44,Policy Holder,Sedan - Collision,Sedan,20000 to 29000,0,7097,14,400,4,more than 30,more than 30,2 to 4,6 years,36 to 40,No,No,External,more than 5,no change,1 vehicle,1995,Collision
8,4,1,Toyota,Urban,1,3,4,Male,Married,26,Third Party,Sedan - Collision,Sedan,30000 to 39000,0,7098,3,400,1,more than 30,more than 30,none,7 years,31 to 35,No,No,External,more than 5,no change,1 vehicle,1995,Collision
3,2,1,Honda,Urban,1,3,2,Female,Single,43,Policy Holder,Sedan - Liability,Sport,20000 to 29000,0,7099,13,400,1,more than 30,more than 30,1,6 years,36 to 40,No,No,External,more than 5,1 year,2 vehicles,1995,Liability
3,2,1,VW,Urban,5,2,2,Male,Married,29,Policy Holder,Sedan - Liability,Sport,more than 69000,0,7100,4,400,3,more than 30,more than 30,more than 4,6 years,31 to 35,No,No,External,1 to 2,no change,1 vehicle,1995,Liability
2,4,1,Mazda,Urban,3,2,4,Female,Married,31,Policy Holder,Sedan - Liability,Sport,20000 to 29000,0,7101,12,400,1,more than 30,more than 30,more than 4,5 years,31 to 35,No,No,External,more than 5,no change,5 to 8,1995,Liability
2,4,7,Chevrolet,Urban,2,2,4,Male,Married,44,Policy Holder,Sedan - All Perils,Sedan,20000 to 29000,0,7102,15,400,2,more than 30,more than 30,1,more than 7,36 to 40,No,No,External,more than 5,no change,1 vehicle,1995,All Perils
2,3,2,Honda,Urban,3,2,4,Male,Married,50,Policy Holder,Sedan - Collision,Sedan,20000 to 29000,0,7103,15,400,3,more than 30,more than 30,2 to 4,7 years,41 to 50,No,No,External,none,no change,1 vehicle,1995,Collision
2,3,3,Pontiac,Urban,2,2,3,Female,Single,41,Policy Holder,Sedan - Collision,Sedan,20000 to 29000,0,7104,1,400,3,more than 30,more than 30,2 to 4,7 years,36 to 40,No,No,External,more than 5,no change,1 vehicle,1995,Collision
2,2,3,Toyota,Urban,5,2,3,Female,Married,27,Third Party,Sedan - All Perils,Sedan,less than 20000,0,7105,3,400,1,more than 30,more than 30,none,6 years,31 to 35,No,No,External,none,no change,1 vehicle,1995,All Perils
2,2,2,Chevrolet,Urban,3,10,2,Male,Married,67,Policy Holder,Sedan - Liability,Sport,more than 69000,0,7106,14,400,3,more than 30,more than 30,more than 4,7 years,over 65,No,No,External,more than 5,no change,1 vehicle,1995,Liability
10,2,1,Pontiac,Urban,3,2,2,Male,Married,58,Policy Holder,Sedan - All Perils,Sedan,20000 to 29000,1,7107,12,400,3,more than 30,more than 30,2 to 4,more than 7,51 to 65,No,No,External,more than 5,no change,1 vehicle,1995,All Perils
1,5,2,Accura,Urban,5,2,1,Male,Married,39,Third Party,Sedan - Collision,Sedan,20000 to 29000,0,7108,5,400,2,more than 30,more than 30,none,7 years,36 to 40,No,No,External,none,no change,1 vehicle,1995,Collision
2,1,5,Mazda,Urban,3,2,1,Male,Married,29,Policy Holder,Sedan - Liability,Sport,20000 to 29000,0,7109,11,400,2,more than 30,more than 30,1,6 years,31 to 35,No,No,External,3 to 5,no change,1 vehicle,1995,Liability
1,5,5,Pontiac,Urban,2,2,1,Male,Married,69,Policy Holder,Sedan - Collision,Sedan,20000 to 29000,0,7110,2,400,4,more than 30,more than 30,2 to 4,more than 7,over 65,No,No,External,1 to 2,no change,1 vehicle,1995,Collision
1,5,2,Pontiac,Rural,3,1,1,Female,Married,52,Third Party,Sedan - All Perils,Sedan,20000 to 29000,0,7111,9,400,4,more than 30,more than 30,none,7 years,41 to 50,No,No,External,none,no change,1 vehicle,1995,All Perils
1,4,2,Pontiac,Urban,1,1,4,Male,Married,52,Third Party,Sedan - Liability,Sport,20000 to 29000,0,7112,8,400,4,more than 30,more than 30,2 to 4,more than 7,41 to 50,No,No,External,more than 5,no change,1 vehicle,1995,Liability
1,4,3,Pontiac,Urban,3,2,5,Male,Married,28,Policy Holder,Sedan - Liability,Sport,30000 to 39000,0,7113,4,400,1,more than 30,more than 30,2 to 4,7 years,31 to 35,No,No,External,more than 5,no change,1 vehicle,1995,Liability
1,4,6,Mazda,Urban,2,1,1,Male,Married,55,Third Party,Sedan - All Perils,Sedan,40000 to 59000,0,7114,11,400,3,more than 30,more than 30,none,more than 7,41 to 50,No,No,External,none,no change,1 vehicle,1995,All Perils
1,4,3,Toyota,Urban,3,10,4,Male,Married,33,Third Party,Sedan - Liability,Sport,30000 to 39000,0,7115,5,400,3,more than 30,more than 30,1,5 years,31 to 35,No,No,External,3 to 5,no change,1 vehicle,1995,Liability
10,2,3,Mazda,Urban,1,1,3,Male,Married,41,Policy Holder,Sedan - Liability,Sport,20000 to 29000,0,7116,8,400,3,more than 30,more than 30,1,more than 7,36 to 40,No,No,External,none,no change,1 vehicle,1995,Liability
1,3,6,Toyota,Urban,3,1,4,Female,Married,29,Third Party,Sedan - All Perils,Sedan,less than 20000,0,7117,9,400,1,more than 30,more than 30,none,6 years,31 to 35,No,No,External,none,no change,1 vehicle,1995,All Perils
1,3,4,Mazda,Urban,3,2,3,Female,Single,35,Third Party,Sedan - All Perils,Sedan,20000 to 29000,0,7118,15,400,1,more than 30,more than 30,none,6 years,31 to 35,No,No,External,none,no change,1 vehicle,1995,All Perils
1,2,3,Toyota,Urban,1,11,1,Female,Single,34,Third Party,Sedan - Liability,Sport,30000 to 39000,0,7119,3,400,4,more than 30,more than 30,1,5 years,31 to 35,No,No,External,none,no change,1 vehicle,1995,Liability
10,2,4,Pontiac,Urban,2,1,4,Male,Single,35,Policy Holder,Sedan - Liability,Sport,30000 to 39000,0,7120,16,400,3,more than 30,more than 30,2 to 4,6 years,31 to 35,No,No,Internal,none,no change,1 vehicle,1995,Liability
1,1,3,Mazda,Urban,4,1,3,Male,Married,40,Policy Holder,Sedan - Liability,Sport,20000 to 29000,0,7121,7,400,1,more than 30,more than 30,2 to 4,7 years,36 to 40,No,No,External,3 to 5,no change,1 vehicle,1995,Liability
1,1,2,Ford,Urban,2,1,3,Male,Married,46,Policy Holder,Sedan - All Perils,Sedan,less than 20000,0,7122,1,400,1,more than 30,more than 30,none,more than 7,41 to 50,No,No,External,more than 5,no change,1 vehicle,1995,All Perils
12,4,6,Honda,Urban,4,1,3,Male,Single,22,Policy Holder,Sedan - Collision,Sedan,20000 to 29000,0,7123,5,400,1,8 to 15,more than 30,1,4 years,26 to 30,No,No,External,none,no change,1 vehicle,1995,Collision
12,2,3,Pontiac,Rural,4,1,4,Male,Married,61,Policy Holder,Sedan - All Perils,Sedan,30000 to 39000,0,7124,1,400,3,more than 30,more than 30,none,more than 7,51 to 65,No,No,External,1 to 2,no change,1 vehicle,1995,All Perils
12,2,3,Pontiac,Urban,2,3,3,Male,Single,31,Policy Holder,Sedan - Collision,Sedan,20000 to 29000,0,7125,10,400,3,more than 30,more than 30,2 to 4,5 years,31 to 35,No,No,External,more than 5,no change,1 vehicle,1995,Collision
3,4,3,Accura,Urban,3,3,5,Male,Married,36,Policy Holder,Sedan - All Perils,Sedan,more than 69000,0,7126,1,400,3,more than 30,more than 30,more than 4,more than 7,36 to 40,No,No,External,more than 5,no change,1 vehicle,1995,All Perils
3,1,1,Mazda,Urban,1,4,1,Female,Single,38,Policy Holder,Sedan - Liability,Sport,20000 to 29000,0,7127,4,400,4,more than 30,more than 30,2 to 4,6 years,36 to 40,No,No,External,1 to 2,no change,1 vehicle,1995,Liability
4,1,4,Pontiac,Urban,5,3,1,Male,Single,37,Policy Holder,Sedan - Liability,Sport,20000 to 29000,0,7128,7,400,3,more than 30,more than 30,more than 4,more than 7,36 to 40,No,No,External,more than 5,no change,1 vehicle,1995,Liability
3,2,7,Pontiac,Urban,2,1,2,Male,Single,26,Policy Holder,Sedan - Liability,Sport,30000 to 39000,0,7129,9,400,3,more than 30,more than 30,2 to 4,7 years,31 to 35,No,No,External,more than 5,no change,1 vehicle,1995,Liability
11,4,1,Toyota,Urban,2,3,2,Female,Married,75,Policy Holder,Sedan - Liability,Sport,20000 to 29000,0,7130,8,400,3,more than 30,more than 30,1,more than 7,over 65,No,No,External,none,no change,1 vehicle,1995,Liability
3,2,2,Pontiac,Urban,2,3,3,Male,Married,63,Policy Holder,Sedan - Liability,Sport,more than 69000,0,7131,2,700,4,more than 30,more than 30,more than 4,more than 7,51 to 65,No,No,External,none,no change,1 vehicle,1995,Liability
3,3,1,Pontiac,Urban,1,3,3,Male,Married,42,Third Party,Sedan - All Perils,Sedan,20000 to 29000,0,7132,11,400,1,more than 30,more than 30,1,7 years,36 to 40,No,No,External,3 to 5,no change,1 vehicle,1995,All Perils
3,2,1,Honda,Urban,2,4,3,Male,Married,40,Third Party,Sedan - Collision,Sedan,20000 to 29000,0,7133,6,400,1,more than 30,more than 30,1,7 years,36 to 40,No,No,External,none,no change,1 vehicle,1995,Collision
3,5,3,Mazda,Urban,5,10,1,Female,Married,32,Policy Holder,Sedan - Liability,Sport,20000 to 29000,0,7134,4,400,2,more than 30,more than 30,1,6 years,31 to 35,No,No,External,3 to 5,no change,1 vehicle,1995,Liability
10,2,5,Saab,Rural,3,3,3,Male,Married,34,Policy Holder,Sedan - Collision,Sedan,30000 to 39000,1,7135,12,400,2,more than 30,more than 30,1,7 years,31 to 35,No,No,External,3 to 5,no change,3 to 4,1995,Collision
3,3,7,Toyota,Urban,2,6,4,Male,Married,44,Third Party,Sedan - Collision,Sedan,20000 to 29000,0,7136,2,400,4,more than 30,more than 30,none,more than 7,36 to 40,No,No,External,none,no change,1 vehicle,1995,Collision
5,5,3,Honda,Urban,1,11,2,Female,Married,37,Policy Holder,Sedan - Liability,Sport,30000 to 39000,0,7137,2,400,3,more than 30,more than 30,1,7 years,36 to 40,No,No,External,none,no change,1 vehicle,1995,Liability
6,5,3,Honda,Urban,3,6,4,Male,Married,32,Policy Holder,Sedan - Collision,Sedan,20000 to 29000,0,7138,11,400,1,more than 30,more than 30,2 to 4,6 years,31 to 35,No,No,External,more than 5,no change,1 vehicle,1995,Collision
6,5,2,Pontiac,Urban,2,10,5,Female,Married,36,Policy Holder,Sedan - Collision,Sedan,30000 to 39000,0,7139,8,400,3,more than 30,more than 30,2 to 4,6 years,36 to 40,No,No,External,3 to 5,no change,1 vehicle,1995,Collision
10,1,4,Mazda,Urban,4,11,1,Female,Single,37,Third Party,Sedan - Collision,Sedan,20000 to 29000,0,7140,6,400,2,more than 30,more than 30,more than 4,7 years,36 to 40,No,No,External,1 to 2,no change,1 vehicle,1995,Collision
11,4,3,Ford,Rural,3,10,4,Male,Married,40,Policy Holder,Sedan - Collision,Sedan,30000 to 39000,0,7141,7,500,1,more than 30,more than 30,2 to 4,7 years,36 to 40,No,No,External,none,2 to 3 years,2 vehicles,1995,Collision
10,4,6,Dodge,Urban,2,10,4,Female,Single,32,Policy Holder,Sedan - Liability,Sport,20000 to 29000,0,7142,15,400,4,more than 30,more than 30,more than 4,5 years,31 to 35,No,No,External,none,no change,1 vehicle,1995,Liability
10,4,6,Pontiac,Urban,1,4,4,Male,Single,31,Third Party,Sedan - Collision,Sedan,20000 to 29000,0,7143,1,400,4,more than 30,more than 30,none,5 years,31 to 35,No,No,External,3 to 5,no change,1 vehicle,1995,Collision
4,1,1,Pontiac,Urban,3,4,1,Male,Married,40,Policy Holder,Sedan - Liability,Sport,more than 69000,0,7144,16,400,4,more than 30,more than 30,2 to 4,more than 7,36 to 40,No,No,External,more than 5,no change,1 vehicle,1995,Liability
4,1,5,Pontiac,Urban,5,7,1,Female,Single,26,Policy Holder,Sedan - Liability,Sport,20000 to 29000,0,7145,7,400,3,more than 30,more than 30,2 to 4,6 years,31 to 35,No,No,External,none,no change,1 vehicle,1995,Liability
6,3,5,Ford,Urban,1,5,2,Male,Married,41,Policy Holder,Sedan - Collision,Sedan,30000 to 39000,0,7146,16,400,1,more than 30,more than 30,more than 4,7 years,36 to 40,Yes,No,External,none,no change,1 vehicle,1995,Collision
4,5,4,Pontiac,Rural,3,8,1,Male,Divorced,60,Policy Holder,Sedan - Liability,Sport,30000 to 39000,0,7147,11,400,2,more than 30,more than 30,1,6 years,51 to 65,No,No,External,more than 5,no change,1 vehicle,1995,Liability
7,3,2,Toyota,Urban,2,7,3,Female,Married,31,Policy Holder,Sedan - All Perils,Sedan,less than 20000,0,7148,14,400,4,more than 30,more than 30,none,7 years,31 to 35,No,No,External,more than 5,no change,1 vehicle,1995,All Perils
7,2,1,Mazda,Urban,1,7,2,Male,Married,58,Policy Holder,Sedan - Collision,Sedan,20000 to 29000,0,7149,7,400,1,more than 30,more than 30,none,more than 7,51 to 65,No,No,External,1 to 2,no change,1 vehicle,1995,Collision
7,2,6,Pontiac,Urban,4,8,2,Male,Married,41,Policy Holder,Sedan - Collision,Sedan,less than 20000,0,7150,9,400,2,more than 30,more than 30,none,6 years,36 to 40,No,No,External,none,no change,1 vehicle,1995,Collision
7,5,2,Ford,Urban,3,8,1,Female,Married,31,Third Party,Sedan - Liability,Sport,30000 to 39000,0,7151,12,400,3,more than 30,more than 30,2 to 4,7 years,31 to 35,No,No,External,more than 5,no change,1 vehicle,1995,Liability
7,4,6,Honda,Rural,1,9,1,Male,Single,29,Policy Holder,Sedan - Collision,Sedan,20000 to 29000,0,7152,5,400,2,more than 30,more than 30,2 to 4,6 years,31 to 35,No,No,External,3 to 5,no change,1 vehicle,1995,Collision
8,3,3,Pontiac,Urban,2,12,1,Male,Married,54,Third Party,Sedan - Collision,Sedan,20000 to 29000,0,7153,3,400,3,more than 30,more than 30,none,more than 7,41 to 50,No,No,External,none,no change,1 vehicle,1995,Collision
12,1,1,Mazda,Rural,2,3,2,Female,Widow,45,Third Party,Sedan - Collision,Sedan,more than 69000,0,7154,1,400,4,more than 30,more than 30,2 to 4,more than 7,36 to 40,No,No,External,none,no change,1 vehicle,1995,Collision
3,3,2,Mazda,Urban,4,3,3,Male,Married,37,Third Party,Sedan - Collision,Sedan,20000 to 29000,0,7155,5,400,4,more than 30,more than 30,none,7 years,36 to 40,No,No,External,more than 5,no change,1 vehicle,1995,Collision
3,3,1,Pontiac,Urban,5,3,3,Female,Single,28,Policy Holder,Sedan - Liability,Sport,20000 to 29000,0,7156,7,400,2,more than 30,more than 30,more than 4,7 years,31 to 35,No,No,External,1 to 2,no change,1 vehicle,1995,Liability
3,3,2,Mazda,Urban,1,4,3,Male,Single,25,Policy Holder,Sedan - Collision,Sedan,20000 to 29000,0,7157,2,400,2,more than 30,more than 30,2 to 4,5 years,26 to 30,No,No,External,none,no change,1 vehicle,1995,Collision
3,3,3,Ford,Urban,4,12,1,Male,Married,40,Policy Holder,Sedan - All Perils,Sedan,40000 to 59000,0,7158,12,400,4,more than 30,more than 30,1,7 years,36 to 40,No,No,External,1 to 2,no change,1 vehicle,1995,All Perils
5,2,4,Accura,Urban,1,10,4,Male,Married,46,Policy Holder,Sedan - Liability,Sport,20000 to 29000,0,7159,12,400,2,more than 30,more than 30,2 to 4,7 years,41 to 50,No,No,External,more than 5,no change,1 vehicle,1995,Liability
10,2,7,Honda,Urban,4,9,3,Male,Married,29,Policy Holder,Sedan - Collision,Sedan,20000 to 29000,1,7160,10,400,4,more than 30,more than 30,2 to 4,6 years,31 to 35,No,No,External,1 to 2,no change,1 vehicle,1995,Collision
7,5,3,Pontiac,Urban,1,10,1,Male,Single,33,Policy Holder,Sedan - Collision,Sedan,20000 to 29000,0,7161,6,400,1,more than 30,more than 30,2 to 4,6 years,31 to 35,No,No,External,more than 5,no change,1 vehicle,1995,Collision
8,5,4,Toyota,Urban,3,10,4,Male,Single,27,Policy Holder,Sedan - Liability,Sport,20000 to 29000,0,7162,10,700,4,more than 30,more than 30,1,7 years,31 to 35,No,No,External,more than 5,4 to 8 years,2 vehicles,1995,Liability
10,2,2,Chevrolet,Urban,2,10,4,Male,Married,54,Policy Holder,Sedan - Liability,Sport,30000 to 39000,0,7163,6,400,4,more than 30,more than 30,1,6 years,41 to 50,No,No,External,none,no change,1 vehicle,1995,Liability
10,3,7,Pontiac,Urban,3,10,4,Female,Single,52,Third Party,Sedan - Collision,Sedan,20000 to 29000,0,7164,3,400,3,more than 30,more than 30,none,more than 7,41 to 50,Yes,Yes,External,more than 5,no change,1 vehicle,1995,Collision
10,3,4,VW,Urban,3,11,3,Male,Single,44,Third Party,Sedan - All Perils,Sedan,40000 to 59000,0,7165,13,400,2,more than 30,more than 30,none,7 years,36 to 40,No,No,External,none,no change,1 vehicle,1995,All Perils
10,2,6,Honda,Urban,7,4,2,Male,Single,35,Policy Holder,Sedan - Collision,Sedan,30000 to 39000,1,7166,12,400,3,more than 30,more than 30,more than 4,7 years,31 to 35,No,No,External,more than 5,no change,1 vehicle,1995,Collision
4,3,6,Pontiac,Rural,1,4,4,Male,Married,50,Policy Holder,Sedan - Collision,Sedan,30000 to 39000,0,7167,9,400,2,more than 30,more than 30,none,more than 7,41 to 50,No,No,External,none,no change,1 vehicle,1995,Collision
4,3,3,Pontiac,Urban,4,5,3,Male,Married,36,Policy Holder,Sedan - Collision,Sedan,30000 to 39000,0,7168,7,400,3,more than 30,more than 30,2 to 4,7 years,36 to 40,No,No,External,1 to 2,no change,1 vehicle,1995,Collision
5,2,4,Pontiac,Rural,4,10,2,Male,Married,61,Policy Holder,Sedan - Liability,Sport,20000 to 29000,0,7169,3,400,3,more than 30,more than 30,2 to 4,more than 7,51 to 65,No,No,External,more than 5,no change,1 vehicle,1995,Liability
10,2,1,Pontiac,Urban,3,5,3,Male,Married,26,Third Party,Sedan - All Perils,Sedan,20000 to 29000,0,7170,10,400,1,more than 30,more than 30,2 to 4,6 years,31 to 35,No,No,External,3 to 5,no change,1 vehicle,1995,All Perils
5,2,7,Toyota,Rural,3,7,3,Male,Single,43,Policy Holder,Sedan - All Perils,Sedan,20000 to 29000,0,7171,16,400,2,more than 30,more than 30,none,7 years,36 to 40,No,No,External,none,no change,1 vehicle,1995,All Perils
6,3,3,Pontiac,Urban,5,8,1,Female,Divorced,42,Policy Holder,Sedan - Collision,Sedan,less than 20000,0,7172,13,400,3,none,more than 30,1,4 years,36 to 40,No,No,External,none,no change,1 vehicle,1995,Collision
8,3,2,Mazda,Urban,2,9,3,Male,Married,45,Policy Holder,Utility - All Perils,Utility,more than 69000,0,7173,9,400,4,more than 30,more than 30,2 to 4,7 years,36 to 40,No,No,External,more than 5,no change,1 vehicle,1995,All Perils
8,3,1,Pontiac,Urban,1,11,4,Male,Married,54,Policy Holder,Sedan - Liability,Sport,30000 to 39000,0,7174,7,400,2,more than 30,more than 30,2 to 4,7 years,41 to 50,No,No,External,none,no change,1 vehicle,1995,Liability
11,1,1,Pontiac,Rural,1,12,1,Male,Married,63,Policy Holder,Sedan - Collision,Sedan,20000 to 29000,0,7175,8,400,4,more than 30,more than 30,1,more than 7,51 to 65,No,No,External,none,no change,1 vehicle,1995,Collision
12,3,4,Mazda,Urban,4,10,3,Male,Single,37,Policy Holder,Sedan - All Perils,Sedan,30000 to 39000,0,7176,1,400,3,more than 30,more than 30,1,7 years,36 to 40,No,No,External,more than 5,no change,3 to 4,1995,All Perils
10,2,7,Chevrolet,Urban,4,4,2,Female,Single,21,Policy Holder,Sedan - Liability,Sport,20000 to 29000,0,7177,16,400,3,more than 30,more than 30,2 to 4,4 years,26 to 30,No,No,External,more than 5,no change,1 vehicle,1995,Liability
3,2,1,Toyota,Urban,5,2,2,Male,Married,55,Policy Holder,Sedan - All Perils,Sedan,20000 to 29000,0,7178,12,400,3,more than 30,more than 30,none,7 years,41 to 50,No,No,External,more than 5,no change,1 vehicle,1995,All Perils
1,4,4,Accura,Urban,4,3,1,Male,Married,41,Third Party,Sedan - All Perils,Sedan,30000 to 39000,0,7179,15,400,4,more than 30,more than 30,1,7 years,36 to 40,No,No,External,none,no change,1 vehicle,1995,All Perils
3,1,4,Chevrolet,Urban,4,10,1,Male,Married,39,Policy Holder,Sedan - Liability,Sport,30000 to 39000,0,7180,14,400,4,more than 30,more than 30,none,7 years,36 to 40,No,No,External,more than 5,no change,1 vehicle,1995,Liability
10,2,2,Honda,Urban,4,6,3,Male,Married,33,Policy Holder,Sedan - All Perils,Sedan,20000 to 29000,1,7181,9,400,2,more than 30,more than 30,1,6 years,31 to 35,No,No,External,1 to 2,no change,1 vehicle,1995,All Perils
5,5,3,Toyota,Urban,1,5,1,Male,Married,46,Policy Holder,Sedan - All Perils,Sedan,less than 20000,0,7182,12,400,1,more than 30,more than 30,none,more than 7,41 to 50,No,No,External,none,no change,1 vehicle,1995,All Perils
5,4,1,Ford,Urban,4,7,5,Male,Married,54,Policy Holder,Sedan - All Perils,Sedan,20000 to 29000,0,7183,2,400,1,more than 30,more than 30,none,more than 7,41 to 50,No,No,External,1 to 2,4 to 8 years,2 vehicles,1995,All Perils
7,1,2,Chevrolet,Urban,5,7,2,Male,Married,44,Policy Holder,Utility - All Perils,Utility,more than 69000,0,7184,16,400,3,more than 30,more than 30,1,more than 7,36 to 40,No,No,External,none,no change,1 vehicle,1995,All Perils
7,1,7,Pontiac,Rural,1,9,3,Male,Married,48,Policy Holder,Sedan - All Perils,Sedan,20000 to 29000,0,7185,1,400,2,more than 30,more than 30,none,more than 7,41 to 50,No,No,External,more than 5,no change,1 vehicle,1995,All Perils
9,3,4,Mazda,Urban,5,9,3,Female,Married,53,Policy Holder,Sedan - Liability,Sport,less than 20000,0,7186,5,400,2,more than 30,more than 30,2 to 4,7 years,41 to 50,No,No,External,none,no change,1 vehicle,1995,Liability
9,3,4,Pontiac,Urban,5,9,5,Male,Married,42,Third Party,Sedan - All Perils,Sedan,20000 to 29000,0,7187,9,400,4,more than 30,more than 30,none,7 years,36 to 40,Yes,No,External,1 to 2,no change,1 vehicle,1995,All Perils
9,3,1,Pontiac,Urban,4,11,3,Female,Married,33,Third Party,Sedan - Collision,Sedan,less than 20000,0,7188,6,400,1,more than 30,more than 30,2 to 4,6 years,31 to 35,Yes,No,External,3 to 5,no change,1 vehicle,1995,Collision
10,5,7,Mazda,Urban,4,10,2,Male,Single,44,Third Party,Sedan - Liability,Sport,20000 to 29000,0,7189,15,400,1,more than 30,more than 30,1,more than 7,36 to 40,No,No,External,3 to 5,no change,1 vehicle,1995,Liability
10,2,4,Pontiac,Rural,4,10,2,Male,Married,33,Third Party,Sedan - All Perils,Sedan,20000 to 29000,0,7190,6,400,1,none,more than 30,1,6 years,31 to 35,No,No,External,none,1 year,1 vehicle,1995,All Perils
10,1,3,Chevrolet,Urban,4,5,2,Male,Single,34,Policy Holder,Sedan - All Perils,Sedan,20000 to 29000,0,7191,14,400,1,more than 30,more than 30,2 to 4,6 years,31 to 35,No,No,External,1 to 2,no change,1 vehicle,1995,All Perils
5,4,3,Honda,Rural,5,6,4,Male,Single,40,Policy Holder,Sedan - Collision,Sedan,20000 to 29000,0,7192,1,500,1,more than 30,more than 30,2 to 4,6 years,36 to 40,No,No,External,none,2 to 3 years,1 vehicle,1995,Collision
5,4,5,Toyota,Urban,2,10,1,Male,Married,53,Policy Holder,Sedan - Liability,Sport,30000 to 39000,0,7193,7,700,1,more than 30,more than 30,2 to 4,7 years,41 to 50,No,No,External,more than 5,no change,1 vehicle,1995,Liability
10,3,4,Mazda,Urban,1,7,3,Male,Married,50,Third Party,Sedan - All Perils,Sedan,20000 to 29000,0,7194,6,400,3,more than 30,more than 30,none,more than 7,41 to 50,No,No,External,3 to 5,no change,1 vehicle,1995,All Perils
7,1,4,Chevrolet,Urban,2,6,2,Female,Married,45,Third Party,Sedan - All Perils,Sedan,20000 to 29000,0,7195,7,400,3,more than 30,more than 30,none,5 years,36 to 40,No,No,External,none,no change,1 vehicle,1995,All Perils
6,2,4,Toyota,Urban,5,9,2,Female,Married,45,Policy Holder,Sedan - Liability,Sport,20000 to 29000,0,7196,7,400,3,more than 30,more than 30,more than 4,7 years,36 to 40,No,No,External,more than 5,no change,1 vehicle,1995,Liability
8,5,5,Pontiac,Rural,6,10,1,Male,Married,29,Policy Holder,Sedan - Liability,Sport,20000 to 29000,0,7197,10,400,2,more than 30,more than 30,1,7 years,31 to 35,No,No,External,none,no change,1 vehicle,1995,Liability
10,3,2,Honda,Urban,2,10,3,Female,Married,40,Third Party,Sedan - Collision,Sedan,20000 to 29000,0,7198,2,400,1,more than 30,more than 30,more than 4,7 years,36 to 40,No,No,External,more than 5,no change,1 vehicle,1995,Collision
10,1,4,Honda,Urban,1,10,1,Female,Single,28,Policy Holder,Sedan - Liability,Sport,20000 to 29000,0,7199,14,400,4,more than 30,more than 30,more than 4,7 years,31 to 35,No,No,External,3 to 5,no change,1 vehicle,1995,Liability
9,5,5,Honda,Urban,2,10,1,Female,Married,44,Policy Holder,Sedan - All Perils,Sedan,20000 to 29000,0,7200,9,400,1,more than 30,more than 30,none,6 years,36 to 40,No,No,External,none,no change,1 vehicle,1995,All Perils
9,5,3,Toyota,Urban,3,6,1,Male,Married,61,Policy Holder,Sedan - All Perils,Sedan,less than 20000,0,7201,13,400,4,more than 30,more than 30,none,more than 7,51 to 65,No,No,External,none,no change,1 vehicle,1995,All Perils
6,3,1,Toyota,Urban,1,6,3,Male,Single,31,Third Party,Sedan - All Perils,Sedan,20000 to 29000,0,7202,7,400,1,more than 30,more than 30,1,6 years,31 to 35,No,No,External,1 to 2,no change,1 vehicle,1995,All Perils
6,2,5,Toyota,Urban,2,10,2,Male,Married,26,Policy Holder,Sedan - Collision,Sedan,30000 to 39000,0,7203,3,400,4,more than 30,more than 30,1,7 years,31 to 35,No,No,External,none,no change,1 vehicle,1995,Collision
10,1,7,Pontiac,Rural,1,2,2,Male,Married,75,Third Party,Sedan - All Perils,Sedan,less than 20000,0,7204,6,400,4,more than 30,more than 30,2 to 4,6 years,over 65,Yes,No,External,3 to 5,4 to 8 years,2 vehicles,1995,All Perils
1,5,6,Toyota,Urban,4,2,4,Male,Married,41,Third Party,Sedan - All Perils,Sedan,20000 to 29000,0,7205,10,400,1,more than 30,more than 30,2 to 4,more than 7,36 to 40,No,No,External,none,no change,1 vehicle,1995,All Perils
7,4,1,Toyota,Urban,4,8,4,Male,Married,76,Policy Holder,Sedan - All Perils,Sedan,less than 20000,0,7206,12,400,3,more than 30,more than 30,none,more than 7,over 65,No,No,External,1 to 2,no change,1 vehicle,1995,All Perils
7,3,1,Mazda,Urban,4,11,3,Female,Married,39,Policy Holder,Sedan - Liability,Sport,20000 to 29000,0,7207,5,400,1,more than 30,more than 30,2 to 4,7 years,36 to 40,No,No,External,none,no change,1 vehicle,1995,Liability
11,2,6,Toyota,Urban,2,11,2,Female,Single,30,Third Party,Sedan - All Perils,Sedan,more than 69000,0,7208,15,400,2,more than 30,more than 30,none,5 years,31 to 35,No,No,External,none,no change,1 vehicle,1995,All Perils
11,1,6,VW,Rural,3,9,2,Male,Married,34,Third Party,Sedan - All Perils,Sedan,40000 to 59000,0,7209,5,400,3,more than 30,more than 30,none,5 years,31 to 35,No,No,External,none,no change,1 vehicle,1995,All Perils
9,3,2,Honda,Urban,3,10,3,Female,Married,38,Third Party,Sedan - Collision,Sedan,20000 to 29000,0,7210,11,400,3,more than 30,more than 30,1,7 years,36 to 40,No,No,External,none,no change,1 vehicle,1995,Collision
9,4,5,Toyota,Urban,2,6,1,Male,Single,21,Third Party,Sedan - Collision,Sedan,20000 to 29000,0,7211,8,400,3,more than 30,more than 30,2 to 4,5 years,26 to 30,No,No,External,none,no change,1 vehicle,1995,Collision
6,2,5,Toyota,Urban,1,10,2,Female,Married,40,Policy Holder,Sedan - Liability,Sport,20000 to 29000,0,7212,10,400,2,more than 30,more than 30,more than 4,7 years,36 to 40,No,No,External,more than 5,no change,1 vehicle,1995,Liability
10,3,4,Chevrolet,Rural,5,6,3,Female,Married,30,Policy Holder,Sedan - All Perils,Sedan,more than 69000,1,7213,16,400,3,more than 30,more than 30,1,6 years,31 to 35,No,No,External,none,no change,1 vehicle,1995,All Perils
6,1,5,Honda,Urban,3,10,1,Male,Married,60,Policy Holder,Sedan - Liability,Sport,20000 to 29000,0,7214,5,400,2,more than 30,more than 30,1,more than 7,51 to 65,No,No,External,none,no change,1 vehicle,1995,Liability
10,3,4,Mazda,Urban,4,5,3,Male,Single,22,Third Party,Sedan - All Perils,Sedan,30000 to 39000,0,7215,10,400,2,more than 30,more than 30,2 to 4,5 years,26 to 30,No,No,External,none,no change,1 vehicle,1995,All Perils
4,3,1,Toyota,Urban,4,8,4,Male,Married,42,Policy Holder,Sedan - All Perils,Sedan,20000 to 29000,0,7216,9,400,3,more than 30,more than 30,1,7 years,36 to 40,Yes,No,External,1 to 2,no change,1 vehicle,1995,All Perils
8,2,6,Chevrolet,Rural,3,10,2,Male,Married,27,Policy Holder,Sedan - Collision,Sedan,30000 to 39000,0,7217,13,400,2,more than 30,more than 30,2 to 4,7 years,31 to 35,No,No,Internal,none,no change,3 to 4,1995,Collision
10,3,3,Chevrolet,Urban,3,6,3,Male,Single,33,Third Party,Sedan - All Perils,Sedan,30000 to 39000,0,7218,12,400,4,more than 30,more than 30,1,6 years,31 to 35,No,No,External,more than 5,no change,1 vehicle,1995,All Perils
6,4,5,Honda,Urban,2,6,4,Female,Single,30,Policy Holder,Sedan - Liability,Sport,more than 69000,0,7219,11,400,1,more than 30,more than 30,2 to 4,6 years,31 to 35,No,No,External,none,no change,1 vehicle,1995,Liability
6,1,3,Pontiac,Urban,4,5,2,Male,Married,29,Third Party,Sedan - All Perils,Sedan,20000 to 29000,0,7220,15,400,4,more than 30,more than 30,none,6 years,31 to 35,No,No,External,none,no change,1 vehicle,1995,All Perils
5,3,2,Mazda,Urban,3,6,3,Male,Single,26,Policy Holder,Sedan - Liability,Sport,30000 to 39000,0,7221,1,400,3,more than 30,more than 30,more than 4,6 years,31 to 35,No,No,External,3 to 5,no change,1 vehicle,1995,Liability
5,3,4,Mazda,Urban,4,5,1,Male,Married,53,Policy Holder,Sedan - Collision,Sedan,30000 to 39000,0,7222,3,400,1,more than 30,more than 30,none,more than 7,41 to 50,No,No,External,none,no change,1 vehicle,1995,Collision
5,1,2,Pontiac,Urban,5,5,4,Male,Single,29,Policy Holder,Sedan - All Perils,Sedan,20000 to 29000,0,7223,4,400,2,more than 30,more than 30,2 to 4,7 years,31 to 35,No,No,External,more than 5,no change,1 vehicle,1995,All Perils
5,1,3,Pontiac,Urban,1,4,1,Male,Married,78,Policy Holder,Sedan - All Perils,Sedan,20000 to 29000,0,7224,1,700,3,more than 30,15 to 30,none,more than 7,over 65,No,No,External,none,no change,1 vehicle,1995,All Perils
3,5,6,Ford,Urban,6,11,1,Male,Married,53,Policy Holder,Utility - All Perils,Utility,more than 69000,0,7225,7,400,1,more than 30,more than 30,1,more than 7,41 to 50,No,No,External,none,4 to 8 years,2 vehicles,1995,All Perils
11,1,5,Toyota,Urban,1,10,1,Male,Single,29,Policy Holder,Sedan - Liability,Sport,20000 to 29000,0,7226,11,400,4,more than 30,more than 30,2 to 4,6 years,31 to 35,No,No,External,none,no change,1 vehicle,1995,Liability
10,3,2,Toyota,Urban,1,9,4,Male,Married,44,Policy Holder,Sedan - Liability,Sport,20000 to 29000,0,7227,3,400,3,more than 30,more than 30,2 to 4,7 years,36 to 40,No,No,External,1 to 2,no change,1 vehicle,1995,Liability
9,2,6,Toyota,Urban,2,10,3,Male,Single,38,Third Party,Sedan - Collision,Sedan,20000 to 29000,0,7228,9,400,2,more than 30,more than 30,none,7 years,36 to 40,No,No,External,1 to 2,no change,1 vehicle,1995,Collision
10,3,6,Toyota,Urban,2,10,3,Male,Married,60,Third Party,Sedan - Collision,Sedan,20000 to 29000,0,7229,15,400,1,more than 30,more than 30,none,more than 7,51 to 65,No,No,External,none,no change,1 vehicle,1995,Collision
10,3,5,Mazda,Urban,5,6,3,Female,Married,46,Policy Holder,Sedan - Collision,Sedan,30000 to 39000,1,7230,4,400,3,more than 30,more than 30,more than 4,more than 7,41 to 50,No,No,External,3 to 5,no change,1 vehicle,1995,Collision
5,1,4,VW,Urban,4,5,4,Male,Single,28,Policy Holder,Sedan - Collision,Sedan,more than 69000,0,7231,12,400,4,more than 30,more than 30,2 to 4,6 years,31 to 35,No,No,External,more than 5,no change,1 vehicle,1995,Collision
5,1,6,Accura,Urban,3,10,1,Male,Married,49,Policy Holder,Sedan - Liability,Sport,30000 to 39000,0,7232,9,400,1,more than 30,more than 30,1,more than 7,41 to 50,No,No,External,1 to 2,no change,1 vehicle,1995,Liability
10,3,6,Pontiac,Urban,5,10,3,Male,Single,23,Third Party,Sedan - Collision,Sedan,20000 to 29000,0,7233,12,400,3,more than 30,more than 30,1,4 years,26 to 30,No,No,External,none,no change,1 vehicle,1995,Collision
10,3,6,Chevrolet,Urban,5,10,4,Male,Married,64,Policy Holder,Sedan - Liability,Sport,20000 to 29000,0,7234,13,400,1,more than 30,more than 30,1,more than 7,51 to 65,No,No,External,more than 5,no change,1 vehicle,1995,Liability
10,3,6,Honda,Urban,1,11,4,Female,Single,32,Third Party,Sedan - Liability,Sport,20000 to 29000,0,7235,6,400,1,more than 30,more than 30,1,5 years,31 to 35,No,No,External,more than 5,no change,1 vehicle,1995,Liability
11,2,6,Pontiac,Urban,5,10,3,Male,Married,33,Policy Holder,Sedan - Collision,Sedan,20000 to 29000,0,7236,14,400,1,more than 30,more than 30,none,7 years,31 to 35,No,No,External,none,no change,1 vehicle,1995,Collision
10,4,1,Honda,Urban,1,10,5,Male,Married,70,Third Party,Sedan - Collision,Sedan,40000 to 59000,0,7237,13,400,4,more than 30,more than 30,none,more than 7,over 65,No,No,External,3 to 5,no change,1 vehicle,1995,Collision
10,2,7,Mazda,Urban,2,7,3,Male,Married,55,Policy Holder,Sedan - Liability,Sport,30000 to 39000,0,7238,16,400,2,more than 30,more than 30,more than 4,more than 7,41 to 50,No,No,External,none,no change,1 vehicle,1995,Liability
6,4,1,Toyota,Urban,5,6,2,Male,Married,43,Policy Holder,Sedan - All Perils,Sedan,30000 to 39000,0,7239,11,400,3,more than 30,more than 30,2 to 4,7 years,36 to 40,No,No,External,none,no change,1 vehicle,1995,All Perils
6,2,6,Honda,Urban,1,5,3,Male,Married,49,Policy Holder,Sedan - Liability,Sport,20000 to 29000,0,7240,9,400,3,more than 30,more than 30,2 to 4,more than 7,41 to 50,No,No,External,more than 5,no change,1 vehicle,1995,Liability
5,3,7,Chevrolet,Rural,4,7,3,Male,Married,27,Policy Holder,Sedan - Collision,Sedan,20000 to 29000,0,7241,6,400,3,more than 30,more than 30,none,6 years,31 to 35,No,No,External,none,no change,1 vehicle,1995,Collision
5,3,5,Toyota,Urban,1,4,4,Male,Married,35,Third Party,Sedan - Liability,Sport,20000 to 29000,0,7242,5,400,2,more than 30,more than 30,more than 4,6 years,31 to 35,No,No,External,none,no change,1 vehicle,1995,Liability
4,3,6,Mazda,Rural,3,4,3,Male,Married,39,Policy Holder,Sedan - Collision,Sedan,20000 to 29000,0,7243,9,500,4,more than 30,more than 30,1,7 years,36 to 40,No,No,External,more than 5,2 to 3 years,1 vehicle,1995,Collision
4,2,6,Mazda,Urban,1,11,2,Male,Married,46,Third Party,Sedan - Liability,Sport,20000 to 29000,0,7244,5,400,2,more than 30,more than 30,more than 4,7 years,41 to 50,No,No,External,none,no change,1 vehicle,1995,Liability
11,2,4,Honda,Urban,3,11,2,Male,Single,32,Policy Holder,Sedan - Collision,Sedan,20000 to 29000,0,7245,7,400,1,more than 30,more than 30,none,6 years,31 to 35,No,No,External,none,no change,1 vehicle,1995,Collision
11,1,6,Pontiac,Urban,1,7,2,Male,Married,43,Third Party,Sedan - All Perils,Sedan,less than 20000,0,7246,9,400,3,more than 30,more than 30,none,7 years,36 to 40,No,No,External,1 to 2,4 to 8 years,2 vehicles,1995,All Perils
7,1,6,Honda,Urban,6,7,1,Male,Married,26,Policy Holder,Sedan - All Perils,Sedan,20000 to 29000,0,7247,6,400,1,more than 30,more than 30,none,7 years,31 to 35,No,No,External,1 to 2,no change,1 vehicle,1995,All Perils
6,4,6,Mazda,Urban,3,4,1,Male,Married,38,Policy Holder,Utility - All Perils,Utility,more than 69000,0,7248,14,400,3,more than 30,more than 30,2 to 4,7 years,36 to 40,No,No,External,more than 5,no change,1 vehicle,1995,All Perils
4,4,5,Toyota,Urban,2,3,4,Male,Single,32,Policy Holder,Sedan - Collision,Sedan,20000 to 29000,0,7249,11,400,2,more than 30,more than 30,none,7 years,31 to 35,No,No,External,none,no change,1 vehicle,1995,Collision
3,1,3,VW,Urban,4,3,2,Male,Married,40,Policy Holder,Sedan - Liability,Sport,60000 to 69000,0,7250,5,400,2,more than 30,more than 30,more than 4,more than 7,36 to 40,No,No,External,more than 5,no change,1 vehicle,1995,Liability
2,3,6,Accura,Urban,1,10,1,Male,Married,44,Policy Holder,Sedan - Collision,Sedan,more than 69000,0,7251,12,400,2,more than 30,more than 30,2 to 4,7 years,36 to 40,No,No,External,1 to 2,no change,1 vehicle,1995,Collision
10,4,2,Toyota,Urban,6,10,4,Male,Married,54,Policy Holder,Sedan - Collision,Sedan,20000 to 29000,0,7252,15,400,3,more than 30,more than 30,none,more than 7,41 to 50,No,No,External,1 to 2,no change,1 vehicle,1995,Collision
9,4,6,Toyota,Urban,1,9,1,Male,Married,26,Policy Holder,Sedan - Collision,Sedan,20000 to 29000,0,7253,14,400,1,more than 30,more than 30,more than 4,6 years,31 to 35,No,No,External,none,no change,1 vehicle,1995,Collision
9,4,6,Mazda,Urban,1,8,4,Male,Single,32,Third Party,Sedan - Collision,Sedan,30000 to 39000,0,7254,13,400,3,more than 30,more than 30,2 to 4,7 years,31 to 35,No,No,External,more than 5,no change,1 vehicle,1995,Collision
8,3,6,Honda,Urban,4,10,4,Male,Married,46,Policy Holder,Sedan - Liability,Sport,20000 to 29000,0,7255,6,700,4,more than 30,more than 30,more than 4,more than 7,41 to 50,No,No,External,none,no change,1 vehicle,1995,Liability
8,3,5,Mazda,Urban,2,7,3,Female,Single,44,Policy Holder,Sedan - Liability,Sport,40000 to 59000,0,7256,14,400,4,more than 30,more than 30,2 to 4,7 years,36 to 40,No,No,Internal,more than 5,no change,1 vehicle,1995,Liability
7,2,7,VW,Urban,2,6,2,Male,Married,59,Third Party,Sedan - Liability,Sport,more than 69000,0,7257,14,400,3,more than 30,more than 30,more than 4,more than 7,51 to 65,No,No,External,more than 5,no change,1 vehicle,1995,Liability
6,1,1,Mazda,Urban,1,5,2,Female,Single,30,Policy Holder,Sedan - Liability,Sport,20000 to 29000,0,7258,13,400,1,more than 30,more than 30,2 to 4,4 years,31 to 35,No,No,External,none,no change,3 to 4,1995,Liability
5,2,7,Pontiac,Rural,2,10,2,Male,Married,53,Policy Holder,Sedan - Collision,Sedan,40000 to 59000,0,7259,12,400,1,more than 30,more than 30,1,more than 7,41 to 50,No,No,External,more than 5,no change,1 vehicle,1995,Collision
10,3,5,Chevrolet,Urban,3,4,3,Female,Married,30,Third Party,Sedan - Collision,Sedan,more than 69000,0,7260,6,400,2,more than 30,more than 30,2 to 4,5 years,31 to 35,No,No,External,1 to 2,no change,1 vehicle,1995,Collision
4,4,6,Mercury,Urban,1,4,4,Male,Married,64,Policy Holder,Sedan - All Perils,Sedan,20000 to 29000,0,7261,5,400,2,more than 30,more than 30,none,more than 7,51 to 65,No,No,External,more than 5,no change,1 vehicle,1995,All Perils
4,4,1,Honda,Urban,4,4,4,Male,Married,58,Policy Holder,Sedan - Liability,Sport,20000 to 29000,0,7262,4,400,4,more than 30,more than 30,none,more than 7,51 to 65,No,No,External,1 to 2,no change,1 vehicle,1995,Liability
4,1,6,Chevrolet,Urban,4,7,3,Male,Married,38,Policy Holder,Sedan - Liability,Sport,more than 69000,0,7263,5,400,3,more than 30,more than 30,2 to 4,more than 7,36 to 40,No,No,External,1 to 2,no change,1 vehicle,1995,Liability
7,1,1,Toyota,Urban,1,7,1,Male,Single,33,Policy Holder,Sedan - Liability,Sport,30000 to 39000,0,7264,4,400,1,more than 30,more than 30,none,6 years,31 to 35,No,No,External,none,no change,1 vehicle,1995,Liability
7,1,3,Honda,Urban,4,3,1,Male,Married,29,Policy Holder,Sedan - Liability,Sport,20000 to 29000,0,7265,11,400,2,more than 30,more than 30,more than 4,6 years,31 to 35,No,No,External,none,no change,1 vehicle,1995,Liability
3,1,3,Honda,Urban,5,3,1,Male,Single,34,Third Party,Sedan - Liability,Sport,20000 to 29000,0,7266,16,400,1,more than 30,more than 30,more than 4,6 years,31 to 35,No,No,External,more than 5,no change,1 vehicle,1995,Liability
3,1,2,Chevrolet,Urban,2,4,1,Female,Married,34,Policy Holder,Sedan - Liability,Sport,20000 to 29000,0,7267,3,400,2,more than 30,more than 30,none,6 years,31 to 35,No,No,External,none,4 to 8 years,2 vehicles,1995,Liability
4,3,4,Toyota,Urban,4,4,3,Female,Married,46,Policy Holder,Sedan - Liability,Sport,20000 to 29000,0,7268,9,400,4,more than 30,more than 30,1,7 years,41 to 50,No,No,External,none,no change,1 vehicle,1995,Liability
4,3,6,Pontiac,Urban,1,2,3,Male,Married,49,Policy Holder,Sedan - Liability,Sport,30000 to 39000,0,7269,4,400,1,more than 30,more than 30,1,more than 7,41 to 50,No,No,External,3 to 5,no change,1 vehicle,1995,Liability
2,4,5,Honda,Urban,4,3,5,Male,Single,0,Policy Holder,Sedan - Liability,Sport,more than 69000,0,7270,4,400,3,more than 30,more than 30,1,new,16 to 17,No,No,External,none,no change,1 vehicle,1995,Liability
2,4,4,Mazda,Urban,5,2,2,Male,Married,32,Policy Holder,Sedan - Liability,Sport,20000 to 29000,0,7271,14,400,2,more than 30,more than 30,more than 4,6 years,31 to 35,No,No,External,1 to 2,no change,1 vehicle,1995,Liability
2,2,4,Honda,Urban,3,3,2,Male,Married,61,Policy Holder,Sedan - All Perils,Sedan,more than 69000,0,7272,8,400,4,more than 30,more than 30,1,new,51 to 65,No,No,External,none,no change,1 vehicle,1995,All Perils
2,2,6,Toyota,Urban,2,3,1,Male,Married,33,Policy Holder,Sedan - Collision,Sedan,20000 to 29000,0,7273,13,400,1,8 to 15,more than 30,none,6 years,31 to 35,No,No,External,none,no change,1 vehicle,1995,Collision
11,3,5,Honda,Urban,1,10,1,Male,Married,29,Policy Holder,Sedan - All Perils,Sedan,more than 69000,0,7274,14,400,3,more than 30,more than 30,none,new,31 to 35,No,No,External,none,no change,1 vehicle,1995,All Perils
10,4,5,Pontiac,Urban,2,1,4,Female,Single,44,Third Party,Sedan - Liability,Sport,20000 to 29000,0,7275,11,400,1,more than 30,more than 30,2 to 4,7 years,36 to 40,No,No,External,none,no change,1 vehicle,1995,Liability
1,4,7,Ford,Urban,3,3,4,Male,Married,36,Third Party,Sedan - Liability,Sport,40000 to 59000,0,7276,4,400,4,more than 30,more than 30,1,7 years,36 to 40,No,No,External,1 to 2,no change,1 vehicle,1995,Liability
2,1,6,Pontiac,Urban,3,3,2,Male,Married,48,Policy Holder,Sedan - Liability,Sport,20000 to 29000,0,7277,10,400,4,more than 30,more than 30,more than 4,more than 7,41 to 50,No,No,External,1 to 2,no change,1 vehicle,1995,Liability
2,1,4,Pontiac,Urban,2,4,1,Female,Single,39,Third Party,Sedan - Collision,Sedan,20000 to 29000,0,7278,6,400,3,more than 30,more than 30,none,5 years,36 to 40,No,No,External,none,no change,1 vehicle,1995,Collision
2,2,1,Honda,Urban,5,3,1,Male,Single,30,Policy Holder,Sport - Collision,Sport,more than 69000,0,7279,13,400,3,more than 30,more than 30,none,6 years,31 to 35,No,No,External,none,no change,1 vehicle,1995,Collision
2,3,1,Toyota,Urban,1,2,1,Male,Married,44,Policy Holder,Sedan - All Perils,Sedan,30000 to 39000,0,7280,11,400,4,more than 30,more than 30,2 to 4,7 years,36 to 40,No,No,External,1 to 2,no change,1 vehicle,1995,All Perils
2,3,7,Toyota,Urban,3,2,3,Male,Married,38,Policy Holder,Sedan - Liability,Sport,20000 to 29000,0,7281,2,400,2,more than 30,more than 30,more than 4,7 years,36 to 40,No,No,External,none,1 year,1 vehicle,1995,Liability
2,2,2,Chevrolet,Urban,1,3,3,Male,Married,39,Policy Holder,Sedan - Collision,Sedan,40000 to 59000,0,7282,15,400,3,more than 30,more than 30,none,7 years,36 to 40,No,No,External,none,no change,1 vehicle,1995,Collision
3,1,6,Pontiac,Urban,2,3,4,Male,Married,30,Policy Holder,Sedan - Collision,Sedan,30000 to 39000,0,7283,9,400,1,more than 30,more than 30,2 to 4,5 years,31 to 35,No,No,External,none,no change,1 vehicle,1995,Collision
3,1,6,Toyota,Urban,5,4,2,Male,Married,75,Policy Holder,Sedan - All Perils,Sedan,less than 20000,0,7284,10,400,3,more than 30,more than 30,1,more than 7,over 65,No,No,External,none,no change,1 vehicle,1995,All Perils
3,3,5,Chevrolet,Urban,1,3,1,Male,Single,24,Third Party,Sedan - Collision,Sedan,30000 to 39000,0,7285,11,400,4,more than 30,more than 30,1,5 years,26 to 30,No,No,External,none,no change,1 vehicle,1995,Collision
3,3,1,Honda,Urban,2,3,4,Male,Married,42,Third Party,Sedan - Collision,Sedan,less than 20000,0,7286,14,700,2,more than 30,more than 30,none,7 years,36 to 40,No,No,External,none,no change,1 vehicle,1995,Collision
3,4,5,Mazda,Urban,2,4,4,Male,Married,36,Policy Holder,Sedan - Collision,Sedan,30000 to 39000,0,7287,4,400,3,more than 30,more than 30,none,7 years,36 to 40,No,No,External,more than 5,no change,1 vehicle,1995,Collision
3,4,1,Honda,Urban,1,4,1,Male,Single,0,Policy Holder,Sedan - All Perils,Sedan,more than 69000,0,7288,11,400,4,more than 30,more than 30,none,new,16 to 17,No,No,External,none,4 to 8 years,2 vehicles,1995,All Perils
4,1,7,Toyota,Urban,2,4,1,Male,Married,39,Policy Holder,Sedan - Liability,Sport,20000 to 29000,0,7289,6,400,1,more than 30,more than 30,2 to 4,7 years,36 to 40,No,No,External,more than 5,no change,1 vehicle,1995,Liability
4,2,4,Mazda,Urban,4,4,2,Male,Married,40,Policy Holder,Sedan - Liability,Sport,20000 to 29000,0,7290,12,400,3,more than 30,more than 30,1,7 years,36 to 40,No,No,External,none,no change,1 vehicle,1995,Liability
4,3,1,Toyota,Urban,2,4,5,Male,Married,37,Policy Holder,Sedan - All Perils,Sedan,20000 to 29000,0,7291,7,400,2,more than 30,more than 30,2 to 4,more than 7,36 to 40,No,No,External,more than 5,no change,1 vehicle,1995,All Perils
4,3,1,Honda,Urban,2,9,3,Male,Single,0,Policy Holder,Sedan - Liability,Sport,more than 69000,0,7292,16,400,3,more than 30,more than 30,1,new,16 to 17,No,No,External,none,no change,1 vehicle,1995,Liability
9,2,4,Pontiac,Urban,2,12,2,Male,Single,33,Policy Holder,Sedan - All Perils,Sedan,less than 20000,0,7293,7,400,3,more than 30,more than 30,none,5 years,31 to 35,No,No,External,none,no change,1 vehicle,1995,All Perils
12,4,5,Toyota,Urban,3,12,4,Female,Single,24,Policy Holder,Sedan - Liability,Sport,20000 to 29000,0,7294,11,400,3,more than 30,more than 30,none,3 years,26 to 30,No,No,External,none,2 to 3 years,1 vehicle,1995,Liability
12,4,3,Toyota,Urban,1,2,5,Female,Divorced,51,Policy Holder,Sedan - All Perils,Sedan,less than 20000,0,7295,5,400,4,more than 30,more than 30,1,7 years,41 to 50,No,No,External,more than 5,no change,1 vehicle,1995,All Perils
2,3,5,Pontiac,Urban,2,2,3,Male,Married,30,Policy Holder,Sedan - Liability,Sport,30000 to 39000,0,7296,11,400,3,more than 30,more than 30,more than 4,7 years,31 to 35,No,No,External,1 to 2,no change,1 vehicle,1995,Liability
2,3,5,Honda,Urban,4,2,4,Female,Single,33,Third Party,Sedan - Collision,Sedan,20000 to 29000,0,7297,2,400,1,more than 30,more than 30,1,5 years,31 to 35,No,No,External,none,no change,1 vehicle,1995,Collision
2,3,7,Mazda,Urban,3,3,4,Male,Single,33,Policy Holder,Sedan - Collision,Sedan,20000 to 29000,0,7298,8,400,1,more than 30,more than 30,2 to 4,7 years,31 to 35,No,No,External,1 to 2,no change,1 vehicle,1995,Collision
2,4,5,Toyota,Urban,1,2,3,Male,Married,55,Third Party,Sedan - All Perils,Sedan,30000 to 39000,0,7299,3,400,3,more than 30,more than 30,2 to 4,more than 7,41 to 50,No,No,External,none,no change,3 to 4,1995,All Perils
2,4,4,Toyota,Urban,2,3,4,Male,Single,44,Policy Holder,Sedan - Collision,Sedan,20000 to 29000,0,7300,9,400,1,more than 30,more than 30,none,7 years,36 to 40,No,No,External,more than 5,no change,1 vehicle,1995,Collision
3,1,6,Pontiac,Urban,3,3,5,Male,Single,34,Policy Holder,Sedan - Collision,Sedan,20000 to 29000,0,7301,6,400,1,more than 30,more than 30,2 to 4,6 years,31 to 35,No,No,External,3 to 5,no change,1 vehicle,1995,Collision
3,1,1,Chevrolet,Urban,4,3,2,Male,Married,59,Policy Holder,Sedan - Liability,Sport,20000 to 29000,0,7302,5,400,2,more than 30,more than 30,2 to 4,more than 7,51 to 65,No,No,External,none,no change,1 vehicle,1995,Liability
3,1,3,Toyota,Rural,4,3,2,Male,Married,38,Policy Holder,Sedan - Collision,Sedan,30000 to 39000,0,7303,11,400,1,more than 30,more than 30,1,7 years,36 to 40,No,No,External,more than 5,no change,1 vehicle,1995,Collision
3,2,5,Honda,Urban,5,3,2,Male,Married,44,Policy Holder,Sedan - Liability,Sport,more than 69000,0,7304,4,400,3,more than 30,more than 30,1,7 years,36 to 40,No,No,External,3 to 5,no change,1 vehicle,1995,Liability
3,3,2,Honda,Urban,5,3,3,Male,Married,37,Policy Holder,Sedan - Liability,Sport,30000 to 39000,0,7305,6,400,4,more than 30,more than 30,1,7 years,36 to 40,No,No,External,more than 5,no change,1 vehicle,1995,Liability
3,4,1,Mazda,Urban,3,6,4,Male,Single,34,Third Party,Sedan - Collision,Sedan,30000 to 39000,0,7306,7,400,4,15 to 30,more than 30,2 to 4,5 years,31 to 35,No,No,External,none,no change,1 vehicle,1995,Collision
6,3,6,Toyota,Urban,1,7,4,Male,Married,45,Policy Holder,Sedan - Collision,Sedan,20000 to 29000,0,7307,7,400,3,more than 30,more than 30,more than 4,7 years,36 to 40,No,No,External,more than 5,no change,1 vehicle,1995,Collision
6,4,3,Toyota,Urban,4,7,2,Male,Single,18,Third Party,Sedan - Collision,Sedan,20000 to 29000,0,7308,1,400,4,more than 30,more than 30,none,3 years,21 to 25,No,No,External,1 to 2,no change,1 vehicle,1995,Collision
6,5,4,Honda,Urban,6,7,1,Female,Single,38,Third Party,Sedan - Liability,Sport,20000 to 29000,0,7309,7,400,3,more than 30,more than 30,2 to 4,7 years,36 to 40,No,No,External,none,4 to 8 years,2 vehicles,1995,Liability
6,5,2,Pontiac,Urban,2,7,1,Male,Single,25,Third Party,Sedan - All Perils,Sedan,less than 20000,0,7310,8,400,2,more than 30,more than 30,2 to 4,5 years,26 to 30,No,No,External,3 to 5,no change,1 vehicle,1995,All Perils
7,1,3,Pontiac,Urban,4,7,1,Male,Married,31,Policy Holder,Sedan - Liability,Sport,more than 69000,0,7311,1,400,2,more than 30,more than 30,2 to 4,7 years,31 to 35,No,No,External,more than 5,no change,1 vehicle,1995,Liability
7,1,4,Pontiac,Urban,2,11,1,Male,Married,26,Policy Holder,Sedan - All Perils,Sedan,less than 20000,0,7312,7,400,1,more than 30,more than 30,1,5 years,31 to 35,No,No,External,none,no change,1 vehicle,1995,All Perils
11,1,5,Mazda,Urban,2,11,2,Female,Married,35,Policy Holder,Sedan - Collision,Sedan,20000 to 29000,0,7313,3,400,2,more than 30,more than 30,none,6 years,31 to 35,No,No,External,1 to 2,no change,1 vehicle,1995,Collision
11,1,2,Toyota,Urban,4,11,2,Male,Married,51,Policy Holder,Sedan - All Perils,Sedan,20000 to 29000,0,7314,5,400,3,more than 30,more than 30,none,more than 7,41 to 50,No,No,External,more than 5,no change,1 vehicle,1995,All Perils
11,2,5,Toyota,Urban,1,10,3,Male,Single,27,Policy Holder,Sedan - Liability,Sport,20000 to 29000,0,7315,10,400,3,more than 30,more than 30,1,6 years,31 to 35,No,No,External,none,no change,1 vehicle,1995,Liability
10,3,1,Honda,Urban,3,10,4,Male,Single,26,Policy Holder,Sedan - Collision,Sedan,20000 to 29000,0,7316,10,400,2,more than 30,more than 30,2 to 4,6 years,31 to 35,No,No,External,more than 5,no change,1 vehicle,1995,Collision
10,3,1,Pontiac,Urban,6,7,4,Male,Single,35,Policy Holder,Sedan - Collision,Sedan,30000 to 39000,1,7317,13,700,4,more than 30,more than 30,2 to 4,7 years,31 to 35,No,No,External,1 to 2,no change,1 vehicle,1995,Collision
7,1,5,Honda,Urban,1,7,3,Male,Married,50,Policy Holder,Sedan - Liability,Sport,30000 to 39000,0,7318,11,400,2,more than 30,more than 30,2 to 4,more than 7,41 to 50,No,No,External,more than 5,no change,1 vehicle,1995,Liability
6,5,5,Chevrolet,Urban,1,7,2,Male,Married,49,Third Party,Sedan - Collision,Sedan,30000 to 39000,0,7319,3,400,3,more than 30,more than 30,2 to 4,more than 7,41 to 50,No,No,External,1 to 2,no change,1 vehicle,1995,Collision
6,5,6,Honda,Urban,6,7,1,Male,Married,52,Third Party,Sedan - Liability,Sport,more than 69000,0,7320,13,400,1,more than 30,more than 30,more than 4,more than 7,41 to 50,No,No,External,more than 5,no change,1 vehicle,1995,Liability
6,4,4,Honda,Urban,2,6,1,Male,Single,21,Third Party,Sport - Collision,Sport,more than 69000,0,7321,8,400,2,more than 30,more than 30,2 to 4,6 years,26 to 30,No,No,External,1 to 2,no change,1 vehicle,1995,Collision
6,4,4,Pontiac,Urban,5,6,4,Male,Married,50,Third Party,Sedan - All Perils,Sedan,less than 20000,0,7322,12,400,4,more than 30,more than 30,none,more than 7,41 to 50,No,No,External,none,no change,1 vehicle,1995,All Perils
6,4,1,Honda,Urban,3,4,4,Male,Single,27,Policy Holder,Sedan - Liability,Sport,20000 to 29000,0,7323,1,400,4,more than 30,more than 30,more than 4,6 years,31 to 35,No,No,External,3 to 5,no change,1 vehicle,1995,Liability
4,2,2,Pontiac,Urban,5,10,2,Male,Single,35,Policy Holder,Sedan - Liability,Sport,more than 69000,0,7324,11,400,2,more than 30,more than 30,more than 4,7 years,31 to 35,No,No,External,3 to 5,no change,1 vehicle,1995,Liability
10,3,4,Pontiac,Urban,5,3,4,Male,Married,64,Policy Holder,Sedan - All Perils,Sedan,20000 to 29000,1,7325,6,400,1,more than 30,more than 30,1,more than 7,51 to 65,No,No,External,none,no change,1 vehicle,1995,All Perils
3,5,2,Pontiac,Urban,3,10,5,Male,Married,33,Policy Holder,Sedan - Collision,Sedan,20000 to 29000,0,7326,13,400,1,more than 30,more than 30,1,6 years,31 to 35,No,No,External,none,no change,1 vehicle,1995,Collision
10,3,6,Chevrolet,Urban,4,3,3,Male,Married,45,Third Party,Sedan - All Perils,Sedan,more than 69000,0,7327,6,400,2,more than 30,more than 30,none,7 years,36 to 40,No,No,External,none,no change,1 vehicle,1995,All Perils
3,3,2,Honda,Urban,3,3,4,Male,Single,30,Third Party,Sedan - Liability,Sport,20000 to 29000,0,7328,3,400,1,more than 30,more than 30,none,6 years,31 to 35,No,No,External,3 to 5,no change,1 vehicle,1995,Liability
3,3,1,Mazda,Urban,1,3,3,Male,Married,39,Policy Holder,Utility - All Perils,Utility,more than 69000,0,7329,10,400,4,more than 30,more than 30,2 to 4,7 years,36 to 40,No,No,External,none,no change,1 vehicle,1995,All Perils
3,2,6,Mazda,Urban,1,3,3,Male,Married,53,Policy Holder,Sedan - All Perils,Sedan,more than 69000,0,7330,7,400,3,more than 30,more than 30,none,more than 7,41 to 50,No,No,External,1 to 2,4 to 8 years,2 vehicles,1995,All Perils
3,2,5,Pontiac,Urban,1,3,2,Female,Married,44,Policy Holder,Sedan - Collision,Sedan,20000 to 29000,0,7331,14,400,3,more than 30,more than 30,1,7 years,36 to 40,No,No,External,more than 5,no change,1 vehicle,1995,Collision
3,2,7,Toyota,Urban,1,3,2,Male,Married,57,Policy Holder,Sedan - Collision,Sedan,20000 to 29000,0,7332,13,400,3,more than 30,more than 30,none,more than 7,51 to 65,No,No,External,none,no change,1 vehicle,1995,Collision
3,1,5,Pontiac,Urban,5,3,1,Female,Married,59,Third Party,Sedan - All Perils,Sedan,less than 20000,0,7333,12,400,2,more than 30,more than 30,1,more than 7,51 to 65,Yes,No,External,more than 5,no change,1 vehicle,1995,All Perils
3,1,4,Ford,Urban,4,3,1,Male,Single,44,Policy Holder,Sedan - Collision,Sedan,40000 to 59000,0,7334,10,400,2,more than 30,more than 30,more than 4,6 years,36 to 40,No,No,External,more than 5,no change,1 vehicle,1995,Collision
3,1,3,Pontiac,Urban,2,3,1,Male,Single,34,Policy Holder,Sedan - Collision,Sedan,20000 to 29000,0,7335,7,400,2,more than 30,more than 30,2 to 4,6 years,31 to 35,No,No,External,more than 5,no change,1 vehicle,1995,Collision
3,1,2,Chevrolet,Rural,3,10,3,Male,Married,40,Policy Holder,Utility - Collision,Utility,more than 69000,0,7336,16,400,2,more than 30,more than 30,2 to 4,7 years,36 to 40,No,No,External,more than 5,no change,1 vehicle,1995,Collision
10,3,4,Pontiac,Urban,5,2,3,Male,Married,42,Policy Holder,Sedan - All Perils,Sedan,more than 69000,1,7337,10,400,3,more than 30,more than 30,1,7 years,36 to 40,No,No,External,more than 5,no change,1 vehicle,1995,All Perils
2,3,5,Toyota,Urban,2,5,3,Male,Single,31,Policy Holder,Sedan - Collision,Sedan,20000 to 29000,0,7338,5,400,3,more than 30,more than 30,none,5 years,31 to 35,No,No,External,more than 5,no change,1 vehicle,1995,Collision
12,4,2,Honda,Urban,2,10,2,Male,Married,41,Policy Holder,Sedan - All Perils,Sedan,more than 69000,0,7339,9,400,4,more than 30,more than 30,none,new,36 to 40,No,No,External,none,no change,1 vehicle,1995,All Perils
10,1,2,Toyota,Rural,2,10,1,Female,Divorced,47,Policy Holder,Sedan - Collision,Sedan,30000 to 39000,0,7340,13,400,2,more than 30,more than 30,1,7 years,41 to 50,No,No,External,1 to 2,no change,3 to 4,1995,Collision
10,1,7,Honda,Urban,1,10,1,Male,Married,55,Policy Holder,Sedan - Liability,Sport,20000 to 29000,0,7341,14,400,3,more than 30,more than 30,none,more than 7,41 to 50,No,No,External,more than 5,no change,1 vehicle,1995,Liability
10,1,3,Honda,Urban,1,10,1,Male,Married,39,Third Party,Sedan - Collision,Sedan,20000 to 29000,0,7342,15,400,2,more than 30,more than 30,2 to 4,more than 7,36 to 40,No,No,External,none,no change,1 vehicle,1995,Collision
10,3,7,Honda,Urban,4,9,4,Male,Married,21,Third Party,Sedan - Collision,Sedan,20000 to 29000,0,7343,11,400,4,more than 30,more than 30,1,5 years,26 to 30,No,No,External,1 to 2,no change,1 vehicle,1995,Collision
9,2,7,Honda,Urban,2,9,3,Male,Married,28,Third Party,Sedan - Collision,Sedan,20000 to 29000,0,7344,6,400,4,more than 30,more than 30,1,7 years,31 to 35,No,No,External,none,no change,1 vehicle,1995,Collision
9,2,1,Mazda,Urban,2,7,2,Female,Single,30,Policy Holder,Sedan - Liability,Sport,30000 to 39000,0,7345,9,500,4,more than 30,more than 30,2 to 4,7 years,31 to 35,No,No,External,3 to 5,2 to 3 years,1 vehicle,1995,Liability
7,2,4,Mazda,Urban,1,7,2,Male,Married,51,Policy Holder,Sedan - Liability,Sport,30000 to 39000,0,7346,8,400,1,more than 30,more than 30,2 to 4,more than 7,41 to 50,No,No,External,none,no change,1 vehicle,1995,Liability
6,5,5,Toyota,Urban,2,7,1,Male,Married,58,Policy Holder,Sedan - Liability,Sport,20000 to 29000,0,7347,16,400,2,more than 30,more than 30,more than 4,7 years,51 to 65,No,No,External,none,no change,1 vehicle,1995,Liability
7,1,2,Honda,Urban,1,6,4,Male,Single,0,Policy Holder,Sedan - Liability,Sport,more than 69000,0,7348,3,400,2,more than 30,more than 30,2 to 4,new,16 to 17,No,No,External,none,no change,1 vehicle,1995,Liability
6,2,1,Pontiac,Urban,2,5,2,Male,Married,65,Policy Holder,Sedan - All Perils,Sedan,more than 69000,0,7349,12,400,2,more than 30,more than 30,1,more than 7,51 to 65,No,No,External,more than 5,no change,1 vehicle,1995,All Perils
5,2,1,Toyota,Urban,2,4,3,Male,Single,32,Policy Holder,Sedan - Collision,Sedan,20000 to 29000,0,7350,15,400,4,more than 30,more than 30,none,7 years,31 to 35,No,No,External,more than 5,no change,1 vehicle,1995,Collision
4,3,3,Pontiac,Urban,3,4,3,Male,Single,32,Policy Holder,Sedan - Liability,Sport,20000 to 29000,0,7351,11,400,4,more than 30,more than 30,2 to 4,7 years,31 to 35,No,No,External,more than 5,4 to 8 years,2 vehicles,1995,Liability
4,2,7,Mazda,Urban,1,4,2,Female,Married,26,Policy Holder,Sedan - Liability,Sport,20000 to 29000,0,7352,4,400,3,more than 30,more than 30,none,6 years,31 to 35,Yes,No,External,none,no change,1 vehicle,1995,Liability
4,2,6,Honda,Urban,3,5,2,Male,Married,30,Third Party,Sedan - Liability,Sport,20000 to 29000,0,7353,9,400,4,more than 30,more than 30,more than 4,7 years,31 to 35,No,No,External,more than 5,no change,1 vehicle,1995,Liability
4,1,6,Mazda,Urban,3,4,1,Male,Married,49,Policy Holder,Sedan - Collision,Sedan,20000 to 29000,0,7354,16,400,3,more than 30,more than 30,none,more than 7,41 to 50,No,No,External,more than 5,no change,1 vehicle,1995,Collision
4,1,7,Pontiac,Urban,3,4,1,Male,Married,35,Policy Holder,Sedan - Liability,Sport,20000 to 29000,0,7355,5,400,2,more than 30,more than 30,2 to 4,6 years,31 to 35,No,No,External,1 to 2,no change,1 vehicle,1995,Liability
4,1,5,Honda,Urban,1,3,1,Male,Single,25,Policy Holder,Sedan - All Perils,Sedan,less than 20000,0,7356,4,400,3,more than 30,more than 30,none,4 years,26 to 30,No,No,External,none,no change,1 vehicle,1995,All Perils
3,4,3,Toyota,Urban,3,3,5,Male,Single,35,Third Party,Sedan - Collision,Sedan,20000 to 29000,0,7357,9,400,4,more than 30,more than 30,none,5 years,31 to 35,No,No,External,none,no change,1 vehicle,1995,Collision
3,4,2,Mazda,Urban,2,3,4,Male,Married,35,Policy Holder,Sedan - Liability,Sport,30000 to 39000,0,7358,7,400,2,more than 30,more than 30,1,6 years,31 to 35,No,No,External,none,no change,1 vehicle,1995,Liability
3,4,4,Chevrolet,Urban,2,10,4,Male,Widow,59,Policy Holder,Sedan - Liability,Sport,20000 to 29000,0,7359,6,400,3,more than 30,more than 30,2 to 4,more than 7,51 to 65,No,No,External,1 to 2,no change,1 vehicle,1995,Liability
10,3,4,Chevrolet,Urban,3,3,4,Male,Single,28,Policy Holder,Sedan - All Perils,Sedan,20000 to 29000,1,7360,6,400,4,more than 30,more than 30,none,5 years,31 to 35,No,No,External,none,no change,1 vehicle,1995,All Perils
3,3,4,Accura,Urban,2,3,4,Male,Married,43,Policy Holder,Sedan - All Perils,Sedan,30000 to 39000,0,7361,3,400,1,more than 30,more than 30,2 to 4,7 years,36 to 40,No,No,External,none,no change,1 vehicle,1995,All Perils
3,3,4,Toyota,Urban,3,3,4,Female,Single,48,Third Party,Sedan - All Perils,Sedan,less than 20000,0,7362,4,400,4,more than 30,more than 30,1,7 years,41 to 50,No,No,External,none,no change,1 vehicle,1995,All Perils
3,2,3,Toyota,Urban,5,4,4,Female,Married,34,Third Party,Sedan - Collision,Sedan,20000 to 29000,0,7363,3,400,4,more than 30,more than 30,1,7 years,31 to 35,No,No,External,1 to 2,no change,1 vehicle,1995,Collision
3,2,4,Mazda,Urban,4,3,1,Male,Married,53,Third Party,Sedan - All Perils,Sedan,30000 to 39000,0,7364,3,400,3,more than 30,more than 30,2 to 4,6 years,41 to 50,No,No,External,none,no change,1 vehicle,1995,All Perils
3,1,4,Chevrolet,Urban,3,3,1,Male,Married,30,Policy Holder,Sedan - Collision,Sedan,30000 to 39000,0,7365,1,400,2,more than 30,more than 30,none,6 years,31 to 35,No,No,External,3 to 5,no change,1 vehicle,1995,Collision
3,1,5,Mazda,Rural,2,3,2,Male,Married,51,Policy Holder,Utility - All Perils,Utility,more than 69000,0,7366,2,400,2,more than 30,more than 30,2 to 4,more than 7,41 to 50,No,No,External,3 to 5,no change,1 vehicle,1995,All Perils
2,4,3,Chevrolet,Rural,1,2,2,Male,Married,55,Policy Holder,Sedan - All Perils,Sedan,more than 69000,0,7367,2,400,2,more than 30,more than 30,none,6 years,41 to 50,No,No,External,none,no change,1 vehicle,1995,All Perils
2,4,6,Saab,Rural,3,3,5,Male,Married,43,Third Party,Sedan - Liability,Sport,30000 to 39000,0,7368,14,400,3,more than 30,more than 30,more than 4,7 years,36 to 40,No,No,External,more than 5,no change,1 vehicle,1995,Liability
2,3,4,Pontiac,Urban,4,2,3,Male,Married,26,Policy Holder,Sedan - All Perils,Sedan,20000 to 29000,0,7369,9,400,2,more than 30,more than 30,2 to 4,6 years,31 to 35,No,No,External,more than 5,no change,1 vehicle,1995,All Perils
2,3,6,Mazda,Urban,1,2,3,Female,Married,29,Policy Holder,Sedan - Collision,Sedan,20000 to 29000,0,7370,7,400,3,more than 30,more than 30,2 to 4,7 years,31 to 35,No,No,External,1 to 2,no change,1 vehicle,1995,Collision
2,1,6,Toyota,Urban,1,2,2,Male,Married,41,Policy Holder,Sedan - All Perils,Sedan,20000 to 29000,0,7371,6,400,4,more than 30,more than 30,1,7 years,36 to 40,No,No,External,none,no change,1 vehicle,1995,All Perils
2,1,3,Accura,Urban,4,2,4,Male,Married,32,Policy Holder,Utility - All Perils,Utility,more than 69000,0,7372,10,400,4,more than 30,more than 30,none,6 years,31 to 35,No,No,External,none,1 year,2 vehicles,1995,All Perils
2,1,4,Mazda,Rural,1,4,1,Male,Married,65,Policy Holder,Sedan - All Perils,Sedan,more than 69000,0,7373,9,400,2,more than 30,more than 30,1,more than 7,51 to 65,No,No,External,none,no change,1 vehicle,1995,All Perils
2,1,6,Chevrolet,Rural,1,4,2,Male,Single,32,Policy Holder,Sedan - All Perils,Sedan,20000 to 29000,0,7374,2,400,2,more than 30,more than 30,none,6 years,31 to 35,No,No,External,none,no change,1 vehicle,1995,All Perils
1,1,4,Mazda,Urban,3,1,2,Male,Married,64,Policy Holder,Sedan - All Perils,Sedan,20000 to 29000,0,7375,9,400,1,more than 30,more than 30,none,more than 7,51 to 65,No,No,External,1 to 2,no change,1 vehicle,1995,All Perils
11,4,4,Chevrolet,Urban,1,7,3,Male,Married,37,Policy Holder,Sedan - Liability,Sport,30000 to 39000,0,7376,4,400,3,more than 30,more than 30,2 to 4,7 years,36 to 40,No,No,External,1 to 2,no change,1 vehicle,1995,Liability
12,4,6,Honda,Urban,2,5,4,Male,Single,0,Policy Holder,Sport - All Perils,Sport,more than 69000,0,7377,16,400,3,more than 30,more than 30,1,new,16 to 17,No,No,External,none,no change,1 vehicle,1995,All Perils
5,2,6,Honda,Urban,1,6,2,Male,Married,41,Third Party,Sedan - Collision,Sedan,30000 to 39000,0,7378,2,400,2,more than 30,more than 30,none,7 years,36 to 40,No,No,External,none,no change,1 vehicle,1995,Collision
6,3,7,Honda,Urban,2,6,3,Male,Single,41,Policy Holder,Sedan - All Perils,Sedan,30000 to 39000,0,7379,2,700,1,more than 30,more than 30,1,7 years,36 to 40,No,No,External,3 to 5,no change,1 vehicle,1995,All Perils
6,3,5,Pontiac,Urban,1,6,4,Male,Married,56,Policy Holder,Sedan - All Perils,Sedan,less than 20000,0,7380,7,400,2,more than 30,more than 30,2 to 4,7 years,51 to 65,No,No,External,none,no change,1 vehicle,1995,All Perils
6,2,1,Accura,Urban,4,6,2,Male,Single,24,Third Party,Sedan - Collision,Sedan,30000 to 39000,0,7381,12,400,3,more than 30,more than 30,1,5 years,26 to 30,No,No,External,none,no change,3 to 4,1995,Collision
6,4,4,Honda,Urban,4,8,5,Male,Single,0,Policy Holder,Sedan - Liability,Sport,more than 69000,0,7382,2,400,2,more than 30,more than 30,2 to 4,new,16 to 17,No,No,External,none,no change,1 vehicle,1995,Liability
8,4,4,Honda,Urban,5,11,4,Male,Single,30,Policy Holder,Sedan - Liability,Sport,20000 to 29000,0,7383,4,400,2,more than 30,more than 30,2 to 4,6 years,31 to 35,No,No,External,none,no change,1 vehicle,1995,Liability
11,2,3,Honda,Urban,4,11,2,Male,Married,42,Policy Holder,Sedan - Liability,Sport,20000 to 29000,0,7384,11,400,4,more than 30,more than 30,1,7 years,36 to 40,No,No,External,none,no change,1 vehicle,1995,Liability
10,4,6,Toyota,Urban,2,7,1,Male,Married,54,Third Party,Sedan - All Perils,Sedan,20000 to 29000,0,7385,16,400,3,more than 30,more than 30,1,more than 7,41 to 50,No,No,External,3 to 5,no change,1 vehicle,1995,All Perils
10,4,6,Mazda,Urban,4,11,4,Male,Married,30,Third Party,Sport - All Perils,Sport,20000 to 29000,0,7386,16,400,1,more than 30,more than 30,2 to 4,5 years,31 to 35,No,No,External,3 to 5,no change,1 vehicle,1995,All Perils
10,4,2,Toyota,Urban,3,7,3,Male,Married,38,Third Party,Sedan - Collision,Sedan,20000 to 29000,0,7387,13,400,3,more than 30,more than 30,1,7 years,36 to 40,No,Yes,External,1 to 2,no change,1 vehicle,1995,Collision
7,2,1,Toyota,Urban,1,11,2,Male,Married,46,Policy Holder,Sedan - Liability,Sport,20000 to 29000,0,7388,11,400,4,more than 30,more than 30,1,7 years,41 to 50,No,No,External,none,no change,1 vehicle,1995,Liability
11,2,1,Chevrolet,Urban,2,6,2,Male,Single,26,Policy Holder,Sedan - Liability,Sport,30000 to 39000,0,7389,10,400,1,more than 30,more than 30,2 to 4,4 years,31 to 35,No,No,External,none,no change,1 vehicle,1995,Liability
6,2,2,Honda,Urban,2,5,3,Male,Single,0,Policy Holder,Sedan - Liability,Sport,more than 69000,0,7390,10,400,4,more than 30,more than 30,none,new,16 to 17,No,No,External,none,no change,1 vehicle,1995,Liability
5,2,4,Mazda,Urban,5,10,2,Male,Married,80,Policy Holder,Sedan - Collision,Sedan,30000 to 39000,0,7391,11,400,2,more than 30,more than 30,more than 4,7 years,over 65,No,No,External,none,no change,1 vehicle,1995,Collision
9,5,4,Toyota,Urban,4,10,5,Male,Married,59,Third Party,Sedan - Collision,Sedan,more than 69000,0,7392,9,400,2,more than 30,more than 30,1,more than 7,51 to 65,No,No,External,none,no change,1 vehicle,1995,Collision
10,4,6,Pontiac,Urban,1,10,4,Male,Married,35,Policy Holder,Sedan - Collision,Sedan,20000 to 29000,0,7393,6,400,2,more than 30,more than 30,1,6 years,31 to 35,No,No,External,more than 5,4 to 8 years,2 vehicles,1995,Collision
10,4,6,Pontiac,Urban,3,10,4,Male,Married,53,Third Party,Sedan - All Perils,Sedan,20000 to 29000,0,7394,3,400,2,8 to 15,8 to 15,2 to 4,6 years,41 to 50,No,No,External,none,no change,1 vehicle,1995,All Perils
10,4,1,Honda,Rural,3,11,4,Female,Single,42,Policy Holder,Sedan - All Perils,Sedan,20000 to 29000,1,7395,8,400,3,more than 30,more than 30,none,4 years,36 to 40,No,No,External,1 to 2,no change,1 vehicle,1995,All Perils
11,3,1,Mazda,Urban,2,11,3,Male,Married,34,Third Party,Sedan - All Perils,Sedan,20000 to 29000,1,7396,13,300,4,more than 30,more than 30,1,5 years,31 to 35,No,No,External,none,2 to 3 years,1 vehicle,1995,All Perils
11,3,5,Accura,Urban,3,12,3,Female,Married,36,Policy Holder,Sedan - Collision,Sedan,30000 to 39000,0,7397,7,400,2,more than 30,more than 30,2 to 4,7 years,36 to 40,No,No,External,none,no change,1 vehicle,1995,Collision
12,3,4,Pontiac,Urban,3,4,5,Male,Married,33,Policy Holder,Sedan - All Perils,Sedan,20000 to 29000,0,7398,16,400,2,more than 30,more than 30,none,7 years,31 to 35,No,No,External,1 to 2,no change,1 vehicle,1995,All Perils
4,2,6,Honda,Urban,2,10,4,Male,Married,33,Policy Holder,Sedan - All Perils,Sedan,less than 20000,0,7399,5,400,1,more than 30,more than 30,none,7 years,31 to 35,No,No,External,none,no change,1 vehicle,1995,All Perils
10,4,7,Mazda,Urban,4,3,4,Male,Single,32,Third Party,Sedan - Liability,Sport,30000 to 39000,0,7400,15,400,1,more than 30,more than 30,2 to 4,5 years,31 to 35,No,No,External,1 to 2,no change,1 vehicle,1995,Liability
3,4,1,Mazda,Urban,2,5,5,Male,Married,45,Third Party,Sedan - Liability,Sport,20000 to 29000,0,7401,7,400,4,more than 30,more than 30,2 to 4,7 years,36 to 40,No,No,External,more than 5,no change,1 vehicle,1995,Liability
5,3,4,Toyota,Urban,4,5,4,Male,Married,57,Policy Holder,Sedan - Liability,Sport,20000 to 29000,0,7402,12,400,1,more than 30,more than 30,2 to 4,7 years,51 to 65,No,No,External,3 to 5,no change,1 vehicle,1995,Liability
5,2,7,Mazda,Urban,2,5,2,Male,Married,27,Third Party,Sedan - Collision,Sedan,more than 69000,0,7403,13,400,4,more than 30,more than 30,2 to 4,6 years,31 to 35,No,No,External,more than 5,no change,1 vehicle,1995,Collision
5,4,5,Toyota,Urban,2,5,5,Male,Married,28,Policy Holder,Sedan - All Perils,Sedan,less than 20000,0,7404,5,400,3,more than 30,more than 30,1,6 years,31 to 35,No,No,External,none,no change,1 vehicle,1995,All Perils
5,3,4,Chevrolet,Urban,1,7,5,Male,Married,42,Policy Holder,Sedan - Liability,Sport,20000 to 29000,0,7405,8,400,4,more than 30,more than 30,2 to 4,7 years,36 to 40,No,No,External,1 to 2,no change,1 vehicle,1995,Liability
6,4,2,Pontiac,Urban,4,8,1,Male,Single,53,Policy Holder,Sedan - Collision,Sedan,30000 to 39000,0,7406,4,400,1,more than 30,more than 30,2 to 4,more than 7,41 to 50,No,No,External,none,no change,1 vehicle,1995,Collision
8,1,3,Pontiac,Urban,4,7,1,Male,Married,55,Third Party,Sedan - All Perils,Sedan,less than 20000,0,7407,2,400,3,more than 30,more than 30,1,7 years,41 to 50,No,No,External,none,no change,1 vehicle,1995,All Perils
7,3,6,Pontiac,Urban,6,10,5,Male,Married,63,Policy Holder,Sedan - Collision,Sedan,30000 to 39000,0,7408,3,400,2,more than 30,more than 30,none,more than 7,51 to 65,No,No,External,none,no change,1 vehicle,1995,Collision
10,4,2,Honda,Urban,4,9,4,Male,Married,26,Policy Holder,Sedan - Collision,Sedan,less than 20000,1,7409,3,400,2,more than 30,more than 30,2 to 4,6 years,31 to 35,No,No,External,none,no change,1 vehicle,1995,Collision
9,2,3,Accura,Rural,5,9,3,Male,Married,45,Policy Holder,Utility - All Perils,Utility,more than 69000,0,7410,16,700,2,more than 30,more than 30,none,7 years,36 to 40,No,No,External,none,no change,1 vehicle,1995,All Perils
9,2,2,Toyota,Urban,3,11,2,Male,Single,33,Policy Holder,Sedan - All Perils,Sedan,20000 to 29000,0,7411,12,400,1,more than 30,more than 30,2 to 4,6 years,31 to 35,No,No,External,3 to 5,no change,1 vehicle,1995,All Perils
11,1,5,Chevrolet,Urban,2,10,1,Male,Married,40,Third Party,Sedan - Liability,Sport,30000 to 39000,0,7412,9,400,4,more than 30,more than 30,2 to 4,7 years,36 to 40,No,No,External,3 to 5,no change,1 vehicle,1995,Liability
10,2,1,Pontiac,Urban,2,11,2,Male,Married,50,Third Party,Sedan - All Perils,Sedan,20000 to 29000,0,7413,15,400,2,more than 30,more than 30,none,7 years,41 to 50,No,No,External,1 to 2,no change,1 vehicle,1995,All Perils
11,4,7,Toyota,Urban,3,6,4,Male,Married,40,Policy Holder,Sedan - Collision,Sedan,30000 to 39000,0,7414,14,400,1,more than 30,more than 30,2 to 4,7 years,36 to 40,No,No,External,more than 5,4 to 8 years,2 vehicles,1995,Collision
5,4,3,Toyota,Urban,3,6,5,Male,Married,59,Third Party,Sedan - Collision,Sedan,20000 to 29000,0,7415,7,400,3,more than 30,more than 30,more than 4,more than 7,51 to 65,No,No,External,none,no change,1 vehicle,1995,Collision
5,5,1,Toyota,Urban,1,9,2,Male,Married,40,Policy Holder,Sedan - Collision,Sedan,20000 to 29000,0,7416,6,400,2,more than 30,more than 30,1,7 years,36 to 40,No,No,External,1 to 2,no change,1 vehicle,1995,Collision
9,1,6,Mazda,Urban,4,7,1,Male,Married,39,Policy Holder,Sedan - Liability,Sport,30000 to 39000,0,7417,11,400,4,more than 30,more than 30,none,7 years,36 to 40,No,No,External,none,no change,1 vehicle,1995,Liability
7,2,3,Chevrolet,Urban,4,10,2,Male,Married,61,Policy Holder,Utility - All Perils,Utility,more than 69000,0,7418,7,400,1,more than 30,more than 30,2 to 4,more than 7,51 to 65,No,No,External,more than 5,no change,1 vehicle,1995,All Perils
10,1,7,Mazda,Rural,1,9,1,Male,Single,26,Policy Holder,Sedan - Collision,Sedan,20000 to 29000,0,7419,3,400,1,more than 30,more than 30,2 to 4,6 years,31 to 35,No,No,External,more than 5,no change,1 vehicle,1995,Collision
9,1,5,Chevrolet,Urban,4,9,1,Male,Married,51,Policy Holder,Sedan - Liability,Sport,20000 to 29000,0,7420,6,400,3,more than 30,more than 30,more than 4,more than 7,41 to 50,No,No,External,3 to 5,no change,1 vehicle,1995,Liability
9,1,5,Honda,Urban,5,7,3,Male,Married,40,Policy Holder,Sedan - Collision,Sedan,20000 to 29000,0,7421,9,400,1,more than 30,more than 30,2 to 4,6 years,36 to 40,No,No,External,none,no change,1 vehicle,1995,Collision
7,4,7,Honda,Urban,1,10,5,Male,Single,27,Third Party,Sedan - Collision,Sedan,20000 to 29000,0,7422,3,400,1,more than 30,more than 30,1,6 years,31 to 35,No,No,External,none,no change,3 to 4,1995,Collision
10,4,7,Toyota,Rural,1,7,5,Male,Single,49,Policy Holder,Sedan - All Perils,Sedan,20000 to 29000,1,7423,6,400,1,more than 30,more than 30,none,7 years,41 to 50,No,No,External,more than 5,no change,1 vehicle,1995,All Perils
7,3,3,Pontiac,Urban,5,12,3,Female,Married,37,Policy Holder,Sedan - Liability,Sport,30000 to 39000,0,7424,13,400,4,more than 30,more than 30,2 to 4,7 years,36 to 40,No,No,External,more than 5,no change,1 vehicle,1995,Liability
12,2,7,Chevrolet,Urban,1,1,2,Male,Single,33,Third Party,Sedan - All Perils,Sedan,20000 to 29000,0,7425,8,400,3,more than 30,more than 30,2 to 4,6 years,31 to 35,No,No,External,none,no change,1 vehicle,1995,All Perils
1,3,1,Pontiac,Urban,3,1,3,Female,Married,44,Policy Holder,Sedan - Collision,Sedan,20000 to 29000,0,7426,4,400,1,more than 30,more than 30,2 to 4,7 years,36 to 40,No,No,External,1 to 2,no change,1 vehicle,1995,Collision
1,2,7,Honda,Urban,4,10,3,Male,Single,29,Policy Holder,Sedan - All Perils,Sedan,less than 20000,0,7427,4,400,2,more than 30,more than 30,1,6 years,31 to 35,No,No,External,none,no change,1 vehicle,1995,All Perils
10,4,7,Pontiac,Urban,2,4,4,Female,Single,31,Policy Holder,Sedan - Collision,Sedan,less than 20000,1,7428,3,400,3,more than 30,more than 30,none,7 years,31 to 35,No,No,External,none,no change,1 vehicle,1995,Collision
3,1,2,Toyota,Urban,4,2,3,Male,Married,41,Policy Holder,Sedan - Liability,Sport,20000 to 29000,0,7429,16,400,1,more than 30,more than 30,more than 4,more than 7,36 to 40,No,No,External,none,no change,1 vehicle,1995,Liability
2,4,5,Honda,Urban,1,2,4,Male,Single,0,Policy Holder,Sedan - Liability,Sport,more than 69000,0,7430,5,400,2,more than 30,more than 30,2 to 4,new,16 to 17,No,No,External,none,no change,1 vehicle,1995,Liability
2,2,2,Mazda,Urban,2,11,3,Male,Married,36,Third Party,Sedan - Collision,Sedan,20000 to 29000,0,7431,2,400,3,more than 30,more than 30,1,7 years,36 to 40,No,No,External,3 to 5,no change,1 vehicle,1995,Collision
11,4,2,Pontiac,Urban,3,10,4,Female,Single,45,Policy Holder,Sedan - Liability,Sport,less than 20000,0,7432,15,400,2,more than 30,more than 30,2 to 4,7 years,36 to 40,No,No,External,more than 5,no change,1 vehicle,1995,Liability
10,4,4,Pontiac,Rural,5,2,4,Male,Married,63,Policy Holder,Sedan - Liability,Sport,30000 to 39000,0,7433,12,400,3,more than 30,more than 30,none,more than 7,51 to 65,No,No,Internal,3 to 5,no change,1 vehicle,1995,Liability
2,4,5,Honda,Urban,1,2,4,Male,Married,58,Policy Holder,Sedan - Liability,Sport,less than 20000,0,7434,5,400,3,more than 30,more than 30,2 to 4,more than 7,51 to 65,No,No,External,1 to 2,no change,1 vehicle,1995,Liability
2,1,4,Ford,Rural,5,2,1,Male,Married,29,Policy Holder,Sedan - Liability,Sport,40000 to 59000,0,7435,5,400,3,more than 30,more than 30,2 to 4,6 years,31 to 35,No,No,External,more than 5,4 to 8 years,2 vehicles,1995,Liability
2,1,2,Toyota,Urban,4,3,1,Male,Married,36,Policy Holder,Sedan - Liability,Sport,20000 to 29000,0,7436,1,400,3,more than 30,more than 30,none,7 years,36 to 40,No,No,External,none,no change,1 vehicle,1995,Liability
2,3,1,Pontiac,Urban,1,2,2,Male,Married,49,Policy Holder,Sedan - Liability,Sport,20000 to 29000,0,7437,13,400,4,more than 30,more than 30,2 to 4,7 years,41 to 50,No,No,External,more than 5,no change,1 vehicle,1995,Liability
2,2,5,Pontiac,Urban,4,2,4,Female,Divorced,43,Policy Holder,Sedan - Liability,Sport,20000 to 29000,0,7438,12,400,2,more than 30,more than 30,2 to 4,7 years,36 to 40,No,No,External,1 to 2,no change,1 vehicle,1995,Liability
1,5,1,Chevrolet,Urban,2,10,1,Male,Single,23,Policy Holder,Utility - All Perils,Utility,more than 69000,0,7439,8,400,2,more than 30,more than 30,more than 4,5 years,26 to 30,No,No,External,more than 5,no change,1 vehicle,1995,All Perils
10,4,6,Toyota,Urban,2,1,4,Male,Single,27,Policy Holder,Sedan - All Perils,Sedan,20000 to 29000,1,7440,7,400,2,15 to 30,15 to 30,none,6 years,31 to 35,No,No,External,none,no change,1 vehicle,1995,All Perils
1,2,4,Mazda,Urban,2,1,2,Male,Single,70,Policy Holder,Sedan - Liability,Sport,20000 to 29000,0,7441,1,700,1,more than 30,more than 30,none,more than 7,over 65,No,No,External,none,no change,1 vehicle,1995,Liability
12,5,1,Honda,Urban,2,1,2,Male,Married,31,Policy Holder,Sedan - All Perils,Sedan,20000 to 29000,0,7442,10,400,4,more than 30,more than 30,none,7 years,31 to 35,No,No,External,3 to 5,no change,1 vehicle,1995,All Perils
12,2,1,Toyota,Urban,2,11,3,Male,Married,70,Policy Holder,Sedan - Liability,Sport,20000 to 29000,0,7443,4,400,1,more than 30,more than 30,more than 4,more than 7,over 65,No,No,External,more than 5,no change,1 vehicle,1995,Liability
11,5,1,Honda,Urban,2,3,5,Male,Married,59,Third Party,Sedan - All Perils,Sedan,less than 20000,0,7444,7,400,3,more than 30,more than 30,none,5 years,51 to 65,No,No,External,none,no change,1 vehicle,1995,All Perils
3,3,3,Toyota,Urban,3,8,3,Male,Married,51,Policy Holder,Sedan - Liability,Sport,more than 69000,0,7445,7,400,2,more than 30,more than 30,more than 4,more than 7,41 to 50,No,No,External,1 to 2,no change,1 vehicle,1995,Liability
8,4,6,Mazda,Urban,1,3,5,Male,Married,33,Policy Holder,Sedan - Collision,Sedan,20000 to 29000,0,7446,3,400,3,more than 30,more than 30,1,7 years,31 to 35,No,No,External,none,no change,1 vehicle,1995,Collision
3,2,2,Chevrolet,Urban,5,11,3,Male,Single,33,Policy Holder,Sedan - All Perils,Sedan,more than 69000,0,7447,3,500,3,more than 30,more than 30,none,6 years,31 to 35,No,No,External,more than 5,2 to 3 years,1 vehicle,1995,All Perils
10,2,2,Toyota,Urban,3,6,2,Male,Single,37,Policy Holder,Sedan - Liability,Sport,30000 to 39000,0,7448,2,400,4,more than 30,more than 30,more than 4,7 years,36 to 40,No,No,External,1 to 2,no change,1 vehicle,1995,Liability
6,2,7,Toyota,Urban,4,7,4,Male,Single,23,Third Party,Sedan - All Perils,Sedan,20000 to 29000,0,7449,15,400,1,more than 30,more than 30,1,4 years,26 to 30,No,No,External,more than 5,no change,1 vehicle,1995,All Perils
7,1,1,Pontiac,Urban,1,7,2,Male,Single,28,Third Party,Sedan - All Perils,Sedan,less than 20000,0,7450,16,400,2,more than 30,more than 30,none,5 years,31 to 35,No,No,External,none,no change,1 vehicle,1995,All Perils
7,2,4,Pontiac,Rural,1,7,3,Male,Married,47,Policy Holder,Sedan - Collision,Sedan,20000 to 29000,0,7451,14,400,1,more than 30,more than 30,none,more than 7,41 to 50,Yes,No,External,1 to 2,no change,1 vehicle,1995,Collision
7,1,5,Pontiac,Urban,4,8,4,Female,Married,52,Policy Holder,Sedan - Liability,Sport,30000 to 39000,0,7452,10,400,2,more than 30,more than 30,2 to 4,7 years,41 to 50,No,No,External,1 to 2,no change,1 vehicle,1995,Liability
8,1,6,Pontiac,Urban,5,8,2,Male,Married,37,Third Party,Sedan - Liability,Sport,20000 to 29000,0,7453,6,400,3,more than 30,more than 30,2 to 4,7 years,36 to 40,No,Yes,External,none,no change,1 vehicle,1995,Liability
8,1,4,Toyota,Urban,2,9,3,Male,Single,22,Policy Holder,Sedan - Liability,Sport,20000 to 29000,0,7454,1,400,4,more than 30,more than 30,none,5 years,26 to 30,No,No,External,1 to 2,no change,1 vehicle,1995,Liability
8,1,5,Honda,Rural,2,6,2,Male,Married,37,Third Party,Sedan - All Perils,Sedan,less than 20000,0,7455,12,400,3,more than 30,more than 30,2 to 4,7 years,36 to 40,No,No,External,none,no change,1 vehicle,1995,All Perils
6,1,2,Toyota,Urban,1,5,3,Male,Married,26,Policy Holder,Sedan - Collision,Sedan,20000 to 29000,0,7456,16,400,3,more than 30,more than 30,none,7 years,31 to 35,No,No,External,none,4 to 8 years,2 vehicles,1995,Collision
5,4,1,Mazda,Urban,2,5,5,Male,Married,35,Third Party,Sedan - Liability,Sport,30000 to 39000,0,7457,1,400,1,more than 30,more than 30,more than 4,5 years,31 to 35,No,No,External,1 to 2,no change,1 vehicle,1995,Liability
5,4,2,Chevrolet,Rural,3,5,4,Male,Married,60,Policy Holder,Sedan - Collision,Sedan,30000 to 39000,0,7458,8,400,1,more than 30,more than 30,1,more than 7,51 to 65,No,No,External,none,no change,1 vehicle,1995,Collision
5,1,3,Honda,Rural,5,5,5,Male,Single,0,Policy Holder,Sedan - All Perils,Sedan,more than 69000,0,7459,2,400,3,more than 30,more than 30,1,new,16 to 17,No,No,External,none,no change,1 vehicle,1995,All Perils
5,1,1,Mazda,Urban,2,10,1,Male,Married,33,Third Party,Sedan - Collision,Sedan,20000 to 29000,0,7460,8,400,1,more than 30,more than 30,none,7 years,31 to 35,No,No,External,more than 5,no change,1 vehicle,1995,Collision
10,4,1,Mazda,Urban,3,10,4,Female,Married,31,Policy Holder,Sedan - Collision,Sedan,20000 to 29000,1,7461,10,400,1,more than 30,more than 30,2 to 4,6 years,31 to 35,No,No,External,more than 5,no change,1 vehicle,1995,Collision
10,4,4,Mazda,Urban,2,9,4,Male,Married,45,Policy Holder,Sedan - All Perils,Sedan,20000 to 29000,1,7462,4,400,1,more than 30,more than 30,none,7 years,36 to 40,No,No,External,more than 5,no change,1 vehicle,1995,All Perils
9,2,5,Toyota,Urban,5,5,2,Male,Married,45,Policy Holder,Sedan - Collision,Sedan,30000 to 39000,0,7463,15,400,4,more than 30,more than 30,2 to 4,7 years,36 to 40,No,No,Internal,none,1 year,3 to 4,1995,Collision
5,1,5,Mazda,Urban,2,5,1,Female,Single,32,Policy Holder,Sedan - Liability,Sport,more than 69000,0,7464,2,400,3,more than 30,more than 30,2 to 4,7 years,31 to 35,No,No,External,none,no change,1 vehicle,1995,Liability
5,1,1,Dodge,Urban,1,10,2,Male,Married,38,Policy Holder,Sedan - Collision,Sedan,30000 to 39000,0,7465,5,400,1,more than 30,more than 30,none,7 years,36 to 40,No,No,External,more than 5,no change,1 vehicle,1995,Collision
10,4,4,Honda,Urban,5,5,4,Male,Married,32,Policy Holder,Sedan - Collision,Sedan,20000 to 29000,1,7466,9,400,4,more than 30,more than 30,1,6 years,31 to 35,No,No,External,none,no change,1 vehicle,1995,Collision
4,4,7,Toyota,Urban,4,4,1,Male,Single,19,Third Party,Sedan - All Perils,Sedan,20000 to 29000,0,7467,6,400,4,more than 30,more than 30,2 to 4,4 years,21 to 25,No,No,External,none,no change,1 vehicle,1995,All Perils
4,3,1,Toyota,Rural,2,11,3,Male,Married,56,Policy Holder,Sedan - Collision,Sedan,20000 to 29000,0,7468,13,400,2,more than 30,more than 30,1,more than 7,51 to 65,No,No,External,none,no change,1 vehicle,1995,Collision
11,2,6,Toyota,Urban,3,8,2,Female,Married,26,Policy Holder,Sedan - Collision,Sedan,less than 20000,0,7469,4,400,4,more than 30,more than 30,none,7 years,31 to 35,No,No,External,1 to 2,no change,1 vehicle,1995,Collision
7,5,3,Chevrolet,Urban,4,8,1,Male,Married,50,Policy Holder,Sedan - Collision,Sedan,20000 to 29000,0,7470,8,400,4,more than 30,more than 30,1,more than 7,41 to 50,No,No,External,1 to 2,no change,1 vehicle,1995,Collision
7,4,4,Toyota,Urban,1,7,1,Male,Married,41,Policy Holder,Sedan - Liability,Sport,30000 to 39000,0,7471,4,400,4,more than 30,more than 30,2 to 4,6 years,36 to 40,No,No,External,more than 5,no change,1 vehicle,1995,Liability
7,3,7,Chevrolet,Urban,3,2,4,Female,Married,56,Policy Holder,Sedan - All Perils,Sedan,20000 to 29000,0,7472,4,400,3,more than 30,more than 30,1,6 years,51 to 65,Yes,Yes,External,more than 5,no change,1 vehicle,1995,All Perils
12,2,1,Honda,Urban,3,2,3,Male,Single,0,Policy Holder,Utility - Liability,Utility,more than 69000,0,7473,12,400,3,more than 30,more than 30,2 to 4,new,16 to 17,No,No,External,none,no change,1 vehicle,1995,Liability
2,4,7,Chevrolet,Urban,1,3,4,Male,Single,46,Policy Holder,Utility - All Perils,Utility,more than 69000,0,7474,13,400,1,more than 30,more than 30,2 to 4,more than 7,41 to 50,No,No,External,1 to 2,no change,1 vehicle,1995,All Perils
3,2,1,Chevrolet,Rural,5,4,3,Male,Single,29,Policy Holder,Sedan - Collision,Sedan,20000 to 29000,0,7475,10,400,1,more than 30,more than 30,none,6 years,31 to 35,No,No,External,none,no change,1 vehicle,1995,Collision
3,5,2,Toyota,Urban,2,11,1,Female,Single,29,Policy Holder,Sedan - All Perils,Sedan,20000 to 29000,0,7476,10,400,2,more than 30,more than 30,2 to 4,7 years,31 to 35,No,No,External,none,no change,1 vehicle,1995,All Perils
10,4,5,Toyota,Urban,2,4,2,Male,Married,50,Policy Holder,Sedan - All Perils,Sedan,20000 to 29000,1,7477,3,400,4,more than 30,more than 30,2 to 4,7 years,41 to 50,No,No,External,none,4 to 8 years,2 vehicles,1995,All Perils
4,2,2,Honda,Rural,4,10,2,Male,Married,47,Policy Holder,Sedan - All Perils,Sedan,20000 to 29000,0,7478,11,400,3,more than 30,more than 30,none,more than 7,41 to 50,No,No,External,1 to 2,no change,1 vehicle,1995,All Perils
10,4,6,Honda,Urban,5,4,4,Male,Married,42,Third Party,Sedan - All Perils,Sedan,20000 to 29000,0,7479,15,400,4,more than 30,more than 30,none,7 years,36 to 40,No,No,External,none,no change,1 vehicle,1995,All Perils
4,2,6,Mazda,Urban,3,5,3,Female,Single,27,Policy Holder,Sedan - Collision,Sedan,20000 to 29000,0,7480,3,400,4,more than 30,more than 30,2 to 4,6 years,31 to 35,No,No,External,1 to 2,no change,1 vehicle,1995,Collision
4,5,6,Honda,Urban,2,6,2,Male,Single,0,Policy Holder,Sedan - Liability,Sport,more than 69000,0,7481,10,400,3,more than 30,more than 30,more than 4,new,16 to 17,No,No,External,none,no change,1 vehicle,1995,Liability
5,3,3,Chevrolet,Urban,2,6,2,Male,Married,40,Policy Holder,Sedan - Liability,Sport,20000 to 29000,0,7482,11,400,4,more than 30,more than 30,1,more than 7,36 to 40,No,No,External,none,no change,1 vehicle,1995,Liability
5,4,2,Toyota,Urban,3,11,2,Female,Single,42,Policy Holder,Sedan - Liability,Sport,20000 to 29000,0,7483,8,400,3,more than 30,more than 30,more than 4,5 years,36 to 40,No,No,External,1 to 2,no change,1 vehicle,1995,Liability
10,4,5,Pontiac,Urban,5,6,1,Male,Married,26,Third Party,Sedan - All Perils,Sedan,less than 20000,0,7484,13,400,1,more than 30,more than 30,2 to 4,5 years,31 to 35,No,No,External,1 to 2,no change,1 vehicle,1995,All Perils
6,2,2,Toyota,Urban,1,6,2,Male,Married,37,Third Party,Sedan - Collision,Sedan,20000 to 29000,0,7485,13,400,4,more than 30,more than 30,1,7 years,36 to 40,No,No,External,more than 5,no change,1 vehicle,1995,Collision
6,3,6,VW,Urban,3,6,3,Male,Married,66,Policy Holder,Sedan - Liability,Sport,30000 to 39000,0,7486,13,400,2,more than 30,more than 30,1,more than 7,over 65,No,No,External,1 to 2,no change,1 vehicle,1995,Liability
6,3,1,Toyota,Urban,1,6,4,Male,Married,45,Policy Holder,Sedan - Liability,Sport,20000 to 29000,0,7487,16,400,2,more than 30,more than 30,2 to 4,more than 7,36 to 40,No,No,External,none,no change,1 vehicle,1995,Liability
6,3,5,Pontiac,Urban,1,7,3,Male,Married,35,Policy Holder,Sedan - Collision,Sedan,20000 to 29000,0,7488,2,400,1,more than 30,more than 30,none,6 years,31 to 35,No,No,External,none,no change,1 vehicle,1995,Collision
7,2,6,Honda,Urban,2,7,2,Female,Married,51,Policy Holder,Sedan - Liability,Sport,20000 to 29000,0,7489,12,400,4,more than 30,more than 30,2 to 4,7 years,41 to 50,No,No,External,more than 5,no change,1 vehicle,1995,Liability
7,2,1,Pontiac,Urban,5,9,2,Male,Married,45,Policy Holder,Sedan - Collision,Sedan,30000 to 39000,0,7490,14,400,2,more than 30,more than 30,2 to 4,7 years,36 to 40,No,No,Internal,none,no change,1 vehicle,1995,Collision
8,5,3,VW,Rural,1,10,1,Male,Married,45,Policy Holder,Sedan - Collision,Sedan,more than 69000,0,7491,7,400,3,more than 30,more than 30,none,7 years,36 to 40,No,No,External,more than 5,no change,1 vehicle,1995,Collision
10,2,7,Accura,Urban,4,10,3,Male,Married,33,Third Party,Sedan - All Perils,Sedan,20000 to 29000,0,7492,8,400,4,more than 30,more than 30,1,7 years,31 to 35,No,No,External,3 to 5,no change,1 vehicle,1995,All Perils
10,3,7,Pontiac,Urban,3,11,3,Male,Married,44,Third Party,Sedan - All Perils,Sedan,20000 to 29000,0,7493,6,400,3,more than 30,more than 30,more than 4,7 years,36 to 40,No,No,External,more than 5,no change,1 vehicle,1995,All Perils
10,4,2,VW,Urban,4,10,1,Male,Married,47,Policy Holder,Sedan - Liability,Sport,60000 to 69000,0,7494,8,400,2,more than 30,more than 30,2 to 4,more than 7,41 to 50,No,No,External,none,no change,1 vehicle,1995,Liability
10,4,7,Accura,Urban,5,10,4,Male,Married,68,Policy Holder,Utility - All Perils,Utility,more than 69000,1,7495,7,400,2,more than 30,more than 30,none,more than 7,over 65,No,No,External,none,no change,1 vehicle,1995,All Perils
10,4,5,Honda,Urban,5,10,5,Male,Married,41,Third Party,Sport - Collision,Sport,more than 69000,0,7496,13,400,3,more than 30,more than 30,none,7 years,36 to 40,No,No,External,none,no change,1 vehicle,1995,Collision
10,5,5,Toyota,Urban,2,11,5,Male,Married,62,Third Party,Sedan - All Perils,Sedan,30000 to 39000,0,7497,7,400,4,more than 30,more than 30,2 to 4,more than 7,51 to 65,No,No,External,more than 5,no change,1 vehicle,1995,All Perils
10,5,3,Toyota,Urban,4,11,1,Male,Married,53,Third Party,Sedan - All Perils,Sedan,20000 to 29000,0,7498,5,500,3,more than 30,more than 30,none,7 years,41 to 50,No,No,External,none,2 to 3 years,2 vehicles,1995,All Perils
10,4,5,Mazda,Urban,2,11,2,Female,Married,32,Policy Holder,Sedan - Collision,Sedan,20000 to 29000,1,7499,7,400,4,more than 30,more than 30,2 to 4,6 years,31 to 35,No,No,External,more than 5,no change,1 vehicle,1995,Collision
11,1,6,Chevrolet,Urban,1,2,2,Male,Married,45,Policy Holder,Sedan - Liability,Sport,60000 to 69000,0,7500,12,400,1,more than 30,more than 30,more than 4,7 years,36 to 40,No,No,External,1 to 2,no change,1 vehicle,1995,Liability
2,2,4,Pontiac,Urban,3,3,2,Male,Married,33,Policy Holder,Sedan - All Perils,Sedan,20000 to 29000,0,7501,5,400,2,more than 30,more than 30,2 to 4,7 years,31 to 35,No,No,External,more than 5,no change,1 vehicle,1995,All Perils
2,4,2,Pontiac,Urban,2,4,1,Male,Married,29,Policy Holder,Sedan - Collision,Sedan,20000 to 29000,0,7502,2,400,3,more than 30,more than 30,1,4 years,31 to 35,No,No,External,3 to 5,no change,1 vehicle,1995,Collision
4,1,4,Pontiac,Urban,3,4,1,Male,Married,73,Third Party,Sedan - All Perils,Sedan,more than 69000,0,7503,1,700,1,more than 30,more than 30,1,more than 7,over 65,No,No,External,3 to 5,no change,1 vehicle,1995,All Perils
4,1,3,Pontiac,Urban,5,12,2,Male,Married,34,Policy Holder,Sedan - Collision,Sedan,20000 to 29000,0,7504,15,400,4,more than 30,more than 30,none,7 years,31 to 35,No,No,External,more than 5,no change,3 to 4,1995,Collision
10,4,1,Pontiac,Urban,3,4,1,Male,Married,31,Policy Holder,Sedan - Collision,Sedan,30000 to 39000,1,7505,5,400,3,more than 30,more than 30,more than 4,7 years,31 to 35,No,No,External,more than 5,no change,1 vehicle,1995,Collision
4,4,1,Chevrolet,Urban,1,7,4,Male,Married,40,Policy Holder,Sedan - Liability,Sport,20000 to 29000,0,7506,13,400,2,more than 30,more than 30,2 to 4,6 years,36 to 40,No,No,External,none,no change,1 vehicle,1995,Liability
5,1,1,Mazda,Urban,4,5,2,Male,Married,64,Policy Holder,Sedan - Liability,Sport,more than 69000,0,7507,2,400,4,more than 30,more than 30,2 to 4,7 years,51 to 65,No,No,External,none,no change,1 vehicle,1995,Liability
5,3,7,Toyota,Urban,4,6,3,Male,Married,47,Third Party,Sedan - Liability,Sport,30000 to 39000,0,7508,10,400,1,more than 30,more than 30,2 to 4,7 years,41 to 50,No,No,External,none,no change,1 vehicle,1995,Liability
5,5,6,Pontiac,Urban,1,5,1,Male,Married,35,Policy Holder,Sedan - Liability,Sport,30000 to 39000,0,7509,11,400,1,more than 30,more than 30,2 to 4,7 years,31 to 35,No,No,External,more than 5,no change,1 vehicle,1995,Liability
5,4,2,VW,Urban,1,7,5,Male,Married,57,Policy Holder,Sedan - All Perils,Sedan,30000 to 39000,0,7510,4,400,2,more than 30,more than 30,1,more than 7,51 to 65,No,No,External,3 to 5,no change,1 vehicle,1995,All Perils
6,1,4,Pontiac,Urban,5,6,3,Male,Single,41,Policy Holder,Sedan - Collision,Sedan,20000 to 29000,0,7511,6,400,4,more than 30,more than 30,none,7 years,36 to 40,No,No,External,none,no change,1 vehicle,1995,Collision
6,2,7,Mazda,Urban,1,7,2,Female,Single,32,Policy Holder,Sedan - Liability,Sport,20000 to 29000,0,7512,1,400,3,more than 30,more than 30,1,7 years,31 to 35,No,No,External,3 to 5,no change,1 vehicle,1995,Liability
7,2,2,Toyota,Urban,3,7,2,Male,Married,59,Policy Holder,Sedan - Collision,Sedan,less than 20000,0,7513,3,400,2,more than 30,more than 30,none,more than 7,51 to 65,No,No,External,3 to 5,no change,1 vehicle,1995,Collision
7,2,5,Mazda,Urban,1,7,2,Male,Single,37,Policy Holder,Sport - Collision,Sport,more than 69000,0,7514,9,400,2,more than 30,more than 30,none,more than 7,36 to 40,No,No,External,3 to 5,no change,1 vehicle,1995,Collision
7,3,6,Toyota,Urban,2,7,3,Male,Married,73,Policy Holder,Sedan - Liability,Sport,30000 to 39000,0,7515,16,400,4,15 to 30,more than 30,none,more than 7,over 65,No,No,External,none,no change,1 vehicle,1995,Liability
7,3,1,Toyota,Urban,3,7,3,Male,Married,50,Third Party,Sedan - All Perils,Sedan,20000 to 29000,0,7516,11,400,3,more than 30,more than 30,none,more than 7,41 to 50,No,No,External,1 to 2,no change,1 vehicle,1995,All Perils
7,3,4,Mazda,Rural,6,7,3,Male,Married,52,Policy Holder,Sedan - Collision,Sedan,30000 to 39000,0,7517,5,400,3,more than 30,more than 30,none,more than 7,41 to 50,No,No,External,3 to 5,no change,1 vehicle,1995,Collision
7,3,4,Pontiac,Urban,5,7,4,Male,Married,70,Policy Holder,Sedan - Collision,Sedan,20000 to 29000,0,7518,10,400,2,more than 30,more than 30,2 to 4,more than 7,over 65,No,No,External,more than 5,no change,1 vehicle,1995,Collision
7,3,7,Honda,Urban,1,7,4,Male,Single,29,Policy Holder,Sedan - Liability,Sport,30000 to 39000,0,7519,4,400,1,more than 30,more than 30,more than 4,6 years,31 to 35,No,No,External,none,4 to 8 years,2 vehicles,1995,Liability
7,4,7,Pontiac,Urban,1,7,4,Male,Married,36,Policy Holder,Sedan - Collision,Sedan,20000 to 29000,0,7520,12,400,3,more than 30,more than 30,2 to 4,7 years,36 to 40,No,No,External,none,no change,1 vehicle,1995,Collision
7,5,5,Mazda,Urban,5,11,5,Male,Single,33,Policy Holder,Sedan - Liability,Sport,30000 to 39000,0,7521,12,400,1,more than 30,more than 30,none,6 years,31 to 35,No,No,External,more than 5,no change,1 vehicle,1995,Liability
10,5,5,Pontiac,Urban,4,12,2,Male,Married,29,Policy Holder,Sedan - All Perils,Sedan,20000 to 29000,1,7522,3,400,2,more than 30,more than 30,1,6 years,31 to 35,No,No,External,none,no change,1 vehicle,1995,All Perils
10,5,6,Mazda,Urban,5,11,4,Male,Married,28,Policy Holder,Sedan - All Perils,Sedan,20000 to 29000,1,7523,11,400,3,more than 30,more than 30,1,7 years,31 to 35,No,No,External,more than 5,no change,1 vehicle,1995,All Perils
11,1,5,Honda,Urban,1,11,3,Male,Married,59,Third Party,Sedan - All Perils,Sedan,20000 to 29000,0,7524,8,400,1,more than 30,more than 30,1,more than 7,51 to 65,No,No,External,none,no change,1 vehicle,1995,All Perils
11,2,7,Mazda,Urban,1,11,2,Male,Single,22,Third Party,Sedan - Collision,Sedan,30000 to 39000,0,7525,14,400,4,more than 30,more than 30,2 to 4,4 years,26 to 30,Yes,No,External,more than 5,no change,1 vehicle,1995,Collision
11,2,3,Pontiac,Urban,4,11,2,Female,Married,32,Third Party,Sedan - Collision,Sedan,20000 to 29000,0,7526,2,400,2,more than 30,more than 30,none,6 years,31 to 35,No,No,External,none,no change,1 vehicle,1995,Collision
11,3,1,Mazda,Urban,1,11,3,Male,Married,47,Policy Holder,Sedan - Liability,Sport,20000 to 29000,0,7527,2,400,1,more than 30,more than 30,2 to 4,more than 7,41 to 50,No,No,External,none,no change,1 vehicle,1995,Liability
11,2,2,VW,Urban,4,11,2,Male,Married,64,Policy Holder,Sedan - Collision,Sedan,20000 to 29000,0,7528,9,400,4,more than 30,more than 30,none,more than 7,51 to 65,Yes,No,External,1 to 2,no change,1 vehicle,1995,Collision
11,3,6,Mazda,Urban,4,12,3,Male,Married,34,Policy Holder,Sedan - Collision,Sedan,30000 to 39000,0,7529,4,400,4,more than 30,more than 30,1,7 years,31 to 35,No,No,External,more than 5,no change,1 vehicle,1995,Collision
12,1,7,Toyota,Urban,1,11,3,Female,Married,22,Policy Holder,Sedan - Collision,Sedan,20000 to 29000,0,7530,12,400,3,more than 30,more than 30,2 to 4,4 years,26 to 30,No,No,External,more than 5,no change,1 vehicle,1995,Collision
11,3,7,Toyota,Urban,5,11,4,Female,Married,24,Third Party,Sedan - Collision,Sedan,20000 to 29000,0,7531,13,400,2,more than 30,more than 30,none,5 years,26 to 30,No,No,External,none,no change,1 vehicle,1995,Collision
11,3,5,Pontiac,Urban,2,11,4,Male,Married,47,Policy Holder,Sedan - Liability,Sport,30000 to 39000,0,7532,2,400,4,more than 30,more than 30,2 to 4,more than 7,41 to 50,No,No,External,none,no change,1 vehicle,1995,Liability
11,3,3,Mazda,Urban,3,11,4,Male,Single,33,Policy Holder,Sedan - Liability,Sport,30000 to 39000,0,7533,9,400,2,more than 30,more than 30,2 to 4,7 years,31 to 35,No,No,External,more than 5,no change,1 vehicle,1995,Liability
11,3,2,Pontiac,Urban,5,11,3,Female,Single,43,Policy Holder,Sedan - Liability,Sport,less than 20000,0,7534,8,700,2,more than 30,more than 30,2 to 4,7 years,36 to 40,No,No,External,more than 5,no change,1 vehicle,1995,Liability
11,3,1,Chevrolet,Urban,1,11,4,Male,Single,28,Third Party,Sedan - All Perils,Sedan,30000 to 39000,0,7535,16,400,2,more than 30,more than 30,2 to 4,6 years,31 to 35,Yes,No,External,none,no change,1 vehicle,1995,All Perils
11,1,2,Honda,Urban,1,11,1,Male,Married,40,Policy Holder,Sedan - Liability,Sport,20000 to 29000,0,7536,14,400,1,more than 30,more than 30,1,7 years,36 to 40,No,No,External,1 to 2,no change,1 vehicle,1995,Liability
10,5,7,Pontiac,Urban,1,9,1,Male,Single,23,Policy Holder,Sedan - Collision,Sedan,less than 20000,0,7537,1,400,2,none,8 to 15,none,5 years,26 to 30,No,No,External,none,no change,1 vehicle,1995,Collision
8,4,6,Ford,Urban,1,8,3,Male,Married,31,Policy Holder,Sedan - All Perils,Sedan,30000 to 39000,0,7538,7,400,2,more than 30,more than 30,1,7 years,31 to 35,No,No,External,none,no change,1 vehicle,1995,All Perils
8,4,5,Pontiac,Urban,3,8,5,Male,Single,26,Policy Holder,Sedan - Collision,Sedan,20000 to 29000,0,7539,11,400,3,more than 30,more than 30,2 to 4,7 years,31 to 35,No,No,External,none,no change,1 vehicle,1995,Collision
8,2,1,Chevrolet,Urban,3,8,3,Male,Married,26,Third Party,Sedan - Liability,Sport,20000 to 29000,0,7540,15,400,2,more than 30,more than 30,1,6 years,31 to 35,No,No,External,3 to 5,4 to 8 years,2 vehicles,1995,Liability
7,5,7,Toyota,Urban,1,7,1,Male,Married,37,Policy Holder,Sedan - All Perils,Sedan,more than 69000,0,7541,9,400,1,more than 30,more than 30,none,7 years,36 to 40,Yes,No,External,1 to 2,no change,1 vehicle,1995,All Perils
7,5,2,Chevrolet,Urban,3,7,5,Male,Single,25,Policy Holder,Sedan - Collision,Sedan,20000 to 29000,0,7542,7,400,2,more than 30,more than 30,2 to 4,5 years,26 to 30,No,No,Internal,more than 5,no change,1 vehicle,1995,Collision
7,4,6,Honda,Urban,5,7,4,Male,Married,58,Policy Holder,Sedan - All Perils,Sedan,30000 to 39000,0,7543,4,400,4,more than 30,more than 30,1,more than 7,51 to 65,No,No,External,1 to 2,no change,1 vehicle,1995,All Perils
7,4,5,Toyota,Urban,4,7,5,Male,Married,34,Policy Holder,Sedan - Collision,Sedan,30000 to 39000,0,7544,8,400,1,more than 30,more than 30,2 to 4,6 years,31 to 35,No,No,External,none,no change,1 vehicle,1995,Collision
7,4,3,Toyota,Urban,5,7,4,Male,Single,26,Policy Holder,Sedan - Collision,Sedan,30000 to 39000,0,7545,13,400,1,more than 30,more than 30,1,6 years,31 to 35,No,No,Internal,more than 5,no change,3 to 4,1995,Collision
7,3,4,Honda,Urban,3,7,4,Male,Single,35,Policy Holder,Sedan - All Perils,Sedan,30000 to 39000,0,7546,11,400,4,more than 30,more than 30,none,6 years,31 to 35,No,No,External,more than 5,no change,1 vehicle,1995,All Perils
7,2,3,Pontiac,Urban,1,7,3,Female,Married,40,Policy Holder,Sedan - Liability,Sport,30000 to 39000,0,7547,3,400,3,more than 30,more than 30,2 to 4,7 years,36 to 40,No,No,External,more than 5,no change,1 vehicle,1995,Liability
7,2,4,Pontiac,Urban,4,7,4,Male,Married,36,Third Party,Sedan - Collision,Sedan,20000 to 29000,0,7548,8,400,3,more than 30,more than 30,none,7 years,36 to 40,No,Yes,External,none,no change,1 vehicle,1995,Collision
7,1,2,Toyota,Urban,2,6,1,Female,Married,50,Policy Holder,Sedan - Collision,Sedan,less than 20000,0,7549,12,500,3,more than 30,more than 30,2 to 4,7 years,41 to 50,No,No,External,3 to 5,2 to 3 years,1 vehicle,1995,Collision
6,2,2,Pontiac,Urban,3,6,3,Male,Married,47,Policy Holder,Sedan - Liability,Sport,20000 to 29000,0,7550,12,400,3,more than 30,more than 30,1,7 years,41 to 50,No,No,External,none,no change,1 vehicle,1995,Liability
6,1,2,Chevrolet,Urban,5,6,4,Male,Married,30,Policy Holder,Sedan - Liability,Sport,30000 to 39000,0,7551,13,400,2,more than 30,more than 30,more than 4,7 years,31 to 35,No,No,External,1 to 2,no change,1 vehicle,1995,Liability
5,5,3,Toyota,Urban,5,6,4,Male,Married,74,Policy Holder,Sedan - Liability,Sport,20000 to 29000,0,7552,7,400,3,more than 30,more than 30,2 to 4,7 years,over 65,No,No,External,none,no change,1 vehicle,1995,Liability
5,5,7,Accura,Urban,5,6,1,Male,Married,52,Policy Holder,Sedan - All Perils,Sedan,30000 to 39000,0,7553,9,400,2,more than 30,more than 30,more than 4,more than 7,41 to 50,No,No,External,more than 5,no change,1 vehicle,1995,All Perils
5,5,5,Pontiac,Urban,3,12,1,Male,Single,30,Policy Holder,Sedan - Liability,Sport,30000 to 39000,0,7554,16,400,1,more than 30,more than 30,2 to 4,6 years,31 to 35,No,No,External,1 to 2,1 year,1 vehicle,1995,Liability
10,5,6,Accura,Urban,2,11,3,Male,Married,60,Policy Holder,Utility - All Perils,Utility,more than 69000,1,7555,3,400,4,more than 30,more than 30,1,more than 7,51 to 65,No,No,External,more than 5,no change,1 vehicle,1995,All Perils
10,5,4,Toyota,Urban,4,5,2,Male,Married,59,Policy Holder,Sedan - Collision,Sedan,20000 to 29000,1,7556,11,400,1,more than 30,more than 30,1,7 years,51 to 65,No,No,External,none,no change,1 vehicle,1995,Collision
5,3,7,Mazda,Urban,1,5,3,Male,Single,44,Policy Holder,Sedan - Liability,Sport,20000 to 29000,0,7557,15,400,1,more than 30,more than 30,2 to 4,6 years,36 to 40,No,No,External,none,no change,1 vehicle,1995,Liability
5,3,6,Honda,Urban,5,11,3,Female,Single,28,Policy Holder,Sedan - Liability,Sport,more than 69000,0,7558,9,400,4,more than 30,more than 30,none,5 years,31 to 35,No,No,External,none,no change,1 vehicle,1995,Liability
10,5,4,Ford,Urban,5,5,1,Male,Single,30,Policy Holder,Sedan - All Perils,Sedan,20000 to 29000,1,7559,1,400,3,more than 30,more than 30,2 to 4,7 years,31 to 35,No,No,External,more than 5,no change,1 vehicle,1995,All Perils
5,2,3,Pontiac,Urban,1,7,2,Male,Married,42,Policy Holder,Sedan - Liability,Sport,30000 to 39000,0,7560,7,400,2,more than 30,more than 30,2 to 4,7 years,36 to 40,No,No,External,more than 5,no change,1 vehicle,1995,Liability
5,2,7,Toyota,Rural,3,5,1,Male,Married,60,Policy Holder,Sedan - Liability,Sport,20000 to 29000,0,7561,1,400,3,more than 30,more than 30,1,more than 7,51 to 65,No,No,External,1 to 2,4 to 8 years,2 vehicles,1995,Liability
5,2,7,Toyota,Urban,4,5,2,Male,Married,47,Third Party,Sedan - Collision,Sedan,30000 to 39000,0,7562,4,400,4,more than 30,more than 30,1,more than 7,41 to 50,No,No,External,more than 5,no change,1 vehicle,1995,Collision
4,5,3,Mazda,Urban,5,5,4,Male,Single,27,Policy Holder,Sedan - Collision,Sedan,20000 to 29000,0,7563,12,400,3,more than 30,more than 30,2 to 4,6 years,31 to 35,No,No,External,none,no change,1 vehicle,1995,Collision
4,4,7,Mazda,Urban,1,4,1,Male,Married,45,Third Party,Sedan - Liability,Sport,30000 to 39000,0,7564,5,400,2,more than 30,more than 30,2 to 4,more than 7,36 to 40,No,No,External,1 to 2,no change,1 vehicle,1995,Liability
4,4,2,Mazda,Urban,3,4,4,Male,Single,32,Third Party,Sedan - Liability,Sport,20000 to 29000,0,7565,2,400,2,more than 30,more than 30,1,5 years,31 to 35,No,No,External,none,no change,1 vehicle,1995,Liability
4,3,2,Pontiac,Urban,2,5,3,Male,Married,71,Policy Holder,Sedan - All Perils,Sedan,less than 20000,0,7566,8,400,1,more than 30,more than 30,none,more than 7,over 65,No,No,External,more than 5,no change,1 vehicle,1995,All Perils
4,1,6,Mazda,Urban,3,11,1,Male,Single,35,Third Party,Sport - Collision,Sport,more than 69000,0,7567,1,400,4,more than 30,more than 30,1,6 years,31 to 35,No,No,External,more than 5,no change,1 vehicle,1995,Collision
10,5,4,Pontiac,Urban,3,3,1,Female,Married,26,Policy Holder,Sedan - All Perils,Sedan,20000 to 29000,1,7568,14,400,1,more than 30,more than 30,none,6 years,31 to 35,No,No,External,none,no change,1 vehicle,1995,All Perils
3,3,3,Pontiac,Urban,3,3,4,Male,Married,34,Policy Holder,Sedan - Collision,Sedan,20000 to 29000,0,7569,9,400,4,more than 30,more than 30,more than 4,7 years,31 to 35,No,No,External,3 to 5,no change,1 vehicle,1995,Collision
3,3,4,Chevrolet,Urban,4,3,3,Male,Married,66,Third Party,Sedan - All Perils,Sedan,20000 to 29000,0,7570,13,400,3,more than 30,more than 30,2 to 4,more than 7,over 65,No,No,External,none,no change,1 vehicle,1995,All Perils
3,3,6,Honda,Urban,1,12,3,Male,Married,58,Third Party,Sedan - All Perils,Sedan,more than 69000,0,7571,3,400,3,more than 30,more than 30,none,more than 7,51 to 65,No,No,External,more than 5,no change,1 vehicle,1995,All Perils
12,2,4,Honda,Urban,5,12,2,Male,Married,32,Policy Holder,Sedan - Liability,Sport,20000 to 29000,0,7572,4,400,1,more than 30,more than 30,none,6 years,31 to 35,No,No,External,none,no change,1 vehicle,1995,Liability
12,2,6,Pontiac,Urban,1,11,2,Male,Married,55,Policy Holder,Sedan - Collision,Sedan,20000 to 29000,0,7573,10,400,4,more than 30,more than 30,2 to 4,more than 7,41 to 50,No,No,External,1 to 2,no change,1 vehicle,1995,Collision
11,1,7,Mazda,Urban,3,11,2,Male,Single,29,Policy Holder,Sedan - Collision,Sedan,20000 to 29000,0,7574,13,400,4,more than 30,more than 30,1,7 years,31 to 35,No,No,External,1 to 2,no change,1 vehicle,1995,Collision
11,1,3,Honda,Urban,3,11,3,Male,Married,54,Third Party,Sedan - All Perils,Sedan,less than 20000,0,7575,2,400,4,more than 30,more than 30,1,7 years,41 to 50,No,No,External,1 to 2,no change,1 vehicle,1995,All Perils
11,1,6,Honda,Urban,4,11,1,Male,Married,29,Policy Holder,Sedan - Liability,Sport,20000 to 29000,0,7576,14,400,1,more than 30,more than 30,more than 4,4 years,31 to 35,No,No,External,none,no change,1 vehicle,1995,Liability
10,5,5,Toyota,Urban,4,11,1,Female,Single,33,Policy Holder,Sedan - All Perils,Sedan,20000 to 29000,0,7577,15,400,3,more than 30,more than 30,2 to 4,6 years,31 to 35,No,No,External,1 to 2,no change,1 vehicle,1995,All Perils
10,5,3,Chevrolet,Urban,3,10,2,Male,Married,39,Policy Holder,Sedan - All Perils,Sedan,more than 69000,0,7578,7,400,1,more than 30,more than 30,1,7 years,36 to 40,No,No,External,1 to 2,no change,1 vehicle,1995,All Perils
10,4,3,Toyota,Urban,4,10,4,Female,Married,48,Third Party,Sedan - Collision,Sedan,less than 20000,0,7579,14,400,4,more than 30,more than 30,none,7 years,41 to 50,No,No,External,3 to 5,no change,1 vehicle,1995,Collision
10,3,1,Toyota,Urban,5,11,3,Male,Single,34,Policy Holder,Sedan - Collision,Sedan,20000 to 29000,0,7580,2,400,4,more than 30,more than 30,none,6 years,31 to 35,No,No,External,none,no change,1 vehicle,1995,Collision
10,3,5,Toyota,Urban,4,10,2,Male,Married,36,Third Party,Sedan - Liability,Sport,20000 to 29000,0,7581,7,400,2,more than 30,more than 30,2 to 4,7 years,36 to 40,No,No,External,more than 5,no change,1 vehicle,1995,Liability
9,5,3,Toyota,Urban,4,9,1,Male,Married,36,Third Party,Sedan - Collision,Sedan,20000 to 29000,0,7582,1,400,2,more than 30,more than 30,2 to 4,7 years,36 to 40,No,No,External,1 to 2,4 to 8 years,2 vehicles,1995,Collision
9,3,7,Mazda,Urban,3,11,3,Male,Married,53,Policy Holder,Sedan - Liability,Sport,30000 to 39000,0,7583,4,400,1,more than 30,more than 30,2 to 4,more than 7,41 to 50,No,No,External,more than 5,no change,1 vehicle,1995,Liability
10,5,1,Toyota,Urban,5,9,1,Female,Single,26,Policy Holder,Sedan - Liability,Sport,20000 to 29000,1,7584,6,400,3,more than 30,more than 30,2 to 4,4 years,31 to 35,No,No,External,more than 5,no change,1 vehicle,1995,Liability
8,5,2,Mazda,Rural,1,9,1,Male,Single,29,Policy Holder,Sedan - Collision,Sedan,20000 to 29000,0,7585,15,400,1,more than 30,more than 30,2 to 4,6 years,31 to 35,No,No,External,none,no change,1 vehicle,1995,Collision
8,5,5,Accura,Urban,4,9,1,Male,Married,50,Third Party,Sedan - All Perils,Sedan,20000 to 29000,0,7586,8,400,3,more than 30,more than 30,none,more than 7,41 to 50,No,No,External,more than 5,no change,3 to 4,1995,All Perils
8,4,1,Toyota,Urban,4,10,1,Male,Single,28,Policy Holder,Sedan - Collision,Sedan,less than 20000,0,7587,13,400,4,more than 30,more than 30,2 to 4,6 years,31 to 35,No,No,External,more than 5,no change,1 vehicle,1995,Collision
8,3,7,Toyota,Urban,3,11,1,Female,Married,45,Policy Holder,Sedan - All Perils,Sedan,20000 to 29000,0,7588,4,400,1,more than 30,more than 30,none,6 years,36 to 40,No,No,External,none,no change,1 vehicle,1995,All Perils
10,5,4,Ford,Urban,5,8,1,Male,Single,22,Third Party,Sedan - Collision,Sedan,30000 to 39000,0,7589,6,400,4,more than 30,more than 30,2 to 4,5 years,26 to 30,No,No,External,more than 5,no change,1 vehicle,1995,Collision
8,2,3,Toyota,Urban,2,8,2,Male,Single,24,Policy Holder,Sedan - Collision,Sedan,20000 to 29000,0,7590,10,400,3,more than 30,more than 30,1,5 years,26 to 30,No,No,External,more than 5,no change,1 vehicle,1995,Collision
7,4,6,Chevrolet,Rural,2,7,1,Male,Married,54,Third Party,Sedan - Collision,Sedan,more than 69000,0,7591,15,400,1,more than 30,more than 30,none,more than 7,41 to 50,No,No,External,none,no change,1 vehicle,1995,Collision
7,2,3,Honda,Urban,1,7,3,Male,Married,44,Policy Holder,Sedan - Liability,Sport,20000 to 29000,0,7592,1,400,4,more than 30,more than 30,1,7 years,36 to 40,No,No,External,none,no change,1 vehicle,1995,Liability
6,5,6,Pontiac,Rural,5,7,1,Male,Married,39,Policy Holder,Sedan - Collision,Sedan,20000 to 29000,0,7593,9,400,3,more than 30,more than 30,none,7 years,36 to 40,No,No,External,more than 5,no change,1 vehicle,1995,Collision
6,4,6,Honda,Urban,1,7,1,Female,Single,47,Policy Holder,Sedan - All Perils,Sedan,20000 to 29000,0,7594,11,400,1,more than 30,more than 30,2 to 4,more than 7,41 to 50,No,No,External,none,no change,1 vehicle,1995,All Perils
6,4,7,Honda,Urban,4,6,2,Male,Married,44,Policy Holder,Sedan - All Perils,Sedan,20000 to 29000,0,7595,14,400,1,more than 30,more than 30,none,more than 7,36 to 40,No,No,External,none,no change,1 vehicle,1995,All Perils
6,3,5,Toyota,Urban,2,7,5,Female,Married,41,Policy Holder,Sedan - Collision,Sedan,20000 to 29000,0,7596,10,400,2,more than 30,more than 30,2 to 4,2 years,36 to 40,No,No,External,1 to 2,no change,1 vehicle,1995,Collision
6,3,5,Accura,Urban,1,6,1,Male,Single,55,Policy Holder,Sedan - Liability,Sport,more than 69000,0,7597,4,400,2,more than 30,more than 30,more than 4,7 years,41 to 50,No,No,External,more than 5,no change,1 vehicle,1995,Liability
6,2,6,Mazda,Urban,3,6,2,Female,Single,26,Policy Holder,Sedan - Collision,Sedan,20000 to 29000,0,7598,10,400,1,more than 30,more than 30,1,5 years,31 to 35,No,No,External,more than 5,no change,1 vehicle,1995,Collision
5,5,5,Pontiac,Urban,1,5,1,Male,Married,64,Policy Holder,Sedan - All Perils,Sedan,30000 to 39000,0,7599,11,400,1,more than 30,more than 30,none,6 years,51 to 65,No,No,External,none,no change,1 vehicle,1995,All Perils
5,2,6,Mazda,Urban,1,5,3,Female,Married,48,Policy Holder,Sedan - Liability,Sport,30000 to 39000,0,7600,9,500,1,more than 30,more than 30,2 to 4,7 years,41 to 50,No,No,External,none,2 to 3 years,1 vehicle,1995,Liability
5,3,6,Pontiac,Urban,1,5,3,Male,Married,60,Policy Holder,Sedan - Collision,Sedan,more than 69000,0,7601,11,400,1,more than 30,more than 30,none,more than 7,51 to 65,No,No,External,3 to 5,no change,1 vehicle,1995,Collision
5,2,6,Pontiac,Urban,1,5,2,Male,Single,53,Policy Holder,Sedan - All Perils,Sedan,20000 to 29000,0,7602,3,400,4,more than 30,more than 30,more than 4,more than 7,41 to 50,No,No,External,more than 5,no change,1 vehicle,1995,All Perils
4,5,2,Mazda,Urban,5,4,1,Male,Married,41,Third Party,Sedan - Collision,Sedan,20000 to 29000,0,7603,1,400,1,more than 30,more than 30,none,7 years,36 to 40,No,No,External,1 to 2,4 to 8 years,2 vehicles,1995,Collision
4,4,6,Pontiac,Urban,1,4,5,Male,Married,27,Policy Holder,Sedan - All Perils,Sedan,less than 20000,0,7604,3,400,4,more than 30,more than 30,2 to 4,6 years,31 to 35,No,No,External,1 to 2,no change,1 vehicle,1995,All Perils
4,4,4,Mazda,Urban,1,5,4,Male,Married,30,Policy Holder,Sedan - Collision,Sedan,more than 69000,0,7605,4,400,4,more than 30,more than 30,1,7 years,31 to 35,No,No,External,none,no change,1 vehicle,1995,Collision
4,4,5,Toyota,Urban,2,4,4,Male,Single,27,Third Party,Sedan - Liability,Sport,20000 to 29000,0,7606,15,400,1,more than 30,more than 30,more than 4,6 years,31 to 35,No,No,External,none,no change,1 vehicle,1995,Liability
4,3,4,Toyota,Urban,4,4,3,Male,Married,71,Policy Holder,Sedan - All Perils,Sedan,less than 20000,0,7607,16,400,1,more than 30,more than 30,none,more than 7,over 65,No,No,External,none,no change,1 vehicle,1995,All Perils
4,2,2,Pontiac,Urban,5,4,3,Male,Single,42,Policy Holder,Utility - All Perils,Utility,40000 to 59000,0,7608,4,400,1,more than 30,more than 30,more than 4,7 years,36 to 40,No,No,External,1 to 2,no change,1 vehicle,1995,All Perils
4,1,2,Toyota,Urban,3,4,2,Male,Married,26,Policy Holder,Sedan - All Perils,Sedan,20000 to 29000,0,7609,13,400,4,more than 30,more than 30,1,7 years,31 to 35,No,No,External,none,no change,1 vehicle,1995,All Perils
3,5,1,Toyota,Urban,1,3,1,Female,Single,29,Policy Holder,Sedan - All Perils,Sedan,less than 20000,0,7610,4,400,1,more than 30,more than 30,none,6 years,31 to 35,No,No,External,none,no change,1 vehicle,1995,All Perils
3,5,1,Chevrolet,Urban,3,11,5,Male,Married,55,Third Party,Sedan - Liability,Sport,30000 to 39000,0,7611,14,400,2,more than 30,more than 30,more than 4,more than 7,41 to 50,No,No,External,more than 5,no change,1 vehicle,1995,Liability
10,5,4,Mazda,Rural,5,1,1,Male,Married,46,Policy Holder,Sedan - All Perils,Sedan,less than 20000,1,7612,16,400,1,more than 30,more than 30,2 to 4,7 years,41 to 50,No,No,External,more than 5,no change,1 vehicle,1995,All Perils
12,4,3,Pontiac,Urban,5,5,5,Male,Married,50,Policy Holder,Sedan - Liability,Sport,30000 to 39000,0,7613,4,400,4,more than 30,more than 30,2 to 4,more than 7,41 to 50,No,No,External,none,no change,1 vehicle,1995,Liability
5,2,4,Honda,Rural,3,8,3,Male,Single,0,Policy Holder,Sedan - Liability,Sport,more than 69000,0,7614,14,400,1,more than 30,more than 30,2 to 4,new,16 to 17,Yes,No,External,none,no change,1 vehicle,1995,Liability
8,1,1,Toyota,Rural,3,11,2,Male,Married,21,Policy Holder,Sedan - Collision,Sedan,20000 to 29000,0,7615,1,400,3,more than 30,more than 30,none,5 years,26 to 30,No,No,External,none,no change,1 vehicle,1995,Collision
11,3,1,Chevrolet,Urban,3,11,3,Male,Single,35,Policy Holder,Sedan - Liability,Sport,20000 to 29000,0,7616,3,400,3,more than 30,more than 30,2 to 4,7 years,31 to 35,No,No,External,more than 5,no change,1 vehicle,1995,Liability
11,3,1,Ford,Urban,5,8,3,Male,Married,51,Third Party,Sedan - All Perils,Sedan,30000 to 39000,0,7617,7,400,1,more than 30,more than 30,2 to 4,more than 7,41 to 50,No,No,External,1 to 2,no change,1 vehicle,1995,All Perils
8,2,1,Chevrolet,Urban,3,11,2,Male,Married,62,Policy Holder,Sedan - All Perils,Sedan,30000 to 39000,0,7618,12,400,1,more than 30,more than 30,2 to 4,more than 7,51 to 65,No,No,External,1 to 2,no change,1 vehicle,1995,All Perils
10,5,1,Honda,Rural,1,10,1,Male,Single,28,Policy Holder,Sedan - Collision,Sedan,20000 to 29000,1,7619,14,400,1,more than 30,more than 30,2 to 4,6 years,31 to 35,No,No,External,none,no change,1 vehicle,1995,Collision
10,5,5,Mazda,Urban,5,12,5,Male,Married,65,Policy Holder,Sedan - Liability,Sport,more than 69000,0,7620,1,400,2,more than 30,more than 30,more than 4,more than 7,51 to 65,No,No,External,none,no change,1 vehicle,1995,Liability
12,3,1,Toyota,Urban,1,11,3,Male,Single,29,Policy Holder,Sedan - Liability,Sport,20000 to 29000,0,7621,3,400,4,more than 30,more than 30,none,6 years,31 to 35,No,No,External,none,no change,1 vehicle,1995,Liability
11,4,3,Mazda,Urban,5,5,4,Male,Married,63,Policy Holder,Sedan - Collision,Sedan,20000 to 29000,0,7622,4,400,3,more than 30,more than 30,2 to 4,more than 7,51 to 65,No,No,External,none,no change,1 vehicle,1995,Collision
5,1,5,Toyota,Urban,3,7,1,Male,Married,46,Policy Holder,Sedan - All Perils,Sedan,20000 to 29000,0,7623,9,400,4,more than 30,more than 30,none,more than 7,41 to 50,No,No,External,1 to 2,no change,1 vehicle,1995,All Perils
7,3,1,Ford,Rural,4,11,4,Male,Married,60,Policy Holder,Sedan - Liability,Sport,60000 to 69000,0,7624,16,400,1,more than 30,more than 30,2 to 4,more than 7,51 to 65,No,No,External,more than 5,4 to 8 years,2 vehicles,1995,Liability
10,5,3,Honda,Urban,3,8,3,Male,Single,19,Third Party,Sport - Collision,Sport,more than 69000,0,7625,14,400,1,more than 30,more than 30,none,3 years,21 to 25,No,No,External,none,no change,1 vehicle,1995,Collision
8,1,2,Mazda,Urban,2,8,3,Female,Single,34,Policy Holder,Sedan - All Perils,Sedan,less than 20000,0,7626,14,400,1,more than 30,more than 30,1,3 years,31 to 35,No,No,External,more than 5,no change,1 vehicle,1995,All Perils
8,1,2,Pontiac,Urban,1,9,1,Female,Married,59,Policy Holder,Sedan - Liability,Sport,30000 to 39000,0,7627,2,700,2,more than 30,more than 30,more than 4,more than 7,51 to 65,No,No,External,none,no change,3 to 4,1995,Liability
8,5,6,Mazda,Urban,4,8,1,Female,Married,53,Policy Holder,Sedan - Liability,Sport,30000 to 39000,0,7628,13,400,2,more than 30,more than 30,2 to 4,7 years,41 to 50,No,No,External,none,no change,1 vehicle,1995,Liability
7,4,2,Toyota,Urban,5,7,2,Male,Married,63,Third Party,Sedan - Collision,Sedan,20000 to 29000,0,7629,12,400,3,more than 30,more than 30,more than 4,7 years,51 to 65,No,No,External,more than 5,no change,1 vehicle,1995,Collision
7,3,7,Toyota,Urban,1,10,4,Male,Married,52,Policy Holder,Sedan - All Perils,Sedan,30000 to 39000,0,7630,15,400,3,more than 30,more than 30,1,more than 7,41 to 50,No,No,External,1 to 2,no change,1 vehicle,1995,All Perils
10,3,5,Honda,Urban,1,9,3,Female,Single,28,Policy Holder,Sedan - Collision,Sedan,20000 to 29000,0,7631,11,400,4,more than 30,more than 30,2 to 4,5 years,31 to 35,No,No,External,more than 5,no change,1 vehicle,1995,Collision
9,1,7,Pontiac,Urban,3,3,1,Male,Married,53,Policy Holder,Sedan - Liability,Sport,20000 to 29000,0,7632,15,400,4,more than 30,more than 30,2 to 4,more than 7,41 to 50,No,No,External,1 to 2,no change,1 vehicle,1995,Liability
1,2,6,Toyota,Urban,1,1,2,Male,Married,38,Policy Holder,Sedan - All Perils,Sedan,less than 20000,0,7633,13,400,3,more than 30,more than 30,1,7 years,36 to 40,No,No,External,none,no change,1 vehicle,1995,All Perils
1,2,2,Toyota,Urban,3,1,5,Male,Married,45,Policy Holder,Sedan - All Perils,Sedan,20000 to 29000,0,7634,13,400,4,more than 30,more than 30,none,7 years,36 to 40,No,No,External,none,no change,1 vehicle,1995,All Perils
1,3,5,Honda,Urban,2,1,3,Male,Single,0,Policy Holder,Sedan - Liability,Sport,more than 69000,0,7635,15,400,1,more than 30,more than 30,2 to 4,new,16 to 17,No,No,External,none,no change,1 vehicle,1995,Liability
1,3,4,Chevrolet,Urban,4,10,5,Male,Married,35,Policy Holder,Utility - All Perils,Utility,more than 69000,0,7636,12,400,2,more than 30,more than 30,more than 4,6 years,31 to 35,No,No,External,more than 5,no change,1 vehicle,1995,All Perils
10,1,5,Toyota,Urban,1,12,1,Male,Married,61,Policy Holder,Sedan - Collision,Sedan,more than 69000,0,7637,1,400,1,more than 30,more than 30,1,more than 7,51 to 65,No,No,External,none,no change,1 vehicle,1995,Collision
12,1,3,Toyota,Urban,1,1,1,Male,Married,49,Third Party,Sedan - Collision,Sedan,20000 to 29000,0,7638,8,400,4,more than 30,more than 30,none,more than 7,41 to 50,No,No,External,more than 5,no change,1 vehicle,1995,Collision
11,3,4,Toyota,Urban,1,2,2,Male,Married,54,Policy Holder,Sedan - Collision,Sedan,20000 to 29000,0,7639,10,400,4,more than 30,more than 30,2 to 4,7 years,41 to 50,No,No,External,more than 5,no change,1 vehicle,1995,Collision
2,2,6,Pontiac,Urban,4,2,3,Male,Married,34,Policy Holder,Sedan - Liability,Sport,30000 to 39000,0,7640,13,400,4,more than 30,more than 30,more than 4,7 years,31 to 35,No,No,External,none,no change,1 vehicle,1995,Liability
1,4,4,Toyota,Urban,2,3,3,Male,Single,24,Policy Holder,Sedan - All Perils,Sedan,20000 to 29000,0,7641,4,400,1,more than 30,more than 30,none,5 years,26 to 30,No,No,External,none,no change,1 vehicle,1995,All Perils
3,2,1,Toyota,Urban,1,2,3,Male,Married,68,Third Party,Sedan - All Perils,Sedan,less than 20000,0,7642,4,400,1,more than 30,more than 30,none,more than 7,over 65,No,No,External,3 to 5,no change,1 vehicle,1995,All Perils
2,5,1,Pontiac,Urban,1,5,5,Male,Single,23,Policy Holder,Sedan - Liability,Sport,20000 to 29000,0,7643,1,400,2,more than 30,more than 30,more than 4,5 years,26 to 30,No,No,External,more than 5,no change,1 vehicle,1995,Liability
4,2,1,Toyota,Urban,1,4,4,Male,Single,27,Policy Holder,Sedan - Liability,Sport,30000 to 39000,0,7644,1,400,1,more than 30,more than 30,2 to 4,6 years,31 to 35,No,No,External,none,no change,1 vehicle,1995,Liability
4,2,1,Honda,Urban,1,3,3,Female,Single,32,Policy Holder,Sedan - All Perils,Sedan,less than 20000,0,7645,5,400,2,more than 30,more than 30,1,6 years,31 to 35,No,No,External,none,1 year,2 vehicles,1995,All Perils
3,4,4,Chevrolet,Urban,3,7,4,Male,Married,55,Third Party,Sedan - Collision,Sedan,20000 to 29000,0,7646,12,400,1,more than 30,more than 30,none,more than 7,41 to 50,No,No,External,none,no change,1 vehicle,1995,Collision
6,5,3,Chevrolet,Urban,1,6,4,Male,Single,39,Policy Holder,Utility - All Perils,Utility,more than 69000,0,7647,15,400,4,more than 30,more than 30,2 to 4,7 years,36 to 40,No,No,External,3 to 5,no change,1 vehicle,1995,All Perils
6,3,6,Pontiac,Rural,2,9,3,Male,Married,46,Third Party,Sedan - All Perils,Sedan,20000 to 29000,0,7648,7,400,2,more than 30,more than 30,none,more than 7,41 to 50,No,No,External,3 to 5,no change,1 vehicle,1995,All Perils
9,4,1,Pontiac,Urban,1,9,4,Male,Married,39,Policy Holder,Sedan - Liability,Sport,30000 to 39000,0,7649,1,400,4,more than 30,more than 30,more than 4,more than 7,36 to 40,No,No,External,more than 5,no change,1 vehicle,1995,Liability
9,2,5,Honda,Urban,4,3,2,Male,Married,29,Policy Holder,Sedan - Collision,Sedan,20000 to 29000,0,7650,6,400,1,more than 30,more than 30,none,7 years,31 to 35,No,No,External,none,no change,1 vehicle,1995,Collision
2,3,3,VW,Urban,4,3,3,Male,Single,45,Third Party,Sedan - All Perils,Sedan,more than 69000,1,7651,3,500,4,more than 30,more than 30,none,7 years,36 to 40,No,No,External,more than 5,2 to 3 years,1 vehicle,1995,All Perils
2,3,1,Toyota,Urban,4,3,3,Male,Single,31,Policy Holder,Sedan - Liability,Sport,20000 to 29000,0,7652,14,400,3,more than 30,more than 30,2 to 4,6 years,31 to 35,No,No,External,none,no change,1 vehicle,1995,Liability
3,3,3,Chevrolet,Urban,4,3,4,Male,Married,51,Third Party,Sedan - All Perils,Sedan,30000 to 39000,0,7653,15,400,3,more than 30,more than 30,1,more than 7,41 to 50,No,No,External,none,no change,1 vehicle,1995,All Perils
3,3,5,Honda,Urban,1,6,3,Male,Married,31,Policy Holder,Sedan - Collision,Sedan,30000 to 39000,0,7654,3,400,4,more than 30,more than 30,none,6 years,31 to 35,No,No,External,1 to 2,no change,1 vehicle,1995,Collision
6,3,4,Pontiac,Urban,4,5,3,Male,Married,58,Third Party,Sedan - All Perils,Sedan,more than 69000,0,7655,12,400,4,more than 30,more than 30,none,more than 7,51 to 65,No,No,External,1 to 2,no change,1 vehicle,1995,All Perils
3,5,5,Honda,Urban,5,7,1,Male,Married,47,Policy Holder,Sedan - Liability,Sport,20000 to 29000,0,7656,15,400,3,more than 30,more than 30,more than 4,7 years,41 to 50,No,No,External,none,no change,1 vehicle,1995,Liability
6,4,2,Pontiac,Urban,2,6,5,Male,Married,30,Third Party,Sedan - Collision,Sedan,20000 to 29000,0,7657,3,400,1,more than 30,more than 30,none,6 years,31 to 35,No,No,External,3 to 5,no change,1 vehicle,1995,Collision
6,3,5,Toyota,Urban,1,10,3,Male,Single,28,Policy Holder,Sedan - Collision,Sedan,20000 to 29000,0,7658,3,400,2,more than 30,more than 30,1,3 years,31 to 35,No,No,External,none,no change,1 vehicle,1995,Collision
10,4,2,Pontiac,Urban,3,11,5,Female,Married,45,Third Party,Sedan - Collision,Sedan,30000 to 39000,0,7659,2,400,2,more than 30,more than 30,none,7 years,36 to 40,No,No,External,3 to 5,no change,1 vehicle,1995,Collision
11,1,4,Accura,Rural,4,10,1,Male,Married,76,Policy Holder,Sedan - All Perils,Sedan,30000 to 39000,1,7660,9,400,3,more than 30,more than 30,none,more than 7,over 65,No,No,External,more than 5,no change,1 vehicle,1995,All Perils
10,4,1,Pontiac,Urban,1,7,4,Male,Married,32,Third Party,Sedan - Collision,Sedan,20000 to 29000,0,7661,1,400,4,more than 30,more than 30,none,5 years,31 to 35,No,No,External,more than 5,no change,1 vehicle,1995,Collision
7,1,2,Chevrolet,Rural,3,7,1,Male,Single,24,Policy Holder,Sedan - Collision,Sedan,30000 to 39000,0,7662,4,400,3,more than 30,more than 30,2 to 4,5 years,26 to 30,No,No,Internal,3 to 5,no change,1 vehicle,1995,Collision
7,1,1,Honda,Urban,2,3,2,Male,Single,29,Third Party,Sedan - Collision,Sedan,30000 to 39000,0,7663,1,400,4,more than 30,more than 30,2 to 4,7 years,31 to 35,No,No,External,more than 5,no change,1 vehicle,1995,Collision
3,3,7,Mazda,Urban,2,3,4,Female,Married,32,Policy Holder,Sedan - Liability,Sport,30000 to 39000,0,7664,10,400,3,more than 30,more than 30,none,7 years,31 to 35,No,No,External,1 to 2,no change,1 vehicle,1995,Liability
3,2,2,Honda,Urban,3,11,3,Male,Married,34,Policy Holder,Sedan - All Perils,Sedan,less than 20000,0,7665,13,400,3,more than 30,more than 30,none,6 years,31 to 35,No,No,External,none,no change,1 vehicle,1995,All Perils
11,1,3,Chevrolet,Urban,4,3,1,Female,Single,31,Policy Holder,Sedan - Collision,Sedan,20000 to 29000,1,7666,4,400,2,more than 30,more than 30,none,5 years,31 to 35,No,No,External,1 to 2,4 to 8 years,2 vehicles,1995,Collision
3,2,4,Chevrolet,Urban,5,10,4,Male,Married,35,Policy Holder,Sedan - All Perils,Sedan,30000 to 39000,0,7667,4,400,2,more than 30,more than 30,none,7 years,31 to 35,No,No,External,none,no change,1 vehicle,1995,All Perils
10,2,4,Pontiac,Rural,3,10,3,Male,Single,26,Policy Holder,Sedan - Collision,Sedan,20000 to 29000,0,7668,12,400,3,more than 30,more than 30,2 to 4,7 years,31 to 35,No,No,External,1 to 2,no change,3 to 4,1995,Collision
10,2,1,Pontiac,Urban,1,9,3,Male,Married,38,Policy Holder,Sedan - Collision,Sedan,20000 to 29000,0,7669,14,400,4,more than 30,more than 30,1,4 years,36 to 40,No,No,External,none,no change,1 vehicle,1995,Collision
9,4,2,Chevrolet,Urban,5,8,4,Male,Single,24,Policy Holder,Sedan - Liability,Sport,20000 to 29000,0,7670,6,400,2,more than 30,more than 30,2 to 4,5 years,26 to 30,No,No,External,none,no change,1 vehicle,1995,Liability
8,3,1,Pontiac,Urban,3,7,3,Male,Married,46,Policy Holder,Sedan - All Perils,Sedan,less than 20000,0,7671,13,400,2,more than 30,more than 30,1,7 years,41 to 50,No,No,External,none,no change,1 vehicle,1995,All Perils
7,2,1,Pontiac,Urban,2,6,2,Male,Married,50,Third Party,Sedan - Collision,Sedan,20000 to 29000,0,7672,14,400,1,more than 30,more than 30,1,more than 7,41 to 50,No,No,External,3 to 5,no change,1 vehicle,1995,Collision
6,1,1,Honda,Urban,1,5,2,Male,Single,0,Policy Holder,Sedan - Liability,Sport,more than 69000,0,7673,15,400,2,more than 30,more than 30,1,new,16 to 17,No,No,External,none,no change,1 vehicle,1995,Liability
5,2,1,Mazda,Urban,3,4,3,Male,Married,37,Policy Holder,Sedan - Collision,Sedan,30000 to 39000,0,7674,9,400,4,more than 30,more than 30,1,7 years,36 to 40,No,No,External,none,no change,1 vehicle,1995,Collision
4,3,4,Chevrolet,Urban,1,4,4,Male,Married,57,Policy Holder,Utility - All Perils,Utility,more than 69000,0,7675,8,400,3,more than 30,more than 30,1,more than 7,51 to 65,No,No,External,3 to 5,no change,1 vehicle,1995,All Perils
4,3,3,Chevrolet,Urban,3,4,3,Male,Married,35,Policy Holder,Sedan - Collision,Sedan,30000 to 39000,0,7676,8,400,4,more than 30,more than 30,more than 4,5 years,31 to 35,No,No,External,3 to 5,no change,1 vehicle,1995,Collision
4,2,3,Toyota,Urban,5,4,3,Male,Single,39,Policy Holder,Sedan - Collision,Sedan,30000 to 39000,0,7677,1,400,1,more than 30,more than 30,2 to 4,7 years,36 to 40,No,No,External,none,no change,1 vehicle,1995,Collision
4,2,4,Accura,Urban,3,3,4,Male,Single,27,Third Party,Sedan - All Perils,Sedan,30000 to 39000,0,7678,11,400,4,more than 30,more than 30,2 to 4,6 years,31 to 35,Yes,No,External,1 to 2,no change,1 vehicle,1995,All Perils
2,4,6,Pontiac,Urban,5,2,1,Male,Married,47,Policy Holder,Sedan - Collision,Sedan,20000 to 29000,0,7679,8,400,4,more than 30,more than 30,1,more than 7,41 to 50,No,No,External,more than 5,no change,1 vehicle,1995,Collision
2,2,4,Mazda,Urban,3,1,3,Male,Married,51,Policy Holder,Sedan - Collision,Sedan,30000 to 39000,0,7680,9,400,3,more than 30,more than 30,2 to 4,more than 7,41 to 50,No,No,External,1 to 2,no change,1 vehicle,1995,Collision
1,3,5,Pontiac,Urban,2,5,4,Male,Married,45,Policy Holder,Sedan - Liability,Sport,20000 to 29000,0,7681,15,400,1,more than 30,more than 30,2 to 4,7 years,36 to 40,No,No,External,3 to 5,no change,1 vehicle,1995,Liability
4,5,2,Pontiac,Urban,1,1,1,Male,Married,35,Third Party,Sedan - All Perils,Sedan,20000 to 29000,0,7682,16,400,4,more than 30,more than 30,1,7 years,31 to 35,No,No,External,3 to 5,no change,1 vehicle,1995,All Perils
12,3,1,Ford,Urban,2,6,5,Male,Married,46,Policy Holder,Sedan - All Perils,Sedan,30000 to 39000,0,7683,3,400,4,none,more than 30,none,7 years,41 to 50,No,No,External,none,no change,1 vehicle,1995,All Perils
5,4,4,Pontiac,Urban,2,5,1,Male,Married,52,Third Party,Sedan - Collision,Sedan,30000 to 39000,0,7684,8,400,4,more than 30,more than 30,2 to 4,more than 7,41 to 50,No,No,External,3 to 5,no change,1 vehicle,1995,Collision
5,4,6,Pontiac,Urban,1,12,5,Male,Married,31,Policy Holder,Sedan - Collision,Sedan,20000 to 29000,0,7685,5,400,3,more than 30,more than 30,2 to 4,7 years,31 to 35,No,No,External,more than 5,no change,1 vehicle,1995,Collision
12,2,3,Mazda,Rural,3,11,2,Female,Divorced,38,Policy Holder,Sedan - Collision,Sedan,20000 to 29000,0,7686,13,400,4,more than 30,more than 30,1,7 years,36 to 40,No,No,External,none,no change,1 vehicle,1995,Collision
11,4,3,Chevrolet,Urban,5,11,4,Male,Single,26,Policy Holder,Sedan - Collision,Sedan,20000 to 29000,0,7687,2,400,4,more than 30,more than 30,2 to 4,6 years,31 to 35,No,No,External,more than 5,4 to 8 years,2 vehicles,1995,Collision
11,4,3,Pontiac,Urban,4,4,4,Female,Single,23,Third Party,Sedan - All Perils,Sedan,less than 20000,0,7688,15,400,1,more than 30,more than 30,none,5 years,26 to 30,No,No,External,more than 5,no change,1 vehicle,1995,All Perils
4,2,6,Accura,Rural,2,12,3,Male,Married,67,Policy Holder,Utility - All Perils,Utility,more than 69000,0,7689,11,700,1,more than 30,more than 30,none,more than 7,over 65,No,No,External,1 to 2,no change,1 vehicle,1995,All Perils
12,4,5,Mazda,Urban,6,12,4,Male,Single,33,Policy Holder,Sedan - Liability,Sport,20000 to 29000,0,7690,7,400,1,more than 30,more than 30,more than 4,7 years,31 to 35,No,No,External,1 to 2,no change,1 vehicle,1995,Liability
12,4,6,Mazda,Urban,1,12,4,Female,Single,29,Policy Holder,Sedan - Collision,Sedan,20000 to 29000,0,7691,7,400,4,more than 30,more than 30,none,5 years,31 to 35,No,No,External,none,no change,1 vehicle,1995,Collision
12,1,4,Honda,Urban,5,11,1,Male,Single,23,Third Party,Sedan - Collision,Sedan,20000 to 29000,0,7692,14,400,1,more than 30,more than 30,1,5 years,26 to 30,No,No,External,none,no change,1 vehicle,1995,Collision
11,3,3,Honda,Urban,5,11,3,Male,Single,22,Policy Holder,Sedan - Liability,Sport,20000 to 29000,0,7693,14,400,4,more than 30,more than 30,2 to 4,6 years,26 to 30,No,No,External,none,no change,1 vehicle,1995,Liability
11,1,4,Honda,Urban,5,11,3,Male,Single,33,Third Party,Sedan - All Perils,Sedan,20000 to 29000,0,7694,7,400,2,more than 30,more than 30,2 to 4,6 years,31 to 35,No,No,External,more than 5,no change,1 vehicle,1995,All Perils
11,3,5,Pontiac,Urban,5,11,3,Male,Married,72,Policy Holder,Sedan - Liability,Sport,20000 to 29000,0,7695,2,400,1,more than 30,more than 30,more than 4,more than 7,over 65,No,No,External,1 to 2,no change,1 vehicle,1995,Liability
11,3,4,Chevrolet,Urban,1,11,3,Male,Married,50,Third Party,Sedan - Collision,Sedan,more than 69000,0,7696,12,400,2,more than 30,more than 30,2 to 4,more than 7,41 to 50,No,No,External,none,no change,1 vehicle,1995,Collision
11,1,1,Accura,Urban,2,3,4,Male,Married,46,Policy Holder,Sedan - Collision,Sedan,more than 69000,1,7697,6,400,3,more than 30,more than 30,none,more than 7,41 to 50,No,No,External,more than 5,no change,1 vehicle,1995,Collision
3,2,5,Toyota,Urban,4,5,2,Male,Single,30,Policy Holder,Sedan - Collision,Sedan,20000 to 29000,0,7698,14,400,1,more than 30,more than 30,1,6 years,31 to 35,No,No,External,none,no change,1 vehicle,1995,Collision
4,5,3,Chevrolet,Rural,4,5,2,Male,Married,38,Policy Holder,Sedan - Liability,Sport,30000 to 39000,0,7699,11,400,2,more than 30,more than 30,none,more than 7,36 to 40,No,No,External,none,no change,1 vehicle,1995,Liability
5,1,5,Mazda,Urban,3,5,1,Male,Single,33,Policy Holder,Sedan - All Perils,Sedan,30000 to 39000,0,7700,11,400,2,more than 30,more than 30,none,7 years,31 to 35,No,No,External,3 to 5,no change,1 vehicle,1995,All Perils
5,3,4,Chevrolet,Rural,5,11,4,Male,Married,40,Policy Holder,Sedan - Liability,Sport,30000 to 39000,0,7701,12,400,4,more than 30,more than 30,2 to 4,more than 7,36 to 40,No,No,External,more than 5,no change,1 vehicle,1995,Liability
11,1,5,Toyota,Urban,1,6,3,Male,Married,49,Third Party,Sedan - All Perils,Sedan,20000 to 29000,0,7702,6,500,1,more than 30,more than 30,2 to 4,more than 7,41 to 50,No,No,External,none,2 to 3 years,1 vehicle,1995,All Perils
6,1,1,Pontiac,Rural,1,7,1,Male,Married,52,Third Party,Sedan - All Perils,Sedan,20000 to 29000,0,7703,9,400,4,more than 30,more than 30,1,more than 7,41 to 50,No,No,External,none,no change,1 vehicle,1995,All Perils
7,1,1,Honda,Urban,1,7,1,Male,Married,69,Policy Holder,Sedan - Liability,Sport,20000 to 29000,0,7704,6,400,4,more than 30,more than 30,1,more than 7,over 65,No,No,External,more than 5,no change,1 vehicle,1995,Liability
7,1,1,Chevrolet,Urban,1,8,1,Female,Single,37,Policy Holder,Sedan - Liability,Sport,20000 to 29000,0,7705,9,400,4,more than 30,more than 30,more than 4,6 years,36 to 40,No,No,External,more than 5,no change,1 vehicle,1995,Liability
7,4,5,Pontiac,Urban,5,9,1,Male,Married,36,Policy Holder,Sedan - Liability,Sport,20000 to 29000,0,7706,9,400,4,more than 30,more than 30,none,7 years,36 to 40,No,No,External,more than 5,no change,1 vehicle,1995,Liability
9,3,3,Mazda,Urban,5,10,3,Male,Married,38,Policy Holder,Sedan - Liability,Sport,30000 to 39000,0,7707,2,400,3,more than 30,more than 30,more than 4,more than 7,36 to 40,No,No,External,3 to 5,no change,1 vehicle,1995,Liability
10,1,2,Toyota,Urban,4,12,2,Male,Married,53,Policy Holder,Sedan - Collision,Sedan,20000 to 29000,0,7708,7,400,3,more than 30,more than 30,1,7 years,41 to 50,No,No,External,none,4 to 8 years,2 vehicles,1995,Collision
11,2,2,Toyota,Urban,4,11,4,Male,Married,53,Third Party,Sedan - All Perils,Sedan,less than 20000,0,7709,13,400,4,more than 30,more than 30,none,more than 7,41 to 50,No,No,External,1 to 2,no change,3 to 4,1995,All Perils
11,2,3,Honda,Rural,5,11,3,Female,Single,37,Policy Holder,Sedan - All Perils,Sedan,20000 to 29000,0,7710,4,400,4,more than 30,more than 30,1,7 years,36 to 40,No,No,External,more than 5,no change,1 vehicle,1995,All Perils
11,2,5,Mazda,Urban,5,11,3,Male,Single,29,Policy Holder,Sport - Collision,Sport,more than 69000,0,7711,4,400,3,more than 30,more than 30,2 to 4,6 years,31 to 35,No,No,External,none,no change,1 vehicle,1995,Collision
11,2,2,Honda,Urban,3,11,2,Male,Married,28,Policy Holder,Sedan - Collision,Sedan,20000 to 29000,0,7712,11,400,1,more than 30,more than 30,2 to 4,7 years,31 to 35,No,No,External,none,no change,1 vehicle,1995,Collision
11,4,4,Toyota,Urban,4,12,4,Male,Married,48,Third Party,Sedan - Liability,Sport,40000 to 59000,0,7713,3,400,3,more than 30,more than 30,2 to 4,more than 7,41 to 50,No,No,External,more than 5,no change,1 vehicle,1995,Liability
12,1,2,Pontiac,Urban,3,4,1,Male,Married,33,Third Party,Sedan - All Perils,Sedan,less than 20000,0,7714,1,400,1,more than 30,more than 30,1,7 years,31 to 35,No,No,External,more than 5,no change,1 vehicle,1995,All Perils
4,3,3,Pontiac,Rural,4,5,4,Male,Married,33,Policy Holder,Sedan - Collision,Sedan,40000 to 59000,0,7715,1,400,4,more than 30,more than 30,2 to 4,5 years,31 to 35,No,No,External,3 to 5,no change,1 vehicle,1995,Collision
5,4,2,Pontiac,Urban,3,7,4,Male,Married,44,Policy Holder,Sedan - Collision,Sedan,30000 to 39000,0,7716,16,400,4,more than 30,more than 30,none,more than 7,36 to 40,No,No,External,more than 5,no change,1 vehicle,1995,Collision
7,4,4,Honda,Urban,4,7,4,Female,Single,62,Policy Holder,Sedan - Liability,Sport,20000 to 29000,0,7717,11,400,2,more than 30,more than 30,more than 4,more than 7,51 to 65,No,No,External,more than 5,no change,1 vehicle,1995,Liability
7,4,4,Chevrolet,Urban,5,7,4,Female,Married,30,Policy Holder,Sedan - Liability,Sport,20000 to 29000,0,7718,16,400,4,more than 30,more than 30,2 to 4,5 years,31 to 35,No,No,External,more than 5,no change,1 vehicle,1995,Liability
7,4,3,Honda,Rural,4,8,5,Male,Married,36,Policy Holder,Sedan - Liability,Sport,20000 to 29000,0,7719,14,400,1,more than 30,more than 30,2 to 4,7 years,36 to 40,No,No,External,none,no change,1 vehicle,1995,Liability
8,1,2,Mazda,Urban,2,8,1,Male,Married,31,Third Party,Sedan - All Perils,Sedan,20000 to 29000,0,7720,13,700,2,more than 30,more than 30,none,7 years,31 to 35,No,No,External,none,no change,1 vehicle,1995,All Perils
8,4,4,Pontiac,Urban,5,9,4,Male,Married,64,Policy Holder,Sedan - Collision,Sedan,20000 to 29000,0,7721,5,400,2,more than 30,more than 30,none,7 years,51 to 65,No,No,External,none,no change,1 vehicle,1995,Collision
9,3,4,Mazda,Urban,4,11,3,Male,Married,26,Third Party,Sedan - Collision,Sedan,20000 to 29000,0,7722,8,400,4,more than 30,more than 30,none,6 years,31 to 35,No,No,External,1 to 2,no change,1 vehicle,1995,Collision
11,4,6,Toyota,Urban,1,12,4,Female,Single,27,Policy Holder,Sedan - Liability,Sport,20000 to 29000,0,7723,16,400,4,more than 30,more than 30,2 to 4,7 years,31 to 35,No,No,External,3 to 5,no change,1 vehicle,1995,Liability
12,3,7,Honda,Rural,2,11,3,Male,Married,54,Third Party,Sedan - Collision,Sedan,20000 to 29000,0,7724,9,400,3,more than 30,more than 30,none,more than 7,41 to 50,No,No,External,more than 5,no change,1 vehicle,1995,Collision
11,4,1,Accura,Urban,1,11,5,Male,Married,37,Third Party,Sedan - All Perils,Sedan,30000 to 39000,0,7725,7,400,1,more than 30,more than 30,2 to 4,7 years,36 to 40,No,No,External,more than 5,no change,1 vehicle,1995,All Perils
11,4,1,Honda,Urban,3,11,4,Female,Single,28,Policy Holder,Sedan - Collision,Sedan,less than 20000,0,7726,1,400,1,more than 30,more than 30,2 to 4,5 years,31 to 35,No,No,External,1 to 2,no change,1 vehicle,1995,Collision
11,4,3,Toyota,Urban,3,11,5,Male,Married,59,Policy Holder,Sedan - Collision,Sedan,40000 to 59000,0,7727,2,400,4,more than 30,more than 30,2 to 4,more than 7,51 to 65,No,No,External,more than 5,no change,1 vehicle,1995,Collision
11,4,3,Honda,Urban,5,10,4,Female,Single,22,Policy Holder,Sedan - Collision,Sedan,20000 to 29000,0,7728,4,400,2,more than 30,more than 30,more than 4,5 years,26 to 30,No,No,External,more than 5,no change,1 vehicle,1995,Collision
10,2,5,Chevrolet,Rural,4,11,2,Male,Married,40,Policy Holder,Sedan - Collision,Sedan,20000 to 29000,0,7729,1,400,4,more than 30,more than 30,2 to 4,7 years,36 to 40,No,No,External,3 to 5,4 to 8 years,2 vehicles,1995,Collision
11,1,6,Pontiac,Urban,4,9,2,Male,Married,28,Policy Holder,Sedan - All Perils,Sedan,30000 to 39000,1,7730,15,400,1,more than 30,more than 30,1,6 years,31 to 35,No,No,External,more than 5,no change,1 vehicle,1995,All Perils
9,3,5,Honda,Urban,1,12,5,Male,Married,44,Policy Holder,Sedan - Liability,Sport,20000 to 29000,0,7731,3,400,2,more than 30,more than 30,1,7 years,36 to 40,No,No,External,more than 5,no change,1 vehicle,1995,Liability
9,3,3,Toyota,Rural,3,9,1,Female,Single,26,Policy Holder,Sedan - Liability,Sport,20000 to 29000,0,7732,12,400,2,more than 30,more than 30,1,5 years,31 to 35,No,No,External,1 to 2,no change,1 vehicle,1995,Liability
9,2,5,Mazda,Urban,5,3,2,Male,Single,27,Policy Holder,Sedan - Liability,Sport,20000 to 29000,0,7733,7,400,3,more than 30,more than 30,none,7 years,31 to 35,No,No,Internal,more than 5,no change,1 vehicle,1995,Liability
11,1,1,Toyota,Urban,1,8,3,Male,Married,58,Third Party,Sedan - All Perils,Sedan,less than 20000,0,7734,11,400,3,more than 30,more than 30,none,more than 7,51 to 65,No,No,External,none,no change,1 vehicle,1995,All Perils
8,4,2,Pontiac,Urban,4,8,4,Male,Married,37,Policy Holder,Sedan - Collision,Sedan,30000 to 39000,0,7735,14,400,4,more than 30,more than 30,none,7 years,36 to 40,No,No,External,3 to 5,no change,1 vehicle,1995,Collision
8,3,2,Toyota,Rural,3,8,3,Male,Single,30,Policy Holder,Sedan - Liability,Sport,20000 to 29000,0,7736,10,400,1,more than 30,more than 30,1,7 years,31 to 35,No,No,External,more than 5,1 year,1 vehicle,1995,Liability
8,3,1,Mazda,Urban,1,8,3,Female,Married,32,Policy Holder,Sedan - Liability,Sport,30000 to 39000,0,7737,11,400,3,more than 30,more than 30,2 to 4,7 years,31 to 35,No,No,External,more than 5,no change,1 vehicle,1995,Liability
8,2,4,Mazda,Urban,2,8,2,Female,Single,26,Policy Holder,Sedan - Liability,Sport,20000 to 29000,0,7738,5,400,3,more than 30,more than 30,2 to 4,6 years,31 to 35,No,No,External,none,no change,1 vehicle,1995,Liability
8,1,4,Mazda,Rural,5,8,5,Female,Married,39,Policy Holder,Utility - All Perils,Utility,more than 69000,0,7739,3,400,3,more than 30,more than 30,2 to 4,7 years,36 to 40,No,No,External,more than 5,no change,1 vehicle,1995,All Perils
8,1,3,Chevrolet,Urban,3,8,1,Male,Single,37,Policy Holder,Utility - Collision,Utility,more than 69000,0,7740,14,400,4,more than 30,more than 30,more than 4,7 years,36 to 40,No,No,External,more than 5,no change,1 vehicle,1995,Collision
8,1,5,Toyota,Urban,2,11,1,Female,Married,30,Policy Holder,Sedan - Liability,Sport,20000 to 29000,0,7741,10,400,4,more than 30,more than 30,1,6 years,31 to 35,No,No,External,none,no change,1 vehicle,1995,Liability
11,1,7,Honda,Urban,1,3,3,Male,Married,44,Third Party,Sedan - All Perils,Sedan,30000 to 39000,0,7742,15,400,1,more than 30,more than 30,none,7 years,36 to 40,No,No,External,3 to 5,no change,1 vehicle,1995,All Perils
2,4,2,Honda,Urban,4,12,4,Male,Single,18,Third Party,Sedan - All Perils,Sedan,20000 to 29000,0,7743,1,400,1,none,more than 30,none,2 years,21 to 25,No,No,External,none,no change,1 vehicle,1995,All Perils
12,2,2,Toyota,Urban,5,12,3,Female,Single,26,Third Party,Sedan - All Perils,Sedan,less than 20000,0,7744,12,400,4,more than 30,more than 30,2 to 4,4 years,31 to 35,No,No,External,1 to 2,no change,1 vehicle,1995,All Perils
11,5,2,Chevrolet,Urban,1,11,1,Male,Single,27,Policy Holder,Sedan - All Perils,Sedan,20000 to 29000,0,7745,10,400,1,more than 30,more than 30,none,7 years,31 to 35,No,No,External,none,no change,1 vehicle,1995,All Perils
11,4,6,Pontiac,Urban,3,11,5,Male,Married,38,Policy Holder,Sedan - All Perils,Sedan,less than 20000,0,7746,3,400,3,more than 30,more than 30,none,6 years,36 to 40,No,No,External,none,no change,1 vehicle,1995,All Perils
11,3,5,Toyota,Urban,2,11,4,Male,Married,61,Third Party,Sedan - All Perils,Sedan,20000 to 29000,0,7747,6,400,3,more than 30,more than 30,1,more than 7,51 to 65,No,No,External,more than 5,no change,1 vehicle,1995,All Perils
11,3,5,Honda,Urban,3,11,4,Male,Married,40,Third Party,Sedan - Collision,Sedan,20000 to 29000,0,7748,6,400,3,more than 30,more than 30,none,7 years,36 to 40,No,No,External,none,no change,1 vehicle,1995,Collision
11,3,6,Pontiac,Urban,3,11,4,Male,Single,32,Third Party,Sedan - Collision,Sedan,20000 to 29000,0,7749,7,400,1,more than 30,more than 30,2 to 4,7 years,31 to 35,No,No,External,3 to 5,no change,1 vehicle,1995,Collision
11,2,6,Chevrolet,Urban,4,11,4,Male,Single,21,Third Party,Sedan - Collision,Sedan,20000 to 29000,0,7750,5,400,3,more than 30,more than 30,2 to 4,3 years,26 to 30,No,No,External,3 to 5,4 to 8 years,3 to 4,1995,Collision
11,1,4,Honda,Rural,5,11,2,Male,Single,45,Third Party,Sedan - Collision,Sedan,30000 to 39000,0,7751,16,400,3,more than 30,more than 30,1,6 years,36 to 40,No,No,External,1 to 2,no change,1 vehicle,1995,Collision
11,2,1,Mazda,Urban,2,10,2,Male,Married,32,Policy Holder,Sedan - Liability,Sport,30000 to 39000,0,7752,9,400,4,more than 30,more than 30,1,7 years,31 to 35,No,No,External,none,no change,1 vehicle,1995,Liability
10,2,3,Chevrolet,Urban,3,11,3,Male,Married,51,Third Party,Sedan - Collision,Sedan,20000 to 29000,0,7753,15,500,4,more than 30,more than 30,2 to 4,more than 7,41 to 50,No,No,External,more than 5,2 to 3 years,1 vehicle,1995,Collision
10,1,6,Mazda,Urban,4,10,5,Male,Married,31,Policy Holder,Sport - Collision,Sport,more than 69000,0,7754,4,400,2,more than 30,more than 30,none,5 years,31 to 35,No,No,External,none,no change,1 vehicle,1995,Collision
9,3,7,Toyota,Urban,1,8,1,Male,Married,46,Policy Holder,Sedan - Liability,Sport,20000 to 29000,0,7755,11,400,2,more than 30,more than 30,2 to 4,more than 7,41 to 50,No,No,External,none,no change,1 vehicle,1995,Liability
8,2,2,Mazda,Urban,3,8,2,Female,Single,31,Policy Holder,Sedan - Collision,Sedan,20000 to 29000,0,7756,13,400,2,more than 30,more than 30,none,6 years,31 to 35,No,No,External,none,no change,1 vehicle,1995,Collision
8,2,7,Honda,Urban,1,7,2,Male,Married,61,Third Party,Sedan - All Perils,Sedan,20000 to 29000,0,7757,16,400,2,more than 30,more than 30,2 to 4,more than 7,51 to 65,No,No,External,more than 5,no change,1 vehicle,1995,All Perils
7,4,7,Pontiac,Urban,2,7,4,Male,Married,80,Policy Holder,Sedan - Collision,Sedan,20000 to 29000,0,7758,12,400,4,more than 30,more than 30,2 to 4,more than 7,over 65,No,No,External,none,no change,1 vehicle,1995,Collision
7,4,1,Honda,Urban,4,7,4,Male,Married,35,Third Party,Sedan - Liability,Sport,20000 to 29000,0,7759,5,400,2,more than 30,more than 30,2 to 4,6 years,31 to 35,No,No,External,none,no change,1 vehicle,1995,Liability
7,3,4,Toyota,Urban,2,7,4,Male,Married,44,Policy Holder,Sedan - Liability,Sport,30000 to 39000,0,7760,14,400,4,more than 30,more than 30,1,more than 7,36 to 40,No,No,External,3 to 5,no change,1 vehicle,1995,Liability
7,3,2,Honda,Urban,3,8,3,Male,Single,31,Policy Holder,Sedan - Liability,Sport,30000 to 39000,0,7761,10,400,4,more than 30,more than 30,2 to 4,6 years,31 to 35,No,No,External,none,no change,1 vehicle,1995,Liability
7,2,1,Honda,Urban,4,7,3,Male,Married,39,Third Party,Sedan - Collision,Sedan,20000 to 29000,0,7762,8,400,1,more than 30,more than 30,none,7 years,36 to 40,No,No,External,none,no change,1 vehicle,1995,Collision
7,1,1,Chevrolet,Rural,1,7,2,Female,Single,46,Third Party,Sedan - All Perils,Sedan,20000 to 29000,0,7763,3,400,1,more than 30,more than 30,none,6 years,41 to 50,No,No,External,1 to 2,no change,1 vehicle,1995,All Perils
7,1,6,Pontiac,Urban,1,6,1,Male,Single,54,Policy Holder,Sedan - Collision,Sedan,30000 to 39000,0,7764,1,400,4,more than 30,more than 30,none,more than 7,41 to 50,No,No,External,more than 5,no change,1 vehicle,1995,Collision
6,1,4,Chevrolet,Urban,1,6,2,Female,Single,25,Policy Holder,Sedan - Collision,Sedan,20000 to 29000,0,7765,15,400,2,more than 30,more than 30,none,5 years,26 to 30,No,No,External,none,no change,1 vehicle,1995,Collision
6,1,7,Honda,Urban,1,5,1,Male,Married,54,Policy Holder,Sedan - Collision,Sedan,more than 69000,0,7766,16,400,1,more than 30,more than 30,1,more than 7,41 to 50,No,No,External,more than 5,no change,1 vehicle,1995,Collision
5,3,7,Chevrolet,Rural,2,5,3,Male,Married,51,Policy Holder,Sedan - All Perils,Sedan,more than 69000,0,7767,7,400,1,more than 30,more than 30,1,more than 7,41 to 50,No,No,External,more than 5,no change,1 vehicle,1995,All Perils
5,3,2,Pontiac,Urban,3,5,3,Male,Single,32,Policy Holder,Sedan - Liability,Sport,20000 to 29000,0,7768,3,400,1,more than 30,more than 30,2 to 4,6 years,31 to 35,No,No,External,none,no change,1 vehicle,1995,Liability
5,1,1,Toyota,Urban,1,3,1,Male,Married,33,Policy Holder,Sedan - Collision,Sedan,30000 to 39000,0,7769,15,400,3,more than 30,more than 30,1,6 years,31 to 35,No,No,External,3 to 5,no change,1 vehicle,1995,Collision
3,2,3,Toyota,Urban,2,3,2,Male,Married,33,Policy Holder,Sedan - All Perils,Sedan,less than 20000,0,7770,2,400,1,more than 30,more than 30,none,6 years,31 to 35,No,No,External,1 to 2,no change,1 vehicle,1995,All Perils
2,3,7,VW,Urban,1,12,1,Male,Single,72,Policy Holder,Utility - All Perils,Utility,more than 69000,0,7771,6,400,4,more than 30,more than 30,more than 4,more than 7,over 65,No,No,External,1 to 2,4 to 8 years,2 vehicles,1995,All Perils
12,3,1,Pontiac,Rural,1,9,3,Female,Married,61,Policy Holder,Sedan - Liability,Sport,less than 20000,0,7772,14,400,4,more than 30,more than 30,none,7 years,51 to 65,No,No,External,none,no change,1 vehicle,1995,Liability
9,4,6,Dodge,Urban,2,12,4,Female,Married,42,Policy Holder,Sedan - Collision,Sedan,30000 to 39000,0,7773,14,400,2,more than 30,more than 30,2 to 4,6 years,36 to 40,No,No,External,none,no change,1 vehicle,1995,Collision
12,4,4,Pontiac,Rural,5,2,4,Male,Married,39,Policy Holder,Sedan - All Perils,Sedan,less than 20000,0,7774,12,400,4,more than 30,more than 30,none,7 years,36 to 40,No,No,External,1 to 2,no change,1 vehicle,1995,All Perils
1,4,3,Toyota,Urban,4,4,1,Female,Married,27,Policy Holder,Sedan - Liability,Sport,30000 to 39000,0,7775,3,400,4,more than 30,more than 30,none,7 years,31 to 35,No,No,External,none,no change,1 vehicle,1995,Liability
1,4,4,Honda,Urban,4,2,1,Male,Married,52,Policy Holder,Sedan - Liability,Sport,20000 to 29000,0,7776,4,400,4,more than 30,more than 30,2 to 4,7 years,41 to 50,No,No,External,more than 5,no change,1 vehicle,1995,Liability
2,1,4,Pontiac,Rural,3,4,2,Male,Married,61,Policy Holder,Sedan - Liability,Sport,20000 to 29000,0,7777,8,400,1,more than 30,more than 30,none,more than 7,51 to 65,No,No,External,none,no change,1 vehicle,1995,Liability
3,4,1,Pontiac,Urban,1,3,1,Male,Married,63,Third Party,Sedan - All Perils,Sedan,20000 to 29000,0,7778,6,400,1,more than 30,more than 30,none,more than 7,51 to 65,No,No,External,more than 5,no change,1 vehicle,1995,All Perils
3,4,7,Toyota,Urban,2,6,4,Male,Married,41,Policy Holder,Sedan - Liability,Sport,20000 to 29000,0,7779,11,400,3,more than 30,more than 30,more than 4,7 years,36 to 40,No,No,External,none,no change,1 vehicle,1995,Liability
6,1,2,Pontiac,Urban,3,8,2,Male,Married,62,Policy Holder,Sedan - Collision,Sedan,20000 to 29000,0,7780,1,400,1,more than 30,more than 30,1,6 years,51 to 65,No,No,External,none,no change,1 vehicle,1995,Collision
8,3,3,Chevrolet,Urban,3,8,4,Male,Married,35,Third Party,Sedan - Collision,Sedan,40000 to 59000,0,7781,15,400,4,more than 30,more than 30,2 to 4,6 years,31 to 35,No,No,Internal,1 to 2,no change,1 vehicle,1995,Collision
8,3,4,VW,Urban,4,10,3,Male,Married,34,Policy Holder,Sedan - Collision,Sedan,40000 to 59000,0,7782,5,700,2,more than 30,more than 30,2 to 4,7 years,31 to 35,No,No,External,none,no change,1 vehicle,1995,Collision
10,2,5,Pontiac,Urban,5,10,2,Female,Single,32,Policy Holder,Sedan - Liability,Sport,20000 to 29000,0,7783,14,400,4,more than 30,more than 30,2 to 4,5 years,31 to 35,No,No,External,none,no change,1 vehicle,1995,Liability
10,3,1,Ford,Urban,1,10,4,Male,Single,24,Policy Holder,Sedan - All Perils,Sedan,20000 to 29000,0,7784,7,400,4,more than 30,more than 30,2 to 4,5 years,26 to 30,No,No,External,more than 5,no change,1 vehicle,1995,All Perils
10,1,5,Saab,Urban,2,6,1,Male,Married,50,Policy Holder,Sedan - Liability,Sport,30000 to 39000,0,7785,8,400,1,more than 30,more than 30,more than 4,7 years,41 to 50,No,No,External,none,no change,1 vehicle,1995,Liability
6,3,5,Toyota,Urban,3,6,3,Male,Married,45,Third Party,Sedan - Collision,Sedan,20000 to 29000,0,7786,14,400,4,more than 30,more than 30,2 to 4,more than 7,36 to 40,No,No,External,1 to 2,no change,1 vehicle,1995,Collision
6,3,7,Mazda,Urban,5,11,4,Male,Married,32,Policy Holder,Sport - Collision,Sport,more than 69000,0,7787,7,400,1,more than 30,more than 30,1,7 years,31 to 35,No,No,External,none,no change,1 vehicle,1995,Collision
11,1,7,Pontiac,Rural,1,6,2,Male,Married,54,Policy Holder,Sedan - Collision,Sedan,30000 to 39000,1,7788,2,400,1,more than 30,more than 30,1,7 years,41 to 50,No,No,External,none,no change,1 vehicle,1995,Collision
6,3,1,Honda,Urban,3,11,3,Male,Married,37,Third Party,Sedan - All Perils,Sedan,less than 20000,0,7789,12,400,3,more than 30,more than 30,1,7 years,36 to 40,No,No,External,none,no change,1 vehicle,1995,All Perils
11,2,5,Honda,Urban,1,11,2,Male,Married,42,Policy Holder,Sedan - Liability,Sport,20000 to 29000,0,7790,9,400,4,more than 30,more than 30,1,6 years,36 to 40,No,No,External,none,no change,1 vehicle,1995,Liability
11,1,5,Toyota,Urban,3,11,1,Male,Married,50,Policy Holder,Sedan - All Perils,Sedan,more than 69000,0,7791,13,400,4,more than 30,more than 30,2 to 4,more than 7,41 to 50,No,No,External,more than 5,no change,3 to 4,1995,All Perils
10,4,1,Mazda,Urban,4,8,5,Male,Married,34,Policy Holder,Sedan - Collision,Sedan,20000 to 29000,0,7792,16,400,2,more than 30,more than 30,none,7 years,31 to 35,Yes,No,External,1 to 2,4 to 8 years,2 vehicles,1995,Collision
8,3,2,Toyota,Urban,3,2,3,Female,Single,28,Policy Holder,Sedan - Collision,Sedan,20000 to 29000,0,7793,8,400,4,more than 30,more than 30,2 to 4,7 years,31 to 35,No,No,External,3 to 5,no change,1 vehicle,1995,Collision
2,4,1,Pontiac,Urban,4,3,4,Female,Single,28,Policy Holder,Sedan - Liability,Sport,20000 to 29000,0,7794,3,400,3,more than 30,more than 30,2 to 4,5 years,31 to 35,No,No,External,none,no change,1 vehicle,1995,Liability
1,5,5,Accura,Urban,1,7,2,Male,Married,35,Policy Holder,Sedan - Collision,Sedan,30000 to 39000,0,7795,1,400,3,more than 30,more than 30,none,7 years,31 to 35,No,No,Internal,more than 5,no change,1 vehicle,1995,Collision
4,2,4,Pontiac,Urban,1,4,1,Male,Married,36,Policy Holder,Sedan - Liability,Sport,20000 to 29000,0,7796,4,400,3,more than 30,more than 30,more than 4,7 years,36 to 40,No,No,External,none,no change,1 vehicle,1995,Liability
3,5,1,Honda,Urban,1,3,1,Male,Married,48,Policy Holder,Sedan - Collision,Sedan,more than 69000,0,7797,9,400,1,more than 30,more than 30,none,new,41 to 50,No,No,External,none,no change,1 vehicle,1995,Collision
3,5,1,Mazda,Urban,3,3,5,Female,Single,28,Policy Holder,Sedan - Collision,Sedan,20000 to 29000,0,7798,12,400,3,more than 30,more than 30,1,3 years,31 to 35,No,No,External,none,no change,1 vehicle,1995,Collision
11,2,6,Ford,Urban,3,6,1,Male,Married,64,Policy Holder,Sedan - All Perils,Sedan,40000 to 59000,1,7799,16,400,4,more than 30,more than 30,2 to 4,6 years,51 to 65,No,No,External,more than 5,no change,1 vehicle,1995,All Perils
6,2,2,Toyota,Urban,3,6,3,Female,Married,51,Policy Holder,Sedan - All Perils,Sedan,20000 to 29000,0,7800,4,400,4,more than 30,more than 30,none,7 years,41 to 50,No,No,External,none,no change,1 vehicle,1995,All Perils
5,5,4,Honda,Urban,1,11,1,Male,Married,33,Third Party,Sedan - Liability,Sport,30000 to 39000,0,7801,6,400,1,more than 30,more than 30,1,7 years,31 to 35,No,No,External,none,no change,1 vehicle,1995,Liability
8,3,6,Honda,Urban,6,8,5,Female,Married,39,Third Party,Sedan - Collision,Sedan,20000 to 29000,0,7802,11,400,3,more than 30,more than 30,2 to 4,7 years,36 to 40,No,No,External,none,no change,1 vehicle,1995,Collision
8,2,4,Pontiac,Urban,2,9,2,Male,Married,55,Third Party,Sedan - All Perils,Sedan,20000 to 29000,0,7803,7,400,4,more than 30,more than 30,none,more than 7,41 to 50,No,No,External,none,no change,1 vehicle,1995,All Perils
9,3,1,Accura,Urban,1,11,3,Male,Married,31,Policy Holder,Utility - All Perils,Utility,more than 69000,0,7804,12,500,1,more than 30,more than 30,1,7 years,31 to 35,No,No,External,none,2 to 3 years,1 vehicle,1995,All Perils
11,2,4,Toyota,Urban,4,10,2,Male,Married,33,Third Party,Sedan - All Perils,Sedan,more than 69000,0,7805,15,400,3,more than 30,more than 30,none,6 years,31 to 35,No,No,External,none,no change,1 vehicle,1995,All Perils
10,4,2,Toyota,Urban,1,11,4,Male,Married,37,Policy Holder,Sedan - Collision,Sedan,30000 to 39000,0,7806,6,400,2,more than 30,more than 30,more than 4,more than 7,36 to 40,No,No,External,1 to 2,no change,1 vehicle,1995,Collision
10,4,2,Toyota,Urban,1,2,4,Male,Married,55,Third Party,Sedan - Liability,Sport,20000 to 29000,0,7807,4,400,1,more than 30,more than 30,2 to 4,7 years,41 to 50,No,No,External,3 to 5,no change,1 vehicle,1995,Liability
2,4,5,Pontiac,Urban,3,3,4,Male,Married,45,Policy Holder,Sedan - Liability,Sport,20000 to 29000,0,7808,8,400,4,more than 30,more than 30,2 to 4,6 years,36 to 40,No,No,External,3 to 5,no change,1 vehicle,1995,Liability
3,4,1,Honda,Urban,4,5,5,Male,Married,46,Third Party,Sedan - Collision,Sedan,20000 to 29000,0,7809,13,400,1,more than 30,more than 30,1,7 years,41 to 50,No,No,External,more than 5,no change,1 vehicle,1995,Collision
5,1,5,Mazda,Urban,1,7,2,Female,Married,55,Policy Holder,Sedan - All Perils,Sedan,less than 20000,0,7810,16,400,2,more than 30,more than 30,none,5 years,41 to 50,No,No,External,none,no change,1 vehicle,1995,All Perils
7,2,5,Pontiac,Urban,2,6,3,Male,Single,27,Policy Holder,Sedan - Liability,Sport,30000 to 39000,0,7811,12,400,2,more than 30,more than 30,1,6 years,31 to 35,No,No,External,none,no change,1 vehicle,1995,Liability
6,2,7,Pontiac,Urban,2,7,2,Male,Married,75,Third Party,Sedan - All Perils,Sedan,20000 to 29000,0,7812,3,400,2,more than 30,more than 30,1,7 years,over 65,No,No,External,3 to 5,no change,1 vehicle,1995,All Perils
7,3,2,Pontiac,Urban,5,7,4,Male,Single,47,Policy Holder,Sedan - Liability,Sport,20000 to 29000,0,7813,16,700,1,more than 30,more than 30,1,more than 7,41 to 50,No,No,External,1 to 2,4 to 8 years,2 vehicles,1995,Liability
7,2,4,Dodge,Urban,5,8,4,Male,Married,38,Policy Holder,Sedan - Liability,Sport,30000 to 39000,0,7814,2,400,3,more than 30,more than 30,more than 4,7 years,36 to 40,No,No,External,none,no change,1 vehicle,1995,Liability
8,3,3,Nisson,Urban,4,8,3,Male,Married,41,Third Party,Sedan - All Perils,Sedan,more than 69000,0,7815,11,400,4,more than 30,more than 30,none,more than 7,36 to 40,No,No,External,more than 5,no change,1 vehicle,1995,All Perils
8,2,2,Accura,Urban,5,11,2,Male,Married,37,Policy Holder,Sedan - Liability,Sport,more than 69000,0,7816,7,400,2,8 to 15,8 to 15,2 to 4,more than 7,36 to 40,No,No,External,none,no change,1 vehicle,1995,Liability
10,5,3,Pontiac,Urban,2,11,1,Male,Married,52,Third Party,Sedan - All Perils,Sedan,less than 20000,0,7817,1,400,2,more than 30,more than 30,none,7 years,41 to 50,No,No,External,none,no change,1 vehicle,1995,All Perils
11,1,7,Chevrolet,Urban,1,12,3,Male,Married,48,Policy Holder,Sedan - Liability,Sport,30000 to 39000,0,7818,6,400,2,more than 30,more than 30,2 to 4,7 years,41 to 50,No,No,External,none,no change,1 vehicle,1995,Liability
12,1,4,Mazda,Urban,2,12,1,Female,Married,29,Policy Holder,Sedan - Collision,Sedan,30000 to 39000,0,7819,3,400,3,more than 30,more than 30,none,7 years,31 to 35,No,No,External,none,no change,1 vehicle,1995,Collision
11,5,4,Accura,Urban,5,12,1,Male,Married,49,Policy Holder,Sedan - Liability,Sport,30000 to 39000,0,7820,2,400,4,more than 30,more than 30,2 to 4,6 years,41 to 50,Yes,No,External,1 to 2,no change,1 vehicle,1995,Liability
11,5,2,Mazda,Rural,2,11,1,Female,Single,27,Policy Holder,Sedan - Collision,Sedan,20000 to 29000,0,7821,4,400,1,more than 30,more than 30,more than 4,6 years,31 to 35,No,No,External,1 to 2,no change,1 vehicle,1995,Collision
11,2,2,Chevrolet,Rural,3,11,3,Male,Single,29,Policy Holder,Utility - All Perils,Utility,more than 69000,1,7822,2,400,2,more than 30,more than 30,none,6 years,31 to 35,No,No,External,none,no change,1 vehicle,1995,All Perils
11,2,6,Toyota,Urban,4,12,2,Female,Married,30,Third Party,Sedan - Collision,Sedan,20000 to 29000,0,7823,2,400,2,more than 30,more than 30,1,5 years,31 to 35,No,No,External,3 to 5,no change,1 vehicle,1995,Collision
11,2,1,Pontiac,Urban,3,11,3,Female,Single,32,Policy Holder,Sedan - Liability,Sport,20000 to 29000,0,7824,7,400,4,more than 30,more than 30,1,6 years,31 to 35,No,No,External,none,no change,1 vehicle,1995,Liability
11,2,5,Toyota,Urban,2,10,3,Male,Married,30,Policy Holder,Sedan - Collision,Sedan,20000 to 29000,0,7825,15,400,4,more than 30,more than 30,2 to 4,7 years,31 to 35,No,No,External,more than 5,no change,1 vehicle,1995,Collision
10,2,5,Toyota,Rural,1,8,3,Male,Married,37,Policy Holder,Sedan - Collision,Sedan,20000 to 29000,0,7826,15,400,4,more than 30,more than 30,none,5 years,36 to 40,No,No,External,1 to 2,no change,1 vehicle,1995,Collision
8,2,5,Pontiac,Urban,5,8,3,Male,Married,55,Policy Holder,Sedan - Liability,Sport,20000 to 29000,0,7827,9,400,4,more than 30,more than 30,more than 4,7 years,41 to 50,No,No,External,1 to 2,1 year,1 vehicle,1995,Liability
8,2,2,Mazda,Rural,3,11,3,Male,Married,52,Policy Holder,Sedan - Collision,Sedan,30000 to 39000,0,7828,2,400,2,more than 30,more than 30,1,more than 7,41 to 50,No,No,External,more than 5,no change,1 vehicle,1995,Collision
11,2,7,Toyota,Urban,2,7,2,Male,Married,48,Policy Holder,Sedan - All Perils,Sedan,20000 to 29000,1,7829,9,400,4,more than 30,more than 30,1,more than 7,41 to 50,No,No,External,none,no change,1 vehicle,1995,All Perils
7,4,2,Chevrolet,Urban,2,7,4,Male,Single,30,Policy Holder,Sedan - Liability,Sport,more than 69000,0,7830,5,400,2,more than 30,more than 30,2 to 4,6 years,31 to 35,No,No,External,3 to 5,no change,1 vehicle,1995,Liability
6,1,5,Mazda,Urban,2,6,1,Male,Married,32,Policy Holder,Sedan - Liability,Sport,30000 to 39000,0,7831,2,400,2,more than 30,more than 30,none,7 years,31 to 35,No,No,External,more than 5,no change,1 vehicle,1995,Liability
6,1,7,Dodge,Rural,4,5,1,Female,Single,30,Policy Holder,Sedan - Collision,Sedan,20000 to 29000,0,7832,5,400,2,more than 30,more than 30,none,6 years,31 to 35,No,No,External,none,no change,3 to 4,1995,Collision
4,5,1,Toyota,Urban,1,4,1,Male,Married,28,Policy Holder,Sedan - All Perils,Sedan,20000 to 29000,0,7833,10,400,1,more than 30,more than 30,none,5 years,31 to 35,No,No,External,none,no change,1 vehicle,1995,All Perils
4,4,1,Toyota,Rural,2,4,4,Male,Single,45,Policy Holder,Sedan - Collision,Sedan,20000 to 29000,0,7834,2,400,3,more than 30,more than 30,1,7 years,36 to 40,No,No,External,more than 5,4 to 8 years,2 vehicles,1995,Collision
4,1,3,Mazda,Urban,5,4,1,Male,Married,43,Policy Holder,Sedan - Liability,Sport,20000 to 29000,0,7835,12,400,1,more than 30,more than 30,2 to 4,7 years,36 to 40,No,No,External,none,no change,1 vehicle,1995,Liability
4,1,3,Chevrolet,Urban,5,11,2,Male,Married,65,Policy Holder,Utility - Liability,Utility,more than 69000,0,7836,1,400,1,more than 30,more than 30,none,more than 7,51 to 65,No,No,External,none,no change,1 vehicle,1995,Liability
11,2,6,Mazda,Urban,1,4,2,Male,Married,28,Third Party,Sedan - Collision,Sedan,30000 to 39000,0,7837,4,400,1,more than 30,more than 30,none,7 years,31 to 35,No,No,External,more than 5,no change,1 vehicle,1995,Collision
4,1,5,Pontiac,Urban,1,3,1,Male,Married,61,Policy Holder,Sedan - Collision,Sedan,20000 to 29000,0,7838,12,400,4,more than 30,more than 30,2 to 4,more than 7,51 to 65,No,No,External,none,no change,1 vehicle,1995,Collision
3,4,6,Mazda,Urban,2,3,4,Male,Married,38,Policy Holder,Sedan - All Perils,Sedan,20000 to 29000,0,7839,1,400,4,more than 30,more than 30,1,6 years,36 to 40,Yes,No,External,more than 5,no change,1 vehicle,1995,All Perils
3,4,6,Honda,Rural,5,12,5,Male,Single,28,Policy Holder,Sedan - Collision,Sedan,20000 to 29000,0,7840,16,400,3,more than 30,more than 30,2 to 4,6 years,31 to 35,No,No,External,none,no change,1 vehicle,1995,Collision
11,4,1,Pontiac,Urban,1,11,1,Female,Married,39,Policy Holder,Sedan - Collision,Sedan,30000 to 39000,0,7841,7,400,4,more than 30,more than 30,2 to 4,7 years,36 to 40,No,No,External,none,no change,1 vehicle,1995,Collision
11,5,7,Chevrolet,Urban,2,11,5,Male,Single,43,Policy Holder,Sedan - Liability,Sport,30000 to 39000,0,7842,16,400,2,more than 30,more than 30,more than 4,7 years,36 to 40,No,No,External,none,no change,1 vehicle,1995,Liability
11,4,6,Toyota,Urban,1,11,5,Female,Married,29,Policy Holder,Sedan - Collision,Sedan,more than 69000,0,7843,14,400,4,more than 30,more than 30,2 to 4,6 years,31 to 35,Yes,No,External,none,no change,1 vehicle,1995,Collision
11,4,4,Mazda,Urban,4,11,5,Male,Single,27,Policy Holder,Sedan - Collision,Sedan,30000 to 39000,0,7844,12,400,1,more than 30,more than 30,2 to 4,6 years,31 to 35,No,No,External,1 to 2,no change,1 vehicle,1995,Collision
11,4,4,Honda,Urban,2,11,4,Male,Single,28,Policy Holder,Sedan - Liability,Sport,20000 to 29000,0,7845,14,400,3,more than 30,more than 30,more than 4,4 years,31 to 35,No,No,External,1 to 2,no change,1 vehicle,1995,Liability
11,1,1,Mazda,Urban,2,11,2,Male,Married,54,Policy Holder,Sedan - Liability,Sport,30000 to 39000,0,7846,3,400,4,more than 30,more than 30,1,more than 7,41 to 50,No,No,External,none,no change,1 vehicle,1995,Liability
10,5,3,Pontiac,Urban,5,11,1,Male,Married,39,Policy Holder,Sedan - Collision,Sedan,20000 to 29000,0,7847,7,400,3,more than 30,more than 30,1,7 years,36 to 40,No,No,External,none,no change,1 vehicle,1995,Collision
11,2,1,Pontiac,Rural,4,10,2,Male,Married,33,Third Party,Sedan - Collision,Sedan,20000 to 29000,0,7848,10,400,3,more than 30,more than 30,2 to 4,5 years,31 to 35,No,No,External,none,no change,1 vehicle,1995,Collision
10,3,7,Pontiac,Rural,3,10,3,Male,Married,29,Policy Holder,Sedan - Collision,Sedan,20000 to 29000,0,7849,15,400,1,more than 30,more than 30,2 to 4,4 years,31 to 35,No,No,External,1 to 2,no change,1 vehicle,1995,Collision
10,3,2,Pontiac,Urban,2,10,3,Male,Married,65,Third Party,Sedan - Collision,Sedan,20000 to 29000,0,7850,11,400,2,more than 30,more than 30,none,more than 7,51 to 65,No,No,External,none,no change,1 vehicle,1995,Collision
10,2,7,Toyota,Urban,4,10,2,Female,Married,33,Policy Holder,Sedan - Collision,Sedan,30000 to 39000,0,7851,8,400,1,more than 30,more than 30,1,6 years,31 to 35,No,No,External,none,no change,1 vehicle,1995,Collision
9,3,4,Chevrolet,Urban,5,8,1,Male,Single,39,Policy Holder,Utility - All Perils,Utility,more than 69000,0,7852,13,400,4,more than 30,more than 30,2 to 4,7 years,36 to 40,No,No,External,3 to 5,no change,1 vehicle,1995,All Perils
8,2,5,Chevrolet,Urban,3,7,2,Female,Married,52,Policy Holder,Sedan - Liability,Sport,20000 to 29000,0,7853,11,400,3,more than 30,more than 30,none,6 years,41 to 50,No,No,External,1 to 2,no change,1 vehicle,1995,Liability
7,2,7,Honda,Urban,1,6,2,Male,Single,0,Policy Holder,Sedan - Liability,Sport,more than 69000,0,7854,8,400,4,more than 30,more than 30,2 to 4,new,16 to 17,No,No,External,none,no change,1 vehicle,1995,Liability
6,3,1,Pontiac,Urban,3,7,4,Male,Married,56,Third Party,Sedan - Liability,Sport,20000 to 29000,0,7855,2,500,2,more than 30,more than 30,none,more than 7,51 to 65,No,No,External,none,2 to 3 years,2 vehicles,1995,Liability
6,3,4,Honda,Urban,4,5,1,Male,Married,45,Policy Holder,Sedan - Collision,Sedan,20000 to 29000,0,7856,6,400,3,more than 30,more than 30,1,5 years,36 to 40,No,No,External,1 to 2,no change,1 vehicle,1995,Collision
5,4,7,Mazda,Urban,2,5,4,Female,Single,34,Policy Holder,Sedan - Liability,Sport,more than 69000,0,7857,15,400,3,more than 30,more than 30,2 to 4,5 years,31 to 35,No,No,External,1 to 2,no change,1 vehicle,1995,Liability
5,4,3,Toyota,Urban,4,5,4,Male,Single,24,Policy Holder,Sedan - Collision,Sedan,20000 to 29000,0,7858,14,400,1,more than 30,more than 30,none,3 years,26 to 30,No,No,External,more than 5,no change,1 vehicle,1995,Collision
5,2,5,Ford,Urban,3,4,2,Male,Married,32,Policy Holder,Sedan - Liability,Sport,more than 69000,0,7859,13,400,1,more than 30,more than 30,none,7 years,31 to 35,No,No,External,more than 5,no change,1 vehicle,1995,Liability
4,4,6,Chevrolet,Urban,4,4,4,Female,Married,50,Third Party,Sedan - Collision,Sedan,20000 to 29000,0,7860,3,400,4,more than 30,more than 30,2 to 4,5 years,41 to 50,No,No,External,more than 5,no change,1 vehicle,1995,Collision
4,4,1,Chevrolet,Urban,2,3,5,Male,Married,50,Policy Holder,Sedan - Collision,Sedan,20000 to 29000,0,7861,12,400,4,more than 30,more than 30,1,more than 7,41 to 50,No,No,External,more than 5,no change,1 vehicle,1995,Collision
3,3,1,Pontiac,Urban,1,1,3,Male,Married,27,Policy Holder,Sedan - Liability,Sport,20000 to 29000,0,7862,9,400,3,more than 30,more than 30,more than 4,6 years,31 to 35,No,No,External,none,no change,1 vehicle,1995,Liability
1,3,5,Honda,Urban,1,9,3,Male,Married,33,Third Party,Sedan - Collision,Sedan,20000 to 29000,0,7863,11,400,3,more than 30,more than 30,2 to 4,7 years,31 to 35,No,No,External,3 to 5,no change,1 vehicle,1995,Collision
9,4,7,Toyota,Urban,1,8,4,Male,Married,53,Policy Holder,Sedan - Liability,Sport,20000 to 29000,0,7864,8,400,2,more than 30,more than 30,2 to 4,7 years,41 to 50,No,No,External,3 to 5,no change,1 vehicle,1995,Liability
8,1,4,Honda,Urban,2,7,2,Male,Married,53,Policy Holder,Sedan - Liability,Sport,20000 to 29000,0,7865,12,400,3,more than 30,more than 30,2 to 4,more than 7,41 to 50,No,No,External,more than 5,no change,1 vehicle,1995,Liability
6,5,4,Toyota,Urban,2,8,1,Male,Married,44,Policy Holder,Sedan - All Perils,Sedan,20000 to 29000,0,7866,15,400,2,more than 30,more than 30,more than 4,7 years,36 to 40,No,No,External,none,no change,1 vehicle,1995,All Perils
6,5,4,Toyota,Urban,4,4,2,Male,Single,26,Policy Holder,Sedan - Collision,Sedan,20000 to 29000,0,7867,1,400,3,more than 30,more than 30,2 to 4,6 years,31 to 35,No,No,External,3 to 5,no change,1 vehicle,1995,Collision
3,5,2,Pontiac,Urban,2,4,1,Male,Married,28,Third Party,Sedan - Liability,Sport,30000 to 39000,0,7868,9,400,1,more than 30,more than 30,2 to 4,7 years,31 to 35,No,No,External,more than 5,no change,1 vehicle,1995,Liability
3,5,4,Mazda,Urban,3,11,1,Male,Single,28,Policy Holder,Sport - Collision,Sport,more than 69000,0,7869,4,400,4,more than 30,more than 30,none,5 years,31 to 35,Yes,No,External,1 to 2,no change,1 vehicle,1995,Collision
11,2,4,Honda,Urban,5,11,3,Male,Single,30,Third Party,Sedan - All Perils,Sedan,20000 to 29000,0,7870,3,400,3,more than 30,more than 30,none,6 years,31 to 35,No,No,External,none,no change,1 vehicle,1995,All Perils
11,2,4,Honda,Urban,5,11,2,Male,Single,36,Policy Holder,Sedan - Collision,Sedan,20000 to 29000,1,7871,13,400,1,more than 30,more than 30,none,7 years,36 to 40,No,No,External,more than 5,no change,1 vehicle,1995,Collision
11,2,4,Toyota,Rural,3,11,2,Male,Married,53,Policy Holder,Sedan - Collision,Sedan,20000 to 29000,1,7872,5,400,2,more than 30,more than 30,none,4 years,41 to 50,No,No,External,none,no change,1 vehicle,1995,Collision
11,2,5,Pontiac,Urban,3,7,3,Male,Single,33,Policy Holder,Sedan - Collision,Sedan,30000 to 39000,1,7873,7,400,3,more than 30,more than 30,2 to 4,5 years,31 to 35,No,No,External,more than 5,no change,3 to 4,1995,Collision
6,3,3,Toyota,Urban,2,7,1,Male,Married,54,Third Party,Sedan - Liability,Sport,20000 to 29000,0,7874,15,400,1,more than 30,more than 30,1,more than 7,41 to 50,No,No,External,more than 5,no change,1 vehicle,1995,Liability
6,3,1,Toyota,Urban,2,6,3,Female,Married,52,Policy Holder,Sedan - Liability,Sport,20000 to 29000,0,7875,2,400,2,more than 30,more than 30,none,6 years,41 to 50,No,No,External,none,no change,1 vehicle,1995,Liability
6,1,2,Chevrolet,Urban,5,3,2,Male,Married,49,Third Party,Sedan - Collision,Sedan,20000 to 29000,0,7876,10,400,1,more than 30,more than 30,none,more than 7,41 to 50,No,No,External,more than 5,4 to 8 years,2 vehicles,1995,Collision
3,2,7,Honda,Urban,4,6,2,Male,Married,28,Policy Holder,Sedan - Collision,Sedan,20000 to 29000,0,7877,15,400,2,more than 30,more than 30,2 to 4,6 years,31 to 35,No,No,External,1 to 2,no change,1 vehicle,1995,Collision
2,4,6,Toyota,Urban,1,7,3,Male,Married,28,Policy Holder,Sedan - All Perils,Sedan,20000 to 29000,0,7878,6,400,4,more than 30,more than 30,1,6 years,31 to 35,No,No,External,none,no change,1 vehicle,1995,All Perils
7,3,2,Pontiac,Urban,4,8,3,Male,Married,27,Policy Holder,Sedan - All Perils,Sedan,20000 to 29000,0,7879,9,400,3,more than 30,more than 30,1,6 years,31 to 35,No,No,External,none,no change,1 vehicle,1995,All Perils
8,4,6,Toyota,Urban,2,2,4,Male,Married,29,Third Party,Sedan - All Perils,Sedan,20000 to 29000,0,7880,12,400,2,more than 30,more than 30,1,7 years,31 to 35,No,No,External,none,no change,1 vehicle,1995,All Perils
2,3,4,Toyota,Urban,1,12,4,Male,Single,30,Third Party,Sedan - Collision,Sedan,20000 to 29000,0,7881,12,400,3,more than 30,more than 30,more than 4,6 years,31 to 35,No,No,External,none,no change,1 vehicle,1995,Collision
12,1,4,Honda,Urban,4,12,1,Female,Married,46,Third Party,Sedan - All Perils,Sedan,less than 20000,0,7882,7,400,3,more than 30,more than 30,none,7 years,41 to 50,No,No,External,none,no change,1 vehicle,1995,All Perils
12,3,6,Mazda,Urban,4,3,3,Female,Single,33,Policy Holder,Sedan - Liability,Sport,20000 to 29000,0,7883,1,400,4,more than 30,more than 30,more than 4,6 years,31 to 35,No,No,External,more than 5,no change,1 vehicle,1995,Liability
3,3,6,Toyota,Urban,1,8,4,Male,Married,50,Third Party,Sedan - All Perils,Sedan,20000 to 29000,0,7884,16,400,2,more than 30,more than 30,1,more than 7,41 to 50,No,No,External,more than 5,no change,1 vehicle,1995,All Perils
8,2,1,Pontiac,Rural,2,9,3,Female,Single,43,Policy Holder,Sedan - Liability,Sport,20000 to 29000,0,7885,6,400,1,more than 30,more than 30,2 to 4,6 years,36 to 40,No,No,External,none,no change,1 vehicle,1995,Liability
9,1,2,Toyota,Urban,2,9,2,Male,Married,53,Policy Holder,Sedan - Collision,Sedan,30000 to 39000,0,7886,13,400,1,more than 30,more than 30,1,more than 7,41 to 50,No,No,External,3 to 5,no change,1 vehicle,1995,Collision
9,4,5,Honda,Urban,5,12,4,Male,Married,37,Policy Holder,Sedan - Collision,Sedan,20000 to 29000,0,7887,6,400,1,more than 30,more than 30,2 to 4,7 years,36 to 40,No,No,External,none,no change,1 vehicle,1995,Collision
12,3,7,Toyota,Urban,1,12,3,Male,Single,22,Policy Holder,Sedan - Collision,Sedan,more than 69000,0,7888,11,400,2,more than 30,more than 30,1,5 years,26 to 30,No,No,External,more than 5,no change,1 vehicle,1995,Collision
12,2,6,Mazda,Urban,3,12,2,Male,Married,65,Policy Holder,Sedan - Liability,Sport,30000 to 39000,0,7889,15,400,3,more than 30,more than 30,more than 4,more than 7,51 to 65,No,No,External,more than 5,no change,1 vehicle,1995,Liability
12,2,5,Pontiac,Urban,2,11,2,Male,Married,30,Policy Holder,Sedan - Collision,Sedan,20000 to 29000,0,7890,16,400,1,more than 30,more than 30,1,6 years,31 to 35,No,No,External,more than 5,no change,1 vehicle,1995,Collision
11,2,2,Pontiac,Urban,2,12,4,Male,Married,47,Third Party,Sedan - All Perils,Sedan,less than 20000,0,7891,6,400,1,more than 30,more than 30,1,more than 7,41 to 50,No,No,External,3 to 5,no change,1 vehicle,1995,All Perils
12,1,1,Mazda,Urban,2,12,2,Male,Married,26,Policy Holder,Sedan - All Perils,Sedan,20000 to 29000,0,7892,2,400,3,more than 30,more than 30,none,7 years,31 to 35,No,No,External,none,no change,1 vehicle,1995,All Perils
12,1,1,Honda,Urban,2,12,1,Male,Single,51,Third Party,Sedan - All Perils,Sedan,20000 to 29000,0,7893,12,400,4,more than 30,more than 30,1,more than 7,41 to 50,No,No,External,none,no change,1 vehicle,1995,All Perils
11,3,1,Honda,Urban,1,10,2,Male,Single,18,Policy Holder,Sedan - Collision,Sedan,20000 to 29000,0,7894,12,400,2,more than 30,more than 30,2 to 4,3 years,21 to 25,No,No,Internal,more than 5,no change,1 vehicle,1995,Collision
10,3,3,Toyota,Rural,3,9,3,Male,Married,41,Policy Holder,Sedan - Collision,Sedan,20000 to 29000,0,7895,7,400,1,more than 30,more than 30,none,more than 7,36 to 40,No,No,External,1 to 2,no change,1 vehicle,1995,Collision
9,4,6,Toyota,Urban,1,9,4,Male,Married,52,Policy Holder,Sedan - Liability,Sport,more than 69000,0,7896,9,400,3,more than 30,more than 30,1,7 years,41 to 50,No,No,External,more than 5,no change,1 vehicle,1995,Liability
9,4,7,Honda,Urban,3,9,4,Male,Married,33,Policy Holder,Sedan - Liability,Sport,20000 to 29000,0,7897,3,400,2,more than 30,more than 30,more than 4,6 years,31 to 35,No,No,External,3 to 5,4 to 8 years,2 vehicles,1995,Liability
9,2,7,Toyota,Urban,1,8,2,Male,Single,26,Policy Holder,Sedan - Liability,Sport,20000 to 29000,0,7898,13,400,2,more than 30,more than 30,more than 4,6 years,31 to 35,No,No,External,none,no change,1 vehicle,1995,Liability
8,1,2,Toyota,Urban,1,4,2,Male,Married,72,Policy Holder,Sedan - Collision,Sedan,30000 to 39000,0,7899,11,400,3,more than 30,more than 30,2 to 4,more than 7,over 65,No,No,External,1 to 2,no change,1 vehicle,1995,Collision
3,5,3,Honda,Urban,3,1,2,Female,Married,28,Third Party,Sedan - Liability,Sport,20000 to 29000,0,7900,8,400,3,more than 30,more than 30,2 to 4,7 years,31 to 35,No,No,External,1 to 2,no change,1 vehicle,1995,Liability
1,2,5,Ford,Urban,5,12,2,Male,Married,67,Policy Holder,Sedan - Liability,Sport,less than 20000,0,7901,6,400,4,more than 30,more than 30,2 to 4,more than 7,over 65,No,No,External,1 to 2,no change,1 vehicle,1995,Liability
12,3,3,Chevrolet,Urban,3,12,3,Male,Married,74,Policy Holder,Sedan - Liability,Sport,30000 to 39000,0,7902,9,400,4,more than 30,more than 30,more than 4,more than 7,over 65,No,No,External,1 to 2,no change,1 vehicle,1995,Liability
12,3,5,Toyota,Urban,1,12,3,Male,Single,26,Policy Holder,Sedan - Liability,Sport,20000 to 29000,0,7903,8,400,1,more than 30,more than 30,more than 4,7 years,31 to 35,No,No,External,none,no change,1 vehicle,1995,Liability
12,3,5,Mazda,Urban,5,12,3,Male,Married,35,Third Party,Sedan - Collision,Sedan,30000 to 39000,0,7904,10,400,4,more than 30,more than 30,1,7 years,31 to 35,No,No,Internal,1 to 2,no change,1 vehicle,1995,Collision
12,1,6,Toyota,Urban,5,12,3,Male,Single,21,Policy Holder,Sedan - Collision,Sedan,30000 to 39000,0,7905,8,400,3,more than 30,more than 30,2 to 4,5 years,26 to 30,No,No,External,3 to 5,no change,1 vehicle,1995,Collision
12,1,3,Pontiac,Urban,4,7,2,Male,Married,31,Policy Holder,Sedan - All Perils,Sedan,20000 to 29000,0,7906,16,400,4,more than 30,more than 30,more than 4,3 years,31 to 35,No,No,External,more than 5,2 to 3 years,1 vehicle,1995,All Perils
7,3,3,Toyota,Urban,5,7,4,Male,Married,31,Third Party,Sedan - Collision,Sedan,30000 to 39000,0,7907,12,400,4,more than 30,more than 30,2 to 4,7 years,31 to 35,No,No,External,3 to 5,no change,1 vehicle,1995,Collision
6,2,2,Honda,Urban,4,6,1,Male,Married,47,Policy Holder,Sedan - All Perils,Sedan,20000 to 29000,0,7908,7,400,1,more than 30,more than 30,2 to 4,7 years,41 to 50,No,No,External,none,no change,1 vehicle,1995,All Perils
6,2,1,Chevrolet,Urban,1,5,2,Male,Married,36,Policy Holder,Sedan - All Perils,Sedan,more than 69000,0,7909,11,400,2,more than 30,more than 30,none,7 years,36 to 40,No,No,External,none,no change,1 vehicle,1995,All Perils
3,4,1,Mazda,Urban,1,2,2,Male,Single,20,Third Party,Sedan - Collision,Sedan,20000 to 29000,0,7910,10,400,3,more than 30,more than 30,2 to 4,4 years,21 to 25,No,No,External,none,no change,1 vehicle,1995,Collision
2,3,2,Honda,Urban,4,1,3,Male,Single,0,Policy Holder,Sedan - Liability,Sport,more than 69000,0,7911,16,400,1,more than 30,more than 30,2 to 4,new,16 to 17,No,No,External,none,no change,1 vehicle,1995,Liability
1,1,1,Toyota,Urban,3,2,1,Male,Married,38,Policy Holder,Sedan - Collision,Sedan,20000 to 29000,0,7912,14,400,4,more than 30,more than 30,none,6 years,36 to 40,No,No,External,1 to 2,no change,1 vehicle,1995,Collision
1,4,6,Pontiac,Urban,1,1,1,Female,Married,26,Policy Holder,Sedan - Liability,Sport,less than 20000,0,7913,7,400,4,more than 30,more than 30,1,6 years,31 to 35,No,No,External,more than 5,no change,1 vehicle,1995,Liability
1,4,4,Chevrolet,Rural,2,1,4,Female,Married,33,Third Party,Sedan - All Perils,Sedan,more than 69000,0,7914,3,400,1,more than 30,more than 30,1,7 years,31 to 35,No,No,External,more than 5,no change,3 to 4,1995,All Perils
7,5,7,Chevrolet,Urban,4,3,2,Male,Married,61,Policy Holder,Sedan - All Perils,Sedan,30000 to 39000,0,7915,2,400,1,more than 30,more than 30,1,more than 7,51 to 65,No,No,External,none,no change,1 vehicle,1995,All Perils
2,4,3,Pontiac,Urban,5,8,2,Male,Married,56,Policy Holder,Sedan - All Perils,Sedan,30000 to 39000,0,7916,11,400,4,more than 30,more than 30,2 to 4,7 years,51 to 65,No,No,External,none,no change,1 vehicle,1995,All Perils
2,4,6,Pontiac,Urban,1,11,1,Male,Married,44,Third Party,Sedan - All Perils,Sedan,less than 20000,0,7917,8,400,2,more than 30,more than 30,none,more than 7,36 to 40,No,No,External,3 to 5,no change,1 vehicle,1995,All Perils
11,2,1,Mazda,Urban,1,5,3,Female,Single,35,Third Party,Sedan - All Perils,Sedan,20000 to 29000,0,7918,5,400,4,more than 30,more than 30,none,6 years,31 to 35,Yes,No,External,3 to 5,1 year,2 vehicles,1995,All Perils
3,4,1,VW,Urban,2,5,2,Male,Married,48,Policy Holder,Sedan - Liability,Sport,40000 to 59000,0,7919,10,400,3,more than 30,more than 30,1,more than 7,41 to 50,No,No,External,none,no change,1 vehicle,1995,Liability
5,2,6,Pontiac,Urban,3,10,2,Male,Single,59,Policy Holder,Sedan - All Perils,Sedan,less than 20000,0,7920,6,400,4,more than 30,more than 30,1,more than 7,51 to 65,No,No,External,1 to 2,no change,1 vehicle,1995,All Perils
10,1,5,Honda,Urban,2,4,3,Male,Married,28,Policy Holder,Sedan - Liability,Sport,30000 to 39000,0,7921,13,400,4,more than 30,more than 30,more than 4,5 years,31 to 35,No,No,External,none,no change,1 vehicle,1995,Liability
3,5,7,Mazda,Urban,4,11,4,Male,Married,37,Policy Holder,Sedan - Liability,Sport,30000 to 39000,0,7922,9,400,3,more than 30,more than 30,2 to 4,5 years,36 to 40,No,No,Internal,1 to 2,no change,1 vehicle,1995,Liability
10,5,3,Toyota,Urban,4,10,1,Male,Married,56,Policy Holder,Sedan - Collision,Sedan,30000 to 39000,0,7923,14,400,4,more than 30,more than 30,1,7 years,51 to 65,No,No,External,3 to 5,no change,1 vehicle,1995,Collision
10,4,5,Chevrolet,Urban,4,10,4,Male,Married,57,Policy Holder,Sedan - Liability,Sport,30000 to 39000,0,7924,2,400,1,more than 30,more than 30,1,more than 7,51 to 65,No,No,External,none,no change,1 vehicle,1995,Liability
10,3,4,Chevrolet,Urban,5,12,4,Male,Single,30,Policy Holder,Sedan - Collision,Sedan,20000 to 29000,0,7925,1,400,3,more than 30,more than 30,2 to 4,6 years,31 to 35,No,No,External,1 to 2,no change,1 vehicle,1995,Collision
12,5,5,Honda,Urban,2,12,5,Male,Single,30,Policy Holder,Sedan - Collision,Sedan,less than 20000,0,7926,6,400,2,more than 30,more than 30,none,6 years,31 to 35,No,No,External,3 to 5,no change,1 vehicle,1995,Collision
12,4,1,Chevrolet,Rural,3,3,5,Male,Married,45,Third Party,Sedan - Collision,Sedan,30000 to 39000,0,7927,7,400,2,more than 30,more than 30,more than 4,5 years,36 to 40,No,Yes,External,none,no change,1 vehicle,1995,Collision
7,3,1,Honda,Urban,1,4,3,Male,Single,0,Policy Holder,Sedan - All Perils,Sedan,more than 69000,0,7928,9,400,2,more than 30,more than 30,1,new,16 to 17,No,No,External,none,no change,1 vehicle,1995,All Perils
4,1,1,VW,Urban,5,4,1,Male,Married,40,Policy Holder,Sedan - Liability,Sport,more than 69000,0,7929,5,400,4,more than 30,more than 30,none,7 years,36 to 40,No,No,External,more than 5,no change,1 vehicle,1995,Liability
3,5,7,Toyota,Rural,2,4,1,Male,Married,54,Policy Holder,Sedan - Liability,Sport,20000 to 29000,0,7930,1,400,3,more than 30,more than 30,2 to 4,6 years,41 to 50,No,No,External,none,no change,1 vehicle,1995,Liability
3,4,3,Pontiac,Urban,3,4,1,Male,Married,26,Policy Holder,Sedan - Collision,Sedan,20000 to 29000,0,7931,3,400,2,more than 30,more than 30,2 to 4,6 years,31 to 35,No,No,External,none,no change,1 vehicle,1995,Collision
4,4,7,Honda,Urban,1,4,4,Male,Married,44,Policy Holder,Sedan - Collision,Sedan,20000 to 29000,0,7932,2,400,3,more than 30,more than 30,2 to 4,more than 7,36 to 40,No,No,External,none,no change,1 vehicle,1995,Collision
4,4,1,Pontiac,Urban,1,6,4,Male,Married,28,Third Party,Sedan - All Perils,Sedan,20000 to 29000,0,7933,13,400,2,more than 30,more than 30,1,6 years,31 to 35,No,No,External,more than 5,no change,1 vehicle,1995,All Perils
6,4,6,Toyota,Urban,1,6,4,Male,Married,71,Policy Holder,Sedan - Liability,Sport,20000 to 29000,0,7934,15,400,2,more than 30,more than 30,1,more than 7,over 65,No,No,External,none,no change,1 vehicle,1995,Liability
6,4,3,Toyota,Urban,5,6,4,Male,Married,32,Policy Holder,Sedan - All Perils,Sedan,20000 to 29000,0,7935,14,400,1,more than 30,more than 30,2 to 4,6 years,31 to 35,No,No,External,none,no change,1 vehicle,1995,All Perils
6,4,7,Ford,Rural,2,8,4,Male,Married,32,Policy Holder,Sedan - Liability,Sport,30000 to 39000,0,7936,11,400,2,more than 30,more than 30,more than 4,7 years,31 to 35,No,No,External,none,no change,1 vehicle,1995,Liability
8,4,3,Toyota,Urban,5,8,4,Male,Married,75,Policy Holder,Sedan - Liability,Sport,20000 to 29000,0,7937,11,700,3,more than 30,more than 30,more than 4,more than 7,over 65,No,No,External,more than 5,no change,1 vehicle,1995,Liability
8,2,5,Chevrolet,Rural,2,11,2,Male,Single,30,Policy Holder,Sedan - Collision,Sedan,20000 to 29000,0,7938,1,400,2,more than 30,more than 30,more than 4,6 years,31 to 35,No,No,External,more than 5,no change,1 vehicle,1995,Collision
10,4,3,Mazda,Urban,2,3,2,Male,Single,31,Third Party,Sedan - Collision,Sedan,20000 to 29000,0,7939,2,400,4,more than 30,more than 30,none,6 years,31 to 35,No,No,External,none,4 to 8 years,2 vehicles,1995,Collision
3,3,2,Pontiac,Urban,3,4,4,Male,Single,24,Policy Holder,Sedan - All Perils,Sedan,20000 to 29000,0,7940,14,400,3,more than 30,more than 30,1,6 years,26 to 30,No,No,External,none,no change,1 vehicle,1995,All Perils
4,1,3,Honda,Urban,5,4,1,Male,Single,35,Third Party,Sedan - All Perils,Sedan,20000 to 29000,0,7941,1,400,3,more than 30,more than 30,none,6 years,31 to 35,No,No,External,none,no change,1 vehicle,1995,All Perils
4,1,5,Pontiac,Urban,1,6,2,Male,Married,75,Policy Holder,Sedan - Liability,Sport,less than 20000,0,7942,12,400,3,more than 30,more than 30,more than 4,7 years,over 65,No,No,External,more than 5,no change,1 vehicle,1995,Liability
6,2,5,Chevrolet,Urban,3,8,3,Female,Single,32,Policy Holder,Sedan - Collision,Sedan,20000 to 29000,0,7943,13,400,1,more than 30,more than 30,2 to 4,7 years,31 to 35,No,No,External,3 to 5,no change,1 vehicle,1995,Collision
8,2,6,Mazda,Urban,2,10,3,Male,Married,30,Policy Holder,Sedan - All Perils,Sedan,30000 to 39000,0,7944,11,400,2,more than 30,more than 30,2 to 4,6 years,31 to 35,No,No,External,more than 5,no change,1 vehicle,1995,All Perils
10,3,3,Toyota,Urban,1,4,4,Male,Married,54,Policy Holder,Sedan - Liability,Sport,30000 to 39000,0,7945,2,400,4,more than 30,more than 30,none,more than 7,41 to 50,No,No,External,none,no change,1 vehicle,1995,Liability
2,3,3,Mazda,Urban,3,2,1,Male,Single,45,Policy Holder,Sedan - Collision,Sedan,30000 to 39000,0,7946,2,400,2,more than 30,more than 30,2 to 4,more than 7,36 to 40,No,No,Internal,1 to 2,no change,1 vehicle,1995,Collision
2,1,3,Toyota,Urban,4,5,1,Male,Single,43,Policy Holder,Sedan - Liability,Sport,20000 to 29000,0,7947,11,400,2,more than 30,more than 30,none,7 years,36 to 40,No,No,External,3 to 5,no change,1 vehicle,1995,Liability
5,3,4,Chevrolet,Urban,3,5,3,Male,Single,34,Policy Holder,Sedan - Liability,Sport,20000 to 29000,0,7948,14,400,1,more than 30,more than 30,2 to 4,7 years,31 to 35,No,No,External,none,no change,1 vehicle,1995,Liability
5,3,1,Toyota,Urban,4,7,4,Male,Married,49,Third Party,Sedan - All Perils,Sedan,20000 to 29000,0,7949,5,400,3,more than 30,more than 30,2 to 4,7 years,41 to 50,No,No,External,more than 5,no change,1 vehicle,1995,All Perils
5,3,4,Pontiac,Urban,4,8,3,Male,Married,46,Policy Holder,Sedan - Liability,Sport,20000 to 29000,0,7950,15,400,4,more than 30,more than 30,more than 4,7 years,41 to 50,No,No,External,none,no change,1 vehicle,1995,Liability
7,2,3,Pontiac,Urban,3,7,3,Male,Married,51,Policy Holder,Sedan - All Perils,Sedan,20000 to 29000,0,7951,4,400,2,more than 30,more than 30,none,more than 7,41 to 50,No,No,External,1 to 2,no change,1 vehicle,1995,All Perils
7,1,7,Honda,Urban,1,8,2,Male,Married,46,Policy Holder,Sedan - All Perils,Sedan,more than 69000,0,7952,8,400,2,more than 30,more than 30,2 to 4,more than 7,41 to 50,No,Yes,External,3 to 5,no change,1 vehicle,1995,All Perils
7,1,2,Mazda,Urban,2,11,1,Male,Married,38,Policy Holder,Sedan - Liability,Sport,more than 69000,0,7953,1,400,2,more than 30,more than 30,2 to 4,7 years,36 to 40,No,No,External,more than 5,no change,1 vehicle,1995,Liability
7,4,2,Toyota,Urban,2,8,3,Male,Married,32,Policy Holder,Sedan - Collision,Sedan,30000 to 39000,0,7954,5,400,4,more than 30,more than 30,none,6 years,31 to 35,No,No,External,none,no change,1 vehicle,1995,Collision
7,4,2,Toyota,Urban,4,9,1,Male,Married,33,Policy Holder,Sedan - Liability,Sport,20000 to 29000,0,7955,11,400,3,more than 30,more than 30,more than 4,6 years,31 to 35,No,No,External,1 to 2,no change,3 to 4,1995,Liability
9,1,2,Saab,Urban,1,9,2,Male,Married,50,Policy Holder,Sedan - Liability,Sport,30000 to 39000,0,7956,15,400,1,more than 30,more than 30,none,7 years,41 to 50,No,No,External,3 to 5,no change,1 vehicle,1995,Liability
9,1,2,Pontiac,Urban,4,8,2,Male,Married,63,Policy Holder,Sedan - Collision,Sedan,20000 to 29000,0,7957,4,500,1,more than 30,more than 30,more than 4,more than 7,51 to 65,No,No,External,none,2 to 3 years,1 vehicle,1995,Collision
8,2,2,Toyota,Rural,1,12,2,Male,Married,53,Policy Holder,Sedan - Collision,Sedan,20000 to 29000,0,7958,14,400,3,more than 30,more than 30,none,7 years,41 to 50,No,No,External,1 to 2,no change,1 vehicle,1995,Collision
11,3,5,Honda,Urban,5,11,2,Male,Married,47,Policy Holder,Sedan - Collision,Sedan,20000 to 29000,0,7959,9,400,3,more than 30,more than 30,1,more than 7,41 to 50,No,No,External,3 to 5,no change,1 vehicle,1995,Collision
11,2,1,Toyota,Urban,1,11,3,Female,Married,49,Third Party,Sedan - All Perils,Sedan,30000 to 39000,0,7960,2,400,3,more than 30,more than 30,none,more than 7,41 to 50,No,No,External,1 to 2,4 to 8 years,2 vehicles,1995,All Perils
11,2,1,Toyota,Urban,1,12,2,Male,Single,40,Third Party,Sedan - All Perils,Sedan,20000 to 29000,0,7961,12,400,4,more than 30,more than 30,none,7 years,36 to 40,No,No,External,more than 5,no change,1 vehicle,1995,All Perils
12,2,2,Pontiac,Urban,4,12,2,Male,Single,30,Policy Holder,Sedan - Collision,Sedan,30000 to 39000,0,7962,7,400,1,more than 30,more than 30,1,7 years,31 to 35,No,No,External,none,no change,1 vehicle,1995,Collision
12,2,7,Mazda,Urban,1,11,3,Male,Single,54,Third Party,Sedan - Collision,Sedan,20000 to 29000,0,7963,7,400,1,more than 30,more than 30,none,more than 7,41 to 50,No,No,External,none,no change,1 vehicle,1995,Collision
11,2,4,Pontiac,Urban,5,8,3,Male,Married,66,Third Party,Sedan - All Perils,Sedan,30000 to 39000,0,7964,8,400,1,more than 30,more than 30,1,more than 7,over 65,No,No,External,none,no change,1 vehicle,1995,All Perils
8,1,3,Chevrolet,Urban,3,9,1,Male,Married,39,Policy Holder,Sedan - Liability,Sport,20000 to 29000,0,7965,15,400,4,more than 30,more than 30,1,7 years,36 to 40,No,No,External,1 to 2,no change,1 vehicle,1995,Liability
9,1,3,Toyota,Urban,5,9,1,Male,Married,65,Policy Holder,Sedan - Liability,Sport,20000 to 29000,0,7966,2,400,2,more than 30,more than 30,2 to 4,more than 7,51 to 65,No,No,External,3 to 5,no change,1 vehicle,1995,Liability
8,5,2,Pontiac,Urban,2,8,1,Male,Married,33,Policy Holder,Sedan - Collision,Sedan,30000 to 39000,0,7967,2,400,1,more than 30,more than 30,none,6 years,31 to 35,No,No,External,none,no change,1 vehicle,1995,Collision
8,5,2,Pontiac,Urban,3,10,5,Male,Married,53,Policy Holder,Sedan - Liability,Sport,20000 to 29000,0,7968,7,700,2,more than 30,more than 30,none,more than 7,41 to 50,No,No,External,none,no change,1 vehicle,1995,Liability
10,1,7,Pontiac,Urban,1,9,1,Male,Married,50,Third Party,Sedan - Collision,Sedan,20000 to 29000,0,7969,6,400,3,more than 30,more than 30,2 to 4,more than 7,41 to 50,No,No,External,none,no change,1 vehicle,1995,Collision
9,3,1,Pontiac,Urban,3,9,3,Male,Married,55,Policy Holder,Sedan - Liability,Sport,30000 to 39000,0,7970,3,400,3,more than 30,more than 30,more than 4,more than 7,41 to 50,No,No,External,more than 5,no change,1 vehicle,1995,Liability
9,3,2,Chevrolet,Urban,4,12,3,Male,Married,51,Third Party,Sedan - Collision,Sedan,20000 to 29000,0,7971,12,400,3,more than 30,more than 30,none,more than 7,41 to 50,No,No,External,none,no change,1 vehicle,1995,Collision
11,4,5,Honda,Urban,1,12,2,Male,Married,31,Policy Holder,Sedan - Liability,Sport,20000 to 29000,0,7972,6,400,1,more than 30,more than 30,2 to 4,7 years,31 to 35,No,No,External,1 to 2,no change,1 vehicle,1995,Liability
12,2,4,Pontiac,Urban,4,10,2,Male,Single,21,Policy Holder,Sedan - All Perils,Sedan,less than 20000,0,7973,2,400,4,more than 30,more than 30,none,5 years,26 to 30,Yes,No,External,none,no change,1 vehicle,1995,All Perils
10,3,4,Chevrolet,Urban,5,10,3,Male,Married,65,Third Party,Sedan - Collision,Sedan,20000 to 29000,0,7974,2,400,2,more than 30,more than 30,none,more than 7,51 to 65,No,No,External,more than 5,no change,1 vehicle,1995,Collision
10,2,1,Accura,Urban,1,8,2,Male,Single,45,Third Party,Sedan - All Perils,Sedan,20000 to 29000,0,7975,13,400,1,more than 30,more than 30,none,7 years,36 to 40,No,No,External,more than 5,no change,1 vehicle,1995,All Perils
8,4,2,Honda,Urban,4,8,4,Male,Married,50,Policy Holder,Sedan - Liability,Sport,20000 to 29000,0,7976,11,400,1,more than 30,more than 30,more than 4,6 years,41 to 50,No,No,External,none,no change,1 vehicle,1995,Liability
8,4,3,Mazda,Urban,2,8,4,Male,Married,30,Policy Holder,Sport - Collision,Sport,more than 69000,0,7977,3,400,4,more than 30,more than 30,none,7 years,31 to 35,No,No,External,none,no change,1 vehicle,1995,Collision
8,3,2,Pontiac,Urban,5,8,4,Female,Married,33,Policy Holder,Sedan - Collision,Sedan,20000 to 29000,0,7978,15,400,1,more than 30,more than 30,2 to 4,7 years,31 to 35,No,No,External,more than 5,no change,1 vehicle,1995,Collision
7,4,7,Toyota,Urban,1,6,4,Male,Married,45,Third Party,Sedan - All Perils,Sedan,20000 to 29000,0,7979,8,400,1,more than 30,more than 30,1,7 years,36 to 40,No,No,External,more than 5,no change,1 vehicle,1995,All Perils
6,2,6,Chevrolet,Rural,5,12,3,Male,Married,55,Policy Holder,Sedan - All Perils,Sedan,30000 to 39000,0,7980,8,400,4,more than 30,more than 30,none,more than 7,41 to 50,No,No,External,none,no change,1 vehicle,1995,All Perils
12,1,1,Pontiac,Urban,1,12,2,Male,Married,39,Policy Holder,Sedan - All Perils,Sedan,20000 to 29000,0,7981,13,400,1,more than 30,more than 30,more than 4,7 years,36 to 40,No,No,External,1 to 2,4 to 8 years,2 vehicles,1995,All Perils
12,1,4,Pontiac,Urban,2,12,1,Male,Married,46,Policy Holder,Sedan - Collision,Sedan,20000 to 29000,0,7982,14,400,3,more than 30,more than 30,more than 4,7 years,41 to 50,No,No,External,more than 5,no change,1 vehicle,1995,Collision
12,1,4,Pontiac,Urban,4,11,3,Male,Single,25,Policy Holder,Sedan - Liability,Sport,30000 to 39000,0,7983,5,400,2,more than 30,more than 30,2 to 4,5 years,26 to 30,No,No,External,more than 5,no change,1 vehicle,1995,Liability
11,3,3,Toyota,Urban,3,11,3,Male,Married,34,Third Party,Sedan - Collision,Sedan,20000 to 29000,0,7984,1,400,3,more than 30,more than 30,2 to 4,5 years,31 to 35,No,No,External,none,no change,1 vehicle,1995,Collision
11,3,7,Chevrolet,Urban,1,8,3,Male,Married,35,Third Party,Sedan - Collision,Sedan,30000 to 39000,0,7985,15,400,3,more than 30,more than 30,2 to 4,7 years,31 to 35,No,No,External,3 to 5,no change,1 vehicle,1995,Collision
7,4,5,Accura,Urban,1,8,1,Male,Married,53,Policy Holder,Sedan - All Perils,Sedan,30000 to 39000,0,7986,8,400,3,more than 30,more than 30,none,more than 7,41 to 50,No,No,External,none,no change,1 vehicle,1995,All Perils
7,3,3,Accura,Urban,3,8,1,Male,Married,47,Policy Holder,Sedan - All Perils,Sedan,30000 to 39000,0,7987,12,400,2,more than 30,more than 30,2 to 4,more than 7,41 to 50,No,No,External,none,no change,1 vehicle,1995,All Perils
7,2,2,Toyota,Urban,4,2,1,Male,Single,28,Policy Holder,Sedan - Collision,Sedan,20000 to 29000,0,7988,13,400,1,more than 30,more than 30,2 to 4,6 years,31 to 35,No,No,External,none,no change,1 vehicle,1995,Collision
2,3,2,Mazda,Urban,2,4,3,Male,Married,30,Third Party,Sedan - All Perils,Sedan,20000 to 29000,0,7989,8,400,4,more than 30,more than 30,1,7 years,31 to 35,No,No,External,none,no change,1 vehicle,1995,All Perils
2,2,1,Honda,Urban,3,4,2,Male,Single,0,Policy Holder,Sedan - All Perils,Sedan,more than 69000,0,7990,5,400,1,more than 30,more than 30,2 to 4,new,16 to 17,No,No,External,none,no change,1 vehicle,1995,All Perils
2,2,4,Ford,Urban,2,12,3,Male,Single,21,Policy Holder,Sedan - All Perils,Sedan,30000 to 39000,0,7991,11,400,1,more than 30,more than 30,2 to 4,5 years,26 to 30,No,No,External,1 to 2,no change,1 vehicle,1995,All Perils
12,4,1,Chevrolet,Urban,1,10,4,Female,Single,32,Policy Holder,Sedan - Collision,Sedan,20000 to 29000,0,7992,16,400,4,more than 30,more than 30,1,6 years,31 to 35,No,No,External,1 to 2,no change,1 vehicle,1995,Collision
10,4,4,Pontiac,Urban,5,2,4,Male,Married,37,Policy Holder,Sedan - Liability,Sport,30000 to 39000,0,7993,4,400,2,more than 30,more than 30,more than 4,7 years,36 to 40,No,No,External,more than 5,no change,1 vehicle,1995,Liability
2,1,7,Mazda,Urban,1,5,4,Male,Single,28,Policy Holder,Sedan - Liability,Sport,30000 to 39000,0,7994,6,400,2,more than 30,more than 30,none,6 years,31 to 35,No,No,External,1 to 2,no change,1 vehicle,1995,Liability
5,2,5,VW,Urban,3,12,2,Male,Married,40,Third Party,Sedan - All Perils,Sedan,more than 69000,0,7995,16,400,2,more than 30,more than 30,more than 4,7 years,36 to 40,No,No,External,3 to 5,no change,1 vehicle,1995,All Perils
12,1,6,Toyota,Urban,1,11,2,Male,Single,34,Policy Holder,Sedan - Collision,Sedan,less than 20000,0,7996,16,400,3,more than 30,more than 30,none,6 years,31 to 35,No,No,External,none,no change,3 to 4,1995,Collision
11,2,1,Pontiac,Urban,3,11,2,Male,Single,65,Policy Holder,Sedan - All Perils,Sedan,30000 to 39000,0,7997,9,400,3,more than 30,more than 30,1,more than 7,51 to 65,No,No,External,none,no change,1 vehicle,1995,All Perils
11,3,1,Mazda,Urban,2,8,4,Male,Married,28,Policy Holder,Sedan - All Perils,Sedan,20000 to 29000,1,7998,15,400,3,more than 30,more than 30,none,4 years,31 to 35,No,No,External,none,no change,1 vehicle,1995,All Perils
8,5,5,Pontiac,Urban,2,8,5,Female,Single,31,Policy Holder,Sedan - Liability,Sport,20000 to 29000,0,7999,16,700,2,more than 30,more than 30,2 to 4,7 years,31 to 35,No,No,External,more than 5,no change,1 vehicle,1995,Liability
8,3,6,Mazda,Urban,5,9,4,Female,Married,64,Policy Holder,Sedan - Liability,Sport,20000 to 29000,0,8000,7,400,1,more than 30,more than 30,2 to 4,more than 7,51 to 65,No,No,External,more than 5,no change,1 vehicle,1995,Liability
8,3,4,Toyota,Urban,4,5,1,Male,Married,30,Policy Holder,Sedan - All Perils,Sedan,20000 to 29000,0,8001,3,400,2,more than 30,more than 30,more than 4,6 years,31 to 35,No,No,External,more than 5,no change,1 vehicle,1995,All Perils
5,3,6,Mazda,Rural,1,4,3,Male,Married,36,Third Party,Sedan - Liability,Sport,more than 69000,0,8002,4,400,1,more than 30,more than 30,1,7 years,36 to 40,No,No,External,more than 5,4 to 8 years,2 vehicles,1995,Liability
4,4,7,Mazda,Urban,2,4,4,Male,Married,54,Policy Holder,Sedan - Collision,Sedan,20000 to 29000,0,8003,13,400,3,more than 30,more than 30,2 to 4,more than 7,41 to 50,No,No,External,more than 5,no change,1 vehicle,1995,Collision
4,3,1,Pontiac,Urban,1,4,3,Male,Married,68,Policy Holder,Sedan - Collision,Sedan,20000 to 29000,0,8004,10,400,2,more than 30,more than 30,2 to 4,more than 7,over 65,No,No,External,none,no change,1 vehicle,1995,Collision
4,3,7,Toyota,Urban,3,4,4,Male,Married,38,Policy Holder,Sedan - Liability,Sport,30000 to 39000,0,8005,14,400,2,more than 30,more than 30,2 to 4,7 years,36 to 40,No,No,External,more than 5,no change,1 vehicle,1995,Liability
3,4,6,Pontiac,Urban,4,12,2,Male,Single,61,Policy Holder,Sedan - All Perils,Sedan,30000 to 39000,0,8006,13,400,3,more than 30,more than 30,more than 4,more than 7,51 to 65,No,No,External,more than 5,no change,1 vehicle,1995,All Perils
12,2,7,Accura,Urban,1,12,3,Male,Married,41,Policy Holder,Sedan - Collision,Sedan,20000 to 29000,0,8007,4,400,3,more than 30,more than 30,2 to 4,7 years,36 to 40,Yes,No,External,none,no change,1 vehicle,1995,Collision
12,2,5,Toyota,Urban,2,12,2,Male,Married,38,Third Party,Sedan - Collision,Sedan,30000 to 39000,1,8008,13,500,3,more than 30,more than 30,2 to 4,more than 7,36 to 40,Yes,No,External,more than 5,no change,1 vehicle,1995,Collision
12,2,4,Toyota,Urban,3,11,2,Male,Married,41,Policy Holder,Sedan - All Perils,Sedan,more than 69000,0,8009,3,400,1,more than 30,more than 30,more than 4,7 years,36 to 40,No,No,External,none,1 year,1 vehicle,1995,All Perils
11,1,7,Chevrolet,Urban,1,10,3,Male,Married,39,Third Party,Sedan - Collision,Sedan,30000 to 39000,0,8010,2,400,1,more than 30,more than 30,1,more than 7,36 to 40,No,No,External,none,no change,1 vehicle,1995,Collision
10,5,2,Mazda,Urban,2,11,5,Male,Married,47,Third Party,Sedan - Collision,Sedan,30000 to 39000,0,8011,14,400,2,more than 30,more than 30,none,more than 7,41 to 50,No,No,External,more than 5,no change,1 vehicle,1995,Collision
11,3,3,Ford,Urban,2,11,3,Male,Married,43,Third Party,Sedan - All Perils,Sedan,40000 to 59000,0,8012,2,400,3,more than 30,more than 30,none,more than 7,36 to 40,No,No,External,none,no change,1 vehicle,1995,All Perils
10,4,3,Toyota,Urban,3,10,2,Male,Married,41,Policy Holder,Sedan - Collision,Sedan,20000 to 29000,0,8013,13,400,4,more than 30,more than 30,2 to 4,6 years,36 to 40,No,No,External,1 to 2,no change,1 vehicle,1995,Collision
10,2,3,Pontiac,Urban,1,9,4,Male,Married,41,Policy Holder,Sedan - Collision,Sedan,20000 to 29000,0,8014,14,400,4,more than 30,more than 30,none,7 years,36 to 40,No,No,External,more than 5,no change,1 vehicle,1995,Collision
8,5,2,Pontiac,Urban,4,9,1,Male,Single,31,Policy Holder,Sedan - All Perils,Sedan,less than 20000,0,8015,12,400,3,more than 30,more than 30,2 to 4,7 years,31 to 35,No,No,External,none,no change,1 vehicle,1995,All Perils
8,5,4,Pontiac,Urban,5,9,1,Male,Married,47,Policy Holder,Sedan - Liability,Sport,more than 69000,0,8016,13,400,1,more than 30,more than 30,more than 4,more than 7,41 to 50,No,No,External,more than 5,no change,1 vehicle,1995,Liability
8,4,6,Accura,Urban,1,9,2,Male,Married,34,Policy Holder,Sedan - Collision,Sedan,40000 to 59000,0,8017,15,400,2,more than 30,more than 30,2 to 4,7 years,31 to 35,No,No,External,more than 5,no change,1 vehicle,1995,Collision
8,4,4,Chevrolet,Urban,1,9,1,Male,Single,34,Policy Holder,Sedan - Liability,Sport,30000 to 39000,0,8018,1,400,3,more than 30,more than 30,2 to 4,6 years,31 to 35,No,No,External,more than 5,no change,1 vehicle,1995,Liability
7,5,2,Chevrolet,Urban,1,11,2,Male,Single,28,Third Party,Sedan - Collision,Sedan,30000 to 39000,0,8019,14,400,2,none,more than 30,none,7 years,31 to 35,No,No,External,none,no change,1 vehicle,1995,Collision
11,3,1,Mazda,Rural,2,6,4,Female,Married,26,Third Party,Sedan - Collision,Sedan,20000 to 29000,0,8020,4,400,3,more than 30,more than 30,none,7 years,31 to 35,No,No,External,none,no change,1 vehicle,1995,Collision
6,2,5,Ford,Urban,1,5,3,Male,Married,54,Policy Holder,Sedan - Liability,Sport,30000 to 39000,0,8021,11,400,4,more than 30,more than 30,1,more than 7,41 to 50,No,No,External,1 to 2,no change,1 vehicle,1995,Liability
5,2,4,Toyota,Urban,4,5,3,Male,Married,47,Policy Holder,Sedan - Collision,Sedan,less than 20000,0,8022,14,400,2,more than 30,more than 30,2 to 4,more than 7,41 to 50,No,No,External,more than 5,no change,1 vehicle,1995,Collision
5,2,4,Mazda,Urban,5,5,2,Male,Married,27,Policy Holder,Sedan - Collision,Sedan,30000 to 39000,0,8023,12,400,1,more than 30,more than 30,more than 4,7 years,31 to 35,No,No,External,none,4 to 8 years,2 vehicles,1995,Collision
5,1,5,Mazda,Urban,2,9,1,Male,Married,55,Policy Holder,Sedan - Liability,Sport,20000 to 29000,0,8024,8,400,2,more than 30,more than 30,2 to 4,more than 7,41 to 50,No,No,External,more than 5,no change,1 vehicle,1995,Liability
9,4,7,Toyota,Urban,1,1,4,Male,Married,56,Policy Holder,Sedan - All Perils,Sedan,20000 to 29000,0,8025,10,400,1,more than 30,more than 30,none,more than 7,51 to 65,No,No,External,3 to 5,no change,1 vehicle,1995,All Perils
1,5,2,Mazda,Urban,4,12,5,Male,Married,46,Third Party,Sedan - Collision,Sedan,20000 to 29000,0,8026,3,400,1,more than 30,more than 30,1,more than 7,41 to 50,No,No,External,more than 5,no change,1 vehicle,1995,Collision
12,4,7,Toyota,Urban,4,10,5,Male,Married,45,Policy Holder,Sedan - Liability,Sport,20000 to 29000,0,8027,4,400,2,more than 30,more than 30,2 to 4,7 years,36 to 40,No,No,External,none,no change,1 vehicle,1995,Liability
10,1,6,Pontiac,Urban,5,1,3,Male,Married,62,Third Party,Sedan - All Perils,Sedan,20000 to 29000,0,8028,3,400,1,more than 30,more than 30,1,7 years,51 to 65,No,No,External,none,no change,1 vehicle,1995,All Perils
1,2,2,Mazda,Urban,2,4,3,Male,Married,38,Third Party,Sedan - All Perils,Sedan,20000 to 29000,0,8029,12,400,4,more than 30,more than 30,1,7 years,36 to 40,No,No,External,none,no change,1 vehicle,1995,All Perils
4,3,5,Honda,Urban,1,7,3,Male,Married,35,Third Party,Sedan - Liability,Sport,20000 to 29000,0,8030,10,700,2,more than 30,more than 30,more than 4,7 years,31 to 35,No,No,External,none,no change,1 vehicle,1995,Liability
7,1,1,Chevrolet,Urban,2,7,1,Male,Single,39,Policy Holder,Sedan - All Perils,Sedan,more than 69000,0,8031,13,400,2,more than 30,more than 30,none,7 years,36 to 40,No,No,External,3 to 5,no change,1 vehicle,1995,All Perils
7,2,1,Honda,Urban,5,8,2,Male,Married,45,Third Party,Sedan - All Perils,Sedan,20000 to 29000,0,8032,7,400,3,more than 30,more than 30,2 to 4,more than 7,36 to 40,No,No,External,more than 5,no change,1 vehicle,1995,All Perils
8,4,3,Honda,Urban,5,9,4,Female,Married,47,Policy Holder,Sedan - Liability,Sport,20000 to 29000,0,8033,10,400,2,more than 30,more than 30,2 to 4,7 years,41 to 50,No,No,External,more than 5,no change,1 vehicle,1995,Liability
8,4,1,Toyota,Urban,1,10,1,Male,Married,45,Policy Holder,Sedan - Liability,Sport,20000 to 29000,0,8034,1,400,3,more than 30,more than 30,2 to 4,7 years,36 to 40,No,No,External,none,no change,1 vehicle,1995,Liability
10,4,3,Pontiac,Urban,5,11,4,Male,Married,51,Policy Holder,Sedan - Liability,Sport,20000 to 29000,0,8035,2,400,4,more than 30,more than 30,more than 4,more than 7,41 to 50,No,No,External,1 to 2,no change,1 vehicle,1995,Liability
11,3,5,Toyota,Urban,5,3,4,Male,Married,55,Third Party,Sedan - All Perils,Sedan,20000 to 29000,0,8036,15,400,3,more than 30,more than 30,none,7 years,41 to 50,No,No,External,1 to 2,no change,1 vehicle,1995,All Perils
3,2,7,Mazda,Rural,4,4,3,Male,Married,52,Third Party,Sedan - Collision,Sedan,20000 to 29000,0,8037,13,400,1,more than 30,more than 30,2 to 4,more than 7,41 to 50,No,No,External,more than 5,no change,3 to 4,1995,Collision
4,2,1,Toyota,Urban,1,4,2,Male,Married,36,Policy Holder,Sedan - All Perils,Sedan,20000 to 29000,0,8038,14,400,3,more than 30,more than 30,none,7 years,36 to 40,No,No,External,1 to 2,no change,1 vehicle,1995,All Perils
4,2,7,Toyota,Urban,1,7,2,Male,Married,58,Policy Holder,Sedan - Collision,Sedan,30000 to 39000,0,8039,4,400,4,more than 30,more than 30,2 to 4,7 years,51 to 65,No,No,External,1 to 2,no change,1 vehicle,1995,Collision
7,1,7,BMW,Urban,5,9,1,Female,Married,38,Policy Holder,Sedan - Liability,Sport,40000 to 59000,0,8040,11,400,4,more than 30,more than 30,more than 4,7 years,36 to 40,No,No,External,more than 5,no change,1 vehicle,1995,Liability
7,4,3,Pontiac,Urban,3,12,1,Male,Single,22,Policy Holder,Sedan - All Perils,Sedan,more than 69000,0,8041,7,400,2,more than 30,more than 30,none,5 years,26 to 30,Yes,No,External,3 to 5,no change,1 vehicle,1995,All Perils
12,2,2,Pontiac,Urban,4,12,2,Male,Married,34,Policy Holder,Sedan - Liability,Sport,30000 to 39000,0,8042,5,400,4,more than 30,more than 30,1,5 years,31 to 35,No,No,External,1 to 2,no change,1 vehicle,1995,Liability
12,2,3,Ford,Urban,5,12,3,Female,Single,31,Policy Holder,Sedan - Liability,Sport,30000 to 39000,0,8043,3,400,1,more than 30,more than 30,none,7 years,31 to 35,No,No,External,more than 5,no change,1 vehicle,1995,Liability
12,3,4,Pontiac,Urban,5,12,4,Male,Single,27,Policy Holder,Sedan - Collision,Sedan,20000 to 29000,0,8044,13,400,3,more than 30,more than 30,none,6 years,31 to 35,No,No,External,none,4 to 8 years,2 vehicles,1995,Collision
12,3,2,Pontiac,Urban,5,12,3,Male,Single,34,Policy Holder,Sedan - Liability,Sport,20000 to 29000,0,8045,5,400,1,more than 30,more than 30,1,5 years,31 to 35,No,No,External,more than 5,no change,1 vehicle,1995,Liability
12,2,2,Pontiac,Urban,5,9,3,Male,Married,34,Third Party,Sedan - Collision,Sedan,20000 to 29000,0,8046,5,400,2,more than 30,more than 30,none,7 years,31 to 35,No,No,External,3 to 5,no change,1 vehicle,1995,Collision
8,5,5,Honda,Urban,5,9,2,Female,Single,28,Policy Holder,Sedan - Collision,Sedan,20000 to 29000,0,8047,8,400,1,more than 30,more than 30,1,6 years,31 to 35,No,No,External,more than 5,no change,1 vehicle,1995,Collision
8,4,6,Chevrolet,Urban,2,9,2,Male,Married,42,Policy Holder,Sedan - Liability,Sport,30000 to 39000,0,8048,15,400,4,more than 30,more than 30,more than 4,7 years,36 to 40,No,No,External,more than 5,no change,1 vehicle,1995,Liability
8,4,2,Toyota,Urban,2,7,2,Male,Married,46,Policy Holder,Sedan - Liability,Sport,more than 69000,0,8049,16,400,2,more than 30,more than 30,1,more than 7,41 to 50,No,No,External,more than 5,no change,1 vehicle,1995,Liability
7,2,6,VW,Urban,1,6,2,Male,Married,61,Policy Holder,Sedan - Liability,Sport,40000 to 59000,0,8050,9,400,2,more than 30,more than 30,more than 4,more than 7,51 to 65,No,No,External,more than 5,no change,1 vehicle,1995,Liability
6,4,7,Pontiac,Rural,3,4,4,Female,Married,41,Third Party,Sedan - All Perils,Sedan,20000 to 29000,0,8051,10,400,3,more than 30,more than 30,none,7 years,36 to 40,Yes,No,External,1 to 2,no change,1 vehicle,1995,All Perils
4,2,7,Toyota,Rural,2,12,4,Male,Married,27,Policy Holder,Sedan - Collision,Sedan,20000 to 29000,0,8052,12,400,3,more than 30,more than 30,2 to 4,6 years,31 to 35,No,No,External,1 to 2,no change,1 vehicle,1995,Collision
12,3,5,Toyota,Urban,2,12,3,Male,Married,42,Policy Holder,Sedan - Collision,Sedan,20000 to 29000,0,8053,15,400,1,more than 30,more than 30,1,7 years,36 to 40,No,No,External,more than 5,no change,1 vehicle,1995,Collision
12,3,7,Honda,Urban,1,11,3,Male,Married,31,Third Party,Sedan - Collision,Sedan,30000 to 39000,0,8054,11,400,3,more than 30,more than 30,none,6 years,31 to 35,No,No,External,1 to 2,no change,1 vehicle,1995,Collision
11,4,4,Toyota,Urban,1,11,5,Male,Married,44,Policy Holder,Sedan - Liability,Sport,20000 to 29000,0,8055,10,400,4,more than 30,more than 30,more than 4,7 years,36 to 40,No,No,External,none,no change,1 vehicle,1995,Liability
11,4,1,Mazda,Urban,1,8,5,Male,Married,28,Third Party,Sedan - Liability,Sport,20000 to 29000,0,8056,4,400,1,more than 30,more than 30,2 to 4,7 years,31 to 35,No,No,External,more than 5,no change,1 vehicle,1995,Liability
8,4,5,Pontiac,Urban,3,7,4,Male,Married,24,Policy Holder,Sedan - Liability,Sport,20000 to 29000,0,8057,1,400,3,more than 30,more than 30,more than 4,5 years,26 to 30,No,No,External,none,no change,1 vehicle,1995,Liability
7,1,4,Dodge,Urban,3,12,1,Female,Married,42,Policy Holder,Sedan - Collision,Sedan,more than 69000,0,8058,11,400,2,more than 30,more than 30,2 to 4,7 years,36 to 40,No,No,External,more than 5,no change,1 vehicle,1995,Collision
11,3,7,Accura,Urban,4,4,4,Male,Married,28,Policy Holder,Sedan - Collision,Sedan,30000 to 39000,1,8059,6,500,2,more than 30,more than 30,2 to 4,6 years,31 to 35,No,No,External,3 to 5,2 to 3 years,1 vehicle,1995,Collision
4,3,5,Nisson,Urban,1,4,5,Male,Married,29,Policy Holder,Sedan - Collision,Sedan,30000 to 39000,0,8060,14,400,1,more than 30,more than 30,1,7 years,31 to 35,No,No,External,more than 5,no change,1 vehicle,1995,Collision
3,4,3,Toyota,Urban,4,3,1,Male,Single,27,Third Party,Sedan - All Perils,Sedan,20000 to 29000,0,8061,7,700,2,more than 30,more than 30,1,7 years,31 to 35,No,No,External,none,no change,1 vehicle,1995,All Perils
3,3,4,Mazda,Urban,3,3,3,Male,Married,36,Third Party,Sedan - Collision,Sedan,20000 to 29000,0,8062,12,400,4,more than 30,more than 30,1,7 years,36 to 40,No,No,External,none,no change,1 vehicle,1995,Collision
3,2,6,VW,Urban,4,10,3,Female,Single,30,Policy Holder,Sedan - Liability,Sport,20000 to 29000,0,8063,12,400,2,more than 30,more than 30,2 to 4,7 years,31 to 35,No,No,External,none,no change,1 vehicle,1995,Liability
9,4,4,Toyota,Urban,2,9,1,Male,Married,51,Policy Holder,Sedan - All Perils,Sedan,20000 to 29000,0,8064,3,400,3,more than 30,more than 30,1,more than 7,41 to 50,No,No,External,3 to 5,no change,1 vehicle,1995,All Perils
9,4,6,Pontiac,Urban,2,10,4,Male,Married,43,Policy Holder,Sedan - Liability,Sport,less than 20000,0,8065,6,400,3,more than 30,more than 30,2 to 4,7 years,36 to 40,No,No,External,none,4 to 8 years,2 vehicles,1995,Liability
10,4,1,Toyota,Urban,2,12,4,Male,Married,41,Third Party,Sedan - All Perils,Sedan,30000 to 39000,0,8066,16,400,2,more than 30,more than 30,none,7 years,36 to 40,No,No,External,1 to 2,no change,1 vehicle,1995,All Perils
10,2,5,Accura,Urban,3,4,3,Female,Married,50,Third Party,Sedan - Collision,Sedan,30000 to 39000,0,8067,10,400,1,more than 30,more than 30,more than 4,7 years,41 to 50,No,No,External,more than 5,no change,1 vehicle,1995,Collision
4,1,1,Honda,Urban,2,5,1,Male,Married,48,Policy Holder,Sedan - Collision,Sedan,20000 to 29000,0,8068,6,400,2,more than 30,more than 30,more than 4,more than 7,41 to 50,No,No,External,none,no change,1 vehicle,1995,Collision
4,4,3,Pontiac,Urban,4,4,5,Male,Married,26,Policy Holder,Sedan - Collision,Sedan,20000 to 29000,0,8069,3,400,2,more than 30,more than 30,1,7 years,31 to 35,No,No,External,more than 5,no change,1 vehicle,1995,Collision
4,3,5,Toyota,Urban,5,5,4,Male,Single,33,Policy Holder,Sedan - Liability,Sport,30000 to 39000,0,8070,8,400,3,more than 30,more than 30,more than 4,7 years,31 to 35,No,No,External,more than 5,no change,1 vehicle,1995,Liability
4,3,6,Toyota,Urban,4,5,2,Male,Single,62,Policy Holder,Sedan - Collision,Sedan,more than 69000,0,8071,7,400,1,more than 30,more than 30,2 to 4,more than 7,51 to 65,No,No,External,more than 5,no change,1 vehicle,1995,Collision
5,3,5,Dodge,Urban,4,5,3,Male,Single,0,Third Party,Sedan - All Perils,Sedan,30000 to 39000,0,8072,3,400,3,more than 30,more than 30,2 to 4,3 years,16 to 17,No,No,External,more than 5,no change,1 vehicle,1995,All Perils
5,2,3,Pontiac,Urban,3,5,3,Male,Single,29,Third Party,Sedan - Liability,Sport,30000 to 39000,0,8073,3,400,1,more than 30,more than 30,1,6 years,31 to 35,No,No,External,3 to 5,no change,1 vehicle,1995,Liability
5,2,5,Pontiac,Urban,4,9,2,Male,Single,34,Third Party,Sedan - Liability,Sport,20000 to 29000,0,8074,15,400,1,more than 30,more than 30,2 to 4,6 years,31 to 35,No,No,External,none,no change,1 vehicle,1995,Liability
9,2,4,Pontiac,Urban,1,9,3,Male,Married,64,Policy Holder,Sedan - Collision,Sedan,20000 to 29000,0,8075,14,400,1,more than 30,more than 30,more than 4,more than 7,51 to 65,No,No,External,1 to 2,no change,1 vehicle,1995,Collision
9,2,1,Mazda,Urban,1,10,2,Male,Married,33,Third Party,Sedan - Collision,Sedan,20000 to 29000,0,8076,16,400,3,more than 30,more than 30,1,7 years,31 to 35,No,No,External,none,no change,1 vehicle,1995,Collision
10,2,3,Pontiac,Urban,5,10,2,Male,Married,30,Third Party,Sedan - All Perils,Sedan,20000 to 29000,0,8077,10,400,4,more than 30,more than 30,2 to 4,7 years,31 to 35,No,No,External,more than 5,no change,1 vehicle,1995,All Perils
10,4,5,Accura,Urban,5,12,5,Female,Married,32,Policy Holder,Sedan - All Perils,Sedan,20000 to 29000,0,8078,12,400,1,more than 30,more than 30,2 to 4,7 years,31 to 35,No,No,External,more than 5,no change,3 to 4,1995,All Perils
11,3,7,Honda,Urban,2,4,2,Male,Single,31,Third Party,Sedan - Collision,Sedan,30000 to 39000,0,8079,2,400,1,more than 30,more than 30,2 to 4,5 years,31 to 35,No,No,External,more than 5,no change,1 vehicle,1995,Collision
4,4,1,Toyota,Urban,3,4,4,Male,Married,32,Policy Holder,Sedan - Collision,Sedan,20000 to 29000,0,8080,9,400,1,more than 30,more than 30,1,7 years,31 to 35,No,No,External,none,no change,1 vehicle,1995,Collision
4,3,5,Chevrolet,Urban,2,4,3,Male,Single,18,Policy Holder,Sedan - Collision,Sedan,20000 to 29000,0,8081,9,400,3,more than 30,more than 30,1,2 years,21 to 25,No,No,External,1 to 2,no change,1 vehicle,1995,Collision
4,3,4,Pontiac,Urban,1,5,3,Female,Married,65,Policy Holder,Sedan - All Perils,Sedan,less than 20000,0,8082,1,400,3,more than 30,more than 30,1,7 years,51 to 65,Yes,No,External,more than 5,no change,1 vehicle,1995,All Perils
5,1,3,Mazda,Urban,4,5,2,Male,Married,43,Policy Holder,Sedan - Liability,Sport,20000 to 29000,0,8083,6,400,2,more than 30,more than 30,2 to 4,5 years,36 to 40,No,No,External,none,no change,1 vehicle,1995,Liability
5,1,1,Toyota,Urban,3,5,1,Male,Married,59,Third Party,Sedan - All Perils,Sedan,20000 to 29000,0,8084,5,400,3,more than 30,more than 30,none,more than 7,51 to 65,No,No,External,none,no change,1 vehicle,1995,All Perils
5,3,1,Accura,Urban,1,10,3,Male,Married,40,Policy Holder,Sedan - Liability,Sport,30000 to 39000,0,8085,5,400,4,more than 30,more than 30,more than 4,7 years,36 to 40,No,No,Internal,more than 5,no change,1 vehicle,1995,Liability
10,5,5,Honda,Urban,4,2,5,Male,Married,30,Policy Holder,Sedan - Collision,Sedan,20000 to 29000,0,8086,4,400,4,more than 30,more than 30,2 to 4,6 years,31 to 35,No,No,External,none,4 to 8 years,2 vehicles,1995,Collision
1,2,4,Toyota,Urban,5,4,4,Male,Married,52,Policy Holder,Sedan - All Perils,Sedan,20000 to 29000,0,8087,1,400,1,more than 30,more than 30,none,more than 7,41 to 50,No,No,External,none,no change,1 vehicle,1995,All Perils
4,5,4,Honda,Urban,3,7,5,Male,Single,0,Policy Holder,Sedan - Liability,Sport,more than 69000,0,8088,16,400,1,more than 30,more than 30,more than 4,new,16 to 17,No,No,External,none,no change,1 vehicle,1995,Liability
6,4,6,Pontiac,Urban,6,6,4,Male,Married,48,Policy Holder,Sedan - Collision,Sedan,20000 to 29000,0,8089,16,400,3,more than 30,more than 30,2 to 4,7 years,41 to 50,No,No,External,none,no change,1 vehicle,1995,Collision
6,1,1,Saturn,Urban,1,7,2,Male,Married,37,Policy Holder,Sedan - All Perils,Sedan,20000 to 29000,0,8090,13,400,4,more than 30,more than 30,1,7 years,36 to 40,No,No,External,none,no change,1 vehicle,1995,All Perils
7,3,5,Mazda,Urban,5,11,3,Male,Married,29,Policy Holder,Sedan - All Perils,Sedan,20000 to 29000,0,8091,1,400,3,more than 30,more than 30,none,7 years,31 to 35,No,No,External,none,no change,1 vehicle,1995,All Perils
11,3,5,Honda,Urban,3,7,3,Male,Married,50,Policy Holder,Sedan - Collision,Sedan,20000 to 29000,1,8092,11,700,2,more than 30,more than 30,none,more than 7,41 to 50,No,No,External,none,no change,1 vehicle,1995,Collision
7,3,1,Mazda,Urban,1,9,3,Male,Married,57,Third Party,Sedan - Collision,Sedan,30000 to 39000,0,8093,14,400,2,more than 30,more than 30,1,more than 7,51 to 65,No,No,External,1 to 2,no change,1 vehicle,1995,Collision
9,1,1,Pontiac,Urban,4,8,1,Male,Married,49,Third Party,Sport - All Perils,Sport,less than 20000,0,8094,15,400,1,more than 30,more than 30,1,more than 7,41 to 50,No,No,External,none,no change,1 vehicle,1995,All Perils
8,2,5,Ford,Urban,2,11,2,Male,Married,64,Policy Holder,Sedan - Collision,Sedan,30000 to 39000,0,8095,12,400,2,more than 30,more than 30,2 to 4,more than 7,51 to 65,No,No,External,none,no change,1 vehicle,1995,Collision
11,2,4,Toyota,Urban,1,12,4,Male,Single,27,Third Party,Sedan - Liability,Sport,20000 to 29000,0,8096,13,400,4,more than 30,more than 30,2 to 4,6 years,31 to 35,No,No,External,none,no change,1 vehicle,1995,Liability
12,1,5,Chevrolet,Urban,1,12,2,Male,Married,37,Third Party,Sedan - Collision,Sedan,20000 to 29000,0,8097,7,400,1,more than 30,more than 30,1,7 years,36 to 40,No,No,External,1 to 2,no change,1 vehicle,1995,Collision
11,3,6,Mazda,Urban,2,11,3,Male,Single,28,Policy Holder,Sedan - Collision,Sedan,30000 to 39000,1,8098,3,400,3,more than 30,more than 30,2 to 4,6 years,31 to 35,No,No,External,1 to 2,no change,1 vehicle,1995,Collision
11,3,3,Toyota,Rural,3,11,5,Male,Married,27,Policy Holder,Sedan - All Perils,Sedan,20000 to 29000,1,8099,7,400,3,more than 30,more than 30,none,7 years,31 to 35,No,No,External,none,no change,1 vehicle,1995,All Perils
11,3,2,Chevrolet,Urban,2,11,3,Male,Married,56,Policy Holder,Sedan - Liability,Sport,30000 to 39000,0,8100,6,400,1,more than 30,more than 30,more than 4,more than 7,51 to 65,No,No,External,none,1 year,1 vehicle,1995,Liability
11,3,3,Mazda,Rural,5,8,3,Male,Married,44,Policy Holder,Sedan - Liability,Sport,30000 to 39000,0,8101,6,400,1,more than 30,more than 30,2 to 4,7 years,36 to 40,No,No,External,more than 5,no change,1 vehicle,1995,Liability
8,1,4,Pontiac,Urban,2,9,1,Male,Married,44,Policy Holder,Sedan - Liability,Sport,30000 to 39000,0,8102,3,400,1,more than 30,more than 30,2 to 4,7 years,36 to 40,No,No,External,none,no change,1 vehicle,1995,Liability
8,3,3,Honda,Urban,1,9,1,Male,Single,35,Policy Holder,Sedan - Liability,Sport,20000 to 29000,0,8103,8,400,3,more than 30,more than 30,1,6 years,31 to 35,No,No,External,1 to 2,no change,1 vehicle,1995,Liability
8,3,6,Mazda,Urban,5,12,2,Female,Married,33,Policy Holder,Sedan - All Perils,Sedan,more than 69000,0,8104,2,400,2,more than 30,more than 30,2 to 4,7 years,31 to 35,No,No,External,1 to 2,no change,1 vehicle,1995,All Perils
11,3,6,Saturn,Urban,2,9,1,Male,Married,30,Policy Holder,Sedan - All Perils,Sedan,20000 to 29000,1,8105,1,400,1,more than 30,more than 30,2 to 4,7 years,31 to 35,No,No,External,none,no change,1 vehicle,1995,All Perils
9,3,2,Pontiac,Urban,5,11,3,Male,Single,32,Third Party,Sedan - Collision,Sedan,20000 to 29000,0,8106,12,400,3,more than 30,more than 30,none,6 years,31 to 35,No,No,External,3 to 5,no change,1 vehicle,1995,Collision
11,4,2,Chevrolet,Urban,4,12,4,Male,Married,37,Policy Holder,Sedan - All Perils,Sedan,more than 69000,0,8107,9,400,4,more than 30,more than 30,none,6 years,36 to 40,No,No,External,none,4 to 8 years,2 vehicles,1995,All Perils
12,4,1,Honda,Urban,2,3,5,Female,Single,34,Third Party,Sedan - All Perils,Sedan,20000 to 29000,0,8108,9,400,2,more than 30,more than 30,none,6 years,31 to 35,No,No,External,more than 5,no change,1 vehicle,1995,All Perils
2,5,5,Honda,Urban,5,2,1,Male,Married,29,Policy Holder,Sedan - Liability,Sport,30000 to 39000,0,8109,16,400,4,more than 30,more than 30,more than 4,7 years,31 to 35,No,No,External,more than 5,no change,1 vehicle,1995,Liability
2,1,2,Toyota,Urban,3,7,1,Male,Married,36,Policy Holder,Sedan - Liability,Sport,20000 to 29000,0,8110,10,500,2,more than 30,more than 30,more than 4,more than 7,36 to 40,No,No,External,1 to 2,2 to 3 years,1 vehicle,1995,Liability
7,3,4,Chevrolet,Rural,4,7,3,Male,Married,78,Third Party,Sedan - Collision,Sedan,30000 to 39000,0,8111,5,400,3,more than 30,more than 30,none,more than 7,over 65,No,No,External,none,no change,1 vehicle,1995,Collision
7,4,7,Saab,Urban,1,1,5,Male,Married,40,Policy Holder,Sedan - Collision,Sedan,30000 to 39000,0,8112,2,400,3,more than 30,more than 30,1,7 years,36 to 40,No,No,External,more than 5,no change,1 vehicle,1995,Collision
11,3,6,Pontiac,Urban,3,12,4,Male,Single,28,Policy Holder,Sedan - All Perils,Sedan,20000 to 29000,1,8113,13,400,3,more than 30,more than 30,2 to 4,6 years,31 to 35,No,No,External,3 to 5,no change,1 vehicle,1995,All Perils
12,2,1,Pontiac,Urban,5,12,3,Female,Married,42,Policy Holder,Sedan - Liability,Sport,30000 to 39000,0,8114,3,400,3,more than 30,more than 30,2 to 4,7 years,36 to 40,No,No,External,more than 5,no change,1 vehicle,1995,Liability
12,2,7,Pontiac,Urban,1,11,3,Male,Single,30,Third Party,Sedan - Collision,Sedan,20000 to 29000,0,8115,9,400,2,more than 30,more than 30,1,7 years,31 to 35,No,No,External,none,no change,1 vehicle,1995,Collision
11,3,4,Toyota,Urban,2,12,3,Male,Single,22,Policy Holder,Sedan - Liability,Sport,20000 to 29000,0,8116,9,400,3,more than 30,more than 30,2 to 4,5 years,26 to 30,No,No,External,none,no change,1 vehicle,1995,Liability
12,3,5,Accura,Urban,1,12,3,Female,Single,32,Third Party,Sedan - Liability,Sport,20000 to 29000,0,8117,12,400,1,more than 30,more than 30,none,7 years,31 to 35,No,No,External,3 to 5,no change,1 vehicle,1995,Liability
12,3,3,Honda,Urban,1,10,3,Male,Married,69,Policy Holder,Sedan - All Perils,Sedan,20000 to 29000,0,8118,8,400,2,more than 30,more than 30,none,7 years,over 65,No,No,External,3 to 5,no change,1 vehicle,1995,All Perils
9,4,1,Mazda,Urban,3,9,1,Female,Single,31,Policy Holder,Sedan - Liability,Sport,20000 to 29000,0,8119,6,400,1,more than 30,more than 30,none,6 years,31 to 35,No,No,External,none,no change,3 to 4,1995,Liability
9,4,6,Honda,Urban,2,9,4,Male,Single,59,Policy Holder,Sedan - Liability,Sport,20000 to 29000,0,8120,8,400,2,more than 30,more than 30,more than 4,more than 7,51 to 65,No,No,External,more than 5,no change,1 vehicle,1995,Liability
9,2,2,Pontiac,Urban,1,9,2,Male,Married,26,Policy Holder,Sedan - Collision,Sedan,20000 to 29000,0,8121,14,400,2,more than 30,more than 30,1,6 years,31 to 35,No,No,External,more than 5,no change,1 vehicle,1995,Collision
9,1,1,Toyota,Urban,2,9,2,Male,Married,38,Policy Holder,Sedan - Liability,Sport,more than 69000,0,8122,1,400,2,more than 30,more than 30,1,7 years,36 to 40,No,No,External,1 to 2,no change,1 vehicle,1995,Liability
9,1,5,Mazda,Urban,2,12,1,Female,Single,24,Policy Holder,Sedan - Liability,Sport,20000 to 29000,0,8123,1,400,1,more than 30,more than 30,2 to 4,5 years,26 to 30,No,No,External,more than 5,no change,1 vehicle,1995,Liability
12,3,7,Chevrolet,Urban,2,12,3,Male,Married,76,Policy Holder,Sedan - All Perils,Sedan,20000 to 29000,0,8124,11,400,3,more than 30,more than 30,1,more than 7,over 65,No,No,External,more than 5,no change,1 vehicle,1995,All Perils
11,3,2,Pontiac,Urban,3,6,2,Male,Single,30,Third Party,Sedan - All Perils,Sedan,20000 to 29000,0,8125,5,400,1,more than 30,more than 30,none,7 years,31 to 35,No,No,External,3 to 5,no change,1 vehicle,1995,All Perils
6,2,3,Pontiac,Urban,3,4,3,Male,Married,57,Third Party,Sedan - All Perils,Sedan,20000 to 29000,0,8126,5,400,2,more than 30,more than 30,none,more than 7,51 to 65,No,No,External,3 to 5,no change,1 vehicle,1995,All Perils
4,2,1,Pontiac,Urban,3,3,2,Male,Single,28,Policy Holder,Sedan - Liability,Sport,20000 to 29000,0,8127,5,400,1,more than 30,more than 30,none,2 years,31 to 35,No,No,Internal,none,no change,1 vehicle,1995,Liability
3,4,4,Chevrolet,Urban,2,3,4,Male,Married,35,Third Party,Sedan - Liability,Sport,20000 to 29000,0,8128,5,400,4,more than 30,more than 30,2 to 4,6 years,31 to 35,No,No,External,none,4 to 8 years,2 vehicles,1995,Liability
2,4,1,Mazda,Urban,1,12,2,Male,Single,30,Policy Holder,Sedan - All Perils,Sedan,20000 to 29000,0,8129,2,400,2,more than 30,more than 30,none,6 years,31 to 35,No,No,External,1 to 2,no change,1 vehicle,1995,All Perils
12,3,4,Chevrolet,Urban,3,12,3,Male,Married,50,Policy Holder,Sedan - Liability,Sport,40000 to 59000,0,8130,16,400,4,more than 30,more than 30,2 to 4,more than 7,41 to 50,Yes,No,External,more than 5,no change,1 vehicle,1995,Liability
12,2,1,Toyota,Urban,4,11,3,Female,Widow,41,Policy Holder,Sedan - Liability,Sport,20000 to 29000,0,8131,12,400,1,more than 30,more than 30,2 to 4,7 years,36 to 40,No,No,External,1 to 2,no change,1 vehicle,1995,Liability
11,4,2,Pontiac,Urban,2,10,4,Male,Married,34,Third Party,Sedan - All Perils,Sedan,20000 to 29000,0,8132,3,400,1,more than 30,more than 30,none,7 years,31 to 35,No,No,External,more than 5,no change,1 vehicle,1995,All Perils
10,1,5,Toyota,Urban,3,9,2,Female,Married,34,Third Party,Sedan - Collision,Sedan,20000 to 29000,0,8133,12,400,1,more than 30,more than 30,2 to 4,3 years,31 to 35,No,No,External,1 to 2,no change,1 vehicle,1995,Collision
9,3,1,Honda,Urban,4,9,3,Male,Married,51,Policy Holder,Sedan - Liability,Sport,20000 to 29000,0,8134,4,400,1,more than 30,more than 30,none,more than 7,41 to 50,No,No,External,none,no change,1 vehicle,1995,Liability
9,2,2,Toyota,Urban,3,9,3,Male,Single,34,Policy Holder,Sedan - Liability,Sport,20000 to 29000,0,8135,4,400,2,more than 30,more than 30,more than 4,7 years,31 to 35,No,No,External,1 to 2,no change,1 vehicle,1995,Liability
9,2,4,Honda,Urban,2,9,2,Male,Married,48,Policy Holder,Sedan - Collision,Sedan,20000 to 29000,0,8136,6,400,2,more than 30,more than 30,none,more than 7,41 to 50,No,No,External,more than 5,no change,1 vehicle,1995,Collision
9,2,5,Honda,Urban,5,9,2,Male,Married,30,Policy Holder,Sedan - Collision,Sedan,more than 69000,0,8137,12,400,1,more than 30,more than 30,2 to 4,6 years,31 to 35,No,No,External,3 to 5,no change,1 vehicle,1995,Collision
9,1,6,Toyota,Urban,6,9,1,Male,Single,31,Policy Holder,Sedan - Collision,Sedan,20000 to 29000,0,8138,6,400,2,more than 30,more than 30,none,6 years,31 to 35,No,No,Internal,3 to 5,no change,1 vehicle,1995,Collision
9,1,2,Mazda,Rural,4,12,1,Male,Single,34,Third Party,Sedan - Collision,Sedan,30000 to 39000,0,8139,4,400,2,more than 30,more than 30,2 to 4,6 years,31 to 35,Yes,Yes,External,1 to 2,no change,1 vehicle,1995,Collision
12,2,2,Pontiac,Urban,3,8,5,Male,Married,52,Third Party,Sedan - Liability,Sport,20000 to 29000,0,8140,4,400,2,more than 30,more than 30,2 to 4,more than 7,41 to 50,No,No,External,more than 5,no change,1 vehicle,1995,Liability
8,2,5,Mazda,Urban,2,8,3,Female,Single,35,Third Party,Sedan - Collision,Sedan,20000 to 29000,0,8141,10,400,1,more than 30,more than 30,none,4 years,31 to 35,No,No,External,none,no change,1 vehicle,1995,Collision
8,1,5,Toyota,Urban,1,7,4,Female,Single,28,Policy Holder,Sedan - Collision,Sedan,20000 to 29000,0,8142,9,400,1,more than 30,more than 30,1,5 years,31 to 35,No,No,External,3 to 5,no change,1 vehicle,1995,Collision
7,4,6,Toyota,Urban,2,7,4,Female,Married,51,Policy Holder,Sedan - Liability,Sport,20000 to 29000,0,8143,13,400,4,more than 30,more than 30,more than 4,7 years,41 to 50,No,No,External,1 to 2,no change,1 vehicle,1995,Liability
7,4,5,Toyota,Urban,5,4,4,Male,Married,69,Policy Holder,Sedan - All Perils,Sedan,20000 to 29000,0,8144,7,400,1,more than 30,more than 30,2 to 4,more than 7,over 65,No,No,External,none,no change,1 vehicle,1995,All Perils
4,5,4,Honda,Urban,4,7,5,Male,Single,0,Policy Holder,Sedan - Liability,Sport,more than 69000,0,8145,16,400,4,more than 30,more than 30,more than 4,new,16 to 17,No,No,External,none,no change,1 vehicle,1995,Liability
7,1,7,Pontiac,Urban,5,7,1,Male,Single,43,Policy Holder,Sedan - Collision,Sedan,30000 to 39000,0,8146,15,400,3,more than 30,more than 30,1,7 years,36 to 40,No,No,External,none,no change,1 vehicle,1995,Collision
5,5,2,Chevrolet,Urban,1,5,3,Male,Divorced,50,Policy Holder,Sedan - All Perils,Sedan,20000 to 29000,0,8147,7,400,4,more than 30,more than 30,none,more than 7,41 to 50,Yes,No,External,1 to 2,no change,1 vehicle,1995,All Perils
5,2,7,Chevrolet,Urban,3,5,4,Male,Married,42,Policy Holder,Utility - All Perils,Utility,more than 69000,0,8148,14,400,4,more than 30,more than 30,more than 4,7 years,36 to 40,No,No,External,more than 5,no change,1 vehicle,1995,All Perils
4,5,3,Toyota,Urban,4,4,1,Male,Married,65,Policy Holder,Sedan - Collision,Sedan,20000 to 29000,0,8149,14,400,1,more than 30,more than 30,1,more than 7,51 to 65,No,No,Internal,none,no change,1 vehicle,1995,Collision
4,4,4,Pontiac,Urban,1,5,4,Male,Married,80,Third Party,Sedan - Collision,Sedan,30000 to 39000,0,8150,2,400,4,more than 30,more than 30,2 to 4,more than 7,over 65,No,No,External,3 to 5,no change,1 vehicle,1995,Collision
4,4,1,Chevrolet,Urban,2,9,1,Male,Single,29,Policy Holder,Sedan - Collision,Sedan,30000 to 39000,0,8151,7,400,2,more than 30,more than 30,2 to 4,7 years,31 to 35,No,No,External,1 to 2,no change,1 vehicle,1995,Collision
9,3,2,Pontiac,Urban,2,9,3,Male,Married,37,Policy Holder,Sedan - Liability,Sport,20000 to 29000,0,8152,12,400,3,more than 30,more than 30,2 to 4,7 years,36 to 40,No,No,External,more than 5,no change,1 vehicle,1995,Liability
9,3,1,Dodge,Urban,1,8,3,Male,Married,62,Policy Holder,Sedan - Liability,Sport,more than 69000,0,8153,6,400,4,more than 30,more than 30,2 to 4,more than 7,51 to 65,No,No,External,3 to 5,no change,1 vehicle,1995,Liability
8,5,5,Toyota,Urban,3,9,5,Male,Married,37,Policy Holder,Sedan - Liability,Sport,20000 to 29000,0,8154,9,700,1,more than 30,more than 30,2 to 4,7 years,36 to 40,No,No,External,3 to 5,no change,1 vehicle,1995,Liability
8,4,6,Ford,Rural,1,9,3,Female,Married,52,Third Party,Sedan - All Perils,Sedan,40000 to 59000,0,8155,12,400,4,more than 30,more than 30,2 to 4,more than 7,41 to 50,No,No,External,3 to 5,no change,1 vehicle,1995,All Perils
8,3,4,Pontiac,Urban,5,7,2,Male,Married,41,Third Party,Sedan - Liability,Sport,20000 to 29000,0,8156,1,400,3,more than 30,more than 30,2 to 4,7 years,36 to 40,No,No,External,none,no change,1 vehicle,1995,Liability
7,2,1,Honda,Urban,3,6,2,Male,Married,59,Policy Holder,Sedan - Liability,Sport,30000 to 39000,0,8157,14,400,4,more than 30,more than 30,2 to 4,more than 7,51 to 65,No,No,External,more than 5,no change,1 vehicle,1995,Liability
6,4,6,VW,Rural,2,12,5,Male,Married,48,Policy Holder,Sedan - Liability,Sport,more than 69000,0,8158,2,400,4,more than 30,more than 30,1,more than 7,41 to 50,No,No,External,none,no change,1 vehicle,1995,Liability
12,4,5,VW,Urban,1,12,4,Male,Married,35,Third Party,Sedan - Liability,Sport,40000 to 59000,0,8159,7,400,4,more than 30,more than 30,2 to 4,7 years,31 to 35,No,No,External,more than 5,no change,1 vehicle,1995,Liability
12,4,4,Saab,Rural,5,4,4,Male,Married,32,Third Party,Sedan - All Perils,Sedan,30000 to 39000,0,8160,6,400,3,more than 30,more than 30,1,6 years,31 to 35,No,No,External,none,no change,3 to 4,1995,All Perils
4,2,7,Honda,Urban,1,4,2,Male,Single,0,Policy Holder,Sedan - Collision,Sedan,more than 69000,0,8161,15,400,2,more than 30,more than 30,none,new,16 to 17,No,No,External,none,2 to 3 years,1 vehicle,1995,Collision
4,4,5,Pontiac,Urban,5,5,4,Male,Married,54,Policy Holder,Sedan - Collision,Sedan,20000 to 29000,0,8162,3,400,4,more than 30,more than 30,2 to 4,more than 7,41 to 50,No,No,External,more than 5,no change,1 vehicle,1995,Collision
5,1,2,Ford,Rural,2,5,1,Male,Married,53,Third Party,Sedan - Collision,Sedan,40000 to 59000,0,8163,11,400,2,more than 30,more than 30,more than 4,more than 7,41 to 50,No,No,External,3 to 5,no change,1 vehicle,1995,Collision
5,2,7,Mazda,Urban,1,6,2,Female,Single,32,Policy Holder,Sedan - Liability,Sport,20000 to 29000,0,8164,7,400,3,more than 30,more than 30,1,7 years,31 to 35,No,No,External,none,no change,1 vehicle,1995,Liability
6,3,4,Pontiac,Urban,2,8,3,Male,Married,38,Policy Holder,Sedan - Liability,Sport,30000 to 39000,0,8165,7,400,2,more than 30,more than 30,2 to 4,7 years,36 to 40,No,No,External,none,no change,1 vehicle,1995,Liability
7,5,3,Ford,Urban,2,1,1,Male,Married,71,Policy Holder,Sedan - Liability,Sport,40000 to 59000,0,8166,9,400,1,more than 30,more than 30,1,more than 7,over 65,No,No,External,more than 5,no change,1 vehicle,1995,Liability
11,4,6,Pontiac,Urban,2,8,2,Male,Married,41,Policy Holder,Sedan - All Perils,Sedan,20000 to 29000,1,8167,5,400,4,more than 30,more than 30,none,more than 7,36 to 40,No,No,External,none,no change,1 vehicle,1995,All Perils
8,4,5,Honda,Urban,1,9,5,Male,Single,33,Policy Holder,Sedan - Collision,Sedan,20000 to 29000,0,8168,10,400,1,more than 30,more than 30,1,6 years,31 to 35,No,No,External,none,no change,1 vehicle,1995,Collision
9,4,5,Pontiac,Urban,1,10,4,Male,Single,24,Third Party,Sedan - All Perils,Sedan,less than 20000,0,8169,8,400,4,more than 30,more than 30,1,4 years,26 to 30,No,No,External,more than 5,no change,1 vehicle,1995,All Perils
9,5,4,Pontiac,Urban,4,11,1,Male,Single,25,Policy Holder,Sedan - Liability,Sport,20000 to 29000,0,8170,5,400,3,more than 30,more than 30,2 to 4,5 years,26 to 30,No,No,External,none,4 to 8 years,2 vehicles,1995,Liability
11,2,5,Honda,Urban,4,12,2,Male,Married,39,Policy Holder,Sedan - Collision,Sedan,20000 to 29000,0,8171,15,400,2,more than 30,more than 30,none,7 years,36 to 40,No,No,External,none,no change,1 vehicle,1995,Collision
12,2,4,Toyota,Urban,5,12,4,Male,Single,27,Policy Holder,Sedan - Collision,Sedan,20000 to 29000,0,8172,7,400,3,more than 30,more than 30,1,6 years,31 to 35,No,No,External,3 to 5,no change,1 vehicle,1995,Collision
12,4,1,Toyota,Rural,3,4,4,Male,Married,38,Third Party,Sedan - All Perils,Sedan,20000 to 29000,0,8173,11,400,1,more than 30,more than 30,1,7 years,36 to 40,No,No,External,1 to 2,no change,1 vehicle,1995,All Perils
4,4,2,Toyota,Urban,2,5,4,Male,Married,73,Policy Holder,Sedan - All Perils,Sedan,more than 69000,0,8174,11,400,1,more than 30,more than 30,2 to 4,more than 7,over 65,No,No,External,more than 5,no change,1 vehicle,1995,All Perils
5,1,2,Pontiac,Urban,3,7,1,Male,Married,27,Policy Holder,Sedan - Liability,Sport,20000 to 29000,0,8175,3,400,4,more than 30,more than 30,more than 4,6 years,31 to 35,No,No,External,1 to 2,no change,1 vehicle,1995,Liability
7,1,5,Pontiac,Urban,1,9,1,Male,Married,37,Policy Holder,Sedan - Collision,Sedan,20000 to 29000,0,8176,1,400,3,more than 30,more than 30,1,7 years,36 to 40,No,No,External,more than 5,no change,1 vehicle,1995,Collision
9,4,5,Pontiac,Rural,2,11,4,Male,Married,29,Policy Holder,Sedan - Liability,Sport,20000 to 29000,0,8177,2,400,3,more than 30,more than 30,2 to 4,5 years,31 to 35,No,No,External,none,no change,1 vehicle,1995,Liability
11,1,1,Toyota,Rural,2,12,3,Male,Married,71,Policy Holder,Sedan - Collision,Sedan,20000 to 29000,0,8178,11,400,2,more than 30,more than 30,2 to 4,more than 7,over 65,No,No,External,1 to 2,no change,1 vehicle,1995,Collision
12,1,5,Toyota,Urban,2,12,1,Male,Married,32,Policy Holder,Sedan - Liability,Sport,20000 to 29000,0,8179,1,400,3,more than 30,more than 30,1,7 years,31 to 35,No,No,External,3 to 5,no change,1 vehicle,1995,Liability
12,2,7,Mazda,Urban,4,12,2,Male,Married,60,Policy Holder,Sedan - Liability,Sport,20000 to 29000,0,8180,16,400,3,more than 30,more than 30,more than 4,more than 7,51 to 65,No,No,External,more than 5,no change,1 vehicle,1995,Liability
12,1,4,Toyota,Urban,1,11,5,Male,Single,29,Third Party,Sedan - Collision,Sedan,20000 to 29000,0,8181,9,400,4,more than 30,more than 30,2 to 4,6 years,31 to 35,No,No,External,none,no change,1 vehicle,1995,Collision
11,1,5,Honda,Urban,3,11,1,Male,Married,49,Third Party,Sedan - All Perils,Sedan,30000 to 39000,0,8182,1,400,1,more than 30,more than 30,none,more than 7,41 to 50,No,No,External,1 to 2,no change,1 vehicle,1995,All Perils
11,1,3,Mazda,Urban,4,11,3,Male,Married,48,Policy Holder,Sedan - Liability,Sport,30000 to 39000,0,8183,10,400,2,more than 30,more than 30,more than 4,more than 7,41 to 50,No,No,External,more than 5,no change,1 vehicle,1995,Liability
10,4,5,Dodge,Urban,3,9,1,Male,Married,37,Policy Holder,Sedan - Collision,Sedan,30000 to 39000,0,8184,9,400,2,more than 30,more than 30,2 to 4,7 years,36 to 40,No,No,External,1 to 2,no change,1 vehicle,1995,Collision
9,2,1,Honda,Urban,5,8,2,Male,Married,41,Policy Holder,Sedan - Collision,Sedan,20000 to 29000,0,8185,9,700,3,more than 30,more than 30,2 to 4,7 years,36 to 40,No,No,External,more than 5,no change,1 vehicle,1995,Collision
8,4,5,Honda,Urban,4,7,4,Female,Married,50,Policy Holder,Sedan - Liability,Sport,20000 to 29000,0,8186,9,400,1,more than 30,more than 30,more than 4,7 years,41 to 50,No,No,External,1 to 2,no change,1 vehicle,1995,Liability
7,2,7,Pontiac,Urban,1,6,2,Male,Married,46,Policy Holder,Utility - All Perils,Utility,40000 to 59000,0,8187,6,400,1,more than 30,more than 30,2 to 4,more than 7,41 to 50,No,No,External,3 to 5,no change,1 vehicle,1995,All Perils
6,3,1,Honda,Urban,5,6,3,Male,Married,32,Policy Holder,Sedan - Liability,Sport,20000 to 29000,0,8188,9,400,4,more than 30,more than 30,2 to 4,6 years,31 to 35,No,No,External,1 to 2,no change,1 vehicle,1995,Liability
6,3,7,Mazda,Urban,1,5,4,Male,Married,26,Policy Holder,Sedan - Collision,Sedan,30000 to 39000,0,8189,11,400,1,more than 30,more than 30,none,7 years,31 to 35,No,No,External,none,no change,1 vehicle,1995,Collision
5,2,6,Honda,Urban,3,5,2,Male,Single,33,Policy Holder,Sedan - Liability,Sport,20000 to 29000,0,8190,7,400,1,more than 30,more than 30,more than 4,5 years,31 to 35,No,No,External,none,no change,1 vehicle,1995,Liability
5,1,5,Toyota,Urban,2,5,2,Female,Married,24,Policy Holder,Sedan - Collision,Sedan,20000 to 29000,0,8191,4,400,4,more than 30,more than 30,none,5 years,26 to 30,No,No,External,none,1 year,2 vehicles,1995,Collision
4,4,6,Mazda,Urban,1,1,3,Male,Single,42,Policy Holder,Sedan - Liability,Sport,20000 to 29000,0,8192,14,400,4,more than 30,more than 30,1,7 years,36 to 40,No,No,External,none,no change,1 vehicle,1995,Liability
1,2,2,Honda,Urban,2,1,2,Male,Married,59,Policy Holder,Sedan - Liability,Sport,30000 to 39000,0,8193,1,400,2,more than 30,more than 30,2 to 4,more than 7,51 to 65,No,No,External,1 to 2,no change,1 vehicle,1995,Liability
12,4,2,VW,Urban,3,12,1,Male,Single,43,Policy Holder,Sedan - All Perils,Sedan,more than 69000,0,8194,15,400,1,more than 30,more than 30,1,7 years,36 to 40,No,No,External,3 to 5,no change,1 vehicle,1995,All Perils
12,4,5,Honda,Urban,4,12,5,Male,Married,37,Third Party,Sedan - Liability,Sport,20000 to 29000,0,8195,6,400,1,more than 30,more than 30,2 to 4,6 years,36 to 40,No,No,External,3 to 5,no change,1 vehicle,1995,Liability
12,2,4,Honda,Urban,5,12,3,Male,Single,34,Policy Holder,Sedan - Liability,Sport,20000 to 29000,0,8196,11,400,1,more than 30,more than 30,2 to 4,5 years,31 to 35,No,No,External,none,no change,1 vehicle,1995,Liability
12,2,4,Pontiac,Urban,4,11,3,Male,Single,31,Third Party,Sedan - All Perils,Sedan,less than 20000,0,8197,11,400,4,more than 30,more than 30,none,5 years,31 to 35,No,No,External,more than 5,no change,1 vehicle,1995,All Perils
11,2,5,Pontiac,Urban,5,10,2,Male,Married,64,Policy Holder,Sedan - Liability,Sport,more than 69000,0,8198,1,400,3,more than 30,more than 30,2 to 4,more than 7,51 to 65,No,No,External,more than 5,no change,1 vehicle,1995,Liability
10,5,4,Pontiac,Rural,5,10,5,Male,Single,27,Third Party,Sedan - Collision,Sedan,more than 69000,0,8199,11,400,1,more than 30,more than 30,2 to 4,7 years,31 to 35,No,No,External,more than 5,no change,1 vehicle,1995,Collision
10,3,4,Pontiac,Rural,1,10,5,Male,Married,37,Policy Holder,Sedan - Liability,Sport,30000 to 39000,0,8200,13,400,4,more than 30,more than 30,2 to 4,6 years,36 to 40,No,No,External,more than 5,no change,1 vehicle,1995,Liability
10,2,1,Mazda,Urban,4,10,3,Female,Married,52,Third Party,Sedan - Liability,Sport,20000 to 29000,0,8201,4,400,1,more than 30,more than 30,2 to 4,more than 7,41 to 50,No,No,External,3 to 5,no change,3 to 4,1995,Liability
10,1,5,Toyota,Urban,2,10,2,Male,Single,31,Policy Holder,Sedan - Liability,Sport,20000 to 29000,0,8202,1,400,3,more than 30,more than 30,2 to 4,7 years,31 to 35,No,No,External,more than 5,no change,1 vehicle,1995,Liability
9,4,1,Honda,Urban,4,9,2,Female,Married,45,Third Party,Sedan - All Perils,Sedan,20000 to 29000,0,8203,3,400,1,more than 30,more than 30,1,5 years,36 to 40,No,No,External,none,no change,1 vehicle,1995,All Perils
9,2,2,Pontiac,Rural,5,9,3,Male,Married,47,Policy Holder,Sedan - Liability,Sport,20000 to 29000,0,8204,14,400,3,more than 30,more than 30,2 to 4,7 years,41 to 50,No,No,External,3 to 5,no change,1 vehicle,1995,Liability
8,5,5,Pontiac,Urban,3,8,5,Female,Married,75,Policy Holder,Sedan - All Perils,Sedan,20000 to 29000,0,8205,10,400,3,more than 30,more than 30,1,7 years,over 65,No,No,External,more than 5,no change,1 vehicle,1995,All Perils
8,3,1,VW,Urban,2,8,4,Male,Single,39,Policy Holder,Sedan - Collision,Sedan,30000 to 39000,0,8206,6,400,1,more than 30,more than 30,1,6 years,36 to 40,No,No,External,3 to 5,no change,1 vehicle,1995,Collision
8,3,2,Pontiac,Urban,2,10,3,Male,Married,49,Policy Holder,Sedan - Liability,Sport,20000 to 29000,0,8207,2,400,4,more than 30,more than 30,1,5 years,41 to 50,No,No,External,none,no change,1 vehicle,1995,Liability
6,3,2,Accura,Rural,3,6,1,Male,Married,68,Policy Holder,Sedan - All Perils,Sedan,more than 69000,0,8208,8,400,1,more than 30,more than 30,none,more than 7,over 65,No,No,External,none,no change,1 vehicle,1995,All Perils
5,5,1,Toyota,Urban,1,5,1,Male,Married,33,Third Party,Sedan - All Perils,Sedan,more than 69000,0,8209,5,400,1,more than 30,more than 30,2 to 4,6 years,31 to 35,No,No,External,more than 5,no change,1 vehicle,1995,All Perils
5,5,5,Toyota,Urban,5,5,5,Male,Married,26,Policy Holder,Sedan - Collision,Sedan,20000 to 29000,0,8210,15,400,4,more than 30,more than 30,2 to 4,6 years,31 to 35,No,No,External,3 to 5,no change,1 vehicle,1995,Collision
5,2,1,Honda,Urban,5,5,2,Male,Married,26,Policy Holder,Sedan - Collision,Sedan,30000 to 39000,0,8211,6,400,3,more than 30,more than 30,more than 4,6 years,31 to 35,No,No,External,1 to 2,no change,1 vehicle,1995,Collision
5,1,2,Toyota,Urban,4,9,1,Male,Married,55,Third Party,Sedan - Liability,Sport,20000 to 29000,0,8212,3,500,4,more than 30,more than 30,2 to 4,more than 7,41 to 50,No,No,Internal,more than 5,2 to 3 years,1 vehicle,1995,Liability
4,1,2,Pontiac,Urban,2,4,3,Male,Married,32,Policy Holder,Utility - All Perils,Utility,40000 to 59000,0,8213,15,400,2,more than 30,more than 30,more than 4,7 years,31 to 35,No,No,External,none,no change,1 vehicle,1995,All Perils
4,1,4,Honda,Urban,2,7,1,Male,Married,31,Policy Holder,Sedan - Collision,Sedan,20000 to 29000,0,8214,5,400,2,more than 30,more than 30,1,6 years,31 to 35,No,No,External,none,no change,1 vehicle,1995,Collision
9,4,3,Pontiac,Urban,3,12,2,Female,Married,30,Policy Holder,Sedan - All Perils,Sedan,20000 to 29000,0,8215,16,400,3,more than 30,more than 30,1,7 years,31 to 35,No,No,External,1 to 2,no change,1 vehicle,1995,All Perils
12,4,2,Pontiac,Urban,2,12,4,Male,Single,52,Policy Holder,Sedan - Collision,Sedan,30000 to 39000,0,8216,10,700,3,more than 30,more than 30,none,more than 7,41 to 50,No,No,External,1 to 2,no change,1 vehicle,1995,Collision
12,4,7,Pontiac,Urban,3,10,4,Male,Married,36,Policy Holder,Sedan - Liability,Sport,30000 to 39000,0,8217,10,400,2,more than 30,more than 30,more than 4,7 years,36 to 40,Yes,No,External,more than 5,no change,1 vehicle,1995,Liability
10,3,1,Pontiac,Urban,2,5,3,Female,Married,49,Policy Holder,Sedan - Liability,Sport,20000 to 29000,0,8218,4,400,4,more than 30,more than 30,1,7 years,41 to 50,No,No,External,3 to 5,no change,1 vehicle,1995,Liability
5,3,6,Honda,Rural,4,5,3,Male,Married,26,Third Party,Sedan - Liability,Sport,30000 to 39000,0,8219,1,400,2,more than 30,more than 30,more than 4,7 years,31 to 35,No,No,External,none,no change,1 vehicle,1995,Liability
5,2,3,VW,Urban,3,5,3,Male,Married,46,Policy Holder,Sedan - Collision,Sedan,30000 to 39000,0,8220,13,400,3,more than 30,more than 30,2 to 4,more than 7,41 to 50,No,No,External,more than 5,no change,1 vehicle,1995,Collision
5,2,7,VW,Urban,3,6,2,Male,Single,32,Third Party,Sedan - Collision,Sedan,30000 to 39000,0,8221,6,400,4,more than 30,more than 30,2 to 4,6 years,31 to 35,No,No,External,3 to 5,no change,1 vehicle,1995,Collision
6,1,3,Pontiac,Urban,3,5,2,Male,Married,41,Policy Holder,Sedan - Collision,Sedan,less than 20000,0,8222,8,400,3,none,more than 30,none,7 years,36 to 40,No,No,External,none,no change,1 vehicle,1995,Collision
5,3,3,Accura,Urban,5,6,3,Male,Married,37,Third Party,Sedan - Collision,Sedan,20000 to 29000,0,8223,7,400,3,more than 30,more than 30,1,7 years,36 to 40,No,No,External,3 to 5,no change,1 vehicle,1995,Collision
6,3,4,Pontiac,Urban,5,1,3,Male,Married,52,Third Party,Sedan - Collision,Sedan,20000 to 29000,0,8224,12,400,4,more than 30,more than 30,2 to 4,7 years,41 to 50,No,No,External,none,no change,1 vehicle,1995,Collision
1,2,4,Honda,Urban,1,6,4,Male,Single,0,Policy Holder,Sedan - Liability,Sport,more than 69000,0,8225,2,400,3,more than 30,more than 30,2 to 4,new,16 to 17,No,No,External,none,no change,1 vehicle,1995,Liability
5,3,3,Pontiac,Urban,5,5,2,Male,Married,27,Third Party,Sedan - Collision,Sedan,less than 20000,0,8226,3,400,2,more than 30,more than 30,none,6 years,31 to 35,No,No,External,more than 5,no change,1 vehicle,1995,Collision
5,1,3,Pontiac,Urban,4,8,3,Male,Married,37,Policy Holder,Sedan - Collision,Sedan,20000 to 29000,0,8227,11,400,4,more than 30,more than 30,1,7 years,36 to 40,No,No,External,3 to 5,no change,1 vehicle,1995,Collision
8,1,7,Toyota,Urban,1,7,1,Male,Married,55,Policy Holder,Sedan - Liability,Sport,30000 to 39000,0,8228,13,400,3,more than 30,more than 30,more than 4,more than 7,41 to 50,No,No,External,none,no change,1 vehicle,1995,Liability
7,4,4,Honda,Urban,5,10,4,Female,Single,29,Policy Holder,Sedan - Liability,Sport,20000 to 29000,0,8229,11,400,1,more than 30,more than 30,2 to 4,5 years,31 to 35,No,No,External,none,no change,1 vehicle,1995,Liability
10,1,4,Toyota,Urban,5,9,2,Female,Single,42,Policy Holder,Sedan - All Perils,Sedan,less than 20000,0,8230,3,400,4,more than 30,more than 30,1,7 years,36 to 40,No,No,External,1 to 2,no change,1 vehicle,1995,All Perils
9,3,2,Toyota,Urban,5,11,3,Female,Single,40,Third Party,Sedan - Collision,Sedan,20000 to 29000,0,8231,16,400,1,more than 30,more than 30,none,7 years,36 to 40,No,No,External,more than 5,no change,1 vehicle,1995,Collision
11,4,7,Honda,Urban,1,6,4,Male,Married,36,Policy Holder,Sedan - Liability,Sport,20000 to 29000,0,8232,13,400,1,more than 30,more than 30,2 to 4,6 years,36 to 40,No,No,External,3 to 5,no change,1 vehicle,1995,Liability
6,2,2,Pontiac,Rural,5,9,2,Male,Married,39,Policy Holder,Sedan - All Perils,Sedan,20000 to 29000,0,8233,12,400,2,more than 30,more than 30,1,7 years,36 to 40,No,No,External,3 to 5,4 to 8 years,2 vehicles,1995,All Perils
5,4,7,Toyota,Urban,4,9,4,Male,Married,60,Policy Holder,Sedan - Liability,Sport,30000 to 39000,0,8234,4,400,3,more than 30,more than 30,1,more than 7,51 to 65,No,No,External,none,no change,1 vehicle,1995,Liability
9,3,4,Pontiac,Urban,5,9,4,Male,Married,41,Policy Holder,Sedan - All Perils,Sedan,less than 20000,0,8235,4,400,4,more than 30,more than 30,1,6 years,36 to 40,No,No,External,more than 5,no change,1 vehicle,1995,All Perils
9,3,2,Mazda,Urban,1,10,3,Male,Married,28,Third Party,Sport - Collision,Sport,more than 69000,0,8236,2,400,1,more than 30,more than 30,none,5 years,31 to 35,No,No,External,3 to 5,no change,1 vehicle,1995,Collision
10,2,2,Ford,Urban,4,12,3,Male,Married,37,Third Party,Sedan - All Perils,Sedan,less than 20000,0,8237,14,400,4,more than 30,more than 30,none,6 years,36 to 40,No,No,External,none,no change,1 vehicle,1995,All Perils
12,3,1,Pontiac,Urban,3,12,4,Male,Married,72,Policy Holder,Sedan - Liability,Sport,less than 20000,0,8238,7,400,1,more than 30,more than 30,2 to 4,more than 7,over 65,No,No,External,more than 5,no change,1 vehicle,1995,Liability
12,3,1,Honda,Urban,2,1,3,Male,Married,40,Third Party,Sedan - Collision,Sedan,20000 to 29000,0,8239,6,400,3,more than 30,more than 30,none,more than 7,36 to 40,Yes,No,External,more than 5,no change,1 vehicle,1995,Collision
1,1,4,Pontiac,Rural,2,6,1,Male,Single,25,Third Party,Sedan - Collision,Sedan,20000 to 29000,0,8240,6,400,2,more than 30,more than 30,2 to 4,5 years,26 to 30,No,No,External,more than 5,no change,1 vehicle,1995,Collision
6,2,2,Toyota,Urban,2,1,3,Male,Married,52,Policy Holder,Sedan - Collision,Sedan,30000 to 39000,0,8241,5,400,3,more than 30,more than 30,1,more than 7,41 to 50,No,No,External,none,no change,1 vehicle,1995,Collision
1,2,5,Ford,Urban,3,8,2,Male,Married,47,Policy Holder,Sedan - Liability,Sport,30000 to 39000,0,8242,5,400,4,more than 30,more than 30,more than 4,more than 7,41 to 50,No,No,External,more than 5,no change,3 to 4,1995,Liability
8,1,3,Pontiac,Urban,4,9,4,Male,Married,39,Policy Holder,Sedan - All Perils,Sedan,20000 to 29000,0,8243,2,400,4,more than 30,more than 30,none,5 years,36 to 40,No,No,External,none,no change,1 vehicle,1995,All Perils
9,4,4,Honda,Urban,4,11,5,Male,Married,35,Third Party,Sedan - Collision,Sedan,20000 to 29000,0,8244,12,400,2,8 to 15,8 to 15,none,7 years,31 to 35,No,No,External,none,no change,1 vehicle,1995,Collision
11,3,3,Mazda,Urban,4,11,3,Male,Single,30,Policy Holder,Sedan - Liability,Sport,20000 to 29000,0,8245,11,400,3,more than 30,more than 30,1,6 years,31 to 35,No,No,External,1 to 2,no change,1 vehicle,1995,Liability
11,2,3,Mazda,Rural,1,5,2,Male,Married,44,Third Party,Sedan - Collision,Sedan,20000 to 29000,0,8246,12,400,4,more than 30,more than 30,2 to 4,7 years,36 to 40,No,No,External,none,no change,1 vehicle,1995,Collision
3,3,4,Mazda,Urban,1,1,4,Female,Single,30,Policy Holder,Sedan - Liability,Sport,20000 to 29000,0,8247,12,400,2,more than 30,more than 30,none,5 years,31 to 35,No,No,External,none,no change,1 vehicle,1995,Liability
12,5,1,Pontiac,Urban,5,3,1,Male,Married,43,Third Party,Sedan - All Perils,Sedan,20000 to 29000,0,8248,9,400,1,more than 30,more than 30,1,7 years,36 to 40,No,No,External,more than 5,no change,1 vehicle,1995,All Perils
3,4,2,Ford,Urban,2,3,5,Male,Married,44,Policy Holder,Sedan - Collision,Sedan,40000 to 59000,0,8249,1,400,2,more than 30,more than 30,2 to 4,7 years,36 to 40,No,No,External,none,no change,1 vehicle,1995,Collision
3,2,1,Pontiac,Urban,5,12,2,Male,Single,26,Policy Holder,Sedan - Collision,Sedan,less than 20000,0,8250,5,400,4,more than 30,more than 30,more than 4,6 years,31 to 35,No,No,External,3 to 5,no change,1 vehicle,1995,Collision
11,5,6,Chevrolet,Urban,5,6,1,Male,Single,40,Policy Holder,Sedan - All Perils,Sedan,60000 to 69000,1,8251,6,400,3,more than 30,more than 30,2 to 4,6 years,36 to 40,No,No,External,none,no change,1 vehicle,1995,All Perils
3,4,1,Accura,Urban,2,12,1,Male,Married,32,Policy Holder,Sedan - All Perils,Sedan,30000 to 39000,0,8252,12,400,4,more than 30,more than 30,2 to 4,6 years,31 to 35,No,No,External,1 to 2,no change,1 vehicle,1995,All Perils
11,5,6,Ford,Rural,1,12,2,Male,Single,37,Policy Holder,Utility - All Perils,Utility,more than 69000,1,8253,14,400,4,more than 30,more than 30,1,more than 7,36 to 40,No,No,External,more than 5,no change,1 vehicle,1995,All Perils
12,3,6,Pontiac,Rural,1,4,3,Female,Married,53,Policy Holder,Sedan - Liability,Sport,20000 to 29000,0,8254,12,400,1,more than 30,more than 30,more than 4,more than 7,41 to 50,No,No,External,none,4 to 8 years,2 vehicles,1995,Liability
4,1,3,Saturn,Urban,2,7,1,Male,Married,55,Third Party,Sedan - Liability,Sport,40000 to 59000,0,8255,10,400,4,more than 30,more than 30,2 to 4,7 years,41 to 50,No,No,External,none,no change,1 vehicle,1995,Liability
7,2,1,Toyota,Urban,2,9,3,Male,Married,61,Third Party,Sedan - All Perils,Sedan,less than 20000,0,8256,6,400,2,more than 30,more than 30,none,more than 7,51 to 65,No,No,External,none,no change,1 vehicle,1995,All Perils
8,5,6,Toyota,Urban,3,7,3,Male,Married,28,Third Party,Sedan - Collision,Sedan,30000 to 39000,0,8257,16,400,1,more than 30,more than 30,1,7 years,31 to 35,No,No,External,none,no change,1 vehicle,1995,Collision
7,4,2,Toyota,Urban,3,11,4,Male,Married,26,Policy Holder,Sedan - All Perils,Sedan,20000 to 29000,0,8258,11,400,3,more than 30,more than 30,none,6 years,31 to 35,No,No,External,none,no change,1 vehicle,1995,All Perils
11,3,7,Toyota,Rural,4,12,3,Male,Married,27,Third Party,Sedan - Collision,Sedan,less than 20000,0,8259,7,400,1,more than 30,more than 30,none,7 years,31 to 35,No,No,External,more than 5,no change,1 vehicle,1995,Collision
12,4,6,VW,Urban,2,12,5,Male,Single,35,Policy Holder,Sedan - Liability,Sport,30000 to 39000,0,8260,6,400,4,more than 30,more than 30,none,5 years,31 to 35,No,No,External,none,no change,1 vehicle,1995,Liability
12,4,4,Pontiac,Urban,3,12,4,Male,Married,46,Third Party,Sedan - Collision,Sedan,20000 to 29000,0,8261,10,400,4,more than 30,more than 30,none,7 years,41 to 50,No,No,External,none,no change,1 vehicle,1995,Collision
12,4,2,Ford,Urban,2,12,4,Male,Married,30,Third Party,Sedan - All Perils,Sedan,40000 to 59000,0,8262,7,400,3,more than 30,more than 30,more than 4,7 years,31 to 35,No,No,External,none,no change,1 vehicle,1995,All Perils
12,2,1,Toyota,Urban,4,10,4,Male,Single,19,Policy Holder,Sedan - Collision,Sedan,20000 to 29000,0,8263,11,400,3,more than 30,more than 30,1,2 years,21 to 25,No,No,External,none,2 to 3 years,1 vehicle,1995,Collision
10,4,7,Mazda,Urban,3,4,4,Male,Married,39,Third Party,Sedan - Collision,Sedan,30000 to 39000,0,8264,3,400,3,more than 30,more than 30,1,7 years,36 to 40,No,No,External,1 to 2,no change,1 vehicle,1995,Collision
4,3,2,Honda,Urban,3,4,4,Male,Single,34,Policy Holder,Sedan - All Perils,Sedan,20000 to 29000,0,8265,8,400,3,more than 30,more than 30,2 to 4,5 years,31 to 35,No,No,External,1 to 2,no change,1 vehicle,1995,All Perils
3,3,7,Ford,Urban,1,5,1,Male,Married,47,Third Party,Sedan - All Perils,Sedan,20000 to 29000,0,8266,13,400,3,more than 30,more than 30,2 to 4,more than 7,41 to 50,No,No,External,1 to 2,no change,1 vehicle,1995,All Perils
5,4,7,Ford,Rural,2,11,4,Male,Married,48,Policy Holder,Sedan - Collision,Sedan,40000 to 59000,0,8267,4,400,4,more than 30,more than 30,1,more than 7,41 to 50,No,No,External,more than 5,no change,1 vehicle,1995,Collision
11,1,2,Chevrolet,Urban,3,7,3,Male,Married,37,Policy Holder,Sedan - Liability,Sport,30000 to 39000,0,8268,16,400,2,more than 30,more than 30,2 to 4,7 years,36 to 40,No,No,External,more than 5,no change,1 vehicle,1995,Liability
7,3,1,Honda,Urban,4,12,3,Male,Married,35,Policy Holder,Sedan - Collision,Sedan,20000 to 29000,0,8269,15,400,3,more than 30,more than 30,more than 4,6 years,31 to 35,No,No,External,1 to 2,no change,1 vehicle,1995,Collision
12,2,1,Toyota,Urban,2,9,5,Male,Married,35,Policy Holder,Sedan - Collision,Sedan,more than 69000,0,8270,2,400,4,more than 30,more than 30,2 to 4,7 years,31 to 35,Yes,No,Internal,none,no change,1 vehicle,1995,Collision
9,4,1,Pontiac,Rural,4,9,4,Male,Married,64,Third Party,Sedan - Liability,Sport,40000 to 59000,0,8271,5,400,3,more than 30,more than 30,more than 4,more than 7,51 to 65,No,No,External,more than 5,no change,1 vehicle,1995,Liability
9,1,7,Chevrolet,Rural,3,4,3,Male,Single,56,Policy Holder,Utility - Collision,Utility,more than 69000,0,8272,11,400,4,more than 30,more than 30,2 to 4,more than 7,51 to 65,No,No,External,none,no change,1 vehicle,1995,Collision
4,2,5,Honda,Urban,2,3,2,Male,Married,27,Policy Holder,Sedan - All Perils,Sedan,more than 69000,0,8273,13,400,2,more than 30,more than 30,1,7 years,31 to 35,No,No,External,3 to 5,no change,1 vehicle,1995,All Perils
3,1,1,Honda,Urban,2,9,2,Male,Single,0,Policy Holder,Sedan - Collision,Sedan,more than 69000,0,8274,14,400,2,more than 30,more than 30,more than 4,new,16 to 17,No,No,External,none,no change,1 vehicle,1995,Collision
9,1,4,VW,Urban,1,7,1,Male,Married,34,Policy Holder,Sedan - Collision,Sedan,40000 to 59000,0,8275,13,400,2,more than 30,more than 30,none,7 years,31 to 35,No,No,External,more than 5,4 to 8 years,2 vehicles,1995,Collision
7,3,3,Ford,Urban,3,7,3,Male,Married,39,Third Party,Sedan - All Perils,Sedan,20000 to 29000,0,8276,11,400,4,more than 30,more than 30,2 to 4,7 years,36 to 40,No,No,External,none,no change,1 vehicle,1995,All Perils
7,1,2,Honda,Urban,2,9,1,Male,Married,55,Policy Holder,Sedan - Collision,Sedan,20000 to 29000,0,8277,2,400,1,more than 30,more than 30,1,more than 7,41 to 50,No,No,External,none,no change,1 vehicle,1995,Collision
9,3,4,Saab,Urban,1,9,3,Male,Single,27,Policy Holder,Sedan - Liability,Sport,20000 to 29000,0,8278,14,700,1,more than 30,more than 30,more than 4,7 years,31 to 35,No,No,External,more than 5,no change,1 vehicle,1995,Liability
9,3,6,Toyota,Rural,1,9,3,Male,Single,30,Policy Holder,Sedan - Collision,Sedan,20000 to 29000,0,8279,9,400,3,more than 30,more than 30,none,6 years,31 to 35,No,No,External,3 to 5,no change,1 vehicle,1995,Collision
9,2,3,Toyota,Urban,1,6,2,Male,Married,70,Policy Holder,Sedan - All Perils,Sedan,less than 20000,0,8280,5,400,3,more than 30,more than 30,none,more than 7,over 65,No,No,External,1 to 2,no change,1 vehicle,1995,All Perils
6,1,2,Honda,Rural,4,6,1,Male,Married,62,Policy Holder,Sedan - Liability,Sport,20000 to 29000,0,8281,7,400,1,more than 30,more than 30,more than 4,more than 7,51 to 65,Yes,No,External,more than 5,no change,1 vehicle,1995,Liability
5,5,2,Ford,Urban,4,8,1,Male,Married,47,Policy Holder,Sedan - Collision,Sedan,30000 to 39000,0,8282,12,400,4,more than 30,more than 30,2 to 4,more than 7,41 to 50,No,No,External,none,1 year,1 vehicle,1995,Collision
7,4,1,Pontiac,Urban,3,9,3,Female,Married,63,Policy Holder,Sedan - Liability,Sport,more than 69000,0,8283,8,400,4,more than 30,more than 30,more than 4,more than 7,51 to 65,No,No,External,more than 5,no change,3 to 4,1995,Liability
9,4,2,Toyota,Urban,4,10,5,Male,Married,63,Policy Holder,Sedan - Liability,Sport,30000 to 39000,0,8284,6,400,3,more than 30,more than 30,none,more than 7,51 to 65,No,No,External,3 to 5,no change,1 vehicle,1995,Liability
10,2,4,Mazda,Urban,5,12,2,Male,Married,37,Policy Holder,Sedan - Liability,Sport,30000 to 39000,0,8285,12,400,3,more than 30,more than 30,none,7 years,36 to 40,No,No,External,3 to 5,no change,1 vehicle,1995,Liability
12,3,6,Chevrolet,Rural,3,1,3,Male,Single,34,Policy Holder,Sedan - Liability,Sport,20000 to 29000,0,8286,12,400,4,more than 30,more than 30,more than 4,6 years,31 to 35,No,No,External,more than 5,no change,1 vehicle,1995,Liability
12,5,4,Chevrolet,Urban,2,1,1,Male,Single,31,Policy Holder,Sedan - All Perils,Sedan,more than 69000,0,8287,12,400,4,more than 30,more than 30,more than 4,6 years,31 to 35,Yes,No,External,none,no change,1 vehicle,1995,All Perils
1,1,3,Toyota,Urban,4,5,2,Male,Married,36,Policy Holder,Sedan - Collision,Sedan,20000 to 29000,0,8288,1,400,1,more than 30,more than 30,none,7 years,36 to 40,No,No,External,none,no change,1 vehicle,1995,Collision
5,1,2,Pontiac,Urban,1,12,2,Male,Married,27,Policy Holder,Sedan - Collision,Sedan,30000 to 39000,0,8289,11,400,1,more than 30,more than 30,2 to 4,7 years,31 to 35,No,No,External,none,no change,1 vehicle,1995,Collision
11,5,7,Mazda,Urban,1,5,2,Male,Married,31,Policy Holder,Sedan - Collision,Sedan,30000 to 39000,1,8290,14,400,4,more than 30,more than 30,2 to 4,7 years,31 to 35,No,No,External,none,no change,1 vehicle,1995,Collision
5,3,1,Honda,Urban,2,5,3,Male,Married,26,Policy Holder,Sedan - Liability,Sport,30000 to 39000,0,8291,4,400,1,more than 30,more than 30,more than 4,7 years,31 to 35,No,No,External,more than 5,no change,1 vehicle,1995,Liability
5,3,3,Mazda,Urban,3,5,3,Female,Married,43,Policy Holder,Sedan - Collision,Sedan,30000 to 39000,0,8292,5,400,1,more than 30,more than 30,none,7 years,36 to 40,No,No,External,1 to 2,no change,1 vehicle,1995,Collision
5,3,6,Honda,Urban,1,5,3,Male,Married,39,Policy Holder,Sedan - All Perils,Sedan,20000 to 29000,0,8293,3,400,4,more than 30,more than 30,none,more than 7,36 to 40,No,No,External,more than 5,no change,1 vehicle,1995,All Perils
5,3,5,Honda,Urban,2,9,4,Male,Married,39,Policy Holder,Sedan - Liability,Sport,20000 to 29000,0,8294,1,400,2,more than 30,more than 30,1,7 years,36 to 40,No,No,External,3 to 5,no change,1 vehicle,1995,Liability
9,3,5,Honda,Urban,2,9,3,Male,Single,23,Third Party,Sedan - Collision,Sedan,20000 to 29000,0,8295,6,400,4,more than 30,more than 30,2 to 4,6 years,26 to 30,Yes,No,External,more than 5,no change,1 vehicle,1995,Collision
9,3,2,Pontiac,Urban,3,9,3,Male,Married,51,Third Party,Sedan - All Perils,Sedan,20000 to 29000,0,8296,4,400,2,more than 30,more than 30,2 to 4,more than 7,41 to 50,Yes,No,External,1 to 2,4 to 8 years,2 vehicles,1995,All Perils
9,3,3,Mazda,Urban,1,9,3,Female,Married,36,Policy Holder,Sedan - Liability,Sport,20000 to 29000,0,8297,11,400,2,more than 30,more than 30,2 to 4,7 years,36 to 40,No,No,External,none,no change,1 vehicle,1995,Liability
9,3,5,Mazda,Urban,5,12,4,Male,Married,53,Policy Holder,Sedan - Liability,Sport,20000 to 29000,0,8298,1,400,3,more than 30,more than 30,none,7 years,41 to 50,No,No,External,none,no change,1 vehicle,1995,Liability
12,3,1,Mazda,Urban,3,12,3,Male,Married,65,Policy Holder,Sedan - Collision,Sedan,20000 to 29000,0,8299,6,400,3,more than 30,more than 30,none,more than 7,51 to 65,No,No,External,more than 5,no change,1 vehicle,1995,Collision
12,4,3,Chevrolet,Urban,5,12,4,Male,Married,21,Policy Holder,Sedan - Collision,Sedan,20000 to 29000,0,8300,12,400,3,more than 30,more than 30,none,4 years,26 to 30,No,No,External,none,no change,1 vehicle,1995,Collision
12,4,3,Honda,Urban,5,12,5,Male,Married,78,Policy Holder,Sedan - Liability,Sport,20000 to 29000,0,8301,4,400,4,more than 30,more than 30,2 to 4,more than 7,over 65,No,No,External,none,no change,1 vehicle,1995,Liability
12,4,5,Mazda,Urban,2,11,5,Male,Married,50,Third Party,Sedan - Liability,Sport,20000 to 29000,0,8302,8,400,1,more than 30,more than 30,1,more than 7,41 to 50,No,No,External,3 to 5,no change,1 vehicle,1995,Liability
11,4,2,VW,Urban,2,10,5,Male,Married,47,Policy Holder,Sedan - All Perils,Sedan,30000 to 39000,0,8303,10,400,4,more than 30,more than 30,none,7 years,41 to 50,No,No,External,none,no change,1 vehicle,1995,All Perils
10,2,6,VW,Urban,4,10,2,Male,Married,55,Policy Holder,Sedan - Collision,Sedan,more than 69000,0,8304,9,400,2,more than 30,more than 30,2 to 4,more than 7,41 to 50,No,No,External,more than 5,no change,1 vehicle,1995,Collision
9,3,2,Accura,Rural,3,6,1,Male,Single,33,Policy Holder,Utility - All Perils,Utility,more than 69000,0,8305,6,400,2,more than 30,more than 30,none,7 years,31 to 35,No,No,External,more than 5,no change,1 vehicle,1995,All Perils
6,1,5,Toyota,Urban,1,5,2,Male,Single,44,Policy Holder,Sedan - Liability,Sport,more than 69000,0,8306,14,400,1,more than 30,more than 30,2 to 4,7 years,36 to 40,No,No,External,more than 5,no change,1 vehicle,1995,Liability
5,3,1,Pontiac,Urban,1,5,4,Female,Single,32,Policy Holder,Sedan - Liability,Sport,20000 to 29000,0,8307,5,400,4,more than 30,more than 30,none,5 years,31 to 35,No,No,External,none,no change,1 vehicle,1995,Liability
5,3,4,Chevrolet,Urban,5,5,3,Male,Single,30,Policy Holder,Utility - All Perils,Utility,more than 69000,0,8308,7,400,4,more than 30,more than 30,more than 4,7 years,31 to 35,No,No,External,3 to 5,no change,1 vehicle,1995,All Perils
4,3,7,Honda,Urban,2,4,4,Male,Married,36,Policy Holder,Sedan - Collision,Sedan,30000 to 39000,0,8309,8,700,4,more than 30,more than 30,none,more than 7,36 to 40,Yes,No,External,none,no change,1 vehicle,1995,Collision
3,4,3,Toyota,Urban,3,11,1,Male,Single,41,Policy Holder,Sedan - Liability,Sport,20000 to 29000,0,8310,4,400,1,more than 30,more than 30,none,7 years,36 to 40,No,No,External,none,no change,1 vehicle,1995,Liability
11,5,4,Pontiac,Urban,1,12,5,Male,Married,45,Policy Holder,Sedan - Collision,Sedan,20000 to 29000,1,8311,15,400,2,more than 30,more than 30,1,4 years,36 to 40,No,No,External,3 to 5,no change,1 vehicle,1995,Collision
12,3,3,Pontiac,Urban,1,11,3,Male,Single,28,Policy Holder,Sedan - Collision,Sedan,30000 to 39000,0,8312,4,400,4,more than 30,more than 30,2 to 4,6 years,31 to 35,No,No,External,none,no change,1 vehicle,1995,Collision
11,4,7,Toyota,Urban,1,11,5,Male,Married,52,Policy Holder,Sedan - Collision,Sedan,20000 to 29000,0,8313,15,400,3,more than 30,more than 30,2 to 4,more than 7,41 to 50,No,No,External,none,no change,1 vehicle,1995,Collision
11,2,1,Pontiac,Urban,4,11,3,Male,Married,35,Third Party,Sedan - All Perils,Sedan,20000 to 29000,1,8314,11,500,4,more than 30,more than 30,none,6 years,31 to 35,No,No,External,none,2 to 3 years,1 vehicle,1995,All Perils
11,2,1,Toyota,Urban,1,10,4,Male,Married,50,Policy Holder,Sedan - All Perils,Sedan,20000 to 29000,0,8315,13,400,4,more than 30,more than 30,1,7 years,41 to 50,No,No,External,more than 5,no change,1 vehicle,1995,All Perils
10,2,6,Pontiac,Urban,5,9,2,Male,Married,36,Policy Holder,Sedan - Collision,Sedan,more than 69000,0,8316,11,400,2,more than 30,more than 30,2 to 4,7 years,36 to 40,No,No,External,more than 5,no change,1 vehicle,1995,Collision
9,2,1,Mazda,Urban,5,8,5,Male,Single,27,Policy Holder,Sedan - Collision,Sedan,20000 to 29000,0,8317,15,400,4,more than 30,more than 30,2 to 4,6 years,31 to 35,No,No,External,more than 5,4 to 8 years,2 vehicles,1995,Collision
8,1,3,Pontiac,Urban,5,12,2,Male,Single,28,Policy Holder,Sedan - Liability,Sport,more than 69000,0,8318,14,400,4,more than 30,more than 30,2 to 4,7 years,31 to 35,No,No,External,more than 5,no change,1 vehicle,1995,Liability
11,5,2,Toyota,Urban,2,5,1,Male,Married,38,Third Party,Sedan - All Perils,Sedan,20000 to 29000,0,8319,8,400,1,more than 30,more than 30,1,more than 7,36 to 40,No,No,External,1 to 2,no change,1 vehicle,1995,All Perils
5,2,4,Honda,Urban,1,12,2,Male,Married,36,Policy Holder,Sedan - Collision,Sedan,20000 to 29000,0,8320,7,400,3,more than 30,more than 30,1,7 years,36 to 40,No,No,External,none,no change,1 vehicle,1995,Collision
12,1,5,Pontiac,Urban,1,4,2,Male,Married,48,Third Party,Sedan - All Perils,Sedan,20000 to 29000,0,8321,1,400,1,more than 30,more than 30,more than 4,more than 7,41 to 50,No,No,External,3 to 5,no change,1 vehicle,1995,All Perils
4,3,4,Pontiac,Urban,2,10,3,Female,Married,50,Third Party,Sedan - Collision,Sedan,20000 to 29000,0,8322,10,400,3,more than 30,more than 30,none,6 years,41 to 50,No,No,External,none,no change,1 vehicle,1995,Collision
9,5,3,Mazda,Urban,1,8,1,Male,Married,42,Policy Holder,Sedan - Collision,Sedan,20000 to 29000,0,8323,16,400,3,more than 30,more than 30,none,7 years,36 to 40,No,No,External,1 to 2,no change,1 vehicle,1995,Collision
7,2,1,Pontiac,Urban,1,9,2,Male,Single,34,Third Party,Sedan - All Perils,Sedan,30000 to 39000,0,8324,7,400,2,more than 30,more than 30,none,6 years,31 to 35,No,No,External,none,no change,3 to 4,1995,All Perils
8,2,7,Accura,Urban,1,10,3,Male,Married,60,Policy Holder,Sedan - All Perils,Sedan,30000 to 39000,0,8325,4,400,2,more than 30,more than 30,more than 4,more than 7,51 to 65,No,No,External,1 to 2,no change,1 vehicle,1995,All Perils
10,1,1,Pontiac,Urban,2,10,1,Male,Married,23,Policy Holder,Sedan - Collision,Sedan,20000 to 29000,0,8326,5,400,3,more than 30,more than 30,2 to 4,5 years,26 to 30,No,No,External,more than 5,no change,1 vehicle,1995,Collision
10,1,3,Honda,Urban,5,9,1,Male,Single,26,Third Party,Sedan - Liability,Sport,30000 to 39000,0,8327,14,400,2,more than 30,more than 30,more than 4,6 years,31 to 35,No,No,External,more than 5,no change,1 vehicle,1995,Liability
7,3,5,Pontiac,Urban,5,10,1,Male,Married,43,Policy Holder,Sedan - All Perils,Sedan,20000 to 29000,0,8328,11,400,3,more than 30,more than 30,none,7 years,36 to 40,No,No,External,none,no change,1 vehicle,1995,All Perils
10,1,7,Honda,Urban,5,9,1,Male,Married,50,Policy Holder,Sedan - Collision,Sedan,30000 to 39000,0,8329,3,400,3,more than 30,more than 30,2 to 4,more than 7,41 to 50,No,No,External,none,no change,1 vehicle,1995,Collision
7,2,5,Accura,Urban,5,7,5,Male,Married,48,Policy Holder,Utility - All Perils,Utility,more than 69000,0,8330,6,400,2,more than 30,more than 30,none,6 years,41 to 50,No,No,External,none,no change,1 vehicle,1995,All Perils
7,1,2,Honda,Urban,2,4,2,Male,Married,52,Third Party,Sedan - Liability,Sport,20000 to 29000,0,8331,10,400,2,more than 30,more than 30,1,more than 7,41 to 50,No,No,External,none,no change,1 vehicle,1995,Liability
4,3,4,Toyota,Rural,2,11,4,Male,Married,27,Third Party,Sedan - All Perils,Sedan,less than 20000,0,8332,3,400,3,more than 30,more than 30,none,5 years,31 to 35,No,No,External,1 to 2,no change,1 vehicle,1995,All Perils
11,4,4,Pontiac,Urban,1,12,5,Male,Single,26,Policy Holder,Sedan - Liability,Sport,20000 to 29000,0,8333,5,400,4,more than 30,more than 30,1,7 years,31 to 35,No,No,External,more than 5,no change,1 vehicle,1995,Liability
12,1,4,Toyota,Urban,5,12,4,Female,Married,49,Third Party,Sedan - Collision,Sedan,30000 to 39000,0,8334,10,400,2,more than 30,more than 30,2 to 4,6 years,41 to 50,No,No,External,3 to 5,no change,1 vehicle,1995,Collision
12,1,5,Toyota,Urban,5,9,1,Male,Married,44,Policy Holder,Sedan - Liability,Sport,more than 69000,1,8335,11,400,2,more than 30,more than 30,2 to 4,7 years,36 to 40,No,No,External,3 to 5,no change,1 vehicle,1995,Liability
8,4,5,Saturn,Urban,2,10,5,Male,Married,75,Policy Holder,Sedan - All Perils,Sedan,60000 to 69000,0,8336,1,400,2,more than 30,more than 30,1,more than 7,over 65,No,No,External,none,no change,1 vehicle,1995,All Perils
7,4,6,Toyota,Urban,2,10,1,Male,Married,61,Policy Holder,Sedan - All Perils,Sedan,20000 to 29000,0,8337,9,400,4,more than 30,more than 30,1,7 years,51 to 65,No,No,External,none,no change,1 vehicle,1995,All Perils
7,3,1,VW,Urban,1,1,1,Male,Married,36,Policy Holder,Sedan - All Perils,Sedan,more than 69000,0,8338,7,400,1,more than 30,more than 30,2 to 4,7 years,36 to 40,Yes,No,External,more than 5,4 to 8 years,2 vehicles,1995,All Perils
12,3,2,Honda,Urban,3,3,1,Male,Single,24,Policy Holder,Sedan - All Perils,Sedan,30000 to 39000,0,8339,4,400,1,more than 30,more than 30,2 to 4,4 years,26 to 30,No,No,External,none,no change,1 vehicle,1995,All Perils
2,4,6,Honda,Urban,2,5,1,Male,Married,43,Third Party,Sedan - Collision,Sedan,20000 to 29000,0,8340,14,700,4,more than 30,more than 30,1,more than 7,36 to 40,No,No,External,more than 5,no change,1 vehicle,1995,Collision
4,4,1,Toyota,Urban,4,6,4,Male,Married,52,Third Party,Sedan - All Perils,Sedan,20000 to 29000,0,8341,6,400,4,more than 30,more than 30,none,6 years,41 to 50,No,No,External,more than 5,no change,1 vehicle,1995,All Perils
5,5,4,Pontiac,Urban,2,9,3,Female,Married,42,Policy Holder,Sedan - Collision,Sedan,20000 to 29000,0,8342,15,400,2,more than 30,more than 30,none,7 years,36 to 40,No,No,External,none,no change,1 vehicle,1995,Collision
8,4,5,Pontiac,Urban,1,8,4,Female,Married,60,Third Party,Sedan - Liability,Sport,20000 to 29000,0,8343,10,400,1,more than 30,more than 30,more than 4,more than 7,51 to 65,No,No,External,none,no change,1 vehicle,1995,Liability
8,3,2,Mazda,Urban,4,8,4,Male,Married,34,Policy Holder,Sedan - Collision,Sedan,20000 to 29000,0,8344,10,400,2,more than 30,more than 30,none,5 years,31 to 35,No,No,External,none,no change,1 vehicle,1995,Collision
8,3,6,Pontiac,Urban,1,9,3,Male,Married,35,Policy Holder,Sedan - All Perils,Sedan,20000 to 29000,0,8345,15,400,2,more than 30,more than 30,1,7 years,31 to 35,No,No,External,none,no change,1 vehicle,1995,All Perils
9,4,2,Honda,Urban,3,10,4,Female,Single,22,Policy Holder,Sedan - Liability,Sport,20000 to 29000,0,8346,10,400,2,more than 30,more than 30,2 to 4,6 years,26 to 30,No,No,External,1 to 2,no change,1 vehicle,1995,Liability
10,3,3,Toyota,Urban,3,12,3,Male,Married,60,Policy Holder,Sedan - All Perils,Sedan,more than 69000,0,8347,12,400,4,more than 30,more than 30,1,more than 7,51 to 65,No,No,External,more than 5,no change,1 vehicle,1995,All Perils
11,5,4,Toyota,Urban,4,11,3,Female,Widow,34,Third Party,Sedan - Collision,Sedan,20000 to 29000,0,8348,3,400,3,more than 30,more than 30,2 to 4,4 years,31 to 35,No,No,External,none,no change,1 vehicle,1995,Collision
11,2,5,Dodge,Urban,5,12,3,Male,Married,79,Policy Holder,Sedan - All Perils,Sedan,20000 to 29000,0,8349,3,400,1,more than 30,more than 30,1,more than 7,over 65,No,No,External,none,no change,1 vehicle,1995,All Perils
12,2,2,Pontiac,Rural,1,12,3,Male,Married,70,Policy Holder,Sedan - All Perils,Sedan,20000 to 29000,0,8350,13,400,1,more than 30,more than 30,1,more than 7,over 65,No,No,External,none,no change,1 vehicle,1995,All Perils
12,1,5,Toyota,Urban,5,5,2,Male,Married,51,Policy Holder,Sedan - Liability,Sport,30000 to 39000,0,8351,16,400,4,more than 30,more than 30,2 to 4,more than 7,41 to 50,No,No,External,3 to 5,no change,1 vehicle,1995,Liability
5,1,5,Honda,Urban,5,12,3,Male,Married,32,Policy Holder,Sedan - Collision,Sedan,20000 to 29000,0,8352,15,400,2,more than 30,more than 30,more than 4,5 years,31 to 35,No,No,External,3 to 5,no change,1 vehicle,1995,Collision
12,1,6,Honda,Urban,1,9,3,Female,Married,41,Policy Holder,Sedan - Collision,Sedan,20000 to 29000,1,8353,11,400,3,more than 30,more than 30,2 to 4,7 years,36 to 40,No,No,External,more than 5,no change,1 vehicle,1995,Collision
9,1,1,Pontiac,Urban,5,11,1,Male,Single,59,Policy Holder,Sport - All Perils,Sport,20000 to 29000,0,8354,10,400,2,more than 30,more than 30,2 to 4,more than 7,51 to 65,No,No,External,more than 5,no change,1 vehicle,1995,All Perils
10,5,3,Mazda,Urban,4,11,1,Female,Married,29,Policy Holder,Sedan - Liability,Sport,20000 to 29000,0,8355,1,400,1,more than 30,more than 30,2 to 4,7 years,31 to 35,No,No,External,none,no change,1 vehicle,1995,Liability
11,1,4,Honda,Urban,1,7,1,Female,Married,28,Policy Holder,Sedan - Liability,Sport,20000 to 29000,0,8356,9,400,1,more than 30,more than 30,2 to 4,2 years,31 to 35,No,No,External,more than 5,no change,1 vehicle,1995,Liability
7,3,3,Pontiac,Urban,3,7,4,Male,Married,55,Policy Holder,Sedan - Liability,Sport,40000 to 59000,0,8357,2,400,1,more than 30,more than 30,1,more than 7,41 to 50,No,No,External,none,no change,1 vehicle,1995,Liability
7,1,6,Mazda,Urban,6,12,2,Male,Married,45,Policy Holder,Sedan - Collision,Sedan,30000 to 39000,0,8358,1,400,3,more than 30,more than 30,none,7 years,36 to 40,No,No,External,none,no change,1 vehicle,1995,Collision
12,1,5,Toyota,Urban,3,4,3,Male,Married,52,Third Party,Sedan - Collision,Sedan,20000 to 29000,0,8359,5,400,3,more than 30,more than 30,1,more than 7,41 to 50,No,No,External,1 to 2,4 to 8 years,2 vehicles,1995,Collision
4,4,3,Toyota,Urban,4,11,4,Male,Married,37,Third Party,Sedan - Collision,Sedan,20000 to 29000,0,8360,7,400,2,more than 30,more than 30,1,6 years,36 to 40,No,No,External,1 to 2,no change,1 vehicle,1995,Collision
11,1,5,Accura,Urban,5,11,1,Male,Married,50,Policy Holder,Sedan - Collision,Sedan,20000 to 29000,0,8361,7,400,1,more than 30,more than 30,none,more than 7,41 to 50,No,No,External,none,no change,1 vehicle,1995,Collision
10,5,6,Pontiac,Urban,1,12,4,Female,Married,44,Policy Holder,Sedan - All Perils,Sedan,30000 to 39000,0,8362,2,400,2,more than 30,more than 30,none,7 years,36 to 40,No,No,External,1 to 2,no change,1 vehicle,1995,All Perils
12,1,2,Toyota,Urban,3,8,2,Male,Married,40,Policy Holder,Sedan - All Perils,Sedan,20000 to 29000,1,8363,14,400,3,more than 30,more than 30,none,6 years,36 to 40,No,No,External,none,no change,1 vehicle,1995,All Perils
8,5,6,Pontiac,Urban,1,8,5,Male,Married,47,Policy Holder,Sedan - Collision,Sedan,20000 to 29000,0,8364,15,400,3,more than 30,more than 30,2 to 4,6 years,41 to 50,No,No,External,more than 5,no change,1 vehicle,1995,Collision
8,2,2,Toyota,Urban,3,8,4,Male,Married,37,Third Party,Sedan - Collision,Sedan,20000 to 29000,1,8365,13,500,3,more than 30,more than 30,1,7 years,36 to 40,No,No,External,none,2 to 3 years,3 to 4,1995,Collision
8,1,7,Pontiac,Urban,4,12,1,Male,Married,59,Policy Holder,Sedan - All Perils,Sedan,less than 20000,0,8366,11,400,3,more than 30,more than 30,none,more than 7,51 to 65,No,No,External,none,no change,1 vehicle,1995,All Perils
12,1,3,Chevrolet,Urban,3,5,3,Male,Single,32,Policy Holder,Utility - All Perils,Utility,more than 69000,1,8367,11,400,2,more than 30,more than 30,2 to 4,6 years,31 to 35,No,No,External,none,no change,1 vehicle,1995,All Perils
5,4,3,VW,Urban,5,7,5,Male,Married,64,Policy Holder,Sedan - Liability,Sport,60000 to 69000,0,8368,4,400,4,more than 30,more than 30,2 to 4,more than 7,51 to 65,Yes,No,External,more than 5,no change,1 vehicle,1995,Liability
6,5,3,Pontiac,Urban,5,3,2,Male,Married,38,Policy Holder,Sedan - Collision,Sedan,20000 to 29000,0,8369,2,400,3,8 to 15,more than 30,2 to 4,7 years,36 to 40,No,No,External,none,no change,1 vehicle,1995,Collision
3,5,3,Ford,Urban,4,3,5,Female,Married,38,Third Party,Sedan - Liability,Sport,60000 to 69000,0,8370,5,400,4,more than 30,more than 30,2 to 4,7 years,36 to 40,No,No,External,more than 5,no change,1 vehicle,1995,Liability
3,2,3,Pontiac,Urban,1,10,3,Male,Married,58,Third Party,Sedan - Liability,Sport,less than 20000,0,8371,9,700,2,more than 30,more than 30,1,more than 7,51 to 65,No,No,External,none,no change,1 vehicle,1995,Liability
9,4,3,Pontiac,Urban,4,1,1,Female,Married,34,Policy Holder,Sedan - Collision,Sedan,20000 to 29000,0,8372,14,400,4,more than 30,more than 30,2 to 4,5 years,31 to 35,No,No,External,more than 5,no change,1 vehicle,1995,Collision
1,2,2,Chevrolet,Urban,3,5,2,Male,Married,36,Policy Holder,Sedan - Liability,Sport,20000 to 29000,0,8373,5,400,4,more than 30,more than 30,2 to 4,7 years,36 to 40,No,No,External,none,1 year,1 vehicle,1995,Liability
5,4,7,Ford,Urban,1,5,4,Male,Married,48,Third Party,Sedan - Liability,Sport,40000 to 59000,0,8374,13,400,1,more than 30,more than 30,2 to 4,more than 7,41 to 50,No,No,External,1 to 2,no change,1 vehicle,1995,Liability
5,3,5,Toyota,Urban,1,5,3,Female,Married,30,Third Party,Sedan - Collision,Sedan,30000 to 39000,0,8375,9,400,2,more than 30,more than 30,1,6 years,31 to 35,No,No,External,1 to 2,no change,1 vehicle,1995,Collision
5,3,2,Toyota,Urban,5,7,4,Male,Married,45,Policy Holder,Sedan - Liability,Sport,more than 69000,0,8376,9,400,2,more than 30,more than 30,2 to 4,7 years,36 to 40,No,No,External,more than 5,no change,1 vehicle,1995,Liability
7,1,7,Toyota,Urban,5,12,2,Male,Single,36,Policy Holder,Sedan - Liability,Sport,20000 to 29000,0,8377,2,400,3,more than 30,more than 30,2 to 4,6 years,36 to 40,No,No,External,none,no change,1 vehicle,1995,Liability
12,1,7,Pontiac,Urban,2,8,3,Male,Married,31,Policy Holder,Sedan - Collision,Sedan,30000 to 39000,1,8378,1,400,2,more than 30,more than 30,2 to 4,7 years,31 to 35,No,No,External,1 to 2,no change,1 vehicle,1995,Collision
8,2,6,VW,Urban,3,9,2,Male,Married,40,Policy Holder,Sedan - Liability,Sport,40000 to 59000,0,8379,13,400,1,more than 30,more than 30,2 to 4,7 years,36 to 40,No,No,External,3 to 5,no change,1 vehicle,1995,Liability
9,3,3,Honda,Urban,1,10,4,Male,Single,28,Third Party,Sport - Collision,Sport,more than 69000,0,8380,10,400,2,more than 30,more than 30,none,6 years,31 to 35,No,No,External,more than 5,4 to 8 years,2 vehicles,1995,Collision
9,5,1,Mercury,Urban,1,10,1,Male,Married,51,Policy Holder,Sedan - All Perils,Sedan,less than 20000,0,8381,10,400,1,more than 30,more than 30,none,6 years,41 to 50,No,No,External,none,no change,1 vehicle,1995,All Perils
10,5,4,Honda,Urban,5,1,5,Male,Married,32,Policy Holder,Sedan - Liability,Sport,20000 to 29000,0,8382,15,400,2,more than 30,more than 30,2 to 4,7 years,31 to 35,No,No,External,none,no change,1 vehicle,1995,Liability
1,2,6,Toyota,Urban,3,1,2,Male,Married,47,Third Party,Sedan - Liability,Sport,20000 to 29000,0,8383,1,400,1,more than 30,more than 30,more than 4,7 years,41 to 50,No,No,External,more than 5,no change,1 vehicle,1995,Liability
1,3,5,Accura,Urban,1,1,3,Male,Married,39,Third Party,Sedan - All Perils,Sedan,more than 69000,0,8384,2,400,2,more than 30,more than 30,1,7 years,36 to 40,No,No,External,none,no change,1 vehicle,1995,All Perils
1,3,1,Chevrolet,Urban,2,1,4,Male,Married,40,Third Party,Sedan - Collision,Sedan,more than 69000,0,8385,14,400,4,more than 30,more than 30,none,7 years,36 to 40,No,No,External,3 to 5,no change,1 vehicle,1995,Collision
1,4,7,Honda,Urban,2,5,4,Male,Single,23,Policy Holder,Sedan - Collision,Sedan,20000 to 29000,0,8386,3,400,2,more than 30,more than 30,more than 4,6 years,26 to 30,Yes,No,External,none,no change,1 vehicle,1995,Collision
5,4,1,Toyota,Urban,1,9,4,Male,Single,32,Third Party,Sedan - Liability,Sport,20000 to 29000,0,8387,13,400,2,more than 30,more than 30,1,5 years,31 to 35,No,No,External,none,no change,1 vehicle,1995,Liability
9,4,1,Mazda,Urban,1,10,4,Male,Married,79,Policy Holder,Sedan - Collision,Sedan,30000 to 39000,0,8388,14,400,1,more than 30,more than 30,none,more than 7,over 65,No,No,External,3 to 5,no change,1 vehicle,1995,Collision
9,4,3,Toyota,Urban,7,10,1,Male,Single,35,Third Party,Sedan - Liability,Sport,20000 to 29000,0,8389,14,400,4,more than 30,more than 30,1,6 years,31 to 35,No,No,External,none,no change,1 vehicle,1995,Liability
9,4,4,Dodge,Urban,4,9,1,Female,Married,27,Policy Holder,Sedan - Liability,Sport,20000 to 29000,0,8390,7,400,2,more than 30,more than 30,2 to 4,6 years,31 to 35,No,No,External,none,no change,1 vehicle,1995,Liability
9,5,4,Honda,Urban,1,10,5,Female,Single,40,Third Party,Sedan - All Perils,Sedan,20000 to 29000,0,8391,14,400,4,more than 30,more than 30,none,7 years,36 to 40,No,No,External,more than 5,no change,1 vehicle,1995,All Perils
10,1,2,Pontiac,Urban,5,10,2,Male,Single,31,Policy Holder,Sedan - Collision,Sedan,20000 to 29000,0,8392,2,400,1,more than 30,more than 30,2 to 4,6 years,31 to 35,No,No,External,more than 5,no change,1 vehicle,1995,Collision
10,1,7,Pontiac,Urban,1,10,1,Male,Married,59,Policy Holder,Sedan - Collision,Sedan,20000 to 29000,0,8393,14,400,2,more than 30,more than 30,none,more than 7,51 to 65,No,No,External,none,no change,1 vehicle,1995,Collision
10,1,6,Pontiac,Urban,1,10,1,Female,Married,44,Policy Holder,Sedan - Liability,Sport,20000 to 29000,0,8394,16,400,4,more than 30,more than 30,more than 4,7 years,36 to 40,No,No,External,more than 5,no change,1 vehicle,1995,Liability
9,5,1,Chevrolet,Urban,1,12,1,Female,Married,54,Policy Holder,Sedan - Liability,Sport,20000 to 29000,0,8395,8,400,2,more than 30,more than 30,more than 4,7 years,41 to 50,No,No,External,none,no change,1 vehicle,1995,Liability
12,1,4,Toyota,Urban,7,6,1,Female,Married,39,Third Party,Sedan - All Perils,Sedan,20000 to 29000,0,8396,1,400,3,more than 30,more than 30,none,7 years,36 to 40,No,No,External,1 to 2,no change,1 vehicle,1995,All Perils
6,2,5,Pontiac,Urban,1,6,2,Male,Married,43,Policy Holder,Sedan - Collision,Sedan,40000 to 59000,0,8397,13,400,3,more than 30,more than 30,1,7 years,36 to 40,No,No,External,more than 5,no change,1 vehicle,1995,Collision
6,1,3,VW,Urban,5,6,1,Male,Single,27,Policy Holder,Sedan - Liability,Sport,more than 69000,0,8398,7,400,4,more than 30,more than 30,2 to 4,5 years,31 to 35,No,No,External,none,no change,1 vehicle,1995,Liability
5,5,2,Honda,Urban,3,1,1,Male,Married,57,Third Party,Sport - Collision,Sport,more than 69000,0,8399,10,400,2,more than 30,more than 30,none,more than 7,51 to 65,No,No,External,none,no change,1 vehicle,1995,Collision
1,4,2,Pontiac,Urban,5,1,4,Male,Married,59,Third Party,Sedan - Collision,Sedan,20000 to 29000,0,8400,11,400,2,more than 30,more than 30,1,6 years,51 to 65,Yes,No,External,1 to 2,no change,1 vehicle,1995,Collision
1,4,6,Pontiac,Urban,2,1,4,Female,Married,54,Policy Holder,Sedan - All Perils,Sedan,20000 to 29000,0,8401,16,400,2,more than 30,more than 30,more than 4,more than 7,41 to 50,No,No,External,1 to 2,4 to 8 years,2 vehicles,1995,All Perils
1,4,5,Honda,Urban,2,1,4,Male,Married,39,Third Party,Sedan - Collision,Sedan,20000 to 29000,0,8402,14,700,1,more than 30,more than 30,1,7 years,36 to 40,No,No,Internal,more than 5,no change,1 vehicle,1995,Collision
1,3,1,Dodge,Urban,5,1,4,Male,Single,30,Third Party,Sedan - Collision,Sedan,30000 to 39000,0,8403,6,400,2,more than 30,more than 30,none,6 years,31 to 35,No,No,External,none,no change,1 vehicle,1995,Collision
1,3,4,Honda,Urban,5,11,4,Male,Married,45,Third Party,Sedan - All Perils,Sedan,20000 to 29000,0,8404,7,400,2,none,15 to 30,none,7 years,36 to 40,No,No,External,none,no change,1 vehicle,1995,All Perils
11,3,5,Chevrolet,Rural,3,11,3,Male,Married,46,Third Party,Sedan - All Perils,Sedan,20000 to 29000,0,8405,10,400,3,more than 30,more than 30,1,more than 7,41 to 50,No,No,External,3 to 5,no change,1 vehicle,1995,All Perils
10,2,4,Honda,Urban,5,1,1,Male,Married,34,Policy Holder,Sedan - Collision,Sedan,40000 to 59000,0,8406,10,400,3,more than 30,more than 30,none,7 years,31 to 35,No,No,External,more than 5,no change,3 to 4,1995,Collision
9,5,2,Toyota,Urban,4,12,4,Male,Single,60,Policy Holder,Sedan - All Perils,Sedan,20000 to 29000,0,8407,16,400,4,more than 30,more than 30,more than 4,more than 7,51 to 65,No,No,External,more than 5,no change,1 vehicle,1995,All Perils
12,1,6,Honda,Urban,1,10,3,Male,Married,52,Third Party,Sedan - All Perils,Sedan,30000 to 39000,0,8408,8,400,2,more than 30,more than 30,none,more than 7,41 to 50,No,No,External,none,no change,1 vehicle,1995,All Perils
9,1,6,Toyota,Urban,1,6,1,Male,Married,35,Policy Holder,Sedan - All Perils,Sedan,20000 to 29000,0,8409,11,400,1,more than 30,more than 30,none,5 years,31 to 35,No,No,External,3 to 5,no change,1 vehicle,1995,All Perils
6,1,7,Chevrolet,Urban,3,6,1,Male,Single,40,Policy Holder,Sedan - Liability,Sport,20000 to 29000,0,8410,12,400,4,more than 30,more than 30,2 to 4,7 years,36 to 40,No,No,External,more than 5,no change,1 vehicle,1995,Liability
5,4,1,Mazda,Urban,4,5,1,Male,Single,25,Policy Holder,Sedan - Collision,Sedan,20000 to 29000,0,8411,7,400,2,more than 30,more than 30,2 to 4,4 years,26 to 30,No,No,External,none,no change,1 vehicle,1995,Collision
5,3,2,Accura,Urban,3,6,3,Male,Married,47,Policy Holder,Sedan - Collision,Sedan,more than 69000,0,8412,5,400,2,more than 30,more than 30,more than 4,6 years,41 to 50,No,No,External,more than 5,no change,1 vehicle,1995,Collision
3,3,3,Pontiac,Urban,4,11,3,Female,Married,34,Policy Holder,Sedan - Liability,Sport,20000 to 29000,0,8413,14,400,3,more than 30,more than 30,2 to 4,6 years,31 to 35,No,No,External,1 to 2,no change,1 vehicle,1995,Liability
3,5,2,Toyota,Urban,2,10,3,Female,Married,36,Policy Holder,Sedan - All Perils,Sedan,less than 20000,0,8414,1,400,3,more than 30,more than 30,none,6 years,36 to 40,No,No,External,more than 5,no change,1 vehicle,1995,All Perils
10,3,4,Mazda,Urban,2,7,3,Male,Single,33,Policy Holder,Sedan - Liability,Sport,20000 to 29000,0,8415,7,400,2,more than 30,more than 30,2 to 4,5 years,31 to 35,No,No,External,none,no change,1 vehicle,1995,Liability
6,5,3,Mazda,Urban,2,5,1,Female,Married,33,Third Party,Sedan - Liability,Sport,20000 to 29000,0,8416,8,500,2,more than 30,more than 30,none,6 years,31 to 35,No,No,External,none,2 to 3 years,1 vehicle,1995,Liability
4,3,7,Toyota,Urban,4,6,1,Male,Married,60,Policy Holder,Sedan - All Perils,Sedan,less than 20000,0,8417,16,400,4,more than 30,more than 30,none,more than 7,51 to 65,No,No,External,1 to 2,no change,1 vehicle,1995,All Perils
4,2,5,Mazda,Urban,4,7,2,Male,Single,23,Policy Holder,Sedan - All Perils,Sedan,20000 to 29000,0,8418,13,400,2,more than 30,more than 30,1,6 years,26 to 30,No,No,External,none,no change,1 vehicle,1995,All Perils
7,3,7,Accura,Urban,3,7,4,Female,Single,28,Policy Holder,Sedan - Liability,Sport,20000 to 29000,0,8419,13,400,1,more than 30,more than 30,2 to 4,6 years,31 to 35,No,No,External,more than 5,no change,1 vehicle,1995,Liability
7,1,3,Honda,Urban,1,2,1,Male,Married,48,Policy Holder,Sedan - Collision,Sedan,30000 to 39000,0,8420,6,400,1,more than 30,more than 30,more than 4,more than 7,41 to 50,No,No,External,more than 5,no change,1 vehicle,1995,Collision
2,1,1,Chevrolet,Urban,2,1,1,Female,Married,43,Third Party,Sedan - Collision,Sedan,20000 to 29000,0,8421,1,400,1,more than 30,more than 30,1,6 years,36 to 40,No,No,External,none,no change,1 vehicle,1995,Collision
1,5,6,Toyota,Urban,4,2,5,Male,Single,35,Policy Holder,Sedan - Liability,Sport,20000 to 29000,0,8422,4,400,1,more than 30,more than 30,more than 4,6 years,31 to 35,No,No,External,none,4 to 8 years,2 vehicles,1995,Liability
1,5,2,Toyota,Urban,3,6,1,Male,Single,31,Policy Holder,Sedan - Liability,Sport,more than 69000,0,8423,3,400,2,more than 30,more than 30,more than 4,6 years,31 to 35,No,No,External,none,no change,1 vehicle,1995,Liability
12,5,6,Pontiac,Urban,3,9,5,Male,Married,80,Policy Holder,Sedan - Collision,Sedan,30000 to 39000,0,8424,9,400,2,more than 30,more than 30,1,more than 7,over 65,No,No,External,none,no change,1 vehicle,1995,Collision
9,2,1,Toyota,Urban,1,9,3,Male,Married,32,Third Party,Sedan - Collision,Sedan,20000 to 29000,0,8425,13,400,4,more than 30,more than 30,1,6 years,31 to 35,No,No,External,none,no change,1 vehicle,1995,Collision
9,2,2,Honda,Urban,1,10,2,Male,Single,33,Third Party,Sedan - Collision,Sedan,20000 to 29000,0,8426,2,400,1,more than 30,more than 30,2 to 4,6 years,31 to 35,No,No,External,more than 5,no change,1 vehicle,1995,Collision
10,1,4,Chevrolet,Urban,4,11,2,Male,Married,54,Third Party,Sedan - Collision,Sedan,20000 to 29000,0,8427,4,400,1,more than 30,more than 30,1,5 years,41 to 50,No,No,External,1 to 2,no change,1 vehicle,1995,Collision
11,2,5,Mazda,Urban,2,11,4,Male,Married,41,Policy Holder,Sedan - Collision,Sedan,20000 to 29000,0,8428,6,400,4,more than 30,more than 30,more than 4,7 years,36 to 40,No,No,External,1 to 2,no change,1 vehicle,1995,Collision
11,1,7,Toyota,Urban,4,11,2,Male,Married,48,Policy Holder,Sedan - Liability,Sport,30000 to 39000,0,8429,14,400,2,more than 30,more than 30,more than 4,more than 7,41 to 50,No,No,External,more than 5,no change,1 vehicle,1995,Liability
10,5,3,Toyota,Rural,1,1,1,Male,Married,41,Policy Holder,Sedan - Liability,Sport,more than 69000,0,8430,13,400,4,more than 30,more than 30,1,6 years,36 to 40,No,No,External,1 to 2,no change,1 vehicle,1995,Liability
11,5,2,Pontiac,Urban,2,1,5,Male,Married,56,Policy Holder,Sedan - All Perils,Sedan,less than 20000,0,8431,7,400,3,more than 30,more than 30,1,7 years,51 to 65,No,No,External,1 to 2,no change,1 vehicle,1995,All Perils
1,4,6,Honda,Urban,3,5,4,Female,Widow,51,Third Party,Sedan - All Perils,Sedan,20000 to 29000,0,8432,6,400,3,more than 30,more than 30,2 to 4,6 years,41 to 50,No,No,External,none,no change,1 vehicle,1995,All Perils
4,5,4,Accura,Rural,3,7,1,Male,Married,47,Third Party,Sedan - Collision,Sedan,20000 to 29000,0,8433,3,700,2,more than 30,more than 30,none,7 years,41 to 50,No,No,External,none,no change,1 vehicle,1995,Collision
7,3,7,Pontiac,Urban,2,10,4,Male,Married,44,Policy Holder,Sedan - Liability,Sport,more than 69000,0,8434,13,400,3,more than 30,more than 30,none,7 years,36 to 40,No,No,External,3 to 5,no change,1 vehicle,1995,Liability
10,3,5,Mazda,Urban,2,10,3,Male,Married,51,Policy Holder,Sedan - Liability,Sport,20000 to 29000,0,8435,15,400,2,more than 30,more than 30,2 to 4,more than 7,41 to 50,No,No,External,none,no change,1 vehicle,1995,Liability
10,2,6,Chevrolet,Urban,1,10,3,Male,Married,40,Policy Holder,Utility - Collision,Utility,more than 69000,0,8436,9,400,2,more than 30,more than 30,more than 4,7 years,36 to 40,Yes,No,External,more than 5,no change,1 vehicle,1995,Collision
10,3,3,Chevrolet,Urban,3,6,3,Male,Married,54,Policy Holder,Sedan - Collision,Sedan,20000 to 29000,0,8437,13,400,3,more than 30,more than 30,2 to 4,7 years,41 to 50,No,No,External,none,no change,1 vehicle,1995,Collision
6,3,6,Pontiac,Urban,3,3,3,Male,Married,45,Policy Holder,Sedan - Collision,Sedan,20000 to 29000,0,8438,16,400,1,more than 30,more than 30,1,7 years,36 to 40,No,No,External,none,no change,1 vehicle,1995,Collision
3,2,5,Mazda,Urban,2,5,3,Male,Married,39,Policy Holder,Sedan - Liability,Sport,more than 69000,0,8439,16,400,2,more than 30,more than 30,more than 4,6 years,36 to 40,No,No,External,more than 5,no change,1 vehicle,1995,Liability
4,4,6,Honda,Urban,4,8,3,Male,Married,39,Policy Holder,Sedan - Liability,Sport,30000 to 39000,0,8440,11,400,4,more than 30,more than 30,2 to 4,7 years,36 to 40,No,No,External,none,no change,1 vehicle,1995,Liability
7,5,3,Toyota,Urban,4,8,3,Male,Married,60,Policy Holder,Sedan - Collision,Sedan,20000 to 29000,0,8441,15,400,1,more than 30,more than 30,none,more than 7,51 to 65,No,No,External,1 to 2,no change,1 vehicle,1995,Collision
7,4,4,Pontiac,Urban,2,12,2,Female,Single,22,Third Party,Sedan - All Perils,Sedan,20000 to 29000,0,8442,8,400,1,more than 30,more than 30,1,5 years,26 to 30,No,No,External,none,no change,1 vehicle,1995,All Perils
12,3,2,Pontiac,Urban,2,11,4,Male,Married,43,Third Party,Sedan - All Perils,Sedan,20000 to 29000,0,8443,13,400,4,more than 30,more than 30,2 to 4,6 years,36 to 40,No,No,External,3 to 5,4 to 8 years,2 vehicles,1995,All Perils
11,4,7,Honda,Urban,3,11,4,Male,Married,36,Third Party,Sedan - All Perils,Sedan,30000 to 39000,0,8444,5,400,1,more than 30,more than 30,none,more than 7,36 to 40,No,No,External,1 to 2,no change,1 vehicle,1995,All Perils
11,3,1,Pontiac,Urban,4,6,4,Male,Married,33,Third Party,Sedan - All Perils,Sedan,30000 to 39000,0,8445,7,400,4,more than 30,more than 30,none,5 years,31 to 35,No,No,External,none,no change,1 vehicle,1995,All Perils
6,1,5,Mazda,Urban,3,6,2,Male,Single,39,Policy Holder,Sedan - Liability,Sport,20000 to 29000,0,8446,3,400,1,more than 30,more than 30,2 to 4,more than 7,36 to 40,No,No,External,1 to 2,no change,1 vehicle,1995,Liability
5,3,7,Chevrolet,Urban,1,11,2,Male,Married,44,Policy Holder,Sedan - Collision,Sedan,20000 to 29000,0,8447,15,400,2,more than 30,more than 30,none,7 years,36 to 40,No,No,External,none,no change,3 to 4,1995,Collision
11,1,4,Toyota,Urban,5,12,1,Male,Married,46,Policy Holder,Sedan - Collision,Sedan,20000 to 29000,0,8448,8,400,3,more than 30,more than 30,2 to 4,more than 7,41 to 50,No,No,External,more than 5,no change,1 vehicle,1995,Collision
12,5,2,Mazda,Urban,2,9,5,Male,Married,36,Policy Holder,Sedan - Liability,Sport,30000 to 39000,0,8449,13,400,3,more than 30,more than 30,1,7 years,36 to 40,No,No,External,more than 5,no change,1 vehicle,1995,Liability
9,3,5,Mazda,Urban,2,1,3,Male,Married,34,Policy Holder,Sedan - Collision,Sedan,20000 to 29000,0,8450,16,400,2,more than 30,more than 30,none,6 years,31 to 35,No,No,External,1 to 2,no change,1 vehicle,1995,Collision
1,1,1,Honda,Urban,1,1,4,Male,Married,52,Policy Holder,Sport - Collision,Sport,more than 69000,0,8451,8,400,4,more than 30,more than 30,none,6 years,41 to 50,No,No,External,none,no change,1 vehicle,1995,Collision
1,1,2,Chevrolet,Urban,4,11,2,Male,Married,33,Third Party,Sedan - Collision,Sedan,30000 to 39000,0,8452,1,400,1,more than 30,more than 30,2 to 4,6 years,31 to 35,No,No,External,1 to 2,no change,1 vehicle,1995,Collision
11,3,3,Toyota,Urban,1,12,3,Male,Single,29,Third Party,Sedan - All Perils,Sedan,20000 to 29000,0,8453,1,400,3,more than 30,more than 30,1,7 years,31 to 35,No,No,External,none,no change,1 vehicle,1995,All Perils
12,2,3,Toyota,Urban,5,10,2,Male,Married,64,Policy Holder,Sedan - All Perils,Sedan,30000 to 39000,1,8454,15,400,1,more than 30,more than 30,2 to 4,more than 7,51 to 65,No,No,External,none,no change,1 vehicle,1995,All Perils
10,2,6,Mazda,Urban,1,9,3,Male,Married,39,Policy Holder,Sedan - Collision,Sedan,30000 to 39000,0,8455,4,400,1,more than 30,more than 30,1,7 years,36 to 40,No,No,External,none,no change,1 vehicle,1995,Collision
9,2,3,Toyota,Urban,5,7,2,Male,Married,78,Policy Holder,Sedan - Collision,Sedan,20000 to 29000,0,8456,9,400,3,more than 30,more than 30,none,more than 7,over 65,No,No,External,3 to 5,no change,1 vehicle,1995,Collision
6,5,3,Toyota,Urban,1,6,1,Male,Married,71,Policy Holder,Sedan - All Perils,Sedan,30000 to 39000,0,8457,4,400,1,more than 30,more than 30,more than 4,more than 7,over 65,No,No,External,more than 5,no change,1 vehicle,1995,All Perils
6,1,3,Chevrolet,Urban,3,12,1,Male,Married,39,Policy Holder,Sedan - Liability,Sport,20000 to 29000,0,8458,14,400,4,more than 30,more than 30,2 to 4,more than 7,36 to 40,No,No,External,none,no change,1 vehicle,1995,Liability
12,2,6,Pontiac,Urban,3,10,3,Male,Single,57,Policy Holder,Sedan - Collision,Sedan,30000 to 39000,1,8459,2,400,3,more than 30,more than 30,more than 4,more than 7,51 to 65,No,No,External,3 to 5,no change,1 vehicle,1995,Collision
8,1,4,Toyota,Urban,2,3,3,Male,Married,78,Third Party,Sedan - Liability,Sport,20000 to 29000,0,8460,3,400,1,more than 30,more than 30,more than 4,more than 7,over 65,No,No,External,3 to 5,no change,1 vehicle,1995,Liability
3,1,5,Mazda,Urban,1,5,2,Male,Married,57,Third Party,Sedan - Collision,Sedan,30000 to 39000,0,8461,10,400,1,more than 30,more than 30,2 to 4,more than 7,51 to 65,No,No,External,none,no change,1 vehicle,1995,Collision
5,1,5,Toyota,Urban,4,6,2,Male,Married,38,Policy Holder,Sedan - Liability,Sport,30000 to 39000,0,8462,7,400,1,more than 30,more than 30,1,7 years,36 to 40,No,No,External,3 to 5,no change,1 vehicle,1995,Liability
5,4,4,Mazda,Urban,1,9,1,Female,Married,45,Third Party,Sedan - Collision,Sedan,20000 to 29000,0,8463,12,400,3,more than 30,more than 30,1,7 years,36 to 40,No,No,External,more than 5,no change,1 vehicle,1995,Collision
9,4,5,Chevrolet,Urban,5,12,4,Male,Single,33,Policy Holder,Sedan - Collision,Sedan,20000 to 29000,0,8464,5,400,3,more than 30,more than 30,2 to 4,5 years,31 to 35,No,No,External,1 to 2,1 year,2 vehicles,1995,Collision
12,4,3,Honda,Urban,1,12,4,Male,Married,42,Policy Holder,Sedan - All Perils,Sedan,20000 to 29000,0,8465,1,400,2,more than 30,more than 30,none,6 years,36 to 40,No,No,External,more than 5,no change,1 vehicle,1995,All Perils
12,2,5,Pontiac,Urban,1,10,2,Female,Married,30,Policy Holder,Sedan - All Perils,Sedan,less than 20000,1,8466,6,400,3,more than 30,more than 30,1,6 years,31 to 35,No,No,External,more than 5,no change,1 vehicle,1995,All Perils
10,4,1,Ford,Urban,3,6,4,Male,Married,56,Policy Holder,Sedan - Collision,Sedan,40000 to 59000,0,8467,15,500,2,more than 30,more than 30,1,more than 7,51 to 65,No,No,External,3 to 5,2 to 3 years,1 vehicle,1995,Collision
6,3,7,Honda,Urban,1,6,5,Male,Single,0,Policy Holder,Sedan - Liability,Sport,more than 69000,0,8468,6,400,4,more than 30,more than 30,1,new,16 to 17,No,No,External,none,no change,1 vehicle,1995,Liability
6,3,1,Saab,Urban,3,5,3,Male,Married,53,Policy Holder,Sedan - Liability,Sport,30000 to 39000,0,8469,6,400,3,more than 30,more than 30,2 to 4,more than 7,41 to 50,No,No,External,more than 5,no change,1 vehicle,1995,Liability
4,4,3,Toyota,Urban,5,1,1,Male,Single,28,Policy Holder,Sedan - Collision,Sedan,20000 to 29000,0,8470,11,400,1,more than 30,more than 30,none,5 years,31 to 35,No,No,External,none,no change,1 vehicle,1995,Collision
1,2,5,Accura,Urban,5,7,4,Male,Married,31,Third Party,Sedan - Liability,Sport,more than 69000,0,8471,11,400,1,more than 30,more than 30,more than 4,7 years,31 to 35,No,No,External,3 to 5,no change,1 vehicle,1995,Liability
7,3,5,Toyota,Urban,1,1,3,Male,Married,38,Policy Holder,Sedan - Collision,Sedan,20000 to 29000,0,8472,4,400,1,more than 30,more than 30,2 to 4,7 years,36 to 40,No,No,External,more than 5,no change,1 vehicle,1995,Collision
1,4,2,Chevrolet,Urban,3,6,5,Male,Married,32,Policy Holder,Sedan - All Perils,Sedan,20000 to 29000,0,8473,1,400,1,more than 30,more than 30,none,6 years,31 to 35,No,No,External,none,no change,1 vehicle,1995,All Perils
6,2,1,Mazda,Urban,1,7,3,Male,Married,32,Policy Holder,Sedan - Collision,Sedan,30000 to 39000,0,8474,15,400,4,more than 30,more than 30,none,7 years,31 to 35,No,No,External,none,no change,1 vehicle,1995,Collision
6,2,3,Toyota,Urban,2,10,5,Male,Married,34,Policy Holder,Sedan - Liability,Sport,30000 to 39000,0,8475,6,400,1,more than 30,more than 30,2 to 4,5 years,31 to 35,No,No,External,more than 5,no change,1 vehicle,1995,Liability
10,2,3,Saturn,Urban,5,10,3,Male,Married,49,Policy Holder,Sedan - Liability,Sport,60000 to 69000,0,8476,8,400,1,more than 30,more than 30,2 to 4,7 years,41 to 50,No,No,External,1 to 2,no change,1 vehicle,1995,Liability
10,2,3,Honda,Urban,1,10,2,Female,Married,40,Policy Holder,Sedan - Liability,Sport,less than 20000,0,8477,7,400,1,more than 30,more than 30,more than 4,7 years,36 to 40,No,No,External,1 to 2,no change,1 vehicle,1995,Liability
10,2,3,Toyota,Urban,3,10,3,Male,Single,27,Third Party,Sedan - All Perils,Sedan,20000 to 29000,0,8478,14,400,3,more than 30,more than 30,1,5 years,31 to 35,Yes,No,External,1 to 2,no change,1 vehicle,1995,All Perils
10,3,4,Mazda,Urban,1,10,3,Male,Married,33,Policy Holder,Sedan - Liability,Sport,more than 69000,0,8479,10,400,1,more than 30,more than 30,2 to 4,7 years,31 to 35,No,No,External,more than 5,no change,1 vehicle,1995,Liability
10,3,1,Pontiac,Urban,1,10,5,Male,Single,35,Policy Holder,Sedan - Liability,Sport,30000 to 39000,0,8480,14,400,4,more than 30,more than 30,1,7 years,31 to 35,Yes,No,External,3 to 5,no change,1 vehicle,1995,Liability
10,3,2,Pontiac,Urban,5,6,5,Male,Married,36,Policy Holder,Sedan - Collision,Sedan,20000 to 29000,0,8481,13,400,2,more than 30,more than 30,more than 4,7 years,36 to 40,No,No,External,more than 5,no change,1 vehicle,1995,Collision
6,2,1,Pontiac,Urban,3,6,3,Male,Married,40,Policy Holder,Sedan - Collision,Sedan,20000 to 29000,0,8482,12,400,2,more than 30,more than 30,more than 4,7 years,36 to 40,No,No,External,1 to 2,no change,1 vehicle,1995,Collision
6,2,2,Ferrari,Urban,4,2,3,Male,Married,36,Policy Holder,Utility - Collision,Utility,40000 to 59000,0,8483,2,400,4,more than 30,more than 30,none,7 years,36 to 40,No,No,External,1 to 2,no change,1 vehicle,1995,Collision
1,5,3,Toyota,Urban,4,2,1,Male,Single,28,Third Party,Sedan - All Perils,Sedan,20000 to 29000,0,8484,5,400,3,more than 30,more than 30,2 to 4,6 years,31 to 35,No,No,External,none,no change,1 vehicle,1995,All Perils
2,1,3,Chevrolet,Urban,4,2,3,Female,Married,37,Policy Holder,Sedan - Liability,Sport,20000 to 29000,0,8485,9,400,4,more than 30,more than 30,2 to 4,6 years,36 to 40,No,No,External,more than 5,4 to 8 years,2 vehicles,1995,Liability
2,1,5,Honda,Urban,1,1,1,Male,Married,74,Third Party,Sedan - All Perils,Sedan,20000 to 29000,0,8486,7,400,4,more than 30,more than 30,none,more than 7,over 65,No,No,External,1 to 2,no change,1 vehicle,1995,All Perils
12,2,6,Honda,Urban,4,2,3,Male,Single,22,Policy Holder,Sedan - All Perils,Sedan,less than 20000,1,8487,11,400,3,more than 30,more than 30,none,3 years,26 to 30,No,No,External,none,no change,1 vehicle,1995,All Perils
1,5,1,Pontiac,Urban,2,8,1,Male,Married,36,Policy Holder,Sedan - All Perils,Sedan,20000 to 29000,0,8488,3,400,4,more than 30,more than 30,none,7 years,36 to 40,No,No,External,none,no change,3 to 4,1995,All Perils
8,4,2,Chevrolet,Rural,5,8,4,Male,Married,48,Policy Holder,Sedan - Collision,Sedan,20000 to 29000,0,8489,9,400,1,more than 30,more than 30,none,more than 7,41 to 50,No,No,External,1 to 2,no change,1 vehicle,1995,Collision
8,1,1,Mazda,Urban,2,7,1,Male,Single,30,Policy Holder,Sport - Collision,Sport,more than 69000,0,8490,11,400,1,more than 30,more than 30,1,6 years,31 to 35,No,No,External,3 to 5,no change,1 vehicle,1995,Collision
7,3,2,Pontiac,Rural,4,5,3,Male,Single,44,Policy Holder,Sedan - Liability,Sport,20000 to 29000,0,8491,4,400,2,more than 30,more than 30,none,7 years,36 to 40,No,No,External,none,no change,1 vehicle,1995,Liability
7,3,4,Pontiac,Rural,4,2,4,Male,Single,30,Policy Holder,Sedan - Collision,Sedan,20000 to 29000,0,8492,9,400,1,more than 30,more than 30,2 to 4,6 years,31 to 35,No,No,External,3 to 5,no change,1 vehicle,1995,Collision
2,1,5,Chevrolet,Urban,5,2,1,Male,Married,32,Policy Holder,Sedan - All Perils,Sedan,20000 to 29000,0,8493,3,400,2,more than 30,more than 30,2 to 4,7 years,31 to 35,No,No,External,1 to 2,no change,1 vehicle,1995,All Perils
2,1,4,Pontiac,Urban,3,3,1,Male,Married,27,Policy Holder,Sedan - Collision,Sedan,30000 to 39000,0,8494,8,400,4,more than 30,more than 30,2 to 4,7 years,31 to 35,No,No,Internal,1 to 2,no change,1 vehicle,1995,Collision
2,4,6,Pontiac,Urban,1,12,1,Male,Married,31,Policy Holder,Sedan - Liability,Sport,20000 to 29000,0,8495,10,400,3,more than 30,more than 30,2 to 4,6 years,31 to 35,No,No,External,none,no change,1 vehicle,1995,Liability
12,2,1,Pontiac,Rural,1,2,3,Male,Married,59,Policy Holder,Sedan - All Perils,Sedan,less than 20000,1,8496,8,400,2,more than 30,more than 30,1,6 years,51 to 65,No,No,External,none,no change,1 vehicle,1995,All Perils
2,2,3,Honda,Urban,1,2,2,Female,Married,52,Policy Holder,Sedan - Liability,Sport,20000 to 29000,0,8497,13,400,3,more than 30,more than 30,more than 4,7 years,41 to 50,No,No,External,none,no change,1 vehicle,1995,Liability
2,3,2,Pontiac,Urban,4,2,4,Male,Married,41,Policy Holder,Sedan - All Perils,Sedan,less than 20000,0,8498,12,400,1,more than 30,more than 30,2 to 4,7 years,36 to 40,No,No,External,more than 5,no change,1 vehicle,1995,All Perils
2,2,1,Pontiac,Urban,2,2,2,Female,Divorced,27,Policy Holder,Sedan - Liability,Sport,more than 69000,0,8499,10,400,2,more than 30,more than 30,1,7 years,31 to 35,No,No,External,more than 5,no change,1 vehicle,1995,Liability
2,2,6,Honda,Rural,3,3,2,Male,Single,0,Policy Holder,Sedan - Liability,Sport,more than 69000,0,8500,11,400,3,more than 30,more than 30,1,new,16 to 17,No,No,External,none,no change,1 vehicle,1995,Liability
2,4,4,Chevrolet,Rural,5,2,1,Male,Single,39,Policy Holder,Sedan - Liability,Sport,30000 to 39000,0,8501,11,400,3,more than 30,more than 30,none,6 years,36 to 40,No,No,External,more than 5,no change,1 vehicle,1995,Liability
2,2,7,Pontiac,Urban,2,4,2,Female,Married,43,Policy Holder,Sedan - All Perils,Sedan,20000 to 29000,0,8502,13,400,2,more than 30,more than 30,1,7 years,36 to 40,No,No,External,more than 5,no change,1 vehicle,1995,All Perils
4,2,5,Chevrolet,Urban,1,8,2,Female,Single,39,Policy Holder,Sedan - Liability,Sport,20000 to 29000,0,8503,16,400,1,more than 30,more than 30,1,7 years,36 to 40,No,No,External,none,no change,1 vehicle,1995,Liability
8,3,3,Toyota,Urban,3,1,4,Male,Married,37,Policy Holder,Sedan - Collision,Sedan,more than 69000,0,8504,2,400,1,more than 30,more than 30,more than 4,more than 7,36 to 40,No,No,External,more than 5,no change,1 vehicle,1995,Collision
12,5,1,Mazda,Urban,2,2,1,Male,Married,43,Third Party,Sport - Collision,Sport,more than 69000,0,8505,16,400,2,more than 30,more than 30,2 to 4,7 years,36 to 40,No,No,External,none,no change,1 vehicle,1995,Collision
1,5,2,Honda,Urban,2,4,1,Female,Married,33,Policy Holder,Sedan - All Perils,Sedan,less than 20000,0,8506,7,400,1,more than 30,more than 30,1,5 years,31 to 35,No,No,External,none,4 to 8 years,2 vehicles,1995,All Perils
4,1,2,Mazda,Urban,5,4,1,Female,Single,28,Third Party,Sedan - Collision,Sedan,20000 to 29000,0,8507,13,400,2,more than 30,more than 30,2 to 4,6 years,31 to 35,No,No,External,more than 5,no change,1 vehicle,1995,Collision
3,5,7,Pontiac,Urban,4,5,1,Male,Married,56,Third Party,Sedan - All Perils,Sedan,20000 to 29000,0,8508,1,400,4,more than 30,more than 30,2 to 4,more than 7,51 to 65,No,No,External,3 to 5,no change,1 vehicle,1995,All Perils
5,1,6,Mazda,Rural,1,5,2,Female,Single,22,Third Party,Sedan - All Perils,Sedan,20000 to 29000,0,8509,14,400,1,more than 30,more than 30,2 to 4,3 years,26 to 30,No,No,External,3 to 5,no change,1 vehicle,1995,All Perils
4,5,7,VW,Urban,2,4,1,Female,Single,34,Policy Holder,Sedan - Collision,Sedan,40000 to 59000,0,8510,6,400,3,more than 30,more than 30,1,7 years,31 to 35,No,No,External,none,no change,1 vehicle,1995,Collision
4,4,6,Mazda,Rural,2,12,4,Male,Married,52,Third Party,Sedan - All Perils,Sedan,20000 to 29000,0,8511,14,400,1,15 to 30,more than 30,none,more than 7,41 to 50,No,No,External,none,no change,1 vehicle,1995,All Perils
12,2,6,Honda,Urban,5,9,3,Male,Married,51,Policy Holder,Sport - Collision,Sport,more than 69000,1,8512,13,400,3,more than 30,more than 30,none,more than 7,41 to 50,No,No,External,none,no change,1 vehicle,1995,Collision
8,2,5,Honda,Urban,1,10,1,Male,Married,48,Policy Holder,Sedan - Liability,Sport,20000 to 29000,0,8513,16,400,1,more than 30,more than 30,2 to 4,7 years,41 to 50,No,No,External,none,no change,1 vehicle,1995,Liability
10,5,3,Toyota,Urban,3,1,5,Male,Single,29,Policy Holder,Sedan - All Perils,Sedan,less than 20000,0,8514,1,400,3,more than 30,more than 30,none,5 years,31 to 35,No,No,External,more than 5,no change,1 vehicle,1995,All Perils
1,3,2,Pontiac,Urban,3,5,4,Male,Married,38,Policy Holder,Sedan - Liability,Sport,20000 to 29000,0,8515,3,400,2,more than 30,more than 30,more than 4,7 years,36 to 40,No,No,External,1 to 2,no change,1 vehicle,1995,Liability
5,1,5,Toyota,Urban,3,5,1,Male,Married,39,Policy Holder,Sedan - Liability,Sport,20000 to 29000,0,8516,8,400,4,more than 30,more than 30,more than 4,7 years,36 to 40,No,No,External,more than 5,no change,1 vehicle,1995,Liability
4,4,6,Honda,Urban,1,4,1,Female,Married,32,Policy Holder,Sedan - Collision,Sedan,20000 to 29000,0,8517,9,400,2,more than 30,more than 30,2 to 4,6 years,31 to 35,No,No,External,none,no change,1 vehicle,1995,Collision
4,3,2,Chevrolet,Urban,5,6,3,Male,Married,40,Policy Holder,Sedan - Collision,Sedan,30000 to 39000,0,8518,6,500,1,15 to 30,more than 30,1,7 years,36 to 40,No,No,External,1 to 2,2 to 3 years,1 vehicle,1995,Collision
6,3,6,Pontiac,Urban,1,6,4,Male,Married,44,Policy Holder,Sedan - Collision,Sedan,30000 to 39000,0,8519,12,400,3,more than 30,more than 30,none,more than 7,36 to 40,No,No,External,3 to 5,no change,1 vehicle,1995,Collision
6,3,7,Toyota,Urban,3,12,3,Male,Married,59,Third Party,Sedan - Liability,Sport,20000 to 29000,0,8520,16,400,1,more than 30,more than 30,more than 4,more than 7,51 to 65,No,No,External,none,no change,1 vehicle,1995,Liability
12,2,7,Mazda,Urban,1,12,4,Male,Married,50,Policy Holder,Sedan - Collision,Sedan,30000 to 39000,1,8521,11,400,1,more than 30,more than 30,more than 4,more than 7,41 to 50,Yes,No,External,more than 5,no change,1 vehicle,1995,Collision
12,2,1,Mazda,Urban,2,10,2,Female,Married,33,Policy Holder,Sedan - Liability,Sport,20000 to 29000,1,8522,3,400,1,more than 30,more than 30,more than 4,7 years,31 to 35,Yes,No,External,none,no change,1 vehicle,1995,Liability
10,5,4,Pontiac,Urban,5,10,5,Male,Married,43,Policy Holder,Sedan - Liability,Sport,20000 to 29000,0,8523,12,400,3,more than 30,more than 30,more than 4,7 years,36 to 40,No,No,External,1 to 2,no change,1 vehicle,1995,Liability
10,4,5,Pontiac,Urban,2,11,4,Male,Married,28,Third Party,Sedan - All Perils,Sedan,30000 to 39000,0,8524,12,400,2,more than 30,more than 30,1,7 years,31 to 35,No,No,External,3 to 5,no change,1 vehicle,1995,All Perils
10,4,1,Honda,Urban,2,6,2,Male,Single,23,Third Party,Sedan - Collision,Sedan,more than 69000,0,8525,1,400,3,more than 30,more than 30,none,5 years,26 to 30,No,No,External,none,no change,1 vehicle,1995,Collision
6,2,2,Pontiac,Urban,4,4,3,Male,Married,54,Policy Holder,Sedan - Collision,Sedan,20000 to 29000,0,8526,15,400,2,more than 30,more than 30,none,5 years,41 to 50,No,No,External,more than 5,no change,1 vehicle,1995,Collision
3,3,2,Honda,Urban,5,7,2,Male,Married,33,Policy Holder,Sedan - All Perils,Sedan,less than 20000,0,8527,12,400,1,more than 30,more than 30,2 to 4,7 years,31 to 35,No,No,External,none,4 to 8 years,2 vehicles,1995,All Perils
6,5,1,Mazda,Urban,5,11,1,Male,Married,43,Policy Holder,Sedan - Liability,Sport,30000 to 39000,0,8528,8,400,4,more than 30,more than 30,2 to 4,more than 7,36 to 40,No,No,External,none,no change,1 vehicle,1995,Liability
6,4,4,Toyota,Urban,5,9,1,Male,Married,36,Third Party,Sedan - Collision,Sedan,30000 to 39000,0,8529,8,400,3,more than 30,more than 30,2 to 4,7 years,36 to 40,No,No,External,more than 5,no change,3 to 4,1995,Collision
8,2,1,Pontiac,Urban,5,9,1,Male,Married,55,Policy Holder,Sedan - All Perils,Sedan,20000 to 29000,0,8530,3,400,1,more than 30,more than 30,none,more than 7,41 to 50,No,No,External,none,no change,1 vehicle,1995,All Perils
8,1,2,Toyota,Urban,1,8,1,Male,Single,34,Policy Holder,Sedan - Liability,Sport,20000 to 29000,0,8531,15,400,1,more than 30,more than 30,more than 4,7 years,31 to 35,No,No,External,none,no change,1 vehicle,1995,Liability
7,4,4,Mazda,Urban,3,9,1,Male,Married,43,Third Party,Sport - Collision,Sport,more than 69000,0,8532,15,400,2,more than 30,more than 30,none,7 years,36 to 40,No,No,External,3 to 5,no change,1 vehicle,1995,Collision
9,3,7,Pontiac,Urban,2,12,4,Male,Single,38,Third Party,Sedan - All Perils,Sedan,30000 to 39000,0,8533,3,400,4,more than 30,more than 30,none,7 years,36 to 40,No,No,External,none,no change,1 vehicle,1995,All Perils
12,2,7,Toyota,Rural,5,11,2,Male,Single,27,Policy Holder,Sedan - Liability,Sport,20000 to 29000,0,8534,2,400,2,more than 30,more than 30,more than 4,6 years,31 to 35,No,No,External,more than 5,no change,1 vehicle,1995,Liability
11,3,2,Chevrolet,Rural,1,12,4,Male,Married,28,Policy Holder,Sedan - Collision,Sedan,30000 to 39000,0,8535,6,400,1,more than 30,more than 30,1,7 years,31 to 35,No,No,External,none,no change,1 vehicle,1995,Collision
11,3,1,Toyota,Rural,5,6,3,Male,Single,25,Policy Holder,Sedan - Collision,Sedan,20000 to 29000,0,8536,15,400,2,more than 30,more than 30,more than 4,5 years,26 to 30,No,No,External,none,no change,1 vehicle,1995,Collision
6,1,7,Mazda,Urban,1,5,4,Male,Married,47,Policy Holder,Sedan - Collision,Sedan,30000 to 39000,0,8537,11,400,2,more than 30,more than 30,2 to 4,7 years,41 to 50,No,No,External,more than 5,no change,1 vehicle,1995,Collision
5,4,2,Honda,Urban,3,9,4,Female,Single,25,Policy Holder,Sedan - Liability,Sport,20000 to 29000,0,8538,6,400,2,more than 30,more than 30,2 to 4,5 years,26 to 30,No,No,External,more than 5,no change,1 vehicle,1995,Liability
9,3,5,Pontiac,Urban,3,9,3,Female,Single,30,Third Party,Sedan - Liability,Sport,20000 to 29000,0,8539,1,400,4,more than 30,more than 30,1,6 years,31 to 35,Yes,Yes,External,none,no change,1 vehicle,1995,Liability
9,1,6,Mazda,Urban,2,9,2,Male,Married,28,Policy Holder,Sedan - Collision,Sedan,30000 to 39000,0,8540,5,400,2,more than 30,more than 30,none,7 years,31 to 35,No,No,External,3 to 5,no change,1 vehicle,1995,Collision
9,4,2,Mazda,Urban,3,12,4,Male,Married,40,Third Party,Sedan - Collision,Sedan,20000 to 29000,0,8541,13,400,1,more than 30,more than 30,none,7 years,36 to 40,No,No,External,none,no change,1 vehicle,1995,Collision
12,2,1,Mazda,Urban,5,1,4,Female,Married,34,Third Party,Sedan - Collision,Sedan,20000 to 29000,0,8542,12,400,4,more than 30,more than 30,2 to 4,7 years,31 to 35,No,No,External,none,no change,1 vehicle,1995,Collision
12,2,6,Accura,Urban,3,3,4,Male,Single,39,Policy Holder,Utility - All Perils,Utility,more than 69000,0,8543,5,400,3,more than 30,more than 30,none,7 years,36 to 40,No,No,External,none,no change,1 vehicle,1995,All Perils
2,4,6,Honda,Urban,3,3,1,Male,Married,41,Policy Holder,Sedan - Liability,Sport,20000 to 29000,0,8544,2,400,1,more than 30,more than 30,none,7 years,36 to 40,No,No,External,1 to 2,no change,1 vehicle,1995,Liability
2,4,2,Toyota,Urban,4,5,1,Male,Married,28,Third Party,Sedan - All Perils,Sedan,less than 20000,0,8545,2,400,3,more than 30,more than 30,2 to 4,5 years,31 to 35,No,No,External,none,no change,1 vehicle,1995,All Perils
5,1,5,Toyota,Urban,1,4,3,Male,Married,59,Policy Holder,Sedan - All Perils,Sedan,30000 to 39000,0,8546,8,400,3,more than 30,more than 30,none,more than 7,51 to 65,No,No,External,more than 5,no change,1 vehicle,1995,All Perils
4,1,5,Toyota,Urban,1,6,1,Male,Married,57,Policy Holder,Sedan - Liability,Sport,30000 to 39000,0,8547,8,400,1,more than 30,more than 30,more than 4,more than 7,51 to 65,No,No,External,more than 5,no change,1 vehicle,1995,Liability
6,1,6,Ford,Urban,3,5,1,Male,Married,58,Third Party,Sedan - All Perils,Sedan,40000 to 59000,0,8548,15,400,4,more than 30,more than 30,more than 4,more than 7,51 to 65,No,No,External,none,4 to 8 years,2 vehicles,1995,All Perils
5,4,5,Pontiac,Urban,3,8,4,Male,Married,51,Third Party,Sedan - Collision,Sedan,30000 to 39000,0,8549,9,400,4,more than 30,more than 30,1,7 years,41 to 50,No,No,External,more than 5,no change,1 vehicle,1995,Collision
8,1,3,Mazda,Urban,2,8,2,Male,Married,40,Policy Holder,Sedan - Liability,Sport,30000 to 39000,0,8550,5,400,1,more than 30,more than 30,1,7 years,36 to 40,No,No,External,1 to 2,no change,1 vehicle,1995,Liability
7,3,7,Mazda,Urban,2,10,1,Female,Married,31,Policy Holder,Sedan - All Perils,Sedan,less than 20000,0,8551,3,400,2,more than 30,more than 30,none,6 years,31 to 35,No,No,External,1 to 2,no change,1 vehicle,1995,All Perils
10,2,7,Mazda,Urban,2,12,2,Male,Married,40,Policy Holder,Sedan - Liability,Sport,30000 to 39000,0,8552,10,400,3,more than 30,more than 30,more than 4,more than 7,36 to 40,No,No,External,none,no change,1 vehicle,1995,Liability
12,3,4,Toyota,Urban,6,12,3,Male,Married,27,Policy Holder,Sedan - Liability,Sport,20000 to 29000,0,8553,4,400,3,more than 30,more than 30,2 to 4,7 years,31 to 35,No,No,External,1 to 2,no change,1 vehicle,1995,Liability
12,1,5,Chevrolet,Rural,1,6,1,Male,Married,43,Policy Holder,Sedan - Collision,Sedan,40000 to 59000,0,8554,15,400,3,more than 30,more than 30,none,7 years,36 to 40,No,No,Internal,more than 5,no change,1 vehicle,1995,Collision
5,4,1,Chevrolet,Urban,1,1,4,Male,Single,33,Policy Holder,Sedan - Liability,Sport,20000 to 29000,0,8555,4,400,3,more than 30,more than 30,more than 4,5 years,31 to 35,Yes,No,External,none,1 year,1 vehicle,1995,Liability
1,4,2,Pontiac,Urban,2,9,4,Female,Married,40,Third Party,Sedan - Liability,Sport,20000 to 29000,0,8556,4,400,3,more than 30,more than 30,1,7 years,36 to 40,No,No,External,none,no change,1 vehicle,1995,Liability
9,1,5,Pontiac,Urban,1,10,2,Male,Married,35,Third Party,Sedan - Collision,Sedan,20000 to 29000,0,8557,12,400,4,more than 30,more than 30,2 to 4,6 years,31 to 35,No,No,External,more than 5,no change,1 vehicle,1995,Collision
10,3,1,Honda,Urban,3,10,4,Male,Single,16,Third Party,Sport - Collision,Sport,more than 69000,0,8558,10,400,3,more than 30,more than 30,none,5 years,18 to 20,No,No,External,3 to 5,no change,1 vehicle,1995,Collision
10,1,1,Toyota,Urban,3,12,1,Male,Single,35,Third Party,Sedan - All Perils,Sedan,20000 to 29000,0,8559,9,400,4,more than 30,more than 30,2 to 4,7 years,31 to 35,No,No,External,none,no change,1 vehicle,1995,All Perils
12,2,1,Toyota,Urban,3,6,3,Male,Single,29,Third Party,Sedan - All Perils,Sedan,less than 20000,0,8560,10,400,4,more than 30,more than 30,none,5 years,31 to 35,No,No,External,none,no change,1 vehicle,1995,All Perils
5,5,7,Mazda,Urban,1,1,2,Female,Married,22,Policy Holder,Sedan - All Perils,Sedan,less than 20000,0,8561,9,400,4,8 to 15,15 to 30,none,4 years,26 to 30,No,No,External,none,no change,1 vehicle,1995,All Perils
1,4,6,Pontiac,Urban,1,2,4,Female,Married,31,Third Party,Sedan - Collision,Sedan,20000 to 29000,0,8562,14,400,4,more than 30,more than 30,none,6 years,31 to 35,No,No,External,more than 5,no change,1 vehicle,1995,Collision
1,4,1,Honda,Urban,5,1,3,Female,Married,40,Policy Holder,Sedan - Collision,Sedan,more than 69000,0,8563,10,400,1,more than 30,more than 30,2 to 4,7 years,36 to 40,No,No,External,more than 5,no change,1 vehicle,1995,Collision
1,3,6,Honda,Urban,4,1,3,Female,Married,43,Third Party,Sedan - Liability,Sport,20000 to 29000,0,8564,12,400,1,more than 30,more than 30,none,7 years,36 to 40,No,No,External,none,no change,1 vehicle,1995,Liability
1,3,6,Toyota,Rural,4,1,3,Female,Married,33,Policy Holder,Sedan - Collision,Sedan,30000 to 39000,0,8565,7,400,3,more than 30,more than 30,none,7 years,31 to 35,No,No,External,1 to 2,no change,1 vehicle,1995,Collision
1,3,6,Pontiac,Urban,4,1,3,Female,Single,34,Policy Holder,Sedan - All Perils,Sedan,20000 to 29000,0,8566,11,400,1,more than 30,more than 30,2 to 4,5 years,31 to 35,No,No,External,more than 5,no change,1 vehicle,1995,All Perils
12,5,2,Pontiac,Urban,3,12,1,Male,Married,26,Third Party,Sedan - All Perils,Sedan,20000 to 29000,0,8567,13,400,3,more than 30,more than 30,none,7 years,31 to 35,No,No,External,none,no change,1 vehicle,1995,All Perils
12,2,4,Mazda,Urban,1,1,3,Male,Married,39,Policy Holder,Sedan - Collision,Sedan,20000 to 29000,1,8568,8,400,3,more than 30,more than 30,2 to 4,7 years,36 to 40,No,No,External,none,no change,1 vehicle,1995,Collision
12,5,4,Toyota,Urban,1,7,1,Male,Married,57,Third Party,Sedan - Collision,Sedan,30000 to 39000,0,8569,6,500,1,more than 30,more than 30,1,more than 7,51 to 65,No,No,External,none,2 to 3 years,2 vehicles,1995,Collision
7,2,7,Pontiac,Urban,2,6,3,Male,Married,46,Policy Holder,Sedan - Liability,Sport,30000 to 39000,0,8570,16,400,1,more than 30,more than 30,more than 4,7 years,41 to 50,No,No,External,1 to 2,no change,3 to 4,1995,Liability
5,4,1,Mazda,Rural,1,6,2,Male,Married,40,Policy Holder,Sedan - All Perils,Sedan,30000 to 39000,0,8571,5,400,4,more than 30,more than 30,2 to 4,6 years,36 to 40,No,No,External,none,no change,1 vehicle,1995,All Perils
5,3,2,Pontiac,Urban,4,12,1,Male,Married,64,Third Party,Sedan - Collision,Sedan,more than 69000,0,8572,15,400,3,more than 30,more than 30,2 to 4,more than 7,51 to 65,No,No,External,more than 5,no change,1 vehicle,1995,Collision
12,2,2,Pontiac,Urban,2,12,3,Male,Single,28,Policy Holder,Sedan - All Perils,Sedan,30000 to 39000,1,8573,5,400,3,more than 30,more than 30,none,6 years,31 to 35,No,No,External,3 to 5,no change,1 vehicle,1995,All Perils
12,2,7,Toyota,Urban,1,2,3,Male,Single,31,Third Party,Sedan - All Perils,Sedan,20000 to 29000,0,8574,6,400,4,more than 30,more than 30,none,6 years,31 to 35,No,No,External,none,no change,1 vehicle,1995,All Perils
2,2,1,Pontiac,Urban,3,2,3,Male,Married,77,Policy Holder,Sedan - Liability,Sport,30000 to 39000,0,8575,15,400,2,more than 30,more than 30,2 to 4,6 years,over 65,No,No,External,1 to 2,no change,1 vehicle,1995,Liability
2,3,2,Pontiac,Urban,2,6,4,Female,Divorced,34,Policy Holder,Sedan - Collision,Sedan,20000 to 29000,0,8576,2,400,3,more than 30,more than 30,2 to 4,7 years,31 to 35,No,No,External,3 to 5,no change,1 vehicle,1995,Collision
6,2,1,VW,Urban,1,3,3,Male,Married,37,Policy Holder,Sedan - All Perils,Sedan,30000 to 39000,0,8577,16,400,4,more than 30,more than 30,none,more than 7,36 to 40,No,No,External,1 to 2,no change,1 vehicle,1995,All Perils
3,2,1,Mazda,Urban,1,3,2,Female,Married,41,Policy Holder,Sedan - Liability,Sport,20000 to 29000,0,8578,9,400,4,more than 30,more than 30,2 to 4,5 years,36 to 40,No,No,External,3 to 5,no change,1 vehicle,1995,Liability
3,2,2,Pontiac,Urban,2,3,2,Male,Married,28,Policy Holder,Sedan - Collision,Sedan,20000 to 29000,0,8579,15,400,4,more than 30,more than 30,1,7 years,31 to 35,No,No,External,1 to 2,no change,1 vehicle,1995,Collision
3,5,6,Toyota,Urban,3,1,5,Male,Married,48,Policy Holder,Sedan - Collision,Sedan,20000 to 29000,0,8580,3,400,2,more than 30,more than 30,2 to 4,more than 7,41 to 50,No,No,External,none,no change,1 vehicle,1995,Collision
7,1,5,Pontiac,Urban,5,7,2,Female,Single,31,Policy Holder,Sedan - Collision,Sedan,20000 to 29000,0,8581,10,400,2,more than 30,more than 30,1,7 years,31 to 35,No,No,External,none,no change,1 vehicle,1995,Collision
7,1,1,Chevrolet,Urban,3,1,2,Male,Married,27,Third Party,Sedan - Liability,Sport,30000 to 39000,0,8582,2,400,3,more than 30,more than 30,2 to 4,7 years,31 to 35,No,No,External,none,no change,1 vehicle,1995,Liability
11,5,7,Pontiac,Urban,1,6,2,Male,Married,57,Third Party,Sedan - All Perils,Sedan,20000 to 29000,0,8583,14,400,4,more than 30,more than 30,none,more than 7,51 to 65,No,No,External,none,no change,1 vehicle,1995,All Perils
6,4,1,Honda,Urban,5,7,4,Male,Married,47,Policy Holder,Sedan - Liability,Sport,20000 to 29000,0,8584,1,400,2,more than 30,more than 30,2 to 4,7 years,41 to 50,No,No,External,none,no change,1 vehicle,1995,Liability
6,4,3,Toyota,Urban,1,4,2,Male,Single,33,Third Party,Sedan - Collision,Sedan,20000 to 29000,0,8585,4,400,4,more than 30,more than 30,1,6 years,31 to 35,No,No,External,none,no change,1 vehicle,1995,Collision
4,2,2,Chevrolet,Urban,4,11,3,Female,Married,43,Third Party,Sedan - All Perils,Sedan,more than 69000,0,8586,2,400,1,more than 30,more than 30,none,7 years,36 to 40,No,No,External,none,no change,1 vehicle,1995,All Perils
11,3,2,Chevrolet,Urban,4,11,4,Male,Married,45,Policy Holder,Utility - All Perils,Utility,more than 69000,0,8587,12,400,4,more than 30,more than 30,2 to 4,6 years,36 to 40,No,No,External,none,no change,1 vehicle,1995,All Perils
11,5,5,Pontiac,Urban,3,5,5,Female,Married,45,Policy Holder,Sedan - Collision,Sedan,20000 to 29000,0,8588,15,400,3,more than 30,more than 30,none,6 years,36 to 40,No,No,External,3 to 5,no change,1 vehicle,1995,Collision
4,5,3,Pontiac,Rural,1,5,4,Male,Married,39,Policy Holder,Sedan - Collision,Sedan,less than 20000,0,8589,4,400,1,more than 30,more than 30,none,6 years,36 to 40,No,No,External,1 to 2,no change,1 vehicle,1995,Collision
4,4,1,Pontiac,Urban,2,12,5,Female,Single,26,Policy Holder,Sedan - All Perils,Sedan,more than 69000,0,8590,12,400,2,more than 30,more than 30,2 to 4,7 years,31 to 35,No,No,External,more than 5,4 to 8 years,2 vehicles,1995,All Perils
12,4,2,Honda,Rural,4,2,4,Male,Married,34,Policy Holder,Sedan - Liability,Sport,more than 69000,0,8591,5,400,3,more than 30,more than 30,more than 4,6 years,31 to 35,No,No,External,more than 5,no change,1 vehicle,1995,Liability
12,2,2,Accura,Urban,3,11,1,Male,Married,52,Policy Holder,Sedan - All Perils,Sedan,30000 to 39000,1,8592,11,400,2,more than 30,more than 30,2 to 4,7 years,41 to 50,No,No,External,none,no change,1 vehicle,1995,All Perils
11,5,4,Honda,Urban,5,4,5,Male,Married,29,Policy Holder,Sedan - Liability,Sport,20000 to 29000,0,8593,14,400,4,more than 30,more than 30,2 to 4,5 years,31 to 35,No,No,External,1 to 2,no change,1 vehicle,1995,Liability
4,4,4,Honda,Rural,4,3,5,Male,Married,51,Third Party,Sedan - Collision,Sedan,20000 to 29000,0,8594,3,400,2,more than 30,more than 30,none,more than 7,41 to 50,No,No,External,none,no change,1 vehicle,1995,Collision
3,3,4,Chevrolet,Rural,1,2,3,Male,Married,44,Third Party,Sedan - All Perils,Sedan,20000 to 29000,0,8595,9,400,1,more than 30,more than 30,none,7 years,36 to 40,No,No,External,none,no change,1 vehicle,1995,All Perils
2,1,5,Honda,Urban,1,2,1,Male,Single,21,Policy Holder,Sedan - Collision,Sedan,20000 to 29000,0,8596,7,400,1,more than 30,more than 30,1,5 years,26 to 30,No,No,External,1 to 2,no change,1 vehicle,1995,Collision
2,1,6,Pontiac,Urban,4,1,1,Female,Married,38,Policy Holder,Sedan - All Perils,Sedan,20000 to 29000,0,8597,16,400,1,more than 30,more than 30,1,7 years,36 to 40,No,No,External,1 to 2,no change,1 vehicle,1995,All Perils
1,2,5,Pontiac,Urban,1,1,2,Female,Single,58,Policy Holder,Sedan - Liability,Sport,20000 to 29000,0,8598,11,400,4,more than 30,more than 30,2 to 4,more than 7,51 to 65,No,No,External,none,no change,1 vehicle,1995,Liability
1,1,1,Chevrolet,Urban,3,1,2,Male,Married,39,Policy Holder,Sedan - Collision,Sedan,20000 to 29000,0,8599,4,400,2,more than 30,more than 30,none,7 years,36 to 40,No,No,External,1 to 2,no change,1 vehicle,1995,Collision
1,1,2,Pontiac,Urban,3,1,2,Male,Married,53,Policy Holder,Sedan - Liability,Sport,20000 to 29000,0,8600,6,400,4,more than 30,more than 30,2 to 4,5 years,41 to 50,No,No,External,none,no change,1 vehicle,1995,Liability
1,1,7,Toyota,Urban,1,1,2,Male,Single,46,Policy Holder,Sedan - Liability,Sport,20000 to 29000,0,8601,15,400,4,more than 30,more than 30,more than 4,7 years,41 to 50,No,No,External,3 to 5,no change,1 vehicle,1995,Liability
1,1,3,Ford,Urban,1,2,1,Male,Single,35,Policy Holder,Sedan - Liability,Sport,more than 69000,0,8602,9,400,1,more than 30,more than 30,1,6 years,31 to 35,No,No,External,none,no change,1 vehicle,1995,Liability
12,4,3,Pontiac,Urban,4,2,1,Male,Married,45,Policy Holder,Sedan - All Perils,Sedan,20000 to 29000,0,8603,6,400,4,more than 30,more than 30,2 to 4,more than 7,36 to 40,No,No,External,none,no change,1 vehicle,1995,All Perils
12,3,3,Toyota,Urban,5,1,2,Male,Single,35,Policy Holder,Sedan - Collision,Sedan,20000 to 29000,1,8604,15,400,3,more than 30,more than 30,none,6 years,31 to 35,No,No,External,3 to 5,no change,1 vehicle,1995,Collision
12,3,3,Pontiac,Urban,4,10,4,Male,Married,29,Policy Holder,Sedan - All Perils,Sedan,30000 to 39000,1,8605,15,400,1,more than 30,more than 30,2 to 4,6 years,31 to 35,No,No,External,none,no change,1 vehicle,1995,All Perils
10,2,2,Mazda,Urban,4,9,2,Female,Married,30,Policy Holder,Sedan - Liability,Sport,20000 to 29000,0,8606,1,400,3,more than 30,more than 30,more than 4,6 years,31 to 35,No,No,External,1 to 2,no change,1 vehicle,1995,Liability
9,4,3,Toyota,Urban,4,9,5,Male,Married,53,Policy Holder,Sedan - All Perils,Sedan,less than 20000,0,8607,5,400,1,more than 30,more than 30,2 to 4,more than 7,41 to 50,No,No,External,none,no change,1 vehicle,1995,All Perils
8,5,6,Mazda,Urban,3,7,1,Male,Married,29,Policy Holder,Sedan - All Perils,Sedan,20000 to 29000,0,8608,12,400,4,more than 30,more than 30,2 to 4,6 years,31 to 35,No,No,External,none,no change,1 vehicle,1995,All Perils
7,4,5,Pontiac,Urban,2,7,4,Male,Married,46,Policy Holder,Sedan - All Perils,Sedan,more than 69000,0,8609,1,400,1,more than 30,more than 30,none,more than 7,41 to 50,No,No,External,3 to 5,no change,1 vehicle,1995,All Perils
7,4,3,Pontiac,Urban,4,5,4,Male,Single,48,Policy Holder,Sedan - All Perils,Sedan,20000 to 29000,0,8610,13,400,2,more than 30,more than 30,1,more than 7,41 to 50,No,No,External,more than 5,no change,1 vehicle,1995,All Perils
5,3,4,Honda,Rural,4,4,3,Male,Married,37,Policy Holder,Sedan - Liability,Sport,30000 to 39000,0,8611,5,400,1,more than 30,more than 30,more than 4,7 years,36 to 40,No,No,External,none,4 to 8 years,3 to 4,1995,Liability
4,4,5,Toyota,Urban,1,5,4,Male,Married,44,Policy Holder,Sedan - Liability,Sport,20000 to 29000,0,8612,9,400,1,more than 30,more than 30,more than 4,7 years,36 to 40,No,No,External,none,no change,1 vehicle,1995,Liability
4,3,4,Chevrolet,Urban,5,12,1,Male,Married,50,Policy Holder,Sedan - Liability,Sport,40000 to 59000,0,8613,2,400,4,more than 30,more than 30,1,more than 7,41 to 50,No,No,External,3 to 5,no change,1 vehicle,1995,Liability
12,3,1,Honda,Urban,4,11,4,Male,Married,47,Policy Holder,Sedan - Collision,Sedan,20000 to 29000,1,8614,7,400,2,more than 30,more than 30,none,more than 7,41 to 50,No,No,External,none,no change,1 vehicle,1995,Collision
11,3,1,Chevrolet,Urban,1,1,4,Male,Married,44,Policy Holder,Utility - All Perils,Utility,more than 69000,0,8615,12,400,1,more than 30,more than 30,1,7 years,36 to 40,No,No,External,none,no change,1 vehicle,1995,All Perils
1,4,4,VW,Urban,2,1,5,Male,Married,45,Third Party,Sedan - Liability,Sport,60000 to 69000,0,8616,12,400,4,more than 30,more than 30,more than 4,6 years,36 to 40,No,No,External,none,no change,1 vehicle,1995,Liability
1,3,4,Pontiac,Urban,5,1,4,Male,Married,38,Policy Holder,Sedan - Liability,Sport,20000 to 29000,0,8617,10,400,1,more than 30,more than 30,2 to 4,more than 7,36 to 40,No,No,External,none,no change,1 vehicle,1995,Liability
1,3,2,Honda,Urban,2,10,4,Male,Married,30,Policy Holder,Sedan - Collision,Sedan,20000 to 29000,0,8618,1,400,3,more than 30,more than 30,none,6 years,31 to 35,No,No,External,3 to 5,no change,1 vehicle,1995,Collision
10,4,1,Chevrolet,Urban,2,10,4,Male,Married,46,Policy Holder,Sedan - Liability,Sport,30000 to 39000,0,8619,16,700,1,more than 30,more than 30,1,7 years,41 to 50,No,No,External,none,no change,1 vehicle,1995,Liability
10,4,1,Toyota,Urban,1,10,4,Male,Married,46,Policy Holder,Sedan - Liability,Sport,20000 to 29000,0,8620,12,500,4,more than 30,more than 30,more than 4,7 years,41 to 50,No,No,External,more than 5,2 to 3 years,1 vehicle,1995,Liability
10,4,4,Toyota,Urban,4,11,4,Male,Single,28,Policy Holder,Sedan - Liability,Sport,20000 to 29000,0,8621,10,400,3,more than 30,more than 30,none,6 years,31 to 35,No,No,External,none,no change,1 vehicle,1995,Liability
10,2,5,Pontiac,Urban,4,8,1,Female,Married,27,Policy Holder,Sedan - Collision,Sedan,30000 to 39000,0,8622,1,400,2,more than 30,more than 30,2 to 4,5 years,31 to 35,No,No,External,none,no change,1 vehicle,1995,Collision
7,5,3,Toyota,Rural,4,9,1,Male,Married,39,Third Party,Sedan - Liability,Sport,30000 to 39000,0,8623,1,400,2,more than 30,more than 30,more than 4,more than 7,36 to 40,No,No,External,more than 5,no change,1 vehicle,1995,Liability
7,1,5,Pontiac,Rural,1,6,5,Male,Married,47,Policy Holder,Sedan - Collision,Sedan,20000 to 29000,0,8624,16,400,4,more than 30,more than 30,none,more than 7,41 to 50,No,No,External,none,no change,1 vehicle,1995,Collision
6,3,1,Chevrolet,Urban,2,6,3,Male,Married,28,Policy Holder,Sedan - Liability,Sport,30000 to 39000,0,8625,8,400,3,more than 30,more than 30,more than 4,6 years,31 to 35,No,No,External,more than 5,no change,1 vehicle,1995,Liability
5,2,4,Honda,Urban,1,3,1,Male,Married,41,Policy Holder,Sedan - Liability,Sport,more than 69000,0,8626,4,400,4,more than 30,more than 30,2 to 4,new,36 to 40,No,No,External,none,no change,1 vehicle,1995,Liability
3,4,3,Chevrolet,Rural,1,2,4,Male,Married,39,Policy Holder,Sedan - Collision,Sedan,20000 to 29000,0,8627,14,400,3,more than 30,more than 30,none,7 years,36 to 40,No,No,External,none,no change,1 vehicle,1995,Collision
2,3,2,Honda,Urban,2,2,4,Female,Married,53,Policy Holder,Sedan - Collision,Sedan,less than 20000,0,8628,13,400,3,more than 30,more than 30,none,7 years,41 to 50,No,No,External,1 to 2,no change,1 vehicle,1995,Collision
2,3,4,Toyota,Urban,3,12,3,Male,Married,41,Policy Holder,Sedan - Collision,Sedan,20000 to 29000,0,8629,9,400,2,more than 30,more than 30,1,7 years,36 to 40,No,No,External,more than 5,no change,1 vehicle,1995,Collision
12,3,7,Chevrolet,Urban,4,2,4,Male,Married,67,Policy Holder,Sedan - Collision,Sedan,30000 to 39000,1,8630,10,400,3,more than 30,more than 30,more than 4,more than 7,over 65,No,No,External,more than 5,no change,1 vehicle,1995,Collision
2,1,6,Pontiac,Urban,1,2,2,Male,Single,39,Policy Holder,Sedan - Collision,Sedan,20000 to 29000,0,8631,5,400,2,more than 30,more than 30,none,7 years,36 to 40,Yes,No,External,none,no change,1 vehicle,1995,Collision
2,1,1,Chevrolet,Urban,2,2,1,Male,Married,66,Policy Holder,Sedan - Collision,Sedan,30000 to 39000,0,8632,8,400,3,more than 30,more than 30,none,more than 7,over 65,No,No,External,more than 5,4 to 8 years,2 vehicles,1995,Collision
2,1,5,Mazda,Urban,5,1,2,Male,Married,68,Policy Holder,Sedan - Liability,Sport,20000 to 29000,0,8633,7,400,2,more than 30,more than 30,2 to 4,more than 7,over 65,No,No,External,more than 5,no change,1 vehicle,1995,Liability
1,4,4,Mazda,Urban,1,12,4,Female,Married,32,Policy Holder,Sedan - Collision,Sedan,30000 to 39000,0,8634,5,400,1,more than 30,more than 30,2 to 4,7 years,31 to 35,No,No,External,more than 5,no change,1 vehicle,1995,Collision
12,3,1,Pontiac,Rural,1,1,3,Male,Married,43,Policy Holder,Sedan - Collision,Sedan,less than 20000,1,8635,8,400,1,more than 30,more than 30,none,more than 7,36 to 40,No,No,External,3 to 5,no change,1 vehicle,1995,Collision
12,4,5,Toyota,Urban,1,1,1,Male,Married,49,Policy Holder,Sedan - All Perils,Sedan,20000 to 29000,0,8636,14,400,2,more than 30,more than 30,none,7 years,41 to 50,No,No,External,3 to 5,no change,1 vehicle,1995,All Perils
12,4,4,Ford,Urban,6,12,1,Male,Married,40,Policy Holder,Sedan - All Perils,Sedan,more than 69000,0,8637,16,400,3,more than 30,more than 30,2 to 4,more than 7,36 to 40,No,No,External,3 to 5,no change,1 vehicle,1995,All Perils
12,2,3,Honda,Urban,4,12,2,Male,Single,17,Policy Holder,Sport - Collision,Sport,more than 69000,0,8638,10,400,3,more than 30,more than 30,none,2 years,18 to 20,No,No,External,more than 5,no change,1 vehicle,1995,Collision
11,5,3,Pontiac,Urban,3,11,4,Male,Single,34,Third Party,Sedan - All Perils,Sedan,20000 to 29000,0,8639,7,400,2,more than 30,more than 30,none,6 years,31 to 35,No,No,External,none,no change,1 vehicle,1995,All Perils
11,2,7,Accura,Rural,3,10,2,Male,Married,54,Third Party,Sedan - Collision,Sedan,30000 to 39000,0,8640,5,400,1,more than 30,more than 30,2 to 4,7 years,41 to 50,No,No,External,more than 5,no change,1 vehicle,1995,Collision
9,2,7,Saab,Urban,1,8,4,Male,Single,28,Policy Holder,Sedan - Liability,Sport,30000 to 39000,0,8641,16,400,1,more than 30,more than 30,more than 4,7 years,31 to 35,No,No,External,more than 5,no change,1 vehicle,1995,Liability
8,5,5,Pontiac,Urban,2,8,5,Male,Married,53,Policy Holder,Sedan - Collision,Sedan,20000 to 29000,0,8642,9,400,3,more than 30,more than 30,more than 4,7 years,41 to 50,No,No,External,more than 5,no change,1 vehicle,1995,Collision
8,4,1,Pontiac,Urban,4,6,5,Male,Single,54,Policy Holder,Sedan - All Perils,Sedan,20000 to 29000,0,8643,15,400,3,more than 30,more than 30,none,6 years,41 to 50,No,No,External,1 to 2,no change,1 vehicle,1995,All Perils
6,3,5,Pontiac,Urban,5,6,4,Male,Married,45,Policy Holder,Sedan - All Perils,Sedan,20000 to 29000,0,8644,1,400,4,more than 30,more than 30,none,7 years,36 to 40,No,No,External,1 to 2,no change,1 vehicle,1995,All Perils
5,4,6,Pontiac,Urban,4,5,1,Male,Married,64,Policy Holder,Sedan - Liability,Sport,20000 to 29000,0,8645,3,400,4,more than 30,more than 30,2 to 4,more than 7,51 to 65,No,No,External,3 to 5,no change,1 vehicle,1995,Liability
5,3,3,Pontiac,Urban,4,2,3,Male,Married,47,Third Party,Sedan - Collision,Sedan,20000 to 29000,0,8646,14,400,1,more than 30,more than 30,2 to 4,7 years,41 to 50,No,No,External,more than 5,1 year,1 vehicle,1995,Collision
2,4,6,VW,Rural,2,9,4,Male,Married,52,Third Party,Sedan - All Perils,Sedan,more than 69000,0,8647,9,400,1,more than 30,more than 30,none,more than 7,41 to 50,No,No,External,1 to 2,no change,1 vehicle,1995,All Perils
9,2,5,Honda,Rural,6,12,3,Male,Single,0,Third Party,Sedan - Liability,Sport,more than 69000,0,8648,5,400,3,more than 30,more than 30,2 to 4,new,16 to 17,No,No,External,none,no change,1 vehicle,1995,Liability
12,3,6,Toyota,Urban,2,10,3,Male,Married,47,Policy Holder,Sedan - Liability,Sport,30000 to 39000,1,8649,10,400,4,more than 30,more than 30,more than 4,more than 7,41 to 50,No,No,External,more than 5,no change,1 vehicle,1995,Liability
10,2,1,Honda,Urban,1,2,2,Male,Married,29,Policy Holder,Sedan - All Perils,Sedan,20000 to 29000,0,8650,16,700,1,more than 30,more than 30,more than 4,7 years,31 to 35,No,No,External,more than 5,no change,1 vehicle,1995,All Perils
2,3,6,Chevrolet,Urban,1,8,4,Female,Married,44,Policy Holder,Sedan - Liability,Sport,30000 to 39000,0,8651,12,400,2,more than 30,more than 30,2 to 4,7 years,36 to 40,No,No,External,none,no change,1 vehicle,1995,Liability
8,4,7,Pontiac,Urban,1,7,5,Male,Single,50,Policy Holder,Sedan - Liability,Sport,30000 to 39000,0,8652,3,400,1,more than 30,more than 30,more than 4,7 years,41 to 50,No,No,External,none,no change,3 to 4,1995,Liability
7,4,4,Toyota,Urban,4,4,4,Male,Single,24,Policy Holder,Sedan - Liability,Sport,20000 to 29000,0,8653,5,400,4,more than 30,more than 30,2 to 4,5 years,26 to 30,No,No,External,none,4 to 8 years,2 vehicles,1995,Liability
4,1,6,Toyota,Urban,3,8,1,Male,Married,54,Policy Holder,Sedan - Liability,Sport,30000 to 39000,0,8654,13,400,2,more than 30,more than 30,2 to 4,more than 7,41 to 50,No,No,External,more than 5,no change,1 vehicle,1995,Liability
4,1,5,Accura,Rural,5,3,1,Male,Married,41,Policy Holder,Sedan - Liability,Sport,30000 to 39000,0,8655,8,400,1,more than 30,more than 30,more than 4,7 years,36 to 40,No,No,External,none,no change,1 vehicle,1995,Liability
3,1,6,Chevrolet,Rural,1,3,2,Male,Married,41,Policy Holder,Sedan - All Perils,Sedan,more than 69000,0,8656,13,400,2,more than 30,more than 30,2 to 4,more than 7,36 to 40,No,No,External,more than 5,no change,1 vehicle,1995,All Perils
3,1,2,Toyota,Urban,3,2,1,Male,Married,54,Policy Holder,Sedan - All Perils,Sedan,20000 to 29000,0,8657,11,400,4,more than 30,more than 30,none,more than 7,41 to 50,No,No,External,more than 5,no change,1 vehicle,1995,All Perils
2,2,3,VW,Urban,3,2,2,Male,Married,59,Policy Holder,Sedan - Liability,Sport,more than 69000,0,8658,5,400,3,more than 30,more than 30,2 to 4,more than 7,51 to 65,No,No,External,more than 5,no change,1 vehicle,1995,Liability
2,2,2,Toyota,Urban,2,2,2,Male,Married,39,Policy Holder,Sedan - Collision,Sedan,20000 to 29000,0,8659,13,400,1,more than 30,more than 30,2 to 4,7 years,36 to 40,Yes,No,External,more than 5,no change,1 vehicle,1995,Collision
7,2,7,Honda,Urban,3,4,2,Male,Married,58,Policy Holder,Sedan - Collision,Sedan,20000 to 29000,0,8660,13,400,1,more than 30,more than 30,1,more than 7,51 to 65,No,No,External,3 to 5,no change,1 vehicle,1995,Collision
4,3,7,Saturn,Urban,6,4,3,Male,Married,39,Policy Holder,Sedan - Collision,Sedan,30000 to 39000,0,8661,16,400,3,more than 30,more than 30,none,7 years,36 to 40,No,No,External,none,no change,1 vehicle,1995,Collision
4,1,4,Honda,Urban,4,2,2,Female,Single,27,Third Party,Sedan - Liability,Sport,20000 to 29000,0,8662,4,400,3,more than 30,more than 30,more than 4,6 years,31 to 35,No,No,External,none,no change,1 vehicle,1995,Liability
2,2,3,Chevrolet,Rural,5,1,2,Male,Married,64,Third Party,Sedan - All Perils,Sedan,more than 69000,0,8663,12,400,4,more than 30,more than 30,none,more than 7,51 to 65,No,No,External,more than 5,no change,5 to 8,1995,All Perils
1,4,4,Chevrolet,Urban,4,2,5,Male,Married,58,Third Party,Sedan - All Perils,Sedan,20000 to 29000,0,8664,1,400,1,more than 30,more than 30,1,more than 7,51 to 65,Yes,Yes,External,none,no change,1 vehicle,1995,All Perils
1,4,6,Toyota,Urban,1,12,2,Male,Married,55,Policy Holder,Sedan - Liability,Sport,20000 to 29000,0,8665,15,400,1,more than 30,more than 30,more than 4,more than 7,41 to 50,No,No,External,3 to 5,no change,1 vehicle,1995,Liability
12,3,2,Accura,Urban,4,2,3,Male,Single,33,Policy Holder,Sedan - Collision,Sedan,30000 to 39000,1,8666,11,400,4,more than 30,more than 30,none,6 years,31 to 35,No,No,External,none,no change,1 vehicle,1995,Collision
1,3,6,Chevrolet,Urban,3,12,1,Female,Single,26,Third Party,Sedan - Liability,Sport,20000 to 29000,0,8667,2,400,2,more than 30,more than 30,more than 4,5 years,31 to 35,No,No,External,none,no change,1 vehicle,1995,Liability
12,3,1,Mazda,Urban,3,2,4,Male,Single,28,Policy Holder,Sedan - Liability,Sport,30000 to 39000,0,8668,6,400,3,more than 30,more than 30,more than 4,5 years,31 to 35,No,No,External,1 to 2,no change,1 vehicle,1995,Liability
1,3,2,Pontiac,Urban,3,1,1,Male,Married,48,Policy Holder,Sedan - Liability,Sport,30000 to 39000,0,8669,11,400,1,more than 30,more than 30,1,more than 7,41 to 50,No,No,External,none,no change,1 vehicle,1995,Liability
1,3,4,Honda,Urban,4,1,3,Male,Single,0,Policy Holder,Sedan - Collision,Sedan,more than 69000,0,8670,1,400,1,more than 30,more than 30,none,new,16 to 17,No,No,External,none,no change,1 vehicle,1995,Collision
1,1,6,Toyota,Urban,4,12,3,Male,Married,33,Policy Holder,Sedan - Liability,Sport,20000 to 29000,0,8671,15,500,3,8 to 15,more than 30,none,7 years,31 to 35,No,No,External,none,2 to 3 years,1 vehicle,1995,Liability
12,3,4,Pontiac,Urban,1,1,4,Male,Married,54,Third Party,Sedan - All Perils,Sedan,20000 to 29000,0,8672,11,400,2,more than 30,more than 30,none,7 years,41 to 50,No,No,External,none,no change,1 vehicle,1995,All Perils
1,1,6,Saab,Rural,2,12,4,Male,Married,45,Policy Holder,Sedan - Liability,Sport,30000 to 39000,0,8673,14,400,3,more than 30,more than 30,2 to 4,7 years,36 to 40,No,No,External,3 to 5,no change,1 vehicle,1995,Liability
12,3,1,Pontiac,Urban,2,3,3,Male,Married,41,Third Party,Sedan - All Perils,Sedan,20000 to 29000,0,8674,12,400,4,more than 30,more than 30,none,7 years,36 to 40,No,No,External,1 to 2,4 to 8 years,2 vehicles,1995,All Perils
3,3,5,Pontiac,Urban,3,3,5,Male,Married,65,Policy Holder,Sedan - Liability,Sport,20000 to 29000,0,8675,13,400,4,more than 30,more than 30,more than 4,more than 7,51 to 65,No,No,External,more than 5,no change,1 vehicle,1995,Liability
3,3,4,Chevrolet,Urban,4,2,4,Male,Single,48,Policy Holder,Sedan - Liability,Sport,20000 to 29000,0,8676,15,400,3,more than 30,more than 30,none,more than 7,41 to 50,No,No,External,1 to 2,no change,1 vehicle,1995,Liability
2,3,4,Chevrolet,Urban,5,2,3,Male,Married,45,Policy Holder,Sedan - Collision,Sedan,20000 to 29000,0,8677,16,400,2,more than 30,more than 30,none,7 years,36 to 40,No,No,External,none,no change,1 vehicle,1995,Collision
2,3,5,Accura,Urban,1,3,3,Male,Single,43,Policy Holder,Sedan - Collision,Sedan,20000 to 29000,0,8678,16,400,1,more than 30,more than 30,none,more than 7,36 to 40,No,No,External,none,no change,1 vehicle,1995,Collision
3,1,7,Honda,Urban,1,12,2,Male,Married,28,Policy Holder,Sedan - All Perils,Sedan,20000 to 29000,0,8679,2,400,1,more than 30,more than 30,1,6 years,31 to 35,No,No,External,1 to 2,no change,1 vehicle,1995,All Perils
12,3,6,Pontiac,Urban,1,2,3,Male,Married,49,Policy Holder,Sedan - All Perils,Sedan,less than 20000,1,8680,14,400,2,more than 30,more than 30,none,more than 7,41 to 50,No,No,External,1 to 2,no change,1 vehicle,1995,All Perils
2,2,7,Pontiac,Urban,3,2,3,Female,Married,18,Policy Holder,Sedan - All Perils,Sedan,less than 20000,0,8681,10,400,2,more than 30,more than 30,2 to 4,3 years,21 to 25,No,No,External,1 to 2,no change,1 vehicle,1995,All Perils
2,1,5,Pontiac,Urban,5,2,3,Male,Married,35,Policy Holder,Sedan - Collision,Sedan,30000 to 39000,0,8682,8,400,4,more than 30,more than 30,none,6 years,31 to 35,No,No,External,more than 5,no change,1 vehicle,1995,Collision
2,1,1,Toyota,Urban,1,2,1,Male,Single,38,Policy Holder,Sedan - Collision,Sedan,less than 20000,0,8683,15,400,2,more than 30,more than 30,2 to 4,7 years,36 to 40,Yes,Yes,External,none,no change,1 vehicle,1995,Collision
2,2,7,Pontiac,Urban,1,12,2,Female,Single,43,Policy Holder,Sedan - Collision,Sedan,30000 to 39000,0,8684,14,400,2,more than 30,more than 30,2 to 4,5 years,36 to 40,No,No,External,more than 5,no change,1 vehicle,1995,Collision
12,3,5,Honda,Urban,4,1,3,Male,Married,58,Third Party,Sport - Collision,Sport,more than 69000,0,8685,16,400,2,more than 30,more than 30,2 to 4,more than 7,51 to 65,No,No,External,none,no change,1 vehicle,1995,Collision
1,3,7,Toyota,Urban,2,1,3,Male,Married,34,Third Party,Sedan - Collision,Sedan,20000 to 29000,0,8686,11,400,3,more than 30,more than 30,1,6 years,31 to 35,No,No,External,none,no change,1 vehicle,1995,Collision
1,3,6,Toyota,Urban,3,1,4,Male,Married,50,Policy Holder,Sedan - Collision,Sedan,20000 to 29000,0,8687,11,400,4,more than 30,more than 30,2 to 4,more than 7,41 to 50,No,No,External,none,no change,1 vehicle,1995,Collision
1,3,4,Chevrolet,Urban,5,1,3,Male,Married,29,Policy Holder,Sedan - Collision,Sedan,20000 to 29000,0,8688,7,400,2,more than 30,more than 30,more than 4,7 years,31 to 35,No,No,External,none,no change,1 vehicle,1995,Collision
1,2,2,Toyota,Urban,4,1,3,Female,Single,51,Policy Holder,Sedan - All Perils,Sedan,less than 20000,0,8689,7,400,3,more than 30,more than 30,1,7 years,41 to 50,No,No,External,none,no change,1 vehicle,1995,All Perils
1,2,5,Saab,Urban,3,1,2,Male,Married,27,Policy Holder,Sedan - All Perils,Sedan,30000 to 39000,0,8690,13,400,2,more than 30,more than 30,none,7 years,31 to 35,No,No,External,none,no change,1 vehicle,1995,All Perils
12,4,1,Mazda,Urban,3,12,1,Female,Single,31,Third Party,Sedan - Collision,Sedan,20000 to 29000,0,8691,10,400,3,more than 30,more than 30,1,6 years,31 to 35,No,No,External,1 to 2,no change,1 vehicle,1995,Collision
12,3,5,Accura,Urban,4,1,5,Male,Single,36,Policy Holder,Utility - All Perils,Utility,more than 69000,1,8692,14,400,1,more than 30,more than 30,none,7 years,36 to 40,No,No,External,none,no change,1 vehicle,1995,All Perils
1,4,1,Pontiac,Urban,1,12,4,Male,Married,38,Policy Holder,Sedan - All Perils,Sedan,less than 20000,0,8693,9,400,3,more than 30,more than 30,none,more than 7,36 to 40,No,No,External,1 to 2,no change,3 to 4,1995,All Perils
12,3,3,Toyota,Urban,2,1,3,Female,Married,26,Policy Holder,Sedan - Collision,Sedan,30000 to 39000,1,8694,12,400,2,more than 30,more than 30,2 to 4,5 years,31 to 35,No,No,External,more than 5,no change,1 vehicle,1995,Collision
1,1,6,Chevrolet,Urban,2,2,2,Male,Married,29,Policy Holder,Sedan - Liability,Sport,30000 to 39000,0,8695,6,400,3,more than 30,more than 30,2 to 4,6 years,31 to 35,No,No,External,none,4 to 8 years,2 vehicles,1995,Liability
1,1,5,Mazda,Rural,5,1,1,Male,Married,49,Policy Holder,Sedan - Liability,Sport,20000 to 29000,0,8696,16,400,2,more than 30,more than 30,2 to 4,more than 7,41 to 50,No,No,External,more than 5,no change,1 vehicle,1995,Liability
12,2,2,Chevrolet,Urban,2,1,3,Male,Married,31,Policy Holder,Utility - Liability,Utility,more than 69000,0,8697,1,400,1,more than 30,more than 30,2 to 4,7 years,31 to 35,No,No,External,3 to 5,no change,1 vehicle,1995,Liability
12,3,1,Honda,Urban,5,1,2,Male,Married,80,Policy Holder,Sedan - All Perils,Sedan,less than 20000,0,8698,9,400,4,more than 30,more than 30,none,more than 7,over 65,No,No,External,1 to 2,no change,1 vehicle,1995,All Perils
12,3,2,Pontiac,Urban,1,1,2,Male,Married,47,Third Party,Sedan - Collision,Sedan,30000 to 39000,0,8699,5,400,1,more than 30,more than 30,none,more than 7,41 to 50,No,No,External,more than 5,no change,1 vehicle,1995,Collision
12,4,1,Honda,Rural,1,1,2,Male,Single,0,Policy Holder,Sedan - Collision,Sedan,more than 69000,0,8700,8,400,2,more than 30,more than 30,none,new,16 to 17,No,No,External,none,no change,1 vehicle,1995,Collision
12,4,4,Honda,Urban,2,1,1,Male,Single,0,Policy Holder,Sedan - Collision,Sedan,more than 69000,0,8701,9,400,2,more than 30,more than 30,1,new,16 to 17,No,No,External,none,no change,1 vehicle,1995,Collision
12,5,1,Mazda,Urban,1,1,1,Male,Married,27,Third Party,Sedan - All Perils,Sedan,more than 69000,0,8702,10,400,2,more than 30,more than 30,2 to 4,5 years,31 to 35,No,No,External,3 to 5,no change,1 vehicle,1995,All Perils
12,3,1,Pontiac,Urban,3,12,1,Male,Married,34,Policy Holder,Sedan - All Perils,Sedan,20000 to 29000,1,8703,12,400,1,more than 30,more than 30,none,7 years,31 to 35,No,No,External,none,no change,1 vehicle,1995,All Perils
12,3,4,Saab,Urban,1,1,5,Male,Single,34,Policy Holder,Sedan - All Perils,Sedan,30000 to 39000,1,8704,15,400,2,more than 30,more than 30,2 to 4,6 years,31 to 35,No,No,External,more than 5,no change,1 vehicle,1995,All Perils
12,5,5,Honda,Urban,1,1,1,Male,Married,46,Third Party,Sedan - All Perils,Sedan,20000 to 29000,0,8705,7,400,3,more than 30,more than 30,1,7 years,41 to 50,No,No,External,none,no change,1 vehicle,1995,All Perils
12,5,6,Honda,Urban,2,1,1,Male,Married,30,Policy Holder,Sedan - Liability,Sport,20000 to 29000,0,8706,14,400,1,more than 30,more than 30,2 to 4,6 years,31 to 35,No,No,External,none,no change,1 vehicle,1995,Liability
1,1,7,Toyota,Urban,1,1,1,Male,Married,31,Policy Holder,Sedan - Liability,Sport,20000 to 29000,0,8707,16,400,3,more than 30,more than 30,more than 4,6 years,31 to 35,No,No,External,none,no change,1 vehicle,1995,Liability
1,1,1,Honda,Urban,2,1,2,Female,Married,56,Policy Holder,Sedan - Liability,Sport,20000 to 29000,0,8708,15,400,4,more than 30,more than 30,1,more than 7,51 to 65,No,No,External,1 to 2,no change,1 vehicle,1995,Liability
1,1,6,Pontiac,Urban,4,1,1,Male,Married,54,Policy Holder,Sedan - All Perils,Sedan,20000 to 29000,0,8709,7,400,4,more than 30,more than 30,none,more than 7,41 to 50,No,No,External,none,no change,1 vehicle,1995,All Perils
1,1,7,Pontiac,Urban,4,2,2,Male,Married,38,Third Party,Sedan - All Perils,Sedan,30000 to 39000,0,8710,11,400,1,more than 30,more than 30,none,7 years,36 to 40,No,No,External,more than 5,no change,1 vehicle,1995,All Perils
1,1,5,Pontiac,Rural,1,1,1,Male,Married,49,Policy Holder,Sedan - All Perils,Sedan,30000 to 39000,0,8711,15,400,1,more than 30,more than 30,none,more than 7,41 to 50,No,No,External,none,no change,1 vehicle,1995,All Perils
12,5,1,Toyota,Urban,1,1,1,Female,Married,43,Third Party,Sedan - All Perils,Sedan,20000 to 29000,0,8712,10,700,2,more than 30,more than 30,2 to 4,7 years,36 to 40,No,No,External,none,no change,1 vehicle,1995,All Perils
1,1,2,Pontiac,Urban,5,1,1,Male,Single,26,Policy Holder,Sedan - Liability,Sport,30000 to 39000,0,8713,14,400,2,more than 30,more than 30,2 to 4,7 years,31 to 35,No,No,External,none,no change,1 vehicle,1995,Liability
1,1,2,Toyota,Urban,2,12,2,Male,Married,26,Policy Holder,Sedan - All Perils,Sedan,20000 to 29000,0,8714,12,400,2,more than 30,more than 30,1,6 years,31 to 35,No,No,External,3 to 5,no change,1 vehicle,1995,All Perils
12,3,4,Toyota,Urban,5,1,4,Male,Single,22,Policy Holder,Sedan - Liability,Sport,20000 to 29000,1,8715,6,400,3,more than 30,more than 30,2 to 4,4 years,26 to 30,No,No,External,3 to 5,no change,1 vehicle,1995,Liability
1,1,4,Mazda,Urban,6,1,2,Male,Single,31,Policy Holder,Sedan - Collision,Sedan,20000 to 29000,0,8716,14,400,4,more than 30,more than 30,2 to 4,6 years,31 to 35,No,No,External,none,4 to 8 years,2 vehicles,1995,Collision
1,1,1,Chevrolet,Urban,1,1,2,Male,Married,60,Policy Holder,Sedan - All Perils,Sedan,30000 to 39000,0,8717,3,400,2,more than 30,more than 30,1,more than 7,51 to 65,No,No,External,none,no change,1 vehicle,1995,All Perils
1,2,2,Porche,Urban,5,1,4,Male,Single,44,Policy Holder,Sedan - Liability,Sport,more than 69000,0,8718,14,400,1,more than 30,more than 30,2 to 4,more than 7,36 to 40,No,No,External,none,no change,1 vehicle,1995,Liability
1,2,7,Saturn,Urban,2,1,3,Male,Single,26,Policy Holder,Sedan - Liability,Sport,30000 to 39000,0,8719,10,400,4,more than 30,more than 30,2 to 4,6 years,31 to 35,No,No,External,more than 5,no change,1 vehicle,1995,Liability
1,2,7,Toyota,Urban,1,1,2,Male,Married,47,Third Party,Sedan - All Perils,Sedan,20000 to 29000,0,8720,11,400,4,more than 30,more than 30,1,7 years,41 to 50,No,No,External,more than 5,no change,1 vehicle,1995,All Perils
1,2,3,Chevrolet,Urban,5,1,2,Male,Married,77,Third Party,Sedan - Liability,Sport,60000 to 69000,0,8721,9,400,3,more than 30,more than 30,2 to 4,more than 7,over 65,No,No,Internal,more than 5,no change,1 vehicle,1995,Liability
1,2,3,Pontiac,Urban,1,1,4,Male,Single,61,Policy Holder,Utility - All Perils,Utility,40000 to 59000,0,8722,16,500,3,more than 30,more than 30,2 to 4,more than 7,51 to 65,No,No,External,none,2 to 3 years,1 vehicle,1995,All Perils
1,2,6,Toyota,Urban,1,1,3,Male,Married,47,Policy Holder,Sedan - All Perils,Sedan,less than 20000,0,8723,1,400,4,more than 30,more than 30,none,more than 7,41 to 50,No,No,External,none,no change,1 vehicle,1995,All Perils
1,3,1,Honda,Urban,1,1,3,Male,Married,53,Policy Holder,Sedan - Collision,Sedan,40000 to 59000,0,8724,14,400,2,more than 30,more than 30,1,more than 7,41 to 50,No,No,External,none,no change,1 vehicle,1995,Collision
1,3,3,Honda,Urban,4,1,3,Male,Married,38,Policy Holder,Sedan - Liability,Sport,20000 to 29000,0,8725,12,400,3,more than 30,more than 30,2 to 4,6 years,36 to 40,No,No,External,none,no change,1 vehicle,1995,Liability
1,3,3,Honda,Urban,3,1,3,Male,Single,33,Third Party,Sedan - Collision,Sedan,20000 to 29000,0,8726,1,400,1,more than 30,more than 30,none,6 years,31 to 35,No,No,External,more than 5,no change,1 vehicle,1995,Collision
1,3,1,Chevrolet,Urban,1,1,3,Female,Married,47,Policy Holder,Sedan - Liability,Sport,more than 69000,0,8727,10,400,1,more than 30,more than 30,more than 4,7 years,41 to 50,No,No,External,more than 5,no change,1 vehicle,1995,Liability
1,4,6,Pontiac,Urban,1,1,4,Female,Married,33,Policy Holder,Sedan - Liability,Sport,more than 69000,0,8728,5,400,1,more than 30,more than 30,2 to 4,5 years,31 to 35,No,No,External,none,no change,1 vehicle,1995,Liability
1,4,6,Chevrolet,Urban,1,2,4,Male,Married,45,Policy Holder,Sedan - Collision,Sedan,20000 to 29000,0,8729,9,400,3,more than 30,more than 30,none,7 years,36 to 40,No,No,External,none,no change,1 vehicle,1995,Collision
1,5,7,Accura,Urban,4,2,2,Male,Married,72,Policy Holder,Utility - All Perils,Utility,more than 69000,0,8730,10,400,4,more than 30,more than 30,none,7 years,over 65,No,No,External,3 to 5,no change,1 vehicle,1995,All Perils
1,5,2,Honda,Urban,4,2,1,Male,Married,64,Policy Holder,Sedan - Collision,Sedan,20000 to 29000,0,8731,6,400,4,more than 30,more than 30,2 to 4,more than 7,51 to 65,No,No,External,none,no change,1 vehicle,1995,Collision
2,1,3,Mazda,Urban,5,2,2,Male,Married,51,Policy Holder,Sedan - Collision,Sedan,30000 to 39000,0,8732,6,400,4,more than 30,more than 30,none,7 years,41 to 50,No,No,External,1 to 2,no change,1 vehicle,1995,Collision
2,3,3,Honda,Urban,5,2,4,Male,Single,0,Policy Holder,Sedan - Liability,Sport,more than 69000,0,8733,9,400,1,more than 30,more than 30,2 to 4,new,16 to 17,No,No,External,none,no change,1 vehicle,1995,Liability
2,3,2,Toyota,Urban,2,12,3,Male,Married,44,Policy Holder,Sedan - All Perils,Sedan,more than 69000,0,8734,3,400,1,more than 30,more than 30,1,7 years,36 to 40,No,No,External,none,no change,5 to 8,1995,All Perils
12,3,2,Toyota,Rural,1,1,3,Female,Married,31,Third Party,Sedan - Collision,Sedan,20000 to 29000,0,8735,6,400,2,more than 30,more than 30,none,6 years,31 to 35,No,No,External,none,no change,1 vehicle,1995,Collision
12,3,1,Mazda,Urban,1,1,1,Male,Married,29,Third Party,Sedan - All Perils,Sedan,30000 to 39000,0,8736,16,400,1,more than 30,more than 30,more than 4,6 years,31 to 35,No,No,External,more than 5,no change,1 vehicle,1995,All Perils
1,1,4,Pontiac,Urban,1,1,4,Male,Single,35,Policy Holder,Sedan - All Perils,Sedan,30000 to 39000,0,8737,9,400,3,more than 30,more than 30,none,7 years,31 to 35,No,No,External,none,1 year,2 vehicles,1995,All Perils
1,1,5,Chevrolet,Urban,1,1,2,Male,Married,53,Policy Holder,Sedan - Liability,Sport,30000 to 39000,0,8738,12,400,2,more than 30,more than 30,2 to 4,more than 7,41 to 50,No,No,External,more than 5,no change,1 vehicle,1995,Liability
1,1,5,Ford,Urban,1,1,2,Male,Married,59,Policy Holder,Sedan - Collision,Sedan,more than 69000,0,8739,6,400,3,more than 30,more than 30,1,more than 7,51 to 65,No,No,External,more than 5,no change,1 vehicle,1995,Collision
1,1,4,Pontiac,Urban,2,1,2,Male,Married,51,Third Party,Sedan - All Perils,Sedan,30000 to 39000,0,8740,13,400,1,more than 30,more than 30,2 to 4,6 years,41 to 50,No,No,External,none,no change,1 vehicle,1995,All Perils
1,1,3,Pontiac,Urban,4,1,4,Male,Single,25,Policy Holder,Sedan - All Perils,Sedan,less than 20000,0,8741,13,400,2,more than 30,more than 30,none,5 years,26 to 30,No,No,External,none,no change,1 vehicle,1995,All Perils
12,4,1,Honda,Urban,3,1,2,Female,Married,51,Third Party,Sedan - Collision,Sedan,20000 to 29000,0,8742,1,400,1,more than 30,more than 30,2 to 4,7 years,41 to 50,No,No,External,1 to 2,no change,1 vehicle,1995,Collision
1,2,1,Toyota,Urban,3,3,2,Male,Married,51,Policy Holder,Sedan - Collision,Sedan,20000 to 29000,0,8743,16,700,1,more than 30,more than 30,none,more than 7,41 to 50,No,No,External,3 to 5,no change,1 vehicle,1995,Collision
1,2,7,Toyota,Urban,3,1,2,Male,Single,54,Policy Holder,Sedan - Collision,Sedan,20000 to 29000,0,8744,9,400,2,more than 30,more than 30,1,more than 7,41 to 50,No,No,External,none,no change,1 vehicle,1995,Collision
1,2,3,Honda,Urban,5,1,2,Male,Single,33,Policy Holder,Sedan - All Perils,Sedan,20000 to 29000,0,8745,13,400,4,more than 30,more than 30,1,7 years,31 to 35,No,No,External,more than 5,no change,1 vehicle,1995,All Perils
1,2,3,Toyota,Urban,3,1,2,Female,Single,28,Policy Holder,Sedan - Collision,Sedan,20000 to 29000,0,8746,7,400,4,more than 30,more than 30,none,4 years,31 to 35,No,No,External,none,no change,1 vehicle,1995,Collision
1,2,4,Honda,Urban,4,12,2,Male,Married,40,Policy Holder,Sedan - Liability,Sport,20000 to 29000,0,8747,10,400,2,more than 30,more than 30,1,7 years,36 to 40,No,No,External,none,no change,1 vehicle,1995,Liability
12,4,5,Toyota,Urban,5,1,5,Female,Married,37,Policy Holder,Sedan - Collision,Sedan,less than 20000,1,8748,14,400,3,more than 30,more than 30,1,7 years,36 to 40,Yes,No,External,none,no change,1 vehicle,1995,Collision
1,2,1,Mazda,Urban,3,1,3,Male,Married,39,Third Party,Sedan - Collision,Sedan,more than 69000,0,8749,4,400,4,more than 30,more than 30,2 to 4,6 years,36 to 40,No,No,External,more than 5,no change,1 vehicle,1995,Collision
1,3,4,Pontiac,Urban,4,1,3,Male,Single,26,Policy Holder,Sedan - Liability,Sport,20000 to 29000,0,8750,2,400,1,more than 30,more than 30,2 to 4,7 years,31 to 35,No,No,External,none,no change,1 vehicle,1995,Liability
1,3,4,Pontiac,Urban,6,1,3,Male,Married,44,Policy Holder,Sedan - Liability,Sport,20000 to 29000,0,8751,3,400,4,more than 30,more than 30,2 to 4,7 years,36 to 40,No,No,External,more than 5,no change,1 vehicle,1995,Liability
1,3,1,Toyota,Urban,2,1,4,Male,Married,40,Third Party,Sedan - All Perils,Sedan,20000 to 29000,0,8752,11,400,2,more than 30,more than 30,none,7 years,36 to 40,No,No,External,none,no change,1 vehicle,1995,All Perils
1,4,5,Honda,Urban,3,2,4,Male,Married,26,Third Party,Sedan - Collision,Sedan,20000 to 29000,0,8753,8,400,3,more than 30,more than 30,1,6 years,31 to 35,No,No,External,1 to 2,no change,1 vehicle,1995,Collision
1,4,4,Toyota,Urban,1,1,1,Male,Married,62,Policy Holder,Sedan - Liability,Sport,20000 to 29000,0,8754,3,400,4,more than 30,more than 30,none,6 years,51 to 65,No,No,External,3 to 5,no change,1 vehicle,1995,Liability
12,4,6,Toyota,Urban,5,2,4,Male,Married,30,Third Party,Sedan - All Perils,Sedan,more than 69000,0,8755,10,400,1,more than 30,more than 30,2 to 4,7 years,31 to 35,No,No,External,none,no change,1 vehicle,1995,All Perils
2,1,5,Honda,Urban,1,2,2,Male,Married,38,Policy Holder,Sedan - All Perils,Sedan,20000 to 29000,0,8756,16,400,3,more than 30,more than 30,2 to 4,7 years,36 to 40,No,No,External,none,no change,1 vehicle,1995,All Perils
2,2,4,Toyota,Urban,3,2,2,Male,Single,31,Policy Holder,Sedan - All Perils,Sedan,20000 to 29000,0,8757,1,400,3,more than 30,more than 30,none,6 years,31 to 35,No,No,External,none,no change,1 vehicle,1995,All Perils
2,2,1,Toyota,Urban,2,2,3,Female,Married,51,Policy Holder,Sedan - All Perils,Sedan,20000 to 29000,0,8758,7,400,3,more than 30,more than 30,2 to 4,more than 7,41 to 50,No,No,External,3 to 5,4 to 8 years,2 vehicles,1995,All Perils
2,2,2,Mazda,Urban,5,2,3,Female,Single,52,Policy Holder,Sedan - Collision,Sedan,20000 to 29000,0,8759,6,400,3,more than 30,more than 30,more than 4,more than 7,41 to 50,No,No,External,more than 5,no change,1 vehicle,1995,Collision
2,4,3,Pontiac,Urban,4,11,4,Male,Married,57,Policy Holder,Sedan - Collision,Sedan,30000 to 39000,0,8760,16,400,3,more than 30,more than 30,1,more than 7,51 to 65,No,No,External,3 to 5,no change,1 vehicle,1995,Collision
11,2,5,Honda,Urban,2,9,2,Male,Single,54,Third Party,Sedan - Collision,Sedan,30000 to 39000,0,8761,12,400,3,more than 30,more than 30,1,more than 7,41 to 50,No,No,External,1 to 2,no change,1 vehicle,1995,Collision
9,4,4,Mazda,Rural,5,9,4,Female,Married,31,Policy Holder,Sedan - Liability,Sport,20000 to 29000,0,8762,10,400,4,more than 30,more than 30,none,6 years,31 to 35,No,No,External,3 to 5,no change,1 vehicle,1995,Liability
9,4,2,Pontiac,Urban,2,4,5,Male,Single,33,Third Party,Sedan - All Perils,Sedan,20000 to 29000,0,8763,11,400,1,more than 30,more than 30,2 to 4,5 years,31 to 35,No,No,External,1 to 2,no change,1 vehicle,1995,All Perils
4,2,3,Mazda,Urban,1,3,3,Male,Married,42,Policy Holder,Sedan - Collision,Sedan,20000 to 29000,0,8764,1,400,4,more than 30,more than 30,1,6 years,36 to 40,No,No,External,1 to 2,no change,1 vehicle,1995,Collision
2,4,4,Pontiac,Urban,5,2,3,Female,Married,36,Policy Holder,Sedan - Collision,Sedan,30000 to 39000,0,8765,6,400,4,more than 30,more than 30,none,7 years,36 to 40,No,No,External,1 to 2,no change,1 vehicle,1995,Collision
2,4,2,Ford,Urban,3,2,4,Male,Single,32,Policy Holder,Sedan - Liability,Sport,30000 to 39000,0,8766,12,400,3,more than 30,more than 30,2 to 4,7 years,31 to 35,No,No,External,none,no change,1 vehicle,1995,Liability
2,4,7,Honda,Urban,1,2,4,Male,Single,34,Policy Holder,Sedan - Liability,Sport,20000 to 29000,0,8767,16,400,1,more than 30,more than 30,more than 4,7 years,31 to 35,No,No,External,none,no change,1 vehicle,1995,Liability
2,3,1,Toyota,Urban,5,2,3,Female,Single,32,Policy Holder,Sedan - All Perils,Sedan,less than 20000,0,8768,6,400,4,more than 30,more than 30,none,5 years,31 to 35,No,No,External,none,no change,1 vehicle,1995,All Perils
2,3,5,Pontiac,Urban,3,1,4,Male,Single,31,Policy Holder,Sedan - Liability,Sport,20000 to 29000,0,8769,16,400,3,more than 30,more than 30,2 to 4,6 years,31 to 35,No,No,External,1 to 2,no change,1 vehicle,1995,Liability
12,4,5,Pontiac,Urban,3,3,2,Male,Married,44,Policy Holder,Sedan - All Perils,Sedan,less than 20000,1,8770,7,400,4,more than 30,more than 30,2 to 4,7 years,36 to 40,No,No,External,1 to 2,no change,1 vehicle,1995,All Perils
2,3,7,Nisson,Urban,5,2,1,Male,Married,28,Policy Holder,Sedan - Liability,Sport,30000 to 39000,0,8771,4,400,4,more than 30,more than 30,2 to 4,6 years,31 to 35,No,No,External,1 to 2,no change,1 vehicle,1995,Liability
2,3,6,Pontiac,Urban,1,2,4,Male,Married,51,Policy Holder,Sedan - Collision,Sedan,20000 to 29000,0,8772,2,400,2,more than 30,more than 30,none,more than 7,41 to 50,No,No,External,more than 5,no change,1 vehicle,1995,Collision
2,3,1,Toyota,Urban,4,2,3,Male,Married,48,Policy Holder,Sedan - Liability,Sport,30000 to 39000,0,8773,9,500,4,more than 30,more than 30,more than 4,more than 7,41 to 50,No,No,External,more than 5,2 to 3 years,1 vehicle,1995,Liability
2,2,2,Chevrolet,Rural,1,2,3,Male,Single,24,Policy Holder,Sedan - Collision,Sedan,20000 to 29000,0,8774,8,400,3,more than 30,more than 30,1,5 years,26 to 30,No,No,External,none,no change,1 vehicle,1995,Collision
2,3,5,Mercury,Urban,5,2,4,Male,Married,34,Policy Holder,Sedan - Collision,Sedan,20000 to 29000,0,8775,11,400,2,more than 30,more than 30,2 to 4,5 years,31 to 35,No,No,External,none,no change,3 to 4,1995,Collision
2,2,2,Mazda,Urban,1,2,2,Male,Single,40,Policy Holder,Sedan - Collision,Sedan,30000 to 39000,0,8776,11,400,2,more than 30,more than 30,2 to 4,more than 7,36 to 40,No,No,External,none,no change,1 vehicle,1995,Collision
2,2,3,Toyota,Urban,4,2,2,Female,Married,42,Policy Holder,Sedan - Collision,Sedan,30000 to 39000,0,8777,14,400,2,more than 30,more than 30,2 to 4,7 years,36 to 40,No,No,External,more than 5,no change,1 vehicle,1995,Collision
2,2,6,Mazda,Urban,3,2,2,Male,Single,48,Policy Holder,Sedan - Liability,Sport,more than 69000,0,8778,15,400,3,more than 30,more than 30,none,more than 7,41 to 50,No,No,External,more than 5,no change,1 vehicle,1995,Liability
2,1,3,Dodge,Urban,2,2,2,Male,Single,31,Policy Holder,Sedan - Collision,Sedan,20000 to 29000,0,8779,9,400,2,more than 30,more than 30,none,6 years,31 to 35,No,No,External,none,4 to 8 years,2 vehicles,1995,Collision
1,4,4,Pontiac,Rural,5,1,2,Male,Married,39,Policy Holder,Sedan - All Perils,Sedan,20000 to 29000,0,8780,1,400,2,more than 30,more than 30,none,7 years,36 to 40,No,No,External,more than 5,no change,1 vehicle,1995,All Perils
1,3,4,Mazda,Urban,6,1,3,Female,Married,26,Policy Holder,Sedan - All Perils,Sedan,20000 to 29000,0,8781,7,400,4,more than 30,more than 30,none,7 years,31 to 35,No,No,External,none,no change,1 vehicle,1995,All Perils
1,2,1,Honda,Urban,3,3,3,Male,Married,50,Policy Holder,Sedan - Collision,Sedan,20000 to 29000,0,8782,3,400,1,more than 30,more than 30,more than 4,5 years,41 to 50,No,No,External,1 to 2,no change,1 vehicle,1995,Collision
1,2,2,Pontiac,Urban,4,2,1,Male,Married,72,Policy Holder,Sedan - All Perils,Sedan,20000 to 29000,0,8783,6,400,3,more than 30,more than 30,none,7 years,over 65,No,No,External,none,no change,1 vehicle,1995,All Perils
12,4,6,Toyota,Urban,4,2,4,Male,Married,50,Policy Holder,Sedan - All Perils,Sedan,20000 to 29000,0,8784,2,400,4,more than 30,more than 30,2 to 4,more than 7,41 to 50,No,No,External,none,no change,1 vehicle,1995,All Perils
12,4,6,Toyota,Urban,1,10,2,Male,Married,46,Policy Holder,Sedan - All Perils,Sedan,more than 69000,1,8785,8,400,4,more than 30,more than 30,none,more than 7,41 to 50,No,No,External,more than 5,no change,1 vehicle,1995,All Perils
10,1,1,Toyota,Urban,3,3,1,Female,Single,27,Third Party,Sedan - Collision,Sedan,20000 to 29000,0,8786,5,400,2,more than 30,more than 30,2 to 4,2 years,31 to 35,No,Yes,External,none,no change,1 vehicle,1995,Collision
3,2,1,Honda,Urban,2,2,2,Female,Single,30,Policy Holder,Sedan - Liability,Sport,20000 to 29000,0,8787,7,400,1,more than 30,more than 30,2 to 4,5 years,31 to 35,No,No,External,none,no change,1 vehicle,1995,Liability
2,4,1,Mazda,Urban,1,2,4,Male,Married,41,Third Party,Sedan - Liability,Sport,30000 to 39000,0,8788,16,400,3,more than 30,more than 30,2 to 4,more than 7,36 to 40,No,No,External,3 to 5,no change,1 vehicle,1995,Liability
2,4,4,Pontiac,Urban,5,2,4,Female,Married,46,Policy Holder,Sedan - Liability,Sport,30000 to 39000,0,8789,1,400,1,more than 30,more than 30,2 to 4,more than 7,41 to 50,No,No,External,1 to 2,no change,1 vehicle,1995,Liability
2,3,2,Chevrolet,Urban,2,3,3,Female,Married,28,Third Party,Sedan - Liability,Sport,more than 69000,0,8790,12,400,1,more than 30,more than 30,2 to 4,6 years,31 to 35,No,No,External,none,no change,1 vehicle,1995,Liability
2,3,3,Pontiac,Urban,5,2,1,Female,Married,54,Policy Holder,Sedan - Collision,Sedan,20000 to 29000,0,8791,16,400,4,more than 30,more than 30,2 to 4,more than 7,41 to 50,No,No,External,1 to 2,no change,1 vehicle,1995,Collision
2,2,1,Ford,Urban,2,2,2,Male,Married,62,Policy Holder,Sedan - All Perils,Sedan,30000 to 39000,0,8792,15,400,3,more than 30,more than 30,none,more than 7,51 to 65,No,No,External,none,no change,1 vehicle,1995,All Perils
2,2,1,Pontiac,Urban,4,2,2,Male,Married,32,Policy Holder,Sedan - All Perils,Sedan,20000 to 29000,0,8793,4,400,4,more than 30,more than 30,2 to 4,7 years,31 to 35,No,No,External,1 to 2,no change,1 vehicle,1995,All Perils
1,5,1,Pontiac,Urban,2,2,1,Female,Single,29,Third Party,Sedan - Collision,Sedan,less than 20000,0,8794,4,400,1,more than 30,more than 30,none,5 years,31 to 35,No,No,External,1 to 2,no change,1 vehicle,1995,Collision
1,5,6,Toyota,Urban,3,2,3,Female,Married,39,Third Party,Sedan - All Perils,Sedan,20000 to 29000,0,8795,8,400,2,more than 30,more than 30,1,more than 7,36 to 40,No,No,External,none,no change,1 vehicle,1995,All Perils
1,5,5,Chevrolet,Urban,5,1,2,Male,Married,79,Third Party,Sedan - All Perils,Sedan,30000 to 39000,0,8796,1,400,3,more than 30,more than 30,none,more than 7,over 65,No,No,External,more than 5,no change,1 vehicle,1995,All Perils
1,5,3,Mazda,Urban,3,1,5,Male,Married,45,Policy Holder,Sedan - Collision,Sedan,20000 to 29000,0,8797,14,400,3,more than 30,more than 30,none,7 years,36 to 40,No,No,External,none,no change,1 vehicle,1995,Collision
1,4,3,Pontiac,Urban,3,1,4,Male,Single,46,Third Party,Sedan - Collision,Sedan,20000 to 29000,0,8798,9,400,2,more than 30,more than 30,none,more than 7,41 to 50,No,No,External,more than 5,no change,1 vehicle,1995,Collision
1,4,5,Pontiac,Urban,5,1,4,Male,Single,29,Policy Holder,Sedan - Liability,Sport,20000 to 29000,0,8799,14,400,2,more than 30,more than 30,more than 4,6 years,31 to 35,No,No,External,more than 5,no change,1 vehicle,1995,Liability
1,4,6,Toyota,Urban,1,1,4,Male,Married,28,Third Party,Sedan - Liability,Sport,20000 to 29000,0,8800,15,400,1,more than 30,more than 30,2 to 4,7 years,31 to 35,No,No,External,none,4 to 8 years,2 vehicles,1995,Liability
1,3,3,Mercury,Urban,3,1,3,Male,Married,30,Policy Holder,Sedan - All Perils,Sedan,more than 69000,0,8801,4,400,4,more than 30,more than 30,none,7 years,31 to 35,No,No,External,1 to 2,no change,1 vehicle,1995,All Perils
1,2,7,Mazda,Urban,3,1,2,Female,Single,54,Policy Holder,Sedan - Collision,Sedan,20000 to 29000,0,8802,11,400,2,more than 30,more than 30,more than 4,more than 7,41 to 50,No,No,External,none,no change,1 vehicle,1995,Collision
1,2,3,Honda,Urban,1,1,2,Male,Single,0,Policy Holder,Sedan - Liability,Sport,more than 69000,0,8803,14,400,1,more than 30,more than 30,2 to 4,new,16 to 17,No,No,External,none,no change,1 vehicle,1995,Liability
1,1,6,Pontiac,Urban,5,5,3,Female,Single,33,Third Party,Sedan - Liability,Sport,20000 to 29000,0,8804,7,400,4,more than 30,more than 30,none,6 years,31 to 35,No,No,External,none,no change,1 vehicle,1995,Liability
1,1,6,Pontiac,Rural,4,1,3,Male,Married,48,Policy Holder,Sedan - Collision,Sedan,20000 to 29000,0,8805,9,700,2,more than 30,more than 30,none,7 years,41 to 50,No,No,External,none,no change,1 vehicle,1995,Collision
12,3,6,Mazda,Urban,1,6,4,Male,Single,41,Policy Holder,Sedan - Liability,Sport,20000 to 29000,0,8806,11,400,2,more than 30,more than 30,2 to 4,5 years,36 to 40,No,No,External,none,no change,1 vehicle,1995,Liability
6,2,1,Pontiac,Urban,5,2,4,Male,Married,64,Policy Holder,Sedan - Liability,Sport,less than 20000,0,8807,9,400,4,more than 30,more than 30,2 to 4,7 years,51 to 65,No,No,External,1 to 2,no change,1 vehicle,1995,Liability
2,3,3,Pontiac,Urban,3,3,3,Male,Married,52,Third Party,Sedan - All Perils,Sedan,less than 20000,0,8808,14,400,3,more than 30,more than 30,none,more than 7,41 to 50,No,No,External,more than 5,no change,1 vehicle,1995,All Perils
3,1,7,Pontiac,Urban,4,2,1,Male,Single,35,Policy Holder,Sedan - Liability,Sport,30000 to 39000,0,8809,3,400,2,more than 30,more than 30,more than 4,6 years,31 to 35,No,No,External,none,no change,1 vehicle,1995,Liability
2,3,2,Pontiac,Urban,1,4,4,Female,Single,35,Policy Holder,Sedan - Liability,Sport,20000 to 29000,0,8810,6,400,1,more than 30,more than 30,2 to 4,6 years,31 to 35,No,No,External,none,no change,1 vehicle,1995,Liability
3,5,2,Toyota,Urban,2,3,1,Male,Married,34,Third Party,Sedan - All Perils,Sedan,20000 to 29000,0,8811,15,400,3,more than 30,more than 30,1,6 years,31 to 35,No,No,External,none,no change,1 vehicle,1995,All Perils
3,4,5,Mazda,Urban,5,6,4,Male,Married,44,Policy Holder,Sedan - Liability,Sport,30000 to 39000,0,8812,2,400,1,more than 30,more than 30,more than 4,6 years,36 to 40,No,No,External,none,no change,1 vehicle,1995,Liability
6,2,5,Pontiac,Urban,2,12,2,Female,Single,38,Policy Holder,Sedan - Liability,Sport,20000 to 29000,0,8813,11,400,3,more than 30,more than 30,more than 4,6 years,36 to 40,No,No,External,none,no change,1 vehicle,1995,Liability
11,4,1,Honda,Urban,2,11,2,Male,Married,28,Policy Holder,Sedan - Liability,Sport,20000 to 29000,0,8814,10,400,2,more than 30,more than 30,2 to 4,6 years,31 to 35,No,No,External,3 to 5,no change,1 vehicle,1995,Liability
10,4,4,Pontiac,Urban,4,6,3,Male,Single,27,Policy Holder,Sedan - All Perils,Sedan,20000 to 29000,0,8815,9,400,3,more than 30,more than 30,2 to 4,5 years,31 to 35,No,No,External,3 to 5,no change,1 vehicle,1995,All Perils
6,3,3,Pontiac,Urban,3,3,3,Male,Single,46,Third Party,Sedan - Collision,Sedan,more than 69000,0,8816,15,400,3,more than 30,more than 30,none,more than 7,41 to 50,No,No,External,more than 5,no change,3 to 4,1995,Collision
3,1,7,Mazda,Urban,3,12,1,Male,Married,33,Third Party,Sedan - Collision,Sedan,more than 69000,0,8817,2,400,2,more than 30,more than 30,2 to 4,7 years,31 to 35,No,No,External,none,no change,1 vehicle,1995,Collision
12,4,4,Pontiac,Rural,3,4,5,Male,Single,25,Third Party,Sedan - Collision,Sedan,20000 to 29000,0,8818,1,400,2,more than 30,more than 30,1,5 years,26 to 30,No,No,External,none,no change,1 vehicle,1995,Collision
4,1,1,Mazda,Urban,1,7,3,Male,Single,27,Policy Holder,Sedan - Collision,Sedan,30000 to 39000,0,8819,12,400,3,more than 30,more than 30,2 to 4,7 years,31 to 35,No,No,External,3 to 5,no change,1 vehicle,1995,Collision
7,1,5,Pontiac,Urban,2,8,2,Male,Married,49,Policy Holder,Sedan - Liability,Sport,30000 to 39000,0,8820,2,400,4,more than 30,more than 30,2 to 4,more than 7,41 to 50,No,No,External,more than 5,no change,1 vehicle,1995,Liability
8,2,3,Mazda,Urban,1,11,4,Male,Married,40,Third Party,Sedan - All Perils,Sedan,20000 to 29000,0,8821,4,400,3,more than 30,more than 30,none,6 years,36 to 40,No,No,External,more than 5,4 to 8 years,2 vehicles,1995,All Perils
8,2,6,Toyota,Urban,5,9,1,Male,Married,47,Policy Holder,Sedan - Collision,Sedan,30000 to 39000,0,8822,2,400,3,more than 30,more than 30,1,7 years,41 to 50,Yes,No,External,3 to 5,no change,1 vehicle,1995,Collision
8,3,3,Mazda,Urban,3,3,1,Male,Married,33,Policy Holder,Sedan - Liability,Sport,20000 to 29000,0,8823,6,400,3,more than 30,more than 30,2 to 4,7 years,31 to 35,No,No,External,1 to 2,no change,1 vehicle,1995,Liability
2,4,4,Honda,Urban,3,8,2,Male,Single,36,Policy Holder,Sedan - Collision,Sedan,30000 to 39000,0,8824,8,500,2,more than 30,more than 30,2 to 4,7 years,36 to 40,No,No,External,1 to 2,2 to 3 years,1 vehicle,1995,Collision
3,3,6,Pontiac,Urban,4,5,1,Male,Married,43,Policy Holder,Sedan - Liability,Sport,20000 to 29000,0,8825,3,400,2,more than 30,more than 30,more than 4,more than 7,36 to 40,No,No,External,1 to 2,no change,1 vehicle,1995,Liability
4,5,5,Toyota,Urban,5,4,1,Male,Married,47,Policy Holder,Sedan - Liability,Sport,more than 69000,0,8826,13,400,3,more than 30,more than 30,1,more than 7,41 to 50,No,No,External,more than 5,no change,1 vehicle,1995,Liability
4,4,7,Toyota,Urban,2,5,4,Male,Married,53,Third Party,Sedan - Liability,Sport,30000 to 39000,0,8827,12,400,1,more than 30,more than 30,1,more than 7,41 to 50,No,No,External,more than 5,no change,1 vehicle,1995,Liability
4,4,4,Toyota,Urban,3,4,1,Male,Single,24,Policy Holder,Sedan - All Perils,Sedan,20000 to 29000,0,8828,6,400,4,more than 30,more than 30,2 to 4,4 years,26 to 30,No,No,External,more than 5,1 year,1 vehicle,1995,All Perils
4,2,6,Toyota,Urban,4,6,2,Male,Married,51,Policy Holder,Sedan - Liability,Sport,less than 20000,0,8829,9,400,4,more than 30,more than 30,more than 4,more than 7,41 to 50,No,No,External,more than 5,no change,1 vehicle,1995,Liability
5,5,7,Chevrolet,Rural,1,2,1,Male,Married,60,Third Party,Sedan - All Perils,Sedan,30000 to 39000,0,8830,12,400,4,more than 30,more than 30,none,7 years,51 to 65,No,No,External,3 to 5,no change,1 vehicle,1995,All Perils
12,4,3,Honda,Urban,3,7,1,Male,Married,47,Policy Holder,Sedan - Collision,Sedan,20000 to 29000,1,8831,12,400,1,more than 30,more than 30,2 to 4,more than 7,41 to 50,No,No,External,more than 5,no change,1 vehicle,1995,Collision
7,4,5,Pontiac,Urban,1,8,4,Male,Married,51,Policy Holder,Sedan - Liability,Sport,20000 to 29000,0,8832,16,400,4,more than 30,more than 30,none,7 years,41 to 50,No,No,External,none,no change,1 vehicle,1995,Liability
7,2,6,Chevrolet,Urban,4,1,1,Male,Single,25,Policy Holder,Sedan - Collision,Sedan,20000 to 29000,0,8833,11,400,3,more than 30,more than 30,1,5 years,26 to 30,No,No,External,none,no change,1 vehicle,1995,Collision
10,3,5,Pontiac,Urban,5,10,4,Male,Married,55,Policy Holder,Sedan - Collision,Sedan,30000 to 39000,0,8834,5,400,1,more than 30,more than 30,1,more than 7,41 to 50,No,No,External,none,no change,1 vehicle,1995,Collision
10,3,4,Mazda,Urban,2,12,4,Female,Married,36,Policy Holder,Sedan - All Perils,Sedan,30000 to 39000,0,8835,4,400,2,more than 30,more than 30,1,more than 7,36 to 40,No,No,External,none,no change,1 vehicle,1995,All Perils
12,2,2,Honda,Rural,2,2,2,Male,Married,40,Third Party,Sedan - Collision,Sedan,30000 to 39000,0,8836,13,700,4,more than 30,more than 30,2 to 4,7 years,36 to 40,No,No,External,more than 5,no change,1 vehicle,1995,Collision
2,3,2,Toyota,Urban,5,6,5,Female,Married,47,Policy Holder,Sedan - Liability,Sport,20000 to 29000,0,8837,8,400,1,more than 30,more than 30,2 to 4,more than 7,41 to 50,No,No,External,none,no change,1 vehicle,1995,Liability
4,4,5,VW,Urban,2,4,1,Female,Single,30,Policy Holder,Sedan - Liability,Sport,60000 to 69000,0,8838,4,400,1,more than 30,more than 30,more than 4,6 years,31 to 35,No,No,External,none,no change,1 vehicle,1995,Liability
4,3,1,Pontiac,Urban,2,1,3,Female,Married,37,Third Party,Sedan - All Perils,Sedan,20000 to 29000,0,8839,7,400,3,more than 30,more than 30,1,5 years,36 to 40,No,No,External,none,no change,1 vehicle,1995,All Perils
12,4,6,Toyota,Urban,2,4,1,Female,Married,26,Third Party,Sedan - All Perils,Sedan,20000 to 29000,0,8840,13,400,2,more than 30,more than 30,1,5 years,31 to 35,No,No,External,none,no change,1 vehicle,1995,All Perils
4,3,4,Honda,Urban,5,7,3,Male,Married,73,Policy Holder,Sedan - Liability,Sport,30000 to 39000,0,8841,16,400,1,more than 30,more than 30,more than 4,more than 7,over 65,No,No,External,3 to 5,no change,1 vehicle,1995,Liability
7,1,6,Toyota,Urban,3,8,2,Male,Married,46,Third Party,Sedan - All Perils,Sedan,less than 20000,0,8842,4,400,2,more than 30,more than 30,none,6 years,41 to 50,No,No,External,none,4 to 8 years,2 vehicles,1995,All Perils
8,2,3,Pontiac,Urban,2,8,4,Male,Married,50,Policy Holder,Sedan - All Perils,Sedan,less than 20000,0,8843,9,400,2,more than 30,more than 30,none,more than 7,41 to 50,No,No,External,none,no change,1 vehicle,1995,All Perils
7,4,4,Toyota,Urban,3,5,2,Male,Married,55,Policy Holder,Sedan - All Perils,Sedan,less than 20000,0,8844,8,400,4,more than 30,more than 30,none,more than 7,41 to 50,No,No,External,none,no change,1 vehicle,1995,All Perils
4,5,1,Toyota,Urban,4,12,2,Male,Married,47,Policy Holder,Sedan - All Perils,Sedan,20000 to 29000,0,8845,4,400,1,more than 30,more than 30,1,more than 7,41 to 50,No,No,External,more than 5,no change,1 vehicle,1995,All Perils
12,4,2,Pontiac,Urban,2,4,5,Male,Single,22,Policy Holder,Sedan - All Perils,Sedan,20000 to 29000,1,8846,13,400,4,more than 30,more than 30,2 to 4,5 years,26 to 30,No,No,External,more than 5,no change,1 vehicle,1995,All Perils
4,4,4,Pontiac,Urban,1,4,4,Male,Married,44,Policy Holder,Sedan - Liability,Sport,30000 to 39000,0,8847,14,400,3,more than 30,more than 30,1,7 years,36 to 40,No,No,External,more than 5,no change,1 vehicle,1995,Liability
4,4,1,VW,Urban,3,1,4,Male,Single,28,Third Party,Sedan - Liability,Sport,30000 to 39000,0,8848,14,400,1,more than 30,more than 30,more than 4,6 years,31 to 35,No,No,External,more than 5,no change,1 vehicle,1995,Liability
12,4,6,Honda,Urban,2,8,1,Male,Single,26,Third Party,Sedan - All Perils,Sedan,more than 69000,0,8849,11,400,3,more than 30,more than 30,more than 4,6 years,31 to 35,No,No,External,1 to 2,no change,1 vehicle,1995,All Perils
7,5,3,Pontiac,Urban,4,7,1,Male,Single,30,Policy Holder,Sedan - Liability,Sport,20000 to 29000,0,8850,7,400,2,more than 30,more than 30,2 to 4,3 years,31 to 35,No,No,External,none,no change,1 vehicle,1995,Liability
7,4,2,Toyota,Urban,3,12,5,Female,Single,78,Third Party,Sedan - All Perils,Sedan,less than 20000,0,8851,4,400,3,more than 30,more than 30,none,more than 7,over 65,No,No,External,1 to 2,no change,1 vehicle,1995,All Perils
12,4,4,Honda,Urban,5,9,5,Male,Married,37,Third Party,Sedan - All Perils,Sedan,30000 to 39000,0,8852,13,400,2,more than 30,more than 30,2 to 4,7 years,36 to 40,No,No,External,none,no change,1 vehicle,1995,All Perils
9,3,5,Ford,Urban,5,9,3,Female,Married,32,Policy Holder,Sedan - Collision,Sedan,more than 69000,0,8853,2,400,4,more than 30,more than 30,1,6 years,31 to 35,No,No,External,more than 5,no change,1 vehicle,1995,Collision
9,2,2,Chevrolet,Urban,2,1,3,Female,Divorced,32,Policy Holder,Sedan - Collision,Sedan,20000 to 29000,0,8854,2,400,3,more than 30,more than 30,1,7 years,31 to 35,No,No,External,none,no change,1 vehicle,1995,Collision
12,4,2,Pontiac,Urban,3,2,1,Male,Married,38,Policy Holder,Sedan - All Perils,Sedan,20000 to 29000,1,8855,5,400,4,more than 30,more than 30,none,7 years,36 to 40,No,No,External,none,no change,1 vehicle,1995,All Perils
12,4,5,Pontiac,Urban,2,5,2,Female,Married,38,Third Party,Sedan - Collision,Sedan,20000 to 29000,0,8856,9,400,3,more than 30,more than 30,2 to 4,7 years,36 to 40,No,No,External,none,no change,1 vehicle,1995,Collision
4,5,2,Pontiac,Urban,5,8,3,Male,Married,59,Policy Holder,Sedan - Collision,Sedan,30000 to 39000,0,8857,7,400,1,more than 30,more than 30,none,6 years,51 to 65,No,No,External,none,no change,3 to 4,1995,Collision
8,2,7,Saab,Urban,1,7,3,Male,Married,30,Policy Holder,Sedan - Collision,Sedan,20000 to 29000,0,8858,8,400,4,more than 30,more than 30,more than 4,6 years,31 to 35,No,No,External,none,no change,1 vehicle,1995,Collision
7,2,6,Chevrolet,Urban,1,7,2,Male,Married,55,Policy Holder,Sedan - Liability,Sport,20000 to 29000,0,8859,3,400,4,more than 30,more than 30,2 to 4,7 years,41 to 50,No,No,External,3 to 5,no change,1 vehicle,1995,Liability
7,2,2,Toyota,Urban,2,12,2,Male,Married,38,Policy Holder,Sedan - Collision,Sedan,20000 to 29000,0,8860,10,400,4,more than 30,more than 30,2 to 4,7 years,36 to 40,No,No,External,more than 5,no change,1 vehicle,1995,Collision
12,4,3,Chevrolet,Urban,5,12,4,Male,Married,46,Policy Holder,Sedan - Liability,Sport,20000 to 29000,0,8861,11,400,4,more than 30,more than 30,more than 4,more than 7,41 to 50,No,No,External,more than 5,no change,1 vehicle,1995,Liability
11,5,5,Pontiac,Urban,4,4,1,Male,Single,27,Policy Holder,Sedan - All Perils,Sedan,20000 to 29000,0,8862,4,400,4,more than 30,more than 30,none,6 years,31 to 35,No,No,External,1 to 2,no change,1 vehicle,1995,All Perils
4,3,6,Pontiac,Urban,3,6,4,Female,Married,44,Third Party,Sedan - Collision,Sedan,30000 to 39000,0,8863,9,400,4,none,15 to 30,none,7 years,36 to 40,No,No,External,none,4 to 8 years,2 vehicles,1995,Collision
6,1,4,Accura,Urban,5,6,2,Male,Married,38,Policy Holder,Utility - All Perils,Utility,more than 69000,0,8864,9,400,3,more than 30,more than 30,none,7 years,36 to 40,No,No,External,1 to 2,no change,1 vehicle,1995,All Perils
6,1,5,Toyota,Urban,2,6,1,Male,Single,29,Third Party,Sedan - Collision,Sedan,20000 to 29000,0,8865,11,400,4,more than 30,more than 30,2 to 4,6 years,31 to 35,No,No,External,1 to 2,no change,1 vehicle,1995,Collision
6,1,3,Pontiac,Urban,4,7,2,Male,Married,31,Third Party,Sedan - Collision,Sedan,20000 to 29000,0,8866,8,400,2,more than 30,more than 30,1,7 years,31 to 35,No,No,External,1 to 2,no change,1 vehicle,1995,Collision
7,1,1,Mazda,Urban,2,10,2,Male,Married,28,Policy Holder,Sedan - Liability,Sport,20000 to 29000,0,8867,16,400,3,more than 30,more than 30,2 to 4,6 years,31 to 35,No,No,External,more than 5,no change,1 vehicle,1995,Liability
10,2,1,Honda,Urban,2,9,2,Male,Single,32,Policy Holder,Sedan - Liability,Sport,20000 to 29000,0,8868,10,400,1,more than 30,more than 30,2 to 4,7 years,31 to 35,No,No,External,more than 5,no change,1 vehicle,1995,Liability
9,1,3,VW,Urban,5,11,1,Male,Single,20,Policy Holder,Sedan - Liability,Sport,more than 69000,0,8869,10,400,1,more than 30,more than 30,2 to 4,3 years,21 to 25,No,No,External,3 to 5,no change,1 vehicle,1995,Liability
10,1,1,Toyota,Urban,3,10,1,Male,Single,46,Policy Holder,Sedan - All Perils,Sedan,20000 to 29000,0,8870,5,400,1,more than 30,more than 30,2 to 4,7 years,41 to 50,Yes,No,External,3 to 5,no change,1 vehicle,1995,All Perils
10,1,2,Pontiac,Urban,2,7,2,Male,Married,37,Policy Holder,Sedan - Liability,Sport,30000 to 39000,0,8871,2,400,2,more than 30,more than 30,more than 4,7 years,36 to 40,No,No,External,1 to 2,no change,1 vehicle,1995,Liability
7,2,4,Honda,Urban,4,7,2,Female,Married,43,Policy Holder,Sedan - Collision,Sedan,40000 to 59000,0,8872,1,400,4,more than 30,more than 30,2 to 4,7 years,36 to 40,No,No,External,more than 5,no change,1 vehicle,1995,Collision
7,3,2,Honda,Urban,4,1,3,Male,Married,38,Policy Holder,Sedan - Collision,Sedan,20000 to 29000,0,8873,7,400,2,more than 30,more than 30,2 to 4,7 years,36 to 40,No,No,External,none,no change,1 vehicle,1995,Collision
12,4,3,Toyota,Urban,3,10,1,Male,Single,27,Policy Holder,Sedan - Collision,Sedan,20000 to 29000,1,8874,1,400,2,more than 30,more than 30,1,7 years,31 to 35,No,No,External,1 to 2,no change,1 vehicle,1995,Collision
10,3,2,Mazda,Urban,5,1,3,Female,Married,37,Policy Holder,Sedan - Liability,Sport,20000 to 29000,0,8875,15,500,1,more than 30,more than 30,none,7 years,36 to 40,No,No,External,more than 5,2 to 3 years,1 vehicle,1995,Liability
12,4,3,Honda,Urban,4,10,1,Male,Married,46,Policy Holder,Sport - Collision,Sport,more than 69000,1,8876,7,400,4,more than 30,more than 30,none,more than 7,41 to 50,No,No,External,none,no change,1 vehicle,1995,Collision
10,2,3,Honda,Urban,3,1,4,Female,Single,19,Policy Holder,Sedan - Collision,Sedan,20000 to 29000,0,8877,15,400,3,more than 30,more than 30,none,2 years,21 to 25,Yes,No,External,none,no change,1 vehicle,1995,Collision
12,5,3,Pontiac,Rural,4,2,1,Male,Married,32,Policy Holder,Sedan - All Perils,Sedan,20000 to 29000,1,8878,8,400,1,more than 30,more than 30,1,7 years,31 to 35,No,No,External,1 to 2,no change,1 vehicle,1995,All Perils
2,1,6,Honda,Urban,5,2,1,Male,Married,41,Policy Holder,Sedan - Collision,Sedan,20000 to 29000,0,8879,9,400,2,more than 30,more than 30,2 to 4,7 years,36 to 40,No,No,External,3 to 5,no change,1 vehicle,1995,Collision
11,1,3,Mazda,Urban,5,1,4,Male,Married,54,Policy Holder,Sedan - Collision,Sedan,30000 to 39000,0,8880,13,400,3,more than 30,more than 30,1,7 years,41 to 50,No,No,External,1 to 2,no change,1 vehicle,1995,Collision
12,5,5,Honda,Urban,3,9,2,Male,Single,29,Third Party,Sedan - Collision,Sedan,20000 to 29000,0,8881,4,400,2,more than 30,more than 30,2 to 4,7 years,31 to 35,No,No,External,none,no change,1 vehicle,1995,Collision
9,2,5,Pontiac,Urban,1,6,3,Male,Married,29,Policy Holder,Sedan - All Perils,Sedan,20000 to 29000,0,8882,2,400,4,more than 30,more than 30,none,4 years,31 to 35,No,No,External,none,no change,1 vehicle,1995,All Perils
6,2,6,Toyota,Urban,2,6,2,Male,Married,46,Policy Holder,Sedan - Liability,Sport,20000 to 29000,0,8883,3,400,4,more than 30,more than 30,more than 4,more than 7,41 to 50,No,No,External,none,no change,1 vehicle,1995,Liability
6,1,4,Mazda,Urban,1,6,1,Male,Married,80,Policy Holder,Sedan - Liability,Sport,more than 69000,0,8884,4,400,4,more than 30,more than 30,1,more than 7,over 65,No,No,External,none,4 to 8 years,2 vehicles,1995,Liability
6,1,2,Chevrolet,Urban,3,5,1,Male,Single,55,Policy Holder,Sedan - Liability,Sport,more than 69000,0,8885,1,400,2,more than 30,more than 30,1,more than 7,41 to 50,No,No,External,more than 5,no change,1 vehicle,1995,Liability
5,4,4,Honda,Urban,2,11,4,Male,Single,45,Third Party,Sedan - All Perils,Sedan,20000 to 29000,0,8886,9,400,4,more than 30,more than 30,2 to 4,7 years,36 to 40,No,No,External,none,no change,1 vehicle,1995,All Perils
11,3,3,Pontiac,Urban,2,1,4,Male,Married,48,Policy Holder,Sedan - Liability,Sport,20000 to 29000,0,8887,10,400,1,more than 30,more than 30,none,7 years,41 to 50,No,No,External,3 to 5,no change,1 vehicle,1995,Liability
12,5,2,Accura,Urban,4,9,1,Male,Married,46,Third Party,Sedan - All Perils,Sedan,30000 to 39000,0,8888,10,400,2,more than 30,more than 30,1,7 years,41 to 50,No,No,External,none,no change,1 vehicle,1995,All Perils
9,1,6,Pontiac,Urban,1,9,2,Male,Married,26,Policy Holder,Sedan - Collision,Sedan,20000 to 29000,0,8889,2,400,2,more than 30,more than 30,1,7 years,31 to 35,No,No,External,more than 5,no change,1 vehicle,1995,Collision
9,1,1,VW,Rural,1,5,1,Male,Single,26,Third Party,Sedan - Liability,Sport,40000 to 59000,0,8890,14,400,1,more than 30,more than 30,2 to 4,7 years,31 to 35,No,No,External,more than 5,no change,1 vehicle,1995,Liability
5,4,4,Pontiac,Urban,4,5,5,Male,Married,46,Third Party,Sedan - Collision,Sedan,30000 to 39000,0,8891,13,400,3,more than 30,more than 30,2 to 4,7 years,41 to 50,No,No,External,none,no change,1 vehicle,1995,Collision
5,1,5,Honda,Rural,3,4,1,Male,Married,36,Policy Holder,Sedan - Liability,Sport,20000 to 29000,0,8892,3,400,4,more than 30,more than 30,1,7 years,36 to 40,No,No,External,more than 5,no change,1 vehicle,1995,Liability
4,1,2,Honda,Rural,4,4,1,Male,Single,0,Policy Holder,Sedan - Liability,Sport,more than 69000,0,8893,6,400,1,more than 30,more than 30,none,new,16 to 17,No,No,External,none,no change,1 vehicle,1995,Liability
3,5,3,Pontiac,Urban,5,3,2,Male,Married,33,Policy Holder,Sedan - Collision,Sedan,30000 to 39000,0,8894,9,400,1,more than 30,more than 30,2 to 4,6 years,31 to 35,No,No,External,more than 5,no change,1 vehicle,1995,Collision
3,2,6,Saab,Urban,2,12,2,Male,Married,57,Third Party,Sedan - Collision,Sedan,more than 69000,0,8895,3,400,3,more than 30,more than 30,more than 4,more than 7,51 to 65,No,No,External,1 to 2,no change,1 vehicle,1995,Collision
12,3,1,Ford,Urban,5,11,3,Male,Married,79,Policy Holder,Sedan - All Perils,Sedan,40000 to 59000,0,8896,15,400,2,more than 30,more than 30,none,more than 7,over 65,No,No,External,3 to 5,no change,1 vehicle,1995,All Perils
11,1,1,Chevrolet,Urban,1,11,2,Male,Married,43,Policy Holder,Sedan - All Perils,Sedan,more than 69000,0,8897,8,400,2,more than 30,more than 30,2 to 4,7 years,36 to 40,No,No,External,more than 5,no change,1 vehicle,1995,All Perils
11,1,1,Toyota,Urban,3,9,1,Male,Married,33,Policy Holder,Sedan - Collision,Sedan,20000 to 29000,0,8898,5,400,1,more than 30,more than 30,2 to 4,6 years,31 to 35,No,No,External,none,no change,3 to 4,1995,Collision
9,2,4,Mazda,Urban,1,5,2,Male,Single,23,Policy Holder,Sedan - Liability,Sport,20000 to 29000,0,8899,5,400,4,more than 30,more than 30,none,5 years,26 to 30,No,No,External,none,no change,1 vehicle,1995,Liability
4,4,1,Pontiac,Urban,1,4,2,Male,Married,30,Policy Holder,Sedan - Collision,Sedan,20000 to 29000,0,8900,2,400,2,more than 30,more than 30,none,7 years,31 to 35,No,No,External,none,no change,1 vehicle,1995,Collision
4,3,7,Honda,Urban,1,4,3,Male,Married,38,Policy Holder,Sedan - Liability,Sport,30000 to 39000,0,8901,5,400,1,more than 30,more than 30,2 to 4,7 years,36 to 40,No,No,External,more than 5,no change,1 vehicle,1995,Liability
3,4,5,Pontiac,Urban,2,3,1,Male,Married,56,Third Party,Sedan - All Perils,Sedan,30000 to 39000,0,8902,6,400,2,more than 30,more than 30,1,more than 7,51 to 65,No,No,External,none,no change,1 vehicle,1995,All Perils
3,3,3,Mazda,Urban,3,3,4,Male,Single,21,Third Party,Sedan - Collision,Sedan,20000 to 29000,0,8903,8,400,2,more than 30,more than 30,1,5 years,26 to 30,No,No,External,3 to 5,no change,1 vehicle,1995,Collision
3,3,7,Mazda,Urban,1,10,3,Male,Married,42,Policy Holder,Sedan - Liability,Sport,30000 to 39000,0,8904,2,400,1,more than 30,more than 30,2 to 4,7 years,36 to 40,No,No,External,1 to 2,no change,1 vehicle,1995,Liability
10,3,1,Toyota,Urban,2,10,3,Male,Married,34,Policy Holder,Sedan - Collision,Sedan,20000 to 29000,0,8905,8,400,2,more than 30,more than 30,none,5 years,31 to 35,No,No,External,3 to 5,4 to 8 years,2 vehicles,1995,Collision
10,3,2,Chevrolet,Urban,2,10,3,Male,Married,44,Third Party,Sedan - All Perils,Sedan,20000 to 29000,0,8906,14,400,3,more than 30,more than 30,1,6 years,36 to 40,No,No,External,more than 5,no change,1 vehicle,1995,All Perils
10,2,7,Chevrolet,Urban,3,9,2,Male,Single,34,Policy Holder,Sedan - Collision,Sedan,20000 to 29000,0,8907,16,400,4,more than 30,more than 30,2 to 4,6 years,31 to 35,No,No,External,none,no change,1 vehicle,1995,Collision
9,4,3,Mazda,Urban,2,9,5,Male,Single,30,Policy Holder,Sedan - Collision,Sedan,20000 to 29000,0,8908,9,400,1,more than 30,more than 30,1,7 years,31 to 35,No,No,External,3 to 5,no change,1 vehicle,1995,Collision
9,4,2,Pontiac,Urban,2,9,4,Male,Married,47,Policy Holder,Sedan - Collision,Sedan,more than 69000,0,8909,4,400,4,more than 30,more than 30,1,7 years,41 to 50,No,No,External,1 to 2,no change,1 vehicle,1995,Collision
9,3,4,Mazda,Urban,5,8,4,Male,Single,34,Policy Holder,Sedan - Liability,Sport,20000 to 29000,0,8910,7,400,4,more than 30,more than 30,2 to 4,6 years,31 to 35,No,No,External,none,no change,1 vehicle,1995,Liability
8,2,1,Toyota,Rural,2,5,2,Male,Single,34,Policy Holder,Sedan - Collision,Sedan,20000 to 29000,0,8911,7,400,2,more than 30,more than 30,2 to 4,6 years,31 to 35,No,No,External,more than 5,no change,1 vehicle,1995,Collision
5,4,3,Ford,Urban,5,4,4,Male,Married,49,Policy Holder,Utility - All Perils,Utility,more than 69000,0,8912,3,400,4,more than 30,more than 30,2 to 4,7 years,41 to 50,No,No,External,more than 5,no change,1 vehicle,1995,All Perils
4,3,3,Honda,Urban,2,4,4,Male,Married,41,Third Party,Sedan - Collision,Sedan,30000 to 39000,0,8913,7,400,4,more than 30,more than 30,more than 4,7 years,36 to 40,No,No,External,more than 5,no change,1 vehicle,1995,Collision
4,3,4,Mazda,Urban,1,4,4,Female,Single,35,Third Party,Sedan - Collision,Sedan,30000 to 39000,0,8914,6,400,4,more than 30,more than 30,2 to 4,6 years,31 to 35,No,No,External,more than 5,no change,1 vehicle,1995,Collision
4,4,1,Honda,Urban,4,3,4,Male,Single,0,Policy Holder,Sedan - Liability,Sport,more than 69000,0,8915,9,400,3,more than 30,more than 30,more than 4,new,16 to 17,No,No,External,none,no change,1 vehicle,1995,Liability
3,3,7,VW,Urban,3,3,4,Male,Married,42,Policy Holder,Sedan - Liability,Sport,30000 to 39000,0,8916,14,400,4,more than 30,more than 30,more than 4,7 years,36 to 40,No,No,External,more than 5,no change,1 vehicle,1995,Liability
3,2,1,Mazda,Urban,1,4,4,Male,Married,26,Policy Holder,Sedan - Collision,Sedan,30000 to 39000,0,8917,11,400,1,more than 30,more than 30,none,6 years,31 to 35,No,No,External,none,no change,1 vehicle,1995,Collision
3,3,6,Honda,Urban,5,3,2,Male,Single,0,Policy Holder,Sedan - Liability,Sport,more than 69000,0,8918,2,400,1,more than 30,more than 30,2 to 4,new,16 to 17,No,No,External,none,no change,1 vehicle,1995,Liability
3,2,4,Pontiac,Urban,4,11,3,Male,Married,28,Third Party,Sedan - Collision,Sedan,20000 to 29000,0,8919,3,400,3,more than 30,more than 30,none,6 years,31 to 35,No,No,External,none,1 year,1 vehicle,1995,Collision
11,1,4,Pontiac,Urban,4,11,1,Male,Married,27,Policy Holder,Sedan - Liability,Sport,20000 to 29000,0,8920,10,400,4,more than 30,more than 30,2 to 4,6 years,31 to 35,No,No,Internal,3 to 5,no change,1 vehicle,1995,Liability
11,1,5,Pontiac,Rural,5,7,1,Male,Married,26,Policy Holder,Sedan - Collision,Sedan,30000 to 39000,0,8921,4,400,4,more than 30,more than 30,none,7 years,31 to 35,No,No,External,more than 5,no change,1 vehicle,1995,Collision
7,2,4,Toyota,Urban,5,7,2,Male,Single,38,Policy Holder,Sedan - All Perils,Sedan,less than 20000,0,8922,16,400,4,more than 30,more than 30,1,7 years,36 to 40,No,No,External,more than 5,no change,1 vehicle,1995,All Perils
7,1,4,Chevrolet,Urban,1,1,3,Male,Married,41,Policy Holder,Sedan - Liability,Sport,20000 to 29000,0,8923,16,400,4,more than 30,more than 30,none,7 years,36 to 40,No,No,External,none,no change,1 vehicle,1995,Liability
12,5,3,Ford,Urban,5,7,1,Male,Married,32,Third Party,Sedan - Collision,Sedan,40000 to 59000,0,8924,7,400,4,more than 30,more than 30,2 to 4,7 years,31 to 35,No,No,External,none,no change,1 vehicle,1995,Collision
7,1,2,Pontiac,Urban,4,7,2,Male,Married,33,Policy Holder,Sedan - Collision,Sedan,20000 to 29000,0,8925,2,400,1,more than 30,more than 30,2 to 4,6 years,31 to 35,No,No,External,none,no change,1 vehicle,1995,Collision
6,3,2,Pontiac,Urban,3,5,1,Male,Married,36,Policy Holder,Sedan - Liability,Sport,30000 to 39000,0,8926,8,500,1,more than 30,more than 30,none,more than 7,36 to 40,No,No,External,none,2 to 3 years,2 vehicles,1995,Liability
5,2,1,Pontiac,Urban,2,5,2,Male,Single,33,Policy Holder,Sedan - Liability,Sport,20000 to 29000,0,8927,4,400,4,more than 30,more than 30,2 to 4,7 years,31 to 35,No,No,External,1 to 2,no change,1 vehicle,1995,Liability
5,1,2,Honda,Urban,1,5,1,Female,Married,31,Third Party,Sedan - All Perils,Sedan,20000 to 29000,0,8928,1,400,3,more than 30,more than 30,1,6 years,31 to 35,No,No,External,none,no change,1 vehicle,1995,All Perils
5,1,6,Ford,Urban,4,11,2,Female,Single,26,Policy Holder,Sedan - Collision,Sedan,30000 to 39000,0,8929,10,400,1,more than 30,more than 30,none,6 years,31 to 35,No,No,External,none,no change,1 vehicle,1995,Collision
10,5,5,Mercury,Urban,1,10,2,Male,Married,63,Policy Holder,Utility - All Perils,Utility,30000 to 39000,0,8930,6,400,1,more than 30,more than 30,2 to 4,6 years,51 to 65,No,No,External,1 to 2,no change,1 vehicle,1995,All Perils
10,4,3,Honda,Urban,3,10,4,Male,Married,32,Policy Holder,Sport - Collision,Sport,more than 69000,0,8931,1,400,3,more than 30,more than 30,none,7 years,31 to 35,No,No,External,more than 5,no change,1 vehicle,1995,Collision
10,3,2,Mazda,Urban,3,8,3,Female,Married,47,Policy Holder,Sedan - Collision,Sedan,more than 69000,0,8932,5,400,1,more than 30,more than 30,1,more than 7,41 to 50,No,No,External,more than 5,no change,1 vehicle,1995,Collision
8,3,1,Mazda,Urban,4,9,3,Male,Married,34,Third Party,Sedan - Collision,Sedan,20000 to 29000,0,8933,3,400,1,more than 30,more than 30,2 to 4,6 years,31 to 35,No,No,External,3 to 5,no change,1 vehicle,1995,Collision
8,3,2,Mazda,Urban,2,6,4,Female,Married,28,Policy Holder,Sedan - Collision,Sedan,30000 to 39000,0,8934,7,400,4,more than 30,more than 30,2 to 4,6 years,31 to 35,No,No,External,more than 5,no change,1 vehicle,1995,Collision
6,3,2,Pontiac,Urban,2,6,3,Male,Married,50,Third Party,Sedan - All Perils,Sedan,20000 to 29000,0,8935,5,400,4,more than 30,more than 30,none,more than 7,41 to 50,No,No,External,none,no change,1 vehicle,1995,All Perils
6,3,4,Mazda,Urban,1,5,3,Male,Single,29,Policy Holder,Sedan - Collision,Sedan,20000 to 29000,0,8936,13,400,1,more than 30,more than 30,2 to 4,5 years,31 to 35,No,No,External,none,no change,1 vehicle,1995,Collision
5,4,5,Honda,Urban,4,5,5,Male,Married,49,Policy Holder,Sedan - All Perils,Sedan,less than 20000,0,8937,10,400,4,more than 30,more than 30,none,7 years,41 to 50,No,No,External,none,no change,1 vehicle,1995,All Perils
5,2,1,Accura,Urban,2,5,4,Male,Married,47,Policy Holder,Utility - All Perils,Utility,more than 69000,0,8938,11,400,4,more than 30,more than 30,none,more than 7,41 to 50,No,No,External,1 to 2,no change,1 vehicle,1995,All Perils
5,2,2,Toyota,Urban,3,6,2,Male,Married,26,Third Party,Sedan - Collision,Sedan,20000 to 29000,0,8939,11,400,3,more than 30,more than 30,none,6 years,31 to 35,No,No,External,none,no change,3 to 4,1995,Collision
5,2,3,Pontiac,Urban,4,4,1,Male,Single,34,Policy Holder,Sedan - Collision,Sedan,30000 to 39000,0,8940,13,400,1,more than 30,more than 30,2 to 4,7 years,31 to 35,No,No,External,more than 5,no change,1 vehicle,1995,Collision
4,1,2,Honda,Urban,3,4,2,Female,Single,26,Policy Holder,Sedan - Liability,Sport,20000 to 29000,0,8941,7,400,4,more than 30,more than 30,more than 4,6 years,31 to 35,No,No,External,1 to 2,no change,1 vehicle,1995,Liability
4,1,1,Chevrolet,Urban,2,4,1,Male,Married,46,Policy Holder,Sedan - Collision,Sedan,30000 to 39000,0,8942,5,400,1,more than 30,more than 30,none,more than 7,41 to 50,No,No,External,none,no change,1 vehicle,1995,Collision
3,5,6,Chevrolet,Urban,1,7,1,Male,Married,31,Policy Holder,Utility - All Perils,Utility,more than 69000,0,8943,9,400,2,more than 30,more than 30,2 to 4,7 years,31 to 35,No,No,External,1 to 2,no change,1 vehicle,1995,All Perils
7,3,5,Mazda,Urban,1,7,3,Male,Single,27,Policy Holder,Sedan - Collision,Sedan,20000 to 29000,0,8944,15,400,4,more than 30,more than 30,2 to 4,6 years,31 to 35,No,No,External,3 to 5,no change,1 vehicle,1995,Collision
7,3,5,Pontiac,Rural,5,3,3,Male,Married,38,Policy Holder,Sedan - Collision,Sedan,20000 to 29000,0,8945,2,400,4,more than 30,more than 30,1,7 years,36 to 40,No,No,External,none,no change,1 vehicle,1995,Collision
3,2,7,Pontiac,Rural,1,4,2,Male,Married,47,Third Party,Sedan - All Perils,Sedan,less than 20000,0,8946,11,400,4,more than 30,more than 30,none,7 years,41 to 50,No,No,External,none,no change,1 vehicle,1995,All Perils
3,2,3,Pontiac,Urban,4,3,1,Male,Married,43,Policy Holder,Sedan - Collision,Sedan,20000 to 29000,0,8947,11,400,4,more than 30,more than 30,2 to 4,7 years,36 to 40,No,No,External,1 to 2,4 to 8 years,2 vehicles,1995,Collision
3,2,6,VW,Urban,2,3,2,Male,Married,30,Policy Holder,Sedan - Liability,Sport,more than 69000,0,8948,9,400,3,more than 30,more than 30,2 to 4,7 years,31 to 35,No,No,External,none,no change,1 vehicle,1995,Liability
2,4,6,Mazda,Rural,3,3,2,Male,Married,36,Policy Holder,Sedan - Liability,Sport,30000 to 39000,0,8949,9,400,1,more than 30,more than 30,none,more than 7,36 to 40,No,No,Internal,3 to 5,no change,1 vehicle,1995,Liability
2,4,1,Honda,Urban,4,6,1,Male,Married,36,Third Party,Sedan - Collision,Sedan,30000 to 39000,0,8950,1,400,4,more than 30,more than 30,2 to 4,7 years,36 to 40,No,No,External,3 to 5,no change,1 vehicle,1995,Collision
7,1,5,Toyota,Urban,4,11,5,Male,Married,41,Policy Holder,Sedan - Collision,Sedan,20000 to 29000,0,8951,4,400,1,more than 30,more than 30,1,7 years,36 to 40,No,No,External,1 to 2,no change,1 vehicle,1995,Collision
10,4,3,Pontiac,Urban,3,1,4,Female,Married,29,Policy Holder,Sedan - Liability,Sport,20000 to 29000,0,8952,7,400,2,more than 30,more than 30,more than 4,7 years,31 to 35,No,No,External,none,no change,1 vehicle,1995,Liability
1,3,5,Toyota,Urban,2,2,3,Male,Single,32,Policy Holder,Sedan - Collision,Sedan,20000 to 29000,0,8953,11,400,1,more than 30,more than 30,2 to 4,5 years,31 to 35,No,No,External,3 to 5,no change,1 vehicle,1995,Collision
2,1,7,Mazda,Urban,4,2,2,Male,Married,78,Policy Holder,Sedan - Liability,Sport,20000 to 29000,0,8954,4,400,4,more than 30,more than 30,2 to 4,more than 7,over 65,No,No,External,none,no change,1 vehicle,1995,Liability
2,1,5,Mazda,Rural,1,1,2,Male,Single,32,Policy Holder,Sedan - Collision,Sedan,30000 to 39000,0,8955,8,400,4,more than 30,more than 30,2 to 4,7 years,31 to 35,No,No,External,more than 5,no change,1 vehicle,1995,Collision
12,5,6,Mazda,Rural,2,2,1,Male,Married,26,Third Party,Sedan - All Perils,Sedan,20000 to 29000,0,8956,5,400,3,more than 30,more than 30,more than 4,7 years,31 to 35,Yes,No,External,3 to 5,no change,1 vehicle,1995,All Perils
2,2,1,Pontiac,Urban,2,3,3,Male,Married,45,Policy Holder,Sedan - Liability,Sport,20000 to 29000,0,8957,7,400,4,more than 30,more than 30,none,7 years,36 to 40,No,No,External,1 to 2,no change,1 vehicle,1995,Liability
2,3,1,Pontiac,Urban,3,3,2,Male,Married,41,Third Party,Sedan - All Perils,Sedan,20000 to 29000,0,8958,14,400,2,more than 30,more than 30,1,6 years,36 to 40,No,No,External,more than 5,no change,1 vehicle,1995,All Perils
2,3,5,Chevrolet,Urban,3,1,1,Male,Married,36,Policy Holder,Sedan - Liability,Sport,30000 to 39000,0,8959,11,400,1,more than 30,more than 30,2 to 4,7 years,36 to 40,No,No,External,none,no change,1 vehicle,1995,Liability
12,5,4,Toyota,Urban,4,2,2,Male,Married,26,Policy Holder,Sedan - All Perils,Sedan,less than 20000,1,8960,10,400,4,none,more than 30,1,4 years,31 to 35,No,No,External,none,no change,1 vehicle,1995,All Perils
2,4,1,Accura,Urban,3,3,4,Male,Married,47,Third Party,Sedan - Liability,Sport,20000 to 29000,0,8961,11,400,4,more than 30,more than 30,none,more than 7,41 to 50,No,No,External,1 to 2,no change,1 vehicle,1995,Liability
2,5,5,Pontiac,Urban,2,3,1,Male,Married,65,Third Party,Sedan - All Perils,Sedan,20000 to 29000,0,8962,8,400,1,more than 30,more than 30,none,more than 7,51 to 65,No,No,External,3 to 5,no change,1 vehicle,1995,All Perils
3,1,5,Toyota,Urban,2,1,2,Male,Married,30,Policy Holder,Sedan - Liability,Sport,20000 to 29000,0,8963,14,400,2,more than 30,more than 30,2 to 4,6 years,31 to 35,No,No,External,3 to 5,no change,1 vehicle,1995,Liability
12,5,6,Honda,Urban,5,3,1,Male,Married,62,Policy Holder,Sedan - All Perils,Sedan,20000 to 29000,1,8964,10,400,1,more than 30,more than 30,none,4 years,51 to 65,No,No,External,none,no change,1 vehicle,1995,All Perils
3,1,1,Pontiac,Rural,3,3,3,Female,Single,33,Policy Holder,Sedan - Liability,Sport,20000 to 29000,0,8965,4,400,2,more than 30,more than 30,2 to 4,7 years,31 to 35,No,No,External,none,no change,1 vehicle,1995,Liability
3,4,6,Honda,Urban,2,4,4,Male,Single,0,Policy Holder,Sedan - All Perils,Sedan,more than 69000,0,8966,2,400,1,more than 30,more than 30,more than 4,new,16 to 17,No,No,External,none,no change,1 vehicle,1995,All Perils
4,1,5,Chevrolet,Urban,3,1,3,Male,Single,28,Policy Holder,Sedan - Collision,Sedan,30000 to 39000,0,8967,1,400,1,more than 30,more than 30,none,6 years,31 to 35,No,No,External,none,no change,1 vehicle,1995,Collision
12,5,2,Mazda,Rural,2,4,1,Male,Married,40,Third Party,Sedan - Collision,Sedan,20000 to 29000,0,8968,4,400,4,more than 30,more than 30,1,7 years,36 to 40,No,No,External,more than 5,4 to 8 years,2 vehicles,1995,Collision
4,2,4,Pontiac,Rural,2,4,3,Female,Single,41,Policy Holder,Sedan - Collision,Sedan,20000 to 29000,0,8969,6,400,4,more than 30,more than 30,1,7 years,36 to 40,No,No,External,none,no change,1 vehicle,1995,Collision
4,3,2,Ford,Urban,2,6,3,Male,Married,60,Policy Holder,Sedan - All Perils,Sedan,40000 to 59000,0,8970,10,400,3,more than 30,more than 30,2 to 4,more than 7,51 to 65,No,No,External,none,no change,1 vehicle,1995,All Perils
6,2,7,Chevrolet,Urban,3,6,2,Male,Married,64,Third Party,Sedan - Liability,Sport,30000 to 39000,0,8971,9,400,4,more than 30,more than 30,2 to 4,more than 7,51 to 65,No,No,External,none,no change,1 vehicle,1995,Liability
6,1,4,Toyota,Urban,5,6,3,Male,Married,39,Third Party,Sedan - All Perils,Sedan,20000 to 29000,0,8972,2,400,3,more than 30,more than 30,1,more than 7,36 to 40,No,No,External,none,no change,1 vehicle,1995,All Perils
6,2,2,Toyota,Urban,2,7,2,Female,Married,31,Third Party,Sedan - Liability,Sport,20000 to 29000,0,8973,12,400,2,more than 30,more than 30,more than 4,6 years,31 to 35,No,No,External,1 to 2,no change,1 vehicle,1995,Liability
7,2,7,Toyota,Rural,1,7,3,Male,Single,26,Third Party,Sedan - Collision,Sedan,30000 to 39000,0,8974,2,400,4,more than 30,more than 30,more than 4,6 years,31 to 35,No,No,External,none,no change,1 vehicle,1995,Collision
7,2,6,Mazda,Urban,3,9,2,Male,Single,30,Third Party,Sport - Collision,Sport,more than 69000,0,8975,16,400,4,more than 30,more than 30,none,6 years,31 to 35,No,No,External,1 to 2,no change,1 vehicle,1995,Collision
9,4,1,Chevrolet,Urban,3,2,5,Male,Married,30,Policy Holder,Sedan - All Perils,Sedan,more than 69000,0,8976,10,400,1,more than 30,more than 30,more than 4,5 years,31 to 35,No,No,External,1 to 2,no change,1 vehicle,1995,All Perils
1,5,4,Chevrolet,Urban,4,2,1,Male,Married,63,Policy Holder,Sedan - Liability,Sport,20000 to 29000,0,8977,6,500,2,more than 30,more than 30,2 to 4,7 years,51 to 65,No,No,External,none,2 to 3 years,1 vehicle,1995,Liability
2,1,5,Mazda,Urban,3,1,1,Male,Married,50,Third Party,Sedan - Collision,Sedan,30000 to 39000,0,8978,1,400,3,more than 30,more than 30,1,7 years,41 to 50,No,No,External,more than 5,no change,1 vehicle,1995,Collision
12,5,3,Pontiac,Urban,1,2,3,Male,Married,59,Third Party,Sedan - All Perils,Sedan,20000 to 29000,0,8979,14,400,1,more than 30,more than 30,1,more than 7,51 to 65,No,No,External,none,no change,1 vehicle,1995,All Perils
2,3,5,Honda,Urban,4,1,3,Male,Married,39,Policy Holder,Sedan - Collision,Sedan,20000 to 29000,0,8980,6,400,2,more than 30,more than 30,none,more than 7,36 to 40,No,No,External,none,no change,3 to 4,1995,Collision
12,5,6,Honda,Urban,5,3,1,Male,Married,63,Third Party,Sport - Collision,Sport,more than 69000,0,8981,11,400,4,more than 30,more than 30,none,more than 7,51 to 65,No,No,External,none,no change,1 vehicle,1995,Collision
2,4,7,Chevrolet,Urban,1,3,1,Male,Married,40,Policy Holder,Sedan - Liability,Sport,30000 to 39000,0,8982,14,400,4,more than 30,more than 30,more than 4,7 years,36 to 40,No,No,External,more than 5,no change,1 vehicle,1995,Liability
2,4,2,Toyota,Rural,2,2,1,Male,Married,52,Policy Holder,Sedan - Liability,Sport,20000 to 29000,0,8983,5,400,4,more than 30,more than 30,more than 4,7 years,41 to 50,No,No,External,none,no change,1 vehicle,1995,Liability
2,5,3,Pontiac,Urban,5,3,5,Male,Married,31,Policy Holder,Sedan - Liability,Sport,20000 to 29000,0,8984,11,400,2,more than 30,more than 30,2 to 4,6 years,31 to 35,No,No,External,3 to 5,no change,1 vehicle,1995,Liability
3,1,5,Chevrolet,Urban,5,3,1,Male,Married,36,Policy Holder,Utility - Collision,Utility,more than 69000,0,8985,10,400,4,more than 30,more than 30,more than 4,5 years,36 to 40,No,No,External,1 to 2,no change,1 vehicle,1995,Collision
3,1,6,Toyota,Urban,1,3,1,Male,Single,30,Policy Holder,Sedan - Liability,Sport,30000 to 39000,0,8986,14,400,2,more than 30,more than 30,1,5 years,31 to 35,No,No,External,none,no change,1 vehicle,1995,Liability
3,1,7,Mazda,Urban,2,3,1,Female,Single,30,Third Party,Sedan - Collision,Sedan,20000 to 29000,0,8987,1,400,1,more than 30,more than 30,2 to 4,6 years,31 to 35,No,No,External,1 to 2,no change,1 vehicle,1995,Collision
3,2,7,Toyota,Urban,3,3,3,Male,Married,39,Policy Holder,Sedan - Collision,Sedan,20000 to 29000,0,8988,1,400,4,more than 30,more than 30,none,7 years,36 to 40,No,No,External,more than 5,no change,1 vehicle,1995,Collision
3,3,6,Mazda,Urban,1,4,4,Male,Married,47,Third Party,Sedan - All Perils,Sedan,20000 to 29000,0,8989,16,400,4,more than 30,more than 30,none,7 years,41 to 50,No,No,External,1 to 2,4 to 8 years,2 vehicles,1995,All Perils
4,2,7,Mazda,Urban,1,5,2,Male,Married,55,Third Party,Sedan - All Perils,Sedan,20000 to 29000,0,8990,8,400,4,more than 30,more than 30,2 to 4,more than 7,41 to 50,No,No,External,more than 5,no change,1 vehicle,1995,All Perils
5,3,4,Honda,Rural,6,6,3,Male,Married,53,Policy Holder,Sedan - Liability,Sport,20000 to 29000,0,8991,10,700,2,more than 30,more than 30,2 to 4,more than 7,41 to 50,Yes,No,External,none,no change,1 vehicle,1995,Liability
6,3,5,Toyota,Urban,1,6,3,Female,Married,55,Third Party,Sedan - All Perils,Sedan,20000 to 29000,0,8992,7,400,4,more than 30,more than 30,2 to 4,6 years,41 to 50,No,No,External,3 to 5,no change,1 vehicle,1995,All Perils
6,4,1,Ford,Rural,1,7,4,Male,Single,40,Policy Holder,Sedan - Liability,Sport,30000 to 39000,0,8993,10,400,2,more than 30,more than 30,1,more than 7,36 to 40,No,No,External,1 to 2,no change,1 vehicle,1995,Liability
6,4,1,Toyota,Urban,4,7,1,Male,Married,43,Third Party,Sedan - Collision,Sedan,more than 69000,0,8994,9,400,2,more than 30,more than 30,1,more than 7,36 to 40,No,No,External,none,no change,1 vehicle,1995,Collision
6,4,4,Mazda,Urban,2,7,1,Male,Married,32,Policy Holder,Sedan - Collision,Sedan,30000 to 39000,0,8995,2,400,3,more than 30,more than 30,none,6 years,31 to 35,No,No,External,none,no change,1 vehicle,1995,Collision
6,5,6,Chevrolet,Urban,1,7,1,Female,Married,38,Policy Holder,Sedan - Collision,Sedan,30000 to 39000,0,8996,5,400,4,more than 30,more than 30,2 to 4,7 years,36 to 40,No,No,External,more than 5,no change,1 vehicle,1995,Collision
7,1,6,Honda,Urban,1,7,2,Male,Single,36,Policy Holder,Sedan - Liability,Sport,20000 to 29000,0,8997,5,400,4,more than 30,more than 30,more than 4,6 years,36 to 40,No,No,Internal,none,no change,1 vehicle,1995,Liability
7,1,2,Honda,Urban,5,11,1,Male,Married,44,Policy Holder,Sedan - All Perils,Sedan,30000 to 39000,0,8998,12,400,3,more than 30,more than 30,more than 4,4 years,36 to 40,No,No,External,more than 5,no change,1 vehicle,1995,All Perils
10,5,1,Pontiac,Urban,1,11,1,Male,Married,27,Policy Holder,Sedan - All Perils,Sedan,20000 to 29000,0,8999,13,400,4,more than 30,more than 30,1,7 years,31 to 35,No,No,External,1 to 2,no change,1 vehicle,1995,All Perils
11,3,2,Mazda,Urban,5,11,3,Female,Married,28,Third Party,Sedan - Collision,Sedan,20000 to 29000,0,9000,1,400,2,more than 30,more than 30,none,7 years,31 to 35,No,No,External,none,no change,1 vehicle,1995,Collision
10,5,7,Toyota,Rural,3,11,1,Male,Married,45,Third Party,Sedan - Collision,Sedan,20000 to 29000,0,9001,15,400,4,more than 30,more than 30,none,6 years,36 to 40,No,No,External,more than 5,no change,1 vehicle,1995,Collision
10,5,5,Mazda,Urban,1,11,3,Male,Married,40,Policy Holder,Sedan - Collision,Sedan,20000 to 29000,0,9002,12,400,3,more than 30,more than 30,2 to 4,more than 7,36 to 40,No,No,External,none,no change,1 vehicle,1995,Collision
10,4,1,Toyota,Urban,2,8,1,Male,Single,28,Third Party,Sedan - Liability,Sport,20000 to 29000,0,9003,8,400,1,more than 30,more than 30,1,6 years,31 to 35,No,No,External,none,no change,1 vehicle,1995,Liability
7,5,1,Chevrolet,Urban,2,7,1,Female,Married,30,Policy Holder,Sedan - Liability,Sport,20000 to 29000,0,9004,15,400,2,more than 30,more than 30,none,5 years,31 to 35,No,No,External,none,no change,1 vehicle,1995,Liability
7,3,1,Mazda,Urban,2,7,3,Male,Married,48,Third Party,Sedan - All Perils,Sedan,less than 20000,0,9005,9,400,1,more than 30,more than 30,none,more than 7,41 to 50,No,No,External,1 to 2,no change,1 vehicle,1995,All Perils
7,3,6,Pontiac,Urban,3,1,3,Male,Married,61,Policy Holder,Sedan - All Perils,Sedan,20000 to 29000,0,9006,10,400,1,more than 30,more than 30,1,more than 7,51 to 65,No,No,External,more than 5,no change,1 vehicle,1995,All Perils
12,5,3,Pontiac,Rural,3,7,1,Male,Married,34,Policy Holder,Sedan - Collision,Sedan,20000 to 29000,1,9007,12,400,2,more than 30,more than 30,2 to 4,5 years,31 to 35,No,No,External,1 to 2,no change,1 vehicle,1995,Collision
7,1,6,Pontiac,Urban,2,1,3,Male,Married,26,Policy Holder,Sedan - Collision,Sedan,20000 to 29000,0,9008,13,400,1,more than 30,more than 30,none,5 years,31 to 35,No,No,External,none,no change,1 vehicle,1995,Collision
12,5,6,Honda,Urban,2,7,2,Male,Married,51,Third Party,Sedan - Collision,Sedan,30000 to 39000,0,9009,16,400,2,more than 30,more than 30,none,more than 7,41 to 50,No,No,External,none,no change,1 vehicle,1995,Collision
6,4,5,Chevrolet,Urban,5,6,3,Male,Single,55,Policy Holder,Utility - All Perils,Utility,more than 69000,0,9010,16,400,2,more than 30,more than 30,2 to 4,7 years,41 to 50,No,No,External,more than 5,1 year,2 vehicles,1995,All Perils
6,4,2,Mazda,Urban,2,6,4,Male,Married,55,Policy Holder,Sedan - Liability,Sport,20000 to 29000,0,9011,7,400,4,more than 30,more than 30,none,more than 7,41 to 50,No,No,External,3 to 5,no change,1 vehicle,1995,Liability
6,3,3,Pontiac,Rural,4,6,3,Male,Married,38,Third Party,Sedan - Liability,Sport,20000 to 29000,0,9012,16,400,2,more than 30,more than 30,2 to 4,more than 7,36 to 40,No,No,External,1 to 2,no change,1 vehicle,1995,Liability
6,4,7,Pontiac,Urban,1,6,4,Male,Married,56,Policy Holder,Sedan - Liability,Sport,20000 to 29000,0,9013,5,400,1,more than 30,more than 30,none,more than 7,51 to 65,No,No,External,none,no change,1 vehicle,1995,Liability
6,3,1,Honda,Urban,3,6,3,Male,Single,34,Third Party,Sedan - Collision,Sedan,20000 to 29000,0,9014,8,400,4,more than 30,more than 30,1,6 years,31 to 35,No,No,External,none,no change,1 vehicle,1995,Collision
6,1,6,Toyota,Urban,1,6,2,Male,Married,34,Policy Holder,Sedan - Collision,Sedan,20000 to 29000,0,9015,15,400,1,more than 30,more than 30,2 to 4,7 years,31 to 35,No,No,External,none,no change,1 vehicle,1995,Collision
5,4,3,Pontiac,Urban,5,7,3,Male,Married,29,Policy Holder,Sedan - Collision,Sedan,20000 to 29000,0,9016,4,400,2,more than 30,more than 30,1,5 years,31 to 35,No,No,External,3 to 5,no change,1 vehicle,1995,Collision
5,3,5,Honda,Urban,3,5,3,Female,Single,48,Policy Holder,Sport - Collision,Sport,more than 69000,0,9017,10,400,2,more than 30,more than 30,none,more than 7,41 to 50,No,No,External,none,no change,1 vehicle,1995,Collision
5,2,7,Toyota,Urban,1,5,3,Male,Married,42,Third Party,Sedan - All Perils,Sedan,less than 20000,0,9018,15,400,2,more than 30,more than 30,none,6 years,36 to 40,No,No,External,none,no change,1 vehicle,1995,All Perils
5,2,5,Mazda,Urban,1,5,3,Male,Married,28,Policy Holder,Sedan - Collision,Sedan,40000 to 59000,0,9019,13,400,4,more than 30,more than 30,2 to 4,6 years,31 to 35,No,No,External,3 to 5,no change,1 vehicle,1995,Collision
5,1,7,Mazda,Urban,1,4,2,Male,Married,26,Policy Holder,Sedan - Collision,Sedan,20000 to 29000,0,9020,4,400,1,more than 30,more than 30,none,6 years,31 to 35,No,No,External,none,no change,1 vehicle,1995,Collision
4,1,1,Toyota,Urban,4,4,1,Male,Married,33,Policy Holder,Sedan - Collision,Sedan,20000 to 29000,0,9021,13,400,3,more than 30,more than 30,1,7 years,31 to 35,No,No,External,none,no change,3 to 4,1995,Collision
4,1,3,Mazda,Urban,4,3,1,Male,Married,30,Policy Holder,Sedan - Collision,Sedan,20000 to 29000,0,9022,9,400,3,more than 30,more than 30,1,6 years,31 to 35,No,No,External,3 to 5,no change,1 vehicle,1995,Collision
3,4,2,Toyota,Urban,3,3,4,Female,Single,25,Policy Holder,Sedan - Collision,Sedan,20000 to 29000,0,9023,11,400,2,more than 30,more than 30,2 to 4,5 years,26 to 30,No,No,External,none,no change,1 vehicle,1995,Collision
3,4,7,Toyota,Urban,1,3,4,Male,Single,33,Policy Holder,Sedan - Liability,Sport,30000 to 39000,0,9024,15,400,1,more than 30,more than 30,more than 4,7 years,31 to 35,No,No,External,more than 5,no change,1 vehicle,1995,Liability
3,3,5,Toyota,Urban,3,3,3,Male,Married,56,Policy Holder,Sedan - Liability,Sport,30000 to 39000,0,9025,5,400,1,more than 30,more than 30,2 to 4,more than 7,51 to 65,No,No,External,none,no change,1 vehicle,1995,Liability
3,3,2,Mazda,Urban,3,3,5,Male,Married,30,Policy Holder,Sedan - Collision,Sedan,20000 to 29000,0,9026,15,400,4,more than 30,more than 30,more than 4,6 years,31 to 35,No,No,External,1 to 2,no change,1 vehicle,1995,Collision
3,3,3,Pontiac,Urban,5,3,3,Male,Single,40,Policy Holder,Sedan - Liability,Sport,20000 to 29000,0,9027,10,400,1,more than 30,more than 30,2 to 4,7 years,36 to 40,No,No,External,none,no change,1 vehicle,1995,Liability
3,3,7,Toyota,Urban,1,3,3,Male,Married,47,Policy Holder,Sedan - All Perils,Sedan,20000 to 29000,0,9028,4,500,4,more than 30,more than 30,none,more than 7,41 to 50,No,No,External,none,2 to 3 years,1 vehicle,1995,All Perils
3,2,7,Pontiac,Urban,1,1,2,Male,Single,34,Policy Holder,Sedan - Liability,Sport,30000 to 39000,0,9029,1,400,1,more than 30,more than 30,more than 4,6 years,31 to 35,No,No,External,more than 5,no change,1 vehicle,1995,Liability
1,1,5,Toyota,Urban,1,3,3,Female,Divorced,42,Third Party,Sedan - Collision,Sedan,20000 to 29000,0,9030,12,400,1,more than 30,more than 30,1,5 years,36 to 40,No,No,External,none,no change,1 vehicle,1995,Collision
3,2,3,Pontiac,Urban,5,3,2,Female,Single,40,Policy Holder,Sedan - Liability,Sport,20000 to 29000,0,9031,4,400,2,more than 30,more than 30,2 to 4,7 years,36 to 40,No,No,External,more than 5,4 to 8 years,2 vehicles,1995,Liability
3,2,5,Honda,Urban,5,3,2,Male,Single,45,Third Party,Sedan - All Perils,Sedan,20000 to 29000,0,9032,9,400,4,more than 30,more than 30,none,7 years,36 to 40,No,No,External,none,no change,1 vehicle,1995,All Perils
3,1,6,Mazda,Urban,1,3,1,Male,Married,29,Third Party,Sedan - Collision,Sedan,20000 to 29000,0,9033,16,400,4,more than 30,more than 30,1,6 years,31 to 35,No,No,External,none,no change,1 vehicle,1995,Collision
3,1,3,Pontiac,Urban,5,3,1,Male,Single,30,Policy Holder,Sedan - Collision,Sedan,30000 to 39000,0,9034,6,400,4,more than 30,more than 30,2 to 4,7 years,31 to 35,No,No,External,none,no change,1 vehicle,1995,Collision
3,1,4,Honda,Urban,2,3,4,Male,Married,47,Third Party,Sport - Collision,Sport,more than 69000,0,9035,5,400,2,more than 30,more than 30,1,more than 7,41 to 50,No,No,External,1 to 2,no change,1 vehicle,1995,Collision
3,1,2,Ford,Urban,3,3,2,Male,Married,36,Policy Holder,Sedan - All Perils,Sedan,20000 to 29000,0,9036,2,400,3,more than 30,more than 30,1,7 years,36 to 40,No,No,External,1 to 2,no change,1 vehicle,1995,All Perils
2,5,7,Chevrolet,Urban,1,1,1,Male,Married,39,Third Party,Sedan - Collision,Sedan,30000 to 39000,0,9037,6,400,3,more than 30,more than 30,2 to 4,7 years,36 to 40,No,No,External,none,no change,1 vehicle,1995,Collision
1,1,1,Honda,Urban,5,6,1,Male,Single,22,Policy Holder,Sport - Collision,Sport,more than 69000,1,9038,8,400,1,more than 30,more than 30,none,5 years,26 to 30,No,No,External,none,no change,1 vehicle,1995,Collision
2,4,7,VW,Urban,4,3,4,Male,Married,39,Policy Holder,Sedan - All Perils,Sedan,20000 to 29000,0,9039,10,400,1,more than 30,more than 30,none,7 years,36 to 40,No,No,External,none,no change,1 vehicle,1995,All Perils
2,3,3,Pontiac,Urban,3,2,1,Female,Married,31,Policy Holder,Sedan - Liability,Sport,20000 to 29000,0,9040,16,400,2,more than 30,more than 30,none,6 years,31 to 35,No,No,External,none,no change,1 vehicle,1995,Liability
2,1,7,Mazda,Urban,3,11,2,Male,Married,28,Third Party,Sport - Collision,Sport,more than 69000,0,9041,10,400,4,more than 30,more than 30,1,5 years,31 to 35,No,No,External,none,no change,1 vehicle,1995,Collision
10,4,4,Dodge,Urban,3,10,4,Male,Single,35,Policy Holder,Sedan - Collision,Sedan,20000 to 29000,0,9042,16,400,2,more than 30,more than 30,none,7 years,31 to 35,No,No,External,none,no change,1 vehicle,1995,Collision
10,3,1,Honda,Urban,3,1,4,Male,Married,38,Third Party,Sedan - Liability,Sport,20000 to 29000,0,9043,7,400,3,more than 30,more than 30,2 to 4,7 years,36 to 40,No,No,External,more than 5,no change,1 vehicle,1995,Liability
1,1,2,Chevrolet,Urban,2,10,1,Male,Married,51,Third Party,Sedan - All Perils,Sedan,more than 69000,0,9044,2,400,3,more than 30,more than 30,2 to 4,more than 7,41 to 50,No,No,External,1 to 2,no change,1 vehicle,1995,All Perils
10,2,1,Toyota,Urban,3,10,2,Male,Single,32,Policy Holder,Sedan - Collision,Sedan,20000 to 29000,0,9045,16,400,4,more than 30,more than 30,2 to 4,5 years,31 to 35,No,No,External,none,no change,1 vehicle,1995,Collision
10,1,1,Chevrolet,Urban,3,9,1,Male,Married,35,Third Party,Sedan - Liability,Sport,20000 to 29000,0,9046,1,400,4,more than 30,more than 30,2 to 4,6 years,31 to 35,No,No,External,none,no change,1 vehicle,1995,Liability
9,2,4,Honda,Urban,5,8,3,Male,Single,22,Policy Holder,Sedan - Collision,Sedan,20000 to 29000,0,9047,11,400,1,more than 30,more than 30,2 to 4,5 years,26 to 30,No,No,External,none,no change,1 vehicle,1995,Collision
8,3,4,Mazda,Urban,6,10,3,Male,Married,30,Third Party,Sedan - Collision,Sedan,20000 to 29000,0,9048,16,400,4,more than 30,more than 30,1,5 years,31 to 35,No,No,External,3 to 5,no change,1 vehicle,1995,Collision
8,3,5,Honda,Urban,5,8,3,Male,Married,38,Policy Holder,Sedan - Liability,Sport,30000 to 39000,0,9049,8,400,2,more than 30,more than 30,1,more than 7,36 to 40,No,No,Internal,more than 5,no change,1 vehicle,1995,Liability
7,5,1,Toyota,Urban,4,2,1,Male,Single,36,Policy Holder,Sedan - Collision,Sedan,20000 to 29000,0,9050,15,400,3,more than 30,more than 30,none,7 years,36 to 40,No,No,External,none,no change,1 vehicle,1995,Collision
1,1,5,Honda,Urban,5,7,1,Female,Married,29,Policy Holder,Sedan - Collision,Sedan,more than 69000,1,9051,14,400,3,more than 30,more than 30,2 to 4,5 years,31 to 35,Yes,No,External,more than 5,no change,1 vehicle,1995,Collision
7,1,4,Mazda,Urban,5,7,1,Male,Married,47,Policy Holder,Sedan - Liability,Sport,20000 to 29000,0,9052,7,400,4,more than 30,more than 30,none,more than 7,41 to 50,No,No,External,none,4 to 8 years,2 vehicles,1995,Liability
6,5,6,Pontiac,Urban,4,6,1,Male,Single,47,Policy Holder,Sedan - All Perils,Sedan,30000 to 39000,0,9053,3,700,1,more than 30,more than 30,2 to 4,more than 7,41 to 50,No,No,External,none,no change,1 vehicle,1995,All Perils
6,2,5,Mercury,Urban,5,6,5,Male,Married,54,Policy Holder,Sedan - Collision,Sedan,20000 to 29000,0,9054,9,400,2,more than 30,more than 30,1,more than 7,41 to 50,No,No,External,none,no change,1 vehicle,1995,Collision
6,2,1,Mazda,Urban,2,1,2,Male,Married,26,Policy Holder,Sedan - Collision,Sedan,30000 to 39000,0,9055,6,400,2,more than 30,more than 30,2 to 4,7 years,31 to 35,No,No,External,more than 5,no change,1 vehicle,1995,Collision
1,1,6,Pontiac,Urban,1,5,1,Female,Married,43,Policy Holder,Sedan - All Perils,Sedan,less than 20000,1,9056,6,400,2,more than 30,more than 30,none,more than 7,36 to 40,No,No,External,more than 5,no change,1 vehicle,1995,All Perils
5,3,2,Honda,Urban,5,5,3,Male,Married,42,Policy Holder,Sedan - Liability,Sport,20000 to 29000,0,9057,5,400,2,more than 30,more than 30,2 to 4,7 years,36 to 40,No,No,External,more than 5,no change,1 vehicle,1995,Liability
5,2,2,Toyota,Urban,2,4,2,Male,Married,39,Policy Holder,Sedan - Liability,Sport,20000 to 29000,0,9058,13,400,4,more than 30,more than 30,2 to 4,7 years,36 to 40,No,No,External,1 to 2,no change,1 vehicle,1995,Liability
4,3,3,Toyota,Urban,7,5,3,Male,Single,31,Policy Holder,Sedan - Liability,Sport,20000 to 29000,0,9059,1,400,3,more than 30,more than 30,more than 4,7 years,31 to 35,No,No,External,none,no change,1 vehicle,1995,Liability
4,3,3,Toyota,Rural,3,4,1,Male,Single,29,Policy Holder,Sedan - Liability,Sport,20000 to 29000,0,9060,4,400,3,more than 30,more than 30,more than 4,7 years,31 to 35,No,No,External,3 to 5,no change,1 vehicle,1995,Liability
4,2,6,Honda,Rural,1,4,2,Male,Married,59,Third Party,Sedan - Liability,Sport,20000 to 29000,0,9061,1,400,3,more than 30,more than 30,none,7 years,51 to 65,No,No,External,3 to 5,no change,1 vehicle,1995,Liability
4,2,5,Dodge,Urban,1,4,2,Male,Married,38,Policy Holder,Sedan - Collision,Sedan,30000 to 39000,0,9062,15,400,1,more than 30,more than 30,1,more than 7,36 to 40,No,No,External,none,no change,3 to 4,1995,Collision
4,2,1,Toyota,Urban,1,4,2,Male,Married,42,Third Party,Sedan - Collision,Sedan,less than 20000,0,9063,5,400,3,more than 30,more than 30,none,7 years,36 to 40,No,No,External,1 to 2,no change,1 vehicle,1995,Collision
4,1,1,VW,Urban,2,1,1,Male,Married,34,Policy Holder,Sedan - Liability,Sport,more than 69000,0,9064,9,400,4,more than 30,more than 30,more than 4,7 years,31 to 35,No,No,External,more than 5,no change,1 vehicle,1995,Liability
1,1,3,Mazda,Rural,4,3,2,Male,Single,28,Third Party,Sport - Collision,Sport,more than 69000,0,9065,10,400,1,more than 30,more than 30,1,5 years,31 to 35,No,No,External,none,no change,1 vehicle,1995,Collision
3,4,7,Pontiac,Urban,1,3,4,Male,Single,40,Policy Holder,Sedan - Liability,Sport,less than 20000,0,9066,6,400,4,more than 30,more than 30,1,7 years,36 to 40,No,No,External,1 to 2,no change,1 vehicle,1995,Liability
3,3,2,Pontiac,Urban,3,3,4,Male,Married,34,Third Party,Sedan - Collision,Sedan,20000 to 29000,0,9067,1,400,3,more than 30,more than 30,1,6 years,31 to 35,No,No,External,1 to 2,no change,1 vehicle,1995,Collision
3,2,5,Honda,Urban,4,3,2,Female,Married,35,Policy Holder,Sedan - All Perils,Sedan,20000 to 29000,0,9068,12,400,2,more than 30,more than 30,none,5 years,31 to 35,No,No,External,more than 5,no change,1 vehicle,1995,All Perils
3,1,3,Chevrolet,Urban,1,3,2,Male,Married,32,Third Party,Sedan - Collision,Sedan,30000 to 39000,0,9069,10,400,4,more than 30,more than 30,1,6 years,31 to 35,No,No,External,more than 5,no change,1 vehicle,1995,Collision
3,1,2,Honda,Urban,2,1,3,Male,Single,0,Policy Holder,Sedan - Liability,Sport,more than 69000,0,9070,7,400,1,more than 30,more than 30,2 to 4,new,16 to 17,No,No,External,none,no change,1 vehicle,1995,Liability
1,1,6,Toyota,Urban,4,4,2,Male,Single,47,Policy Holder,Sedan - Collision,Sedan,20000 to 29000,1,9071,12,400,1,more than 30,more than 30,none,more than 7,41 to 50,No,No,External,none,no change,1 vehicle,1995,Collision
2,4,5,Toyota,Urban,1,2,2,Male,Married,42,Policy Holder,Sedan - Collision,Sedan,20000 to 29000,0,9072,16,400,1,more than 30,more than 30,none,7 years,36 to 40,No,No,External,more than 5,no change,1 vehicle,1995,Collision
2,4,4,Honda,Urban,2,3,5,Male,Married,32,Policy Holder,Sedan - Collision,Sedan,20000 to 29000,0,9073,10,400,4,more than 30,more than 30,2 to 4,6 years,31 to 35,No,No,External,none,4 to 8 years,2 vehicles,1995,Collision
2,4,1,Pontiac,Urban,2,2,1,Male,Single,27,Third Party,Sedan - All Perils,Sedan,20000 to 29000,0,9074,14,400,1,more than 30,more than 30,2 to 4,6 years,31 to 35,No,No,External,more than 5,no change,1 vehicle,1995,All Perils
2,3,5,Ford,Urban,1,2,3,Male,Single,36,Policy Holder,Sedan - Collision,Sedan,40000 to 59000,0,9075,15,400,2,more than 30,more than 30,none,more than 7,36 to 40,No,No,External,more than 5,no change,1 vehicle,1995,Collision
2,2,4,Mazda,Urban,4,2,3,Female,Married,54,Policy Holder,Sedan - Collision,Sedan,30000 to 39000,0,9076,6,400,3,more than 30,more than 30,none,7 years,41 to 50,No,No,External,1 to 2,no change,1 vehicle,1995,Collision
2,2,6,Mazda,Urban,1,2,2,Male,Married,47,Policy Holder,Sedan - Liability,Sport,more than 69000,0,9077,10,400,2,more than 30,more than 30,2 to 4,more than 7,41 to 50,No,No,External,3 to 5,no change,1 vehicle,1995,Liability
2,1,5,Toyota,Urban,3,2,3,Male,Married,47,Policy Holder,Sedan - Liability,Sport,30000 to 39000,0,9078,4,400,4,more than 30,more than 30,more than 4,more than 7,41 to 50,No,No,External,1 to 2,no change,1 vehicle,1995,Liability
2,1,5,Mazda,Urban,1,2,2,Male,Married,45,Policy Holder,Sedan - Liability,Sport,20000 to 29000,0,9079,9,500,4,more than 30,more than 30,2 to 4,7 years,36 to 40,No,No,External,1 to 2,2 to 3 years,1 vehicle,1995,Liability
2,1,2,Pontiac,Urban,1,4,2,Male,Married,48,Third Party,Sedan - All Perils,Sedan,more than 69000,0,9080,16,400,4,more than 30,more than 30,2 to 4,7 years,41 to 50,No,No,External,more than 5,no change,1 vehicle,1995,All Perils
1,1,4,Chevrolet,Urban,2,1,3,Male,Married,62,Third Party,Sedan - Liability,Sport,20000 to 29000,0,9081,12,400,4,more than 30,more than 30,more than 4,6 years,51 to 65,No,No,External,none,no change,1 vehicle,1995,Liability
12,4,3,Pontiac,Urban,4,1,1,Male,Single,23,Policy Holder,Sedan - Liability,Sport,20000 to 29000,0,9082,7,400,2,more than 30,more than 30,more than 4,4 years,26 to 30,No,No,External,none,no change,1 vehicle,1995,Liability
1,1,5,Mercury,Rural,1,7,1,Male,Married,38,Third Party,Sedan - Collision,Sedan,20000 to 29000,0,9083,7,400,3,more than 30,more than 30,none,7 years,36 to 40,No,No,External,3 to 5,no change,1 vehicle,1995,Collision
7,3,1,Pontiac,Urban,5,4,3,Male,Married,61,Third Party,Sedan - All Perils,Sedan,20000 to 29000,0,9084,14,700,1,more than 30,more than 30,2 to 4,more than 7,51 to 65,No,No,External,more than 5,no change,1 vehicle,1995,All Perils
4,1,5,Honda,Urban,1,7,3,Female,Single,31,Third Party,Sport - Collision,Sport,more than 69000,0,9085,14,400,3,more than 30,more than 30,none,5 years,31 to 35,No,No,External,none,no change,1 vehicle,1995,Collision
7,2,2,Toyota,Urban,2,6,4,Male,Married,39,Policy Holder,Sedan - Collision,Sedan,less than 20000,0,9086,10,400,3,more than 30,more than 30,1,5 years,36 to 40,No,No,External,none,no change,1 vehicle,1995,Collision
6,3,3,Mazda,Urban,3,1,3,Male,Married,75,Policy Holder,Sedan - Liability,Sport,20000 to 29000,0,9087,2,400,4,more than 30,more than 30,2 to 4,more than 7,over 65,No,No,External,more than 5,no change,1 vehicle,1995,Liability
1,1,7,Mazda,Urban,1,8,3,Female,Single,28,Policy Holder,Sedan - All Perils,Sedan,20000 to 29000,1,9088,9,400,3,more than 30,more than 30,none,7 years,31 to 35,No,No,External,none,no change,1 vehicle,1995,All Perils
8,4,4,Chevrolet,Rural,1,11,4,Male,Married,49,Policy Holder,Sedan - All Perils,Sedan,more than 69000,0,9089,13,400,4,more than 30,more than 30,none,more than 7,41 to 50,No,No,External,none,no change,1 vehicle,1995,All Perils
11,1,4,Honda,Urban,4,12,2,Male,Married,29,Policy Holder,Sedan - Liability,Sport,20000 to 29000,0,9090,2,400,1,more than 30,more than 30,2 to 4,6 years,31 to 35,No,No,External,1 to 2,no change,1 vehicle,1995,Liability
12,1,5,Mazda,Rural,1,11,1,Female,Married,55,Third Party,Sedan - All Perils,Sedan,20000 to 29000,0,9091,8,400,1,more than 30,more than 30,1,more than 7,41 to 50,No,No,External,none,no change,1 vehicle,1995,All Perils
11,1,7,Toyota,Urban,4,8,2,Male,Married,30,Policy Holder,Sedan - Collision,Sedan,20000 to 29000,0,9092,12,400,4,more than 30,more than 30,1,6 years,31 to 35,No,No,External,none,no change,1 vehicle,1995,Collision
8,2,6,Chevrolet,Urban,4,8,4,Male,Married,55,Policy Holder,Utility - Collision,Utility,more than 69000,0,9093,15,400,3,more than 30,more than 30,1,6 years,41 to 50,No,No,External,1 to 2,no change,1 vehicle,1995,Collision
8,2,2,Honda,Urban,3,7,4,Male,Married,37,Policy Holder,Sedan - All Perils,Sedan,less than 20000,0,9094,13,400,1,more than 30,more than 30,none,more than 7,36 to 40,No,No,External,none,4 to 8 years,2 vehicles,1995,All Perils
7,3,3,Toyota,Urban,4,1,3,Male,Married,30,Policy Holder,Sedan - Collision,Sedan,30000 to 39000,0,9095,12,400,3,more than 30,more than 30,2 to 4,6 years,31 to 35,No,No,External,more than 5,no change,1 vehicle,1995,Collision
1,1,3,Honda,Rural,4,8,1,Male,Single,18,Third Party,Sport - Collision,Sport,more than 69000,0,9096,14,400,1,more than 30,more than 30,2 to 4,5 years,21 to 25,No,No,External,1 to 2,no change,1 vehicle,1995,Collision
8,4,1,Toyota,Urban,4,11,4,Male,Single,24,Policy Holder,Sedan - All Perils,Sedan,30000 to 39000,0,9097,6,400,1,more than 30,more than 30,2 to 4,3 years,26 to 30,No,No,External,1 to 2,no change,1 vehicle,1995,All Perils
11,2,4,Pontiac,Urban,2,6,3,Male,Single,46,Policy Holder,Utility - All Perils,Utility,more than 69000,0,9098,1,400,1,more than 30,more than 30,more than 4,7 years,41 to 50,No,No,External,3 to 5,no change,1 vehicle,1995,All Perils
6,1,2,Honda,Urban,2,5,3,Male,Married,62,Policy Holder,Sedan - Collision,Sedan,30000 to 39000,0,9099,13,400,4,more than 30,more than 30,2 to 4,more than 7,51 to 65,No,No,External,none,no change,1 vehicle,1995,Collision
5,4,7,Honda,Urban,1,8,4,Male,Married,41,Policy Holder,Sedan - Liability,Sport,20000 to 29000,0,9100,5,400,4,more than 30,more than 30,2 to 4,7 years,36 to 40,No,No,External,3 to 5,no change,1 vehicle,1995,Liability
7,4,1,Toyota,Urban,1,6,1,Male,Single,18,Policy Holder,Sedan - Collision,Sedan,20000 to 29000,0,9101,10,400,2,more than 30,more than 30,1,2 years,21 to 25,No,No,External,more than 5,1 year,1 vehicle,1995,Collision
6,4,6,Pontiac,Urban,1,8,4,Male,Married,34,Policy Holder,Sedan - Liability,Sport,20000 to 29000,0,9102,5,400,3,more than 30,more than 30,2 to 4,6 years,31 to 35,No,No,External,1 to 2,no change,1 vehicle,1995,Liability
7,5,6,Chevrolet,Urban,2,11,1,Male,Single,35,Third Party,Sedan - Liability,Sport,20000 to 29000,0,9103,9,400,4,more than 30,more than 30,more than 4,6 years,31 to 35,No,No,External,more than 5,no change,3 to 4,1995,Liability
11,3,2,Pontiac,Urban,3,11,4,Male,Married,32,Policy Holder,Sedan - All Perils,Sedan,20000 to 29000,0,9104,7,400,3,more than 30,more than 30,none,7 years,31 to 35,No,No,External,1 to 2,no change,1 vehicle,1995,All Perils
11,3,1,Honda,Urban,2,11,3,Male,Married,61,Policy Holder,Sedan - Collision,Sedan,20000 to 29000,0,9105,2,400,3,more than 30,more than 30,1,more than 7,51 to 65,No,No,External,none,no change,1 vehicle,1995,Collision
11,2,4,Pontiac,Urban,2,1,2,Female,Single,35,Policy Holder,Sedan - Collision,Sedan,30000 to 39000,0,9106,13,400,2,more than 30,more than 30,none,6 years,31 to 35,No,No,External,more than 5,no change,1 vehicle,1995,Collision
1,1,2,Honda,Urban,3,11,4,Male,Married,29,Policy Holder,Sedan - All Perils,Sedan,20000 to 29000,1,9107,5,400,1,more than 30,more than 30,1,7 years,31 to 35,No,No,External,more than 5,no change,1 vehicle,1995,All Perils
11,4,7,Toyota,Urban,5,3,4,Female,Married,44,Policy Holder,Sedan - Liability,Sport,20000 to 29000,0,9108,2,400,2,more than 30,more than 30,2 to 4,5 years,36 to 40,No,No,External,none,no change,1 vehicle,1995,Liability
3,4,2,Toyota,Urban,5,5,5,Male,Married,54,Policy Holder,Sedan - Liability,Sport,30000 to 39000,0,9109,13,400,4,more than 30,more than 30,none,more than 7,41 to 50,No,No,External,3 to 5,no change,1 vehicle,1995,Liability
5,3,4,Toyota,Urban,4,1,4,Male,Married,63,Policy Holder,Sedan - Collision,Sedan,20000 to 29000,0,9110,2,400,4,more than 30,more than 30,1,more than 7,51 to 65,No,No,External,more than 5,no change,1 vehicle,1995,Collision
1,1,3,Toyota,Rural,4,4,2,Male,Married,29,Policy Holder,Sedan - All Perils,Sedan,less than 20000,1,9111,7,400,1,more than 30,more than 30,none,5 years,31 to 35,No,No,External,none,no change,1 vehicle,1995,All Perils
4,4,1,Honda,Urban,4,8,4,Male,Single,0,Policy Holder,Sedan - Liability,Sport,more than 69000,0,9112,8,400,1,more than 30,more than 30,more than 4,new,16 to 17,No,No,External,none,no change,1 vehicle,1995,Liability
8,2,1,Mazda,Urban,1,11,2,Female,Single,33,Policy Holder,Sedan - Liability,Sport,20000 to 29000,0,9113,1,400,4,more than 30,more than 30,more than 4,5 years,31 to 35,No,No,External,none,no change,1 vehicle,1995,Liability
11,4,1,Chevrolet,Urban,2,5,4,Male,Married,47,Third Party,Sedan - Collision,Sedan,20000 to 29000,0,9114,8,400,2,more than 30,more than 30,2 to 4,7 years,41 to 50,No,No,External,none,no change,1 vehicle,1995,Collision
5,3,3,Toyota,Urban,4,5,3,Male,Married,33,Third Party,Utility - All Perils,Utility,more than 69000,0,9115,6,400,3,more than 30,more than 30,none,6 years,31 to 35,No,No,External,none,4 to 8 years,2 vehicles,1995,All Perils
5,1,2,Chevrolet,Urban,2,7,1,Male,Married,57,Third Party,Sedan - All Perils,Sedan,30000 to 39000,0,9116,1,400,2,more than 30,more than 30,1,more than 7,51 to 65,No,No,External,none,no change,1 vehicle,1995,All Perils
7,3,2,Pontiac,Urban,1,7,3,Male,Married,55,Third Party,Sedan - All Perils,Sedan,20000 to 29000,0,9117,2,400,4,more than 30,more than 30,2 to 4,more than 7,41 to 50,No,No,External,more than 5,no change,1 vehicle,1995,All Perils
7,1,4,Mazda,Urban,1,9,2,Male,Single,34,Policy Holder,Sedan - Liability,Sport,20000 to 29000,0,9118,13,400,2,more than 30,more than 30,2 to 4,5 years,31 to 35,No,No,External,more than 5,no change,1 vehicle,1995,Liability
9,3,1,Honda,Urban,1,10,3,Male,Married,53,Policy Holder,Sedan - All Perils,Sedan,20000 to 29000,0,9119,11,400,2,more than 30,more than 30,1,7 years,41 to 50,No,No,External,3 to 5,no change,1 vehicle,1995,All Perils
10,5,5,Toyota,Urban,1,1,5,Female,Single,35,Policy Holder,Sedan - Liability,Sport,20000 to 29000,0,9120,11,400,2,more than 30,more than 30,none,6 years,31 to 35,No,No,External,more than 5,no change,1 vehicle,1995,Liability
1,1,2,Honda,Urban,2,9,2,Male,Single,30,Third Party,Sedan - All Perils,Sedan,20000 to 29000,0,9121,5,400,2,more than 30,more than 30,2 to 4,6 years,31 to 35,No,No,External,more than 5,no change,1 vehicle,1995,All Perils
9,4,1,VW,Urban,4,10,4,Male,Single,51,Policy Holder,Sedan - Collision,Sedan,60000 to 69000,0,9122,14,400,3,more than 30,more than 30,2 to 4,more than 7,41 to 50,No,No,Internal,more than 5,no change,1 vehicle,1995,Collision
9,4,5,Honda,Urban,1,10,1,Male,Married,27,Third Party,Sedan - Liability,Sport,20000 to 29000,0,9123,15,400,3,more than 30,more than 30,more than 4,6 years,31 to 35,No,No,External,none,no change,1 vehicle,1995,Liability
10,3,2,Toyota,Rural,3,7,5,Male,Married,41,Third Party,Sedan - All Perils,Sedan,20000 to 29000,0,9124,3,400,3,more than 30,more than 30,2 to 4,7 years,36 to 40,No,No,External,more than 5,no change,1 vehicle,1995,All Perils
7,2,7,Toyota,Urban,5,11,2,Female,Married,49,Third Party,Sedan - All Perils,Sedan,less than 20000,0,9125,6,400,4,more than 30,more than 30,none,7 years,41 to 50,No,No,External,none,no change,1 vehicle,1995,All Perils
10,3,2,Honda,Urban,5,10,3,Male,Single,33,Third Party,Sedan - Collision,Sedan,20000 to 29000,0,9126,5,400,2,more than 30,more than 30,more than 4,7 years,31 to 35,No,No,External,1 to 2,no change,1 vehicle,1995,Collision
10,2,6,Honda,Urban,1,1,2,Male,Married,32,Policy Holder,Sedan - Collision,Sedan,20000 to 29000,0,9127,8,400,3,more than 30,more than 30,none,7 years,31 to 35,No,No,External,none,no change,1 vehicle,1995,Collision
1,2,1,Mazda,Urban,6,1,2,Male,Married,40,Policy Holder,Sedan - All Perils,Sedan,40000 to 59000,1,9128,4,400,3,more than 30,more than 30,2 to 4,more than 7,36 to 40,No,No,External,none,no change,1 vehicle,1995,All Perils
12,4,6,Pontiac,Urban,2,10,1,Male,Single,24,Policy Holder,Sedan - All Perils,Sedan,20000 to 29000,0,9129,7,400,2,more than 30,more than 30,none,5 years,26 to 30,No,No,External,none,no change,1 vehicle,1995,All Perils
10,1,6,VW,Urban,5,1,2,Female,Single,21,Third Party,Sedan - Collision,Sedan,more than 69000,0,9130,15,400,1,more than 30,more than 30,2 to 4,5 years,26 to 30,No,No,External,none,2 to 3 years,1 vehicle,1995,Collision
1,3,2,Toyota,Urban,3,3,3,Female,Married,53,Policy Holder,Sedan - All Perils,Sedan,20000 to 29000,0,9131,14,400,2,more than 30,more than 30,1,7 years,41 to 50,No,No,External,none,no change,1 vehicle,1995,All Perils
2,2,3,Honda,Urban,2,12,2,Male,Married,29,Policy Holder,Sedan - All Perils,Sedan,less than 20000,0,9132,4,400,4,more than 30,more than 30,none,7 years,31 to 35,No,No,External,none,no change,1 vehicle,1995,All Perils
11,2,3,Mercury,Urban,5,11,2,Male,Married,51,Policy Holder,Sedan - Collision,Sedan,20000 to 29000,0,9133,9,400,4,more than 30,more than 30,none,6 years,41 to 50,No,No,External,none,no change,1 vehicle,1995,Collision
11,2,6,Chevrolet,Urban,2,1,2,Male,Married,54,Policy Holder,Sedan - Collision,Sedan,30000 to 39000,0,9134,11,400,3,more than 30,more than 30,1,more than 7,41 to 50,No,No,External,none,no change,1 vehicle,1995,Collision
1,2,2,Honda,Urban,2,3,3,Male,Single,34,Third Party,Sedan - All Perils,Sedan,20000 to 29000,0,9135,15,400,4,more than 30,more than 30,1,6 years,31 to 35,No,No,External,more than 5,no change,1 vehicle,1995,All Perils
3,2,1,Pontiac,Urban,4,3,2,Male,Married,75,Policy Holder,Sedan - Collision,Sedan,20000 to 29000,0,9136,5,400,2,more than 30,more than 30,2 to 4,more than 7,over 65,No,No,External,none,4 to 8 years,2 vehicles,1995,Collision
3,1,6,Honda,Urban,2,1,2,Male,Married,45,Policy Holder,Sedan - All Perils,Sedan,20000 to 29000,0,9137,6,400,3,more than 30,more than 30,2 to 4,7 years,36 to 40,No,No,External,none,no change,1 vehicle,1995,All Perils
1,2,1,Saab,Urban,2,1,2,Male,Married,45,Policy Holder,Sedan - Collision,Sedan,40000 to 59000,1,9138,10,400,2,more than 30,more than 30,more than 4,more than 7,36 to 40,No,No,External,1 to 2,no change,1 vehicle,1995,Collision
1,4,2,Toyota,Urban,2,2,5,Male,Married,39,Third Party,Sedan - All Perils,Sedan,20000 to 29000,0,9139,1,400,3,more than 30,more than 30,2 to 4,7 years,36 to 40,No,No,External,more than 5,no change,1 vehicle,1995,All Perils
2,4,6,Toyota,Rural,5,1,4,Male,Married,47,Third Party,Sedan - All Perils,Sedan,20000 to 29000,0,9140,11,400,1,more than 30,more than 30,2 to 4,more than 7,41 to 50,No,Yes,External,3 to 5,no change,1 vehicle,1995,All Perils
1,2,5,Toyota,Urban,2,2,2,Male,Married,49,Policy Holder,Sedan - Collision,Sedan,20000 to 29000,1,9141,1,400,4,more than 30,more than 30,none,6 years,41 to 50,No,No,External,none,no change,1 vehicle,1995,Collision
1,5,6,Mazda,Urban,4,1,1,Male,Married,33,Policy Holder,Sedan - Collision,Sedan,20000 to 29000,0,9142,6,400,1,more than 30,more than 30,2 to 4,7 years,31 to 35,No,No,External,none,no change,1 vehicle,1995,Collision
1,2,6,Accura,Urban,3,1,3,Male,Married,64,Policy Holder,Sedan - Collision,Sedan,40000 to 59000,1,9143,2,400,3,more than 30,more than 30,none,more than 7,51 to 65,No,No,External,none,no change,1 vehicle,1995,Collision
1,2,3,Honda,Urban,3,11,3,Male,Married,38,Policy Holder,Sedan - Collision,Sedan,20000 to 29000,1,9144,3,400,1,more than 30,more than 30,2 to 4,more than 7,36 to 40,No,No,External,3 to 5,no change,3 to 4,1995,Collision
11,4,3,Honda,Urban,1,7,4,Male,Married,40,Policy Holder,Sedan - Collision,Sedan,30000 to 39000,0,9145,16,400,3,more than 30,more than 30,2 to 4,more than 7,36 to 40,No,No,External,more than 5,no change,1 vehicle,1995,Collision
7,2,4,Honda,Urban,2,10,3,Male,Married,30,Third Party,Sedan - Collision,Sedan,30000 to 39000,0,9146,11,400,3,more than 30,more than 30,none,6 years,31 to 35,No,No,External,none,no change,1 vehicle,1995,Collision
10,3,5,Mazda,Urban,1,10,4,Male,Married,29,Policy Holder,Sedan - Collision,Sedan,30000 to 39000,0,9147,10,400,4,more than 30,more than 30,none,6 years,31 to 35,No,No,External,more than 5,no change,1 vehicle,1995,Collision
10,1,6,Toyota,Urban,3,6,2,Female,Single,24,Third Party,Sedan - Liability,Sport,less than 20000,0,9148,10,400,2,more than 30,more than 30,none,4 years,26 to 30,No,No,External,none,no change,1 vehicle,1995,Liability
6,2,2,Toyota,Urban,2,7,3,Male,Married,30,Policy Holder,Sedan - Liability,Sport,30000 to 39000,0,9149,6,400,4,more than 30,more than 30,1,7 years,31 to 35,No,No,External,more than 5,no change,1 vehicle,1995,Liability
7,3,5,Mazda,Urban,5,6,3,Male,Married,36,Policy Holder,Sedan - Liability,Sport,20000 to 29000,0,9150,1,400,2,more than 30,more than 30,2 to 4,7 years,36 to 40,No,No,External,1 to 2,no change,1 vehicle,1995,Liability
6,2,6,Mazda,Urban,5,10,3,Male,Married,42,Policy Holder,Sedan - Liability,Sport,20000 to 29000,0,9151,11,400,2,more than 30,more than 30,none,7 years,36 to 40,No,No,External,1 to 2,no change,1 vehicle,1995,Liability
10,2,7,Pontiac,Urban,1,1,3,Male,Married,38,Policy Holder,Sedan - All Perils,Sedan,20000 to 29000,0,9152,8,400,4,more than 30,more than 30,none,more than 7,36 to 40,No,No,External,1 to 2,no change,1 vehicle,1995,All Perils
1,2,4,Pontiac,Rural,4,8,2,Male,Married,54,Policy Holder,Sedan - Collision,Sedan,20000 to 29000,1,9153,15,400,2,more than 30,more than 30,more than 4,7 years,41 to 50,No,No,External,more than 5,no change,1 vehicle,1995,Collision
8,1,5,Pontiac,Rural,5,7,1,Male,Single,57,Policy Holder,Sedan - Liability,Sport,20000 to 29000,0,9154,13,400,3,more than 30,more than 30,2 to 4,more than 7,51 to 65,No,No,External,more than 5,no change,1 vehicle,1995,Liability
6,4,5,Mazda,Urban,5,6,1,Male,Married,60,Third Party,Sedan - Collision,Sedan,30000 to 39000,0,9155,10,400,1,more than 30,more than 30,2 to 4,more than 7,51 to 65,No,No,External,3 to 5,no change,1 vehicle,1995,Collision
6,4,7,Toyota,Rural,2,1,4,Female,Single,41,Policy Holder,Sedan - Collision,Sedan,20000 to 29000,0,9156,11,400,1,more than 30,more than 30,1,7 years,36 to 40,No,No,External,1 to 2,no change,1 vehicle,1995,Collision
1,2,4,Pontiac,Urban,4,5,2,Male,Single,33,Third Party,Sedan - Collision,Sedan,20000 to 29000,0,9157,4,400,2,more than 30,more than 30,2 to 4,7 years,31 to 35,No,No,External,none,4 to 8 years,2 vehicles,1995,Collision
5,3,3,Pontiac,Urban,1,5,4,Male,Single,34,Policy Holder,Sedan - Collision,Sedan,30000 to 39000,0,9158,8,400,3,more than 30,more than 30,2 to 4,7 years,31 to 35,No,No,External,3 to 5,no change,1 vehicle,1995,Collision
5,3,4,Pontiac,Urban,3,5,4,Female,Married,43,Policy Holder,Sedan - All Perils,Sedan,less than 20000,0,9159,7,400,4,more than 30,more than 30,none,7 years,36 to 40,No,No,External,none,no change,1 vehicle,1995,All Perils
4,5,1,Chevrolet,Urban,1,4,1,Male,Married,26,Third Party,Sedan - Liability,Sport,30000 to 39000,0,9160,16,400,2,more than 30,more than 30,more than 4,6 years,31 to 35,No,No,External,none,no change,1 vehicle,1995,Liability
4,4,1,Toyota,Urban,2,1,4,Male,Married,51,Policy Holder,Sedan - Liability,Sport,30000 to 39000,0,9161,14,400,2,more than 30,more than 30,2 to 4,more than 7,41 to 50,No,No,External,1 to 2,no change,1 vehicle,1995,Liability
1,2,1,Accura,Urban,2,12,3,Male,Single,38,Policy Holder,Sedan - Collision,Sedan,more than 69000,1,9162,3,400,4,more than 30,more than 30,2 to 4,7 years,36 to 40,No,No,External,3 to 5,no change,1 vehicle,1995,Collision
12,2,1,Chevrolet,Urban,2,2,3,Female,Married,47,Policy Holder,Sedan - All Perils,Sedan,30000 to 39000,0,9163,13,400,4,more than 30,more than 30,1,6 years,41 to 50,No,Yes,External,none,no change,1 vehicle,1995,All Perils
2,4,2,Honda,Urban,3,2,4,Female,Married,31,Policy Holder,Sedan - Collision,Sedan,30000 to 39000,0,9164,12,400,4,more than 30,more than 30,1,6 years,31 to 35,No,No,External,none,no change,1 vehicle,1995,Collision
2,4,5,Mazda,Urban,5,3,4,Male,Single,24,Policy Holder,Sedan - Liability,Sport,20000 to 29000,0,9165,14,400,1,more than 30,more than 30,2 to 4,5 years,26 to 30,No,No,External,3 to 5,no change,1 vehicle,1995,Liability
3,2,1,Toyota,Urban,2,4,2,Male,Married,53,Third Party,Sedan - Collision,Sedan,20000 to 29000,0,9166,10,400,2,more than 30,more than 30,2 to 4,more than 7,41 to 50,No,No,External,none,no change,1 vehicle,1995,Collision
3,5,3,Honda,Urban,4,6,2,Male,Married,48,Policy Holder,Sedan - Collision,Sedan,20000 to 29000,0,9167,10,400,4,more than 30,more than 30,2 to 4,7 years,41 to 50,No,No,External,3 to 5,no change,1 vehicle,1995,Collision
3,5,5,Chevrolet,Urban,5,4,1,Male,Married,26,Policy Holder,Sedan - Collision,Sedan,20000 to 29000,0,9168,2,400,2,more than 30,more than 30,1,7 years,31 to 35,No,No,External,none,no change,1 vehicle,1995,Collision
4,3,3,Saab,Urban,4,5,4,Male,Married,35,Third Party,Sedan - Liability,Sport,20000 to 29000,0,9169,3,400,3,more than 30,more than 30,more than 4,6 years,31 to 35,No,No,External,more than 5,no change,1 vehicle,1995,Liability
4,3,7,Chevrolet,Urban,4,5,3,Male,Married,40,Policy Holder,Utility - All Perils,Utility,more than 69000,0,9170,16,400,4,more than 30,more than 30,none,7 years,36 to 40,No,No,External,none,no change,1 vehicle,1995,All Perils
5,1,4,Toyota,Urban,4,5,1,Male,Single,31,Policy Holder,Sedan - Liability,Sport,20000 to 29000,0,9171,12,400,4,more than 30,more than 30,2 to 4,5 years,31 to 35,No,No,External,3 to 5,no change,1 vehicle,1995,Liability
5,3,5,Mazda,Urban,4,6,3,Male,Single,53,Policy Holder,Sedan - Collision,Sedan,20000 to 29000,0,9172,14,400,2,more than 30,more than 30,2 to 4,more than 7,41 to 50,No,No,External,none,no change,1 vehicle,1995,Collision
5,3,6,Honda,Urban,4,6,1,Male,Single,24,Policy Holder,Sedan - Liability,Sport,30000 to 39000,0,9173,16,400,1,more than 30,more than 30,more than 4,5 years,26 to 30,No,No,External,more than 5,no change,1 vehicle,1995,Liability
5,5,3,Chevrolet,Urban,4,6,1,Male,Married,48,Third Party,Sedan - All Perils,Sedan,30000 to 39000,0,9174,5,400,3,more than 30,more than 30,more than 4,more than 7,41 to 50,No,No,External,none,no change,1 vehicle,1995,All Perils
6,1,1,Chevrolet,Urban,2,1,2,Female,Single,34,Policy Holder,Sedan - Liability,Sport,30000 to 39000,0,9175,13,400,3,more than 30,more than 30,more than 4,7 years,31 to 35,No,No,External,none,no change,1 vehicle,1995,Liability
1,2,5,Pontiac,Urban,2,6,2,Male,Married,32,Policy Holder,Sedan - Collision,Sedan,less than 20000,1,9176,5,400,3,more than 30,more than 30,more than 4,6 years,31 to 35,No,No,External,more than 5,no change,1 vehicle,1995,Collision
6,3,5,Toyota,Urban,2,6,4,Male,Married,66,Policy Holder,Sedan - All Perils,Sedan,less than 20000,0,9177,13,700,3,more than 30,more than 30,1,7 years,over 65,No,No,External,none,no change,1 vehicle,1995,All Perils
6,3,5,Accura,Urban,5,6,4,Male,Married,44,Policy Holder,Sedan - All Perils,Sedan,30000 to 39000,0,9178,15,400,2,more than 30,more than 30,1,7 years,36 to 40,No,No,External,1 to 2,4 to 8 years,2 vehicles,1995,All Perils
6,3,2,Mazda,Urban,2,6,3,Male,Married,39,Policy Holder,Sedan - Liability,Sport,20000 to 29000,0,9179,11,400,1,more than 30,more than 30,1,6 years,36 to 40,No,No,External,none,no change,1 vehicle,1995,Liability
6,5,1,Honda,Urban,3,1,5,Female,Single,30,Policy Holder,Sedan - Liability,Sport,20000 to 29000,0,9180,15,400,1,more than 30,more than 30,1,6 years,31 to 35,No,No,External,none,no change,1 vehicle,1995,Liability
1,2,7,Honda,Urban,4,8,2,Male,Single,33,Third Party,Sedan - All Perils,Sedan,20000 to 29000,1,9181,7,500,1,more than 30,more than 30,2 to 4,6 years,31 to 35,No,No,External,3 to 5,2 to 3 years,1 vehicle,1995,All Perils
8,4,2,Toyota,Urban,5,9,4,Male,Single,26,Third Party,Sedan - Collision,Sedan,30000 to 39000,0,9182,11,400,4,more than 30,more than 30,none,7 years,31 to 35,No,Yes,External,3 to 5,no change,1 vehicle,1995,Collision
9,2,2,Honda,Urban,1,9,4,Male,Married,40,Third Party,Sedan - Collision,Sedan,30000 to 39000,0,9183,10,400,4,more than 30,more than 30,1,7 years,36 to 40,No,No,External,none,no change,1 vehicle,1995,Collision
9,2,3,Pontiac,Urban,5,9,3,Male,Married,64,Policy Holder,Sedan - All Perils,Sedan,less than 20000,0,9184,6,400,4,8 to 15,more than 30,none,7 years,51 to 65,No,No,External,1 to 2,no change,1 vehicle,1995,All Perils
9,4,1,Toyota,Urban,3,10,4,Male,Married,54,Policy Holder,Sedan - Liability,Sport,30000 to 39000,0,9185,8,400,2,more than 30,more than 30,2 to 4,more than 7,41 to 50,No,No,External,none,no change,3 to 4,1995,Liability
10,3,2,Pontiac,Rural,5,10,3,Male,Married,29,Third Party,Sedan - Collision,Sedan,20000 to 29000,0,9186,11,400,2,more than 30,more than 30,2 to 4,5 years,31 to 35,No,No,External,none,no change,1 vehicle,1995,Collision
10,3,5,Mazda,Urban,1,10,4,Female,Married,35,Third Party,Sedan - Collision,Sedan,30000 to 39000,0,9187,12,400,2,more than 30,more than 30,none,7 years,31 to 35,No,No,External,none,no change,1 vehicle,1995,Collision
10,5,4,Pontiac,Urban,3,11,5,Male,Married,22,Third Party,Sedan - Collision,Sedan,20000 to 29000,0,9188,5,400,3,more than 30,more than 30,2 to 4,5 years,26 to 30,No,No,External,more than 5,no change,1 vehicle,1995,Collision
11,1,5,Toyota,Urban,6,11,2,Male,Married,49,Policy Holder,Sedan - All Perils,Sedan,less than 20000,0,9189,1,400,4,more than 30,more than 30,2 to 4,7 years,41 to 50,No,No,External,more than 5,no change,1 vehicle,1995,All Perils
11,4,3,Ford,Urban,2,12,4,Male,Married,42,Policy Holder,Sedan - Liability,Sport,30000 to 39000,0,9190,16,400,4,more than 30,more than 30,2 to 4,7 years,36 to 40,No,No,External,none,no change,1 vehicle,1995,Liability
12,2,1,Pontiac,Rural,1,3,3,Male,Married,37,Policy Holder,Sedan - Liability,Sport,20000 to 29000,0,9191,4,400,3,more than 30,more than 30,1,7 years,36 to 40,No,No,External,3 to 5,no change,1 vehicle,1995,Liability
3,1,4,Toyota,Urban,4,3,1,Male,Married,45,Policy Holder,Sedan - Liability,Sport,30000 to 39000,0,9192,15,400,3,more than 30,more than 30,2 to 4,7 years,36 to 40,No,No,External,more than 5,1 year,1 vehicle,1995,Liability
3,4,1,Toyota,Rural,2,5,5,Male,Single,60,Policy Holder,Sedan - Liability,Sport,30000 to 39000,0,9193,5,400,1,more than 30,more than 30,1,more than 7,51 to 65,No,No,External,more than 5,no change,1 vehicle,1995,Liability
4,4,4,VW,Urban,5,5,2,Male,Divorced,37,Policy Holder,Sedan - Collision,Sedan,30000 to 39000,0,9194,8,400,4,more than 30,more than 30,2 to 4,7 years,36 to 40,No,No,External,none,no change,1 vehicle,1995,Collision
4,4,7,Accura,Urban,4,5,1,Male,Married,40,Policy Holder,Sedan - All Perils,Sedan,20000 to 29000,0,9195,7,400,3,more than 30,more than 30,1,7 years,36 to 40,No,No,External,none,no change,1 vehicle,1995,All Perils
4,5,5,Honda,Urban,4,6,1,Female,Married,32,Policy Holder,Sedan - Liability,Sport,20000 to 29000,0,9196,15,400,3,more than 30,more than 30,more than 4,6 years,31 to 35,No,No,External,3 to 5,no change,1 vehicle,1995,Liability
6,1,2,Pontiac,Urban,2,7,2,Male,Single,59,Policy Holder,Sedan - All Perils,Sedan,less than 20000,0,9197,11,400,3,more than 30,more than 30,none,more than 7,51 to 65,No,No,External,none,no change,1 vehicle,1995,All Perils
7,2,2,Mazda,Urban,3,7,3,Female,Married,26,Third Party,Sport - Collision,Sport,more than 69000,0,9198,8,400,1,more than 30,more than 30,1,5 years,31 to 35,No,No,External,more than 5,no change,1 vehicle,1995,Collision
7,2,2,Chevrolet,Urban,2,7,2,Male,Married,60,Third Party,Sedan - All Perils,Sedan,20000 to 29000,0,9199,1,400,3,more than 30,more than 30,none,more than 7,51 to 65,No,No,External,1 to 2,4 to 8 years,2 vehicles,1995,All Perils
7,3,4,Toyota,Rural,4,7,4,Male,Single,50,Policy Holder,Sedan - Liability,Sport,20000 to 29000,0,9200,15,400,4,more than 30,more than 30,1,more than 7,41 to 50,No,No,External,none,no change,1 vehicle,1995,Liability
7,3,5,Pontiac,Urban,4,11,3,Male,Married,47,Policy Holder,Sedan - Collision,Sedan,20000 to 29000,0,9201,12,400,2,15 to 30,15 to 30,none,7 years,41 to 50,No,No,External,none,no change,1 vehicle,1995,Collision
10,3,7,Pontiac,Urban,1,11,3,Male,Single,35,Policy Holder,Sedan - Collision,Sedan,20000 to 29000,0,9202,4,400,2,more than 30,more than 30,none,7 years,31 to 35,No,No,External,more than 5,no change,1 vehicle,1995,Collision
11,1,2,Accura,Urban,5,1,1,Male,Married,38,Policy Holder,Sedan - Liability,Sport,30000 to 39000,0,9203,14,400,2,more than 30,more than 30,none,7 years,36 to 40,No,No,External,more than 5,no change,1 vehicle,1995,Liability
1,2,5,Pontiac,Urban,2,11,3,Male,Married,35,Policy Holder,Sedan - Collision,Sedan,20000 to 29000,1,9204,6,400,2,more than 30,more than 30,none,7 years,31 to 35,No,No,External,1 to 2,no change,1 vehicle,1995,Collision
11,2,1,Toyota,Urban,2,11,3,Male,Married,54,Policy Holder,Sedan - Collision,Sedan,more than 69000,0,9205,9,400,3,more than 30,more than 30,2 to 4,more than 7,41 to 50,No,No,External,none,no change,1 vehicle,1995,Collision
11,2,2,Accura,Urban,2,11,3,Male,Single,47,Policy Holder,Utility - All Perils,Utility,more than 69000,0,9206,8,400,1,more than 30,more than 30,none,7 years,41 to 50,No,No,External,none,no change,1 vehicle,1995,All Perils
11,3,7,Mazda,Urban,5,12,3,Male,Single,38,Policy Holder,Sedan - Liability,Sport,30000 to 39000,0,9207,9,400,1,more than 30,more than 30,1,7 years,36 to 40,No,No,External,1 to 2,no change,1 vehicle,1995,Liability
12,4,6,Pontiac,Urban,1,11,5,Male,Single,33,Policy Holder,Sedan - Collision,Sedan,20000 to 29000,0,9208,6,400,4,more than 30,more than 30,none,6 years,31 to 35,No,No,External,more than 5,no change,1 vehicle,1995,Collision
11,3,3,Pontiac,Urban,2,11,3,Male,Married,58,Third Party,Sedan - Liability,Sport,20000 to 29000,0,9209,8,400,1,more than 30,more than 30,none,more than 7,51 to 65,No,No,Internal,none,no change,1 vehicle,1995,Liability
11,3,2,Chevrolet,Urban,5,2,4,Male,Married,53,Policy Holder,Sedan - Liability,Sport,20000 to 29000,0,9210,2,400,1,more than 30,more than 30,2 to 4,more than 7,41 to 50,No,No,External,none,no change,1 vehicle,1995,Liability
1,2,6,Pontiac,Urban,1,10,2,Male,Married,26,Policy Holder,Sedan - All Perils,Sedan,20000 to 29000,1,9211,12,400,4,more than 30,more than 30,2 to 4,6 years,31 to 35,No,No,External,1 to 2,no change,1 vehicle,1995,All Perils
10,4,2,Mazda,Urban,3,9,4,Male,Married,44,Third Party,Sedan - Collision,Sedan,20000 to 29000,0,9212,7,400,3,more than 30,more than 30,none,7 years,36 to 40,No,No,External,none,no change,1 vehicle,1995,Collision
9,2,5,Pontiac,Urban,2,8,2,Male,Married,50,Policy Holder,Sedan - Collision,Sedan,20000 to 29000,0,9213,5,400,2,more than 30,more than 30,none,7 years,41 to 50,No,No,External,1 to 2,no change,1 vehicle,1995,Collision
8,3,6,Toyota,Urban,3,8,4,Male,Married,51,Third Party,Sedan - Collision,Sedan,20000 to 29000,0,9214,5,400,1,more than 30,more than 30,2 to 4,7 years,41 to 50,No,No,External,more than 5,no change,1 vehicle,1995,Collision
8,2,2,Mazda,Urban,5,1,5,Female,Single,34,Policy Holder,Sedan - Collision,Sedan,20000 to 29000,0,9215,6,400,4,more than 30,more than 30,1,6 years,31 to 35,No,No,External,more than 5,no change,1 vehicle,1995,Collision
1,2,5,Mercury,Urban,1,8,2,Male,Single,41,Third Party,Sedan - All Perils,Sedan,more than 69000,0,9216,1,400,4,more than 30,more than 30,2 to 4,more than 7,36 to 40,No,No,External,none,no change,1 vehicle,1995,All Perils
7,5,5,Chevrolet,Urban,2,8,2,Male,Married,41,Policy Holder,Sedan - Collision,Sedan,30000 to 39000,0,9217,13,400,2,more than 30,more than 30,1,7 years,36 to 40,No,No,External,3 to 5,no change,1 vehicle,1995,Collision
7,5,4,Pontiac,Urban,5,7,1,Male,Married,23,Third Party,Sedan - Collision,Sedan,20000 to 29000,0,9218,10,400,2,more than 30,more than 30,2 to 4,6 years,26 to 30,No,No,External,more than 5,no change,1 vehicle,1995,Collision
7,3,2,Chevrolet,Urban,2,1,4,Male,Married,60,Policy Holder,Sedan - All Perils,Sedan,20000 to 29000,0,9219,9,400,3,more than 30,more than 30,none,more than 7,51 to 65,No,No,External,more than 5,no change,1 vehicle,1995,All Perils
1,2,3,Honda,Rural,4,7,2,Male,Married,32,Policy Holder,Sport - Collision,Sport,more than 69000,1,9220,14,400,3,more than 30,more than 30,none,7 years,31 to 35,No,No,External,none,4 to 8 years,2 vehicles,1995,Collision
7,2,3,Honda,Urban,4,7,4,Male,Married,44,Third Party,Sedan - All Perils,Sedan,20000 to 29000,0,9221,4,400,2,more than 30,more than 30,1,more than 7,36 to 40,No,No,External,more than 5,no change,1 vehicle,1995,All Perils
7,2,4,Mazda,Urban,4,6,2,Male,Married,53,Policy Holder,Sedan - Collision,Sedan,30000 to 39000,0,9222,2,400,1,more than 30,more than 30,none,more than 7,41 to 50,No,No,External,none,no change,1 vehicle,1995,Collision
6,2,5,Toyota,Urban,2,6,3,Male,Married,64,Policy Holder,Sedan - Collision,Sedan,20000 to 29000,0,9223,3,400,4,more than 30,more than 30,2 to 4,more than 7,51 to 65,No,No,External,more than 5,no change,1 vehicle,1995,Collision
6,1,3,Accura,Urban,4,6,1,Male,Married,65,Third Party,Sedan - All Perils,Sedan,20000 to 29000,0,9224,9,400,2,more than 30,more than 30,1,more than 7,51 to 65,No,No,External,none,no change,1 vehicle,1995,All Perils
5,5,2,Ford,Urban,3,5,1,Male,Single,30,Third Party,Sedan - Liability,Sport,30000 to 39000,0,9225,11,400,2,more than 30,more than 30,2 to 4,7 years,31 to 35,No,No,External,none,no change,1 vehicle,1995,Liability
5,4,1,Mazda,Urban,1,5,4,Male,Married,40,Policy Holder,Sedan - Collision,Sedan,20000 to 29000,0,9226,1,400,2,more than 30,more than 30,1,7 years,36 to 40,No,No,External,3 to 5,no change,3 to 4,1995,Collision
5,4,6,Chevrolet,Urban,5,5,4,Male,Married,56,Policy Holder,Sedan - Liability,Sport,40000 to 59000,0,9227,2,400,3,more than 30,more than 30,2 to 4,more than 7,51 to 65,No,No,External,more than 5,no change,1 vehicle,1995,Liability
5,3,6,Pontiac,Urban,1,5,4,Male,Single,49,Third Party,Sedan - All Perils,Sedan,20000 to 29000,0,9228,13,400,1,more than 30,more than 30,1,more than 7,41 to 50,No,No,External,3 to 5,no change,1 vehicle,1995,All Perils
5,3,4,Toyota,Urban,5,5,4,Male,Married,33,Policy Holder,Sedan - All Perils,Sedan,20000 to 29000,0,9229,15,400,1,more than 30,more than 30,none,7 years,31 to 35,No,No,External,none,no change,1 vehicle,1995,All Perils
5,2,3,Accura,Urban,4,6,3,Male,Married,49,Policy Holder,Sedan - All Perils,Sedan,30000 to 39000,0,9230,15,400,3,more than 30,more than 30,2 to 4,more than 7,41 to 50,No,No,External,none,no change,1 vehicle,1995,All Perils
1,2,2,Mazda,Urban,5,5,4,Female,Single,26,Third Party,Sedan - Collision,Sedan,more than 69000,0,9231,3,400,4,more than 30,more than 30,2 to 4,7 years,31 to 35,No,No,External,3 to 5,no change,1 vehicle,1995,Collision
5,1,4,Pontiac,Urban,4,5,1,Male,Married,38,Third Party,Sedan - Liability,Sport,20000 to 29000,0,9232,12,500,1,more than 30,more than 30,1,7 years,36 to 40,No,No,External,more than 5,2 to 3 years,1 vehicle,1995,Liability
4,4,6,Honda,Rural,2,4,1,Male,Married,42,Policy Holder,Sedan - Liability,Sport,20000 to 29000,0,9233,11,400,3,more than 30,more than 30,more than 4,7 years,36 to 40,No,No,External,1 to 2,no change,1 vehicle,1995,Liability
4,3,3,Toyota,Urban,3,4,3,Male,Married,51,Third Party,Sedan - Collision,Sedan,20000 to 29000,0,9234,14,400,1,more than 30,more than 30,none,more than 7,41 to 50,No,No,External,more than 5,no change,1 vehicle,1995,Collision
3,4,5,Mazda,Urban,5,3,1,Male,Married,28,Policy Holder,Sedan - Liability,Sport,20000 to 29000,0,9235,11,400,2,more than 30,more than 30,2 to 4,6 years,31 to 35,No,No,External,1 to 2,no change,1 vehicle,1995,Liability
3,4,4,Honda,Urban,5,3,4,Male,Married,32,Policy Holder,Sedan - Collision,Sedan,20000 to 29000,0,9236,10,400,4,more than 30,more than 30,2 to 4,6 years,31 to 35,No,No,External,3 to 5,no change,1 vehicle,1995,Collision
3,4,2,Pontiac,Urban,3,12,4,Male,Married,29,Policy Holder,Sedan - Collision,Sedan,30000 to 39000,0,9237,3,400,4,more than 30,more than 30,none,6 years,31 to 35,No,No,External,none,no change,1 vehicle,1995,Collision
12,1,3,Honda,Urban,4,11,2,Male,Married,53,Third Party,Sedan - Collision,Sedan,30000 to 39000,0,9238,3,400,4,more than 30,more than 30,1,7 years,41 to 50,No,No,External,3 to 5,no change,1 vehicle,1995,Collision
11,1,4,Toyota,Urban,4,1,2,Male,Single,24,Policy Holder,Sedan - Liability,Sport,more than 69000,0,9239,16,400,3,more than 30,more than 30,none,2 years,26 to 30,No,No,External,none,no change,1 vehicle,1995,Liability
11,1,2,Toyota,Urban,4,11,1,Male,Married,35,Policy Holder,Sedan - Collision,Sedan,20000 to 29000,0,9240,16,400,4,more than 30,more than 30,none,7 years,31 to 35,No,No,External,none,no change,1 vehicle,1995,Collision
10,3,7,Pontiac,Urban,1,10,3,Male,Married,31,Policy Holder,Sedan - Liability,Sport,20000 to 29000,0,9241,6,400,1,more than 30,more than 30,none,4 years,31 to 35,No,No,External,none,4 to 8 years,2 vehicles,1995,Liability
10,3,4,Mazda,Urban,2,10,4,Male,Married,56,Policy Holder,Sedan - Liability,Sport,30000 to 39000,0,9242,16,400,1,more than 30,more than 30,none,more than 7,51 to 65,No,No,External,none,no change,1 vehicle,1995,Liability
9,5,2,Pontiac,Rural,4,9,1,Male,Single,32,Third Party,Sedan - All Perils,Sedan,20000 to 29000,0,9243,10,400,3,more than 30,more than 30,none,6 years,31 to 35,No,No,External,1 to 2,no change,1 vehicle,1995,All Perils
9,4,2,Mazda,Urban,5,9,5,Female,Single,29,Third Party,Sedan - Liability,Sport,more than 69000,0,9244,11,400,1,more than 30,more than 30,1,6 years,31 to 35,No,No,External,more than 5,no change,1 vehicle,1995,Liability
9,3,6,Pontiac,Rural,2,9,4,Male,Married,57,Policy Holder,Sedan - Collision,Sedan,more than 69000,0,9245,4,400,4,more than 30,more than 30,1,more than 7,51 to 65,No,No,External,none,no change,1 vehicle,1995,Collision
9,3,3,Honda,Urban,1,1,3,Male,Single,24,Policy Holder,Sedan - All Perils,Sedan,20000 to 29000,0,9246,16,400,1,more than 30,more than 30,1,5 years,26 to 30,No,No,External,1 to 2,no change,1 vehicle,1995,All Perils
1,2,3,Chevrolet,Urban,4,9,3,Male,Married,32,Policy Holder,Sedan - All Perils,Sedan,20000 to 29000,1,9247,2,400,3,more than 30,more than 30,none,6 years,31 to 35,No,No,External,none,no change,1 vehicle,1995,All Perils
8,5,4,Pontiac,Urban,2,9,1,Male,Single,36,Third Party,Sedan - All Perils,Sedan,20000 to 29000,0,9248,15,400,4,more than 30,more than 30,1,7 years,36 to 40,No,No,External,1 to 2,no change,1 vehicle,1995,All Perils
9,1,4,Honda,Urban,5,8,3,Male,Married,33,Policy Holder,Sedan - Liability,Sport,20000 to 29000,0,9249,12,400,1,more than 30,more than 30,none,7 years,31 to 35,No,No,External,none,no change,1 vehicle,1995,Liability
8,4,7,Honda,Urban,1,8,4,Male,Single,32,Policy Holder,Sedan - Collision,Sedan,20000 to 29000,0,9250,13,400,3,more than 30,more than 30,2 to 4,5 years,31 to 35,No,No,External,none,no change,1 vehicle,1995,Collision
8,5,2,Toyota,Urban,3,7,5,Female,Married,62,Policy Holder,Sedan - All Perils,Sedan,less than 20000,0,9251,3,400,1,more than 30,more than 30,none,more than 7,51 to 65,No,No,External,1 to 2,no change,1 vehicle,1995,All Perils
7,1,3,Pontiac,Urban,4,7,1,Male,Married,41,Policy Holder,Sedan - Liability,Sport,20000 to 29000,0,9252,6,400,3,more than 30,more than 30,2 to 4,7 years,36 to 40,No,No,External,none,no change,1 vehicle,1995,Liability
7,1,3,Toyota,Rural,1,1,4,Male,Single,31,Policy Holder,Sedan - All Perils,Sedan,20000 to 29000,0,9253,9,400,4,more than 30,more than 30,none,6 years,31 to 35,No,No,External,more than 5,no change,1 vehicle,1995,All Perils
1,2,1,Toyota,Urban,2,7,4,Male,Married,42,Third Party,Sedan - All Perils,Sedan,20000 to 29000,0,9254,12,400,3,more than 30,more than 30,none,6 years,36 to 40,No,No,External,none,no change,1 vehicle,1995,All Perils
7,1,3,Pontiac,Urban,2,8,1,Male,Married,53,Policy Holder,Sedan - Liability,Sport,20000 to 29000,0,9255,8,400,4,more than 30,more than 30,more than 4,more than 7,41 to 50,No,No,External,1 to 2,no change,1 vehicle,1995,Liability
6,5,6,Pontiac,Urban,1,8,1,Male,Married,52,Policy Holder,Sedan - Liability,Sport,20000 to 29000,0,9256,4,400,4,more than 30,more than 30,2 to 4,7 years,41 to 50,No,No,External,none,no change,1 vehicle,1995,Liability
6,3,2,VW,Urban,2,7,1,Male,Single,30,Policy Holder,Sedan - Collision,Sedan,60000 to 69000,0,9257,11,400,4,more than 30,more than 30,none,7 years,31 to 35,No,No,Internal,more than 5,no change,1 vehicle,1995,Collision
6,3,5,Chevrolet,Urban,1,6,1,Male,Married,58,Third Party,Sedan - All Perils,Sedan,20000 to 29000,0,9258,1,400,4,more than 30,more than 30,1,more than 7,51 to 65,No,No,External,1 to 2,no change,1 vehicle,1995,All Perils
6,1,2,Chevrolet,Urban,5,6,1,Male,Married,35,Third Party,Sedan - Collision,Sedan,20000 to 29000,0,9259,5,400,4,more than 30,more than 30,none,7 years,31 to 35,No,No,External,3 to 5,no change,1 vehicle,1995,Collision
5,5,2,Pontiac,Urban,4,6,1,Male,Single,33,Policy Holder,Sedan - Liability,Sport,20000 to 29000,0,9260,1,400,2,more than 30,more than 30,2 to 4,6 years,31 to 35,No,No,External,more than 5,no change,1 vehicle,1995,Liability
5,5,4,Pontiac,Rural,5,6,3,Male,Married,65,Third Party,Sedan - All Perils,Sedan,20000 to 29000,0,9261,6,400,1,more than 30,more than 30,2 to 4,7 years,51 to 65,No,No,External,3 to 5,no change,1 vehicle,1995,All Perils
5,4,4,Honda,Urban,1,1,1,Male,Married,39,Policy Holder,Sedan - Liability,Sport,20000 to 29000,0,9262,9,400,2,more than 30,more than 30,none,7 years,36 to 40,No,No,External,more than 5,4 to 8 years,2 vehicles,1995,Liability
1,2,5,Mazda,Urban,2,5,3,Male,Married,53,Policy Holder,Sedan - Collision,Sedan,30000 to 39000,1,9263,14,400,2,more than 30,more than 30,2 to 4,more than 7,41 to 50,No,No,External,more than 5,no change,1 vehicle,1995,Collision
5,3,3,Mazda,Urban,4,5,4,Male,Married,76,Policy Holder,Sedan - Liability,Sport,20000 to 29000,0,9264,14,400,2,more than 30,more than 30,2 to 4,7 years,over 65,No,No,External,more than 5,no change,1 vehicle,1995,Liability
5,2,7,Honda,Urban,2,5,2,Male,Single,0,Policy Holder,Sedan - Liability,Sport,more than 69000,0,9265,16,400,4,more than 30,more than 30,more than 4,new,16 to 17,No,No,External,none,no change,1 vehicle,1995,Liability
5,1,6,Honda,Rural,2,5,1,Male,Married,38,Policy Holder,Sedan - Liability,Sport,30000 to 39000,0,9266,5,400,2,more than 30,more than 30,2 to 4,7 years,36 to 40,No,No,External,more than 5,no change,1 vehicle,1995,Liability
4,5,5,Toyota,Urban,2,5,1,Female,Single,23,Third Party,Sedan - Liability,Sport,20000 to 29000,0,9267,3,400,2,more than 30,more than 30,none,5 years,26 to 30,No,No,External,1 to 2,no change,3 to 4,1995,Liability
4,5,4,Pontiac,Urban,2,1,1,Male,Married,47,Policy Holder,Sedan - Collision,Sedan,30000 to 39000,0,9268,16,400,4,more than 30,more than 30,none,more than 7,41 to 50,No,No,External,none,no change,1 vehicle,1995,Collision
1,2,5,Ford,Urban,2,1,4,Male,Married,50,Policy Holder,Sedan - All Perils,Sedan,less than 20000,1,9269,7,400,2,more than 30,more than 30,2 to 4,more than 7,41 to 50,No,No,External,none,no change,1 vehicle,1995,All Perils
1,2,6,Pontiac,Urban,1,4,4,Female,Married,33,Policy Holder,Sedan - Collision,Sedan,20000 to 29000,1,9270,9,400,4,more than 30,more than 30,more than 4,6 years,31 to 35,No,No,External,1 to 2,no change,1 vehicle,1995,Collision
4,3,7,Pontiac,Urban,5,4,3,Male,Married,30,Policy Holder,Sedan - All Perils,Sedan,20000 to 29000,0,9271,15,400,2,more than 30,more than 30,2 to 4,7 years,31 to 35,No,No,External,1 to 2,no change,1 vehicle,1995,All Perils
4,3,5,Mazda,Urban,4,6,4,Male,Married,34,Policy Holder,Sedan - All Perils,Sedan,20000 to 29000,0,9272,6,400,1,more than 30,more than 30,1,6 years,31 to 35,No,No,External,none,no change,1 vehicle,1995,All Perils
4,1,6,Pontiac,Urban,1,3,2,Male,Married,49,Policy Holder,Sedan - Collision,Sedan,less than 20000,0,9273,2,400,2,more than 30,more than 30,2 to 4,more than 7,41 to 50,No,No,External,none,no change,1 vehicle,1995,Collision
3,2,2,Pontiac,Urban,5,3,4,Female,Married,26,Third Party,Sedan - Collision,Sedan,less than 20000,0,9274,1,400,1,more than 30,more than 30,none,5 years,31 to 35,No,No,External,none,no change,1 vehicle,1995,Collision
3,2,1,Pontiac,Urban,4,2,2,Male,Single,49,Policy Holder,Sedan - Liability,Sport,20000 to 29000,0,9275,5,400,2,more than 30,more than 30,2 to 4,7 years,41 to 50,No,No,External,1 to 2,no change,1 vehicle,1995,Liability
1,5,3,Toyota,Urban,5,2,1,Male,Married,33,Policy Holder,Sedan - Liability,Sport,30000 to 39000,0,9276,5,400,1,more than 30,more than 30,2 to 4,6 years,31 to 35,No,No,External,none,no change,1 vehicle,1995,Liability
2,1,5,Chevrolet,Urban,2,1,2,Male,Married,50,Policy Holder,Sedan - Liability,Sport,30000 to 39000,0,9277,2,400,1,more than 30,more than 30,1,6 years,41 to 50,No,No,External,none,no change,1 vehicle,1995,Liability
1,2,2,Toyota,Urban,3,11,4,Male,Single,24,Policy Holder,Sedan - Liability,Sport,20000 to 29000,0,9278,16,400,1,more than 30,more than 30,1,5 years,26 to 30,No,No,External,none,no change,1 vehicle,1995,Liability
11,3,3,Toyota,Urban,4,11,3,Female,Single,26,Policy Holder,Sedan - All Perils,Sedan,20000 to 29000,0,9279,7,400,3,more than 30,more than 30,1,7 years,31 to 35,No,No,External,more than 5,no change,1 vehicle,1995,All Perils
11,3,1,Chevrolet,Urban,3,11,3,Female,Single,27,Third Party,Sedan - Liability,Sport,more than 69000,0,9280,10,400,2,more than 30,more than 30,2 to 4,4 years,31 to 35,No,No,External,none,no change,1 vehicle,1995,Liability
11,2,4,Mazda,Urban,5,7,2,Female,Single,31,Policy Holder,Sedan - Liability,Sport,20000 to 29000,0,9281,4,400,4,more than 30,more than 30,2 to 4,6 years,31 to 35,No,No,External,none,no change,1 vehicle,1995,Liability
7,4,5,Honda,Urban,5,1,4,Female,Married,37,Policy Holder,Sedan - Liability,Sport,20000 to 29000,0,9282,13,400,3,more than 30,more than 30,2 to 4,7 years,36 to 40,No,No,External,none,no change,1 vehicle,1995,Liability
1,2,6,Toyota,Urban,3,3,3,Male,Single,32,Policy Holder,Sedan - Collision,Sedan,20000 to 29000,1,9283,10,500,1,more than 30,more than 30,2 to 4,6 years,31 to 35,No,No,External,3 to 5,1 year,2 vehicles,1995,Collision
10,2,2,Mazda,Urban,2,8,4,Male,Single,21,Policy Holder,Sport - Collision,Sport,more than 69000,0,9284,14,400,4,more than 30,more than 30,1,5 years,26 to 30,No,No,External,more than 5,no change,1 vehicle,1995,Collision
8,4,5,Toyota,Urban,1,10,5,Male,Married,45,Policy Holder,Sedan - All Perils,Sedan,20000 to 29000,0,9285,3,400,4,more than 30,more than 30,none,7 years,36 to 40,No,No,External,1 to 2,no change,1 vehicle,1995,All Perils
10,1,2,Toyota,Urban,5,1,3,Male,Married,52,Policy Holder,Sedan - Collision,Sedan,20000 to 29000,0,9286,9,400,3,more than 30,more than 30,2 to 4,7 years,41 to 50,No,No,External,1 to 2,no change,1 vehicle,1995,Collision
12,2,6,Mazda,Rural,2,1,2,Male,Single,39,Policy Holder,Sedan - Collision,Sedan,20000 to 29000,0,9287,4,400,1,more than 30,more than 30,2 to 4,more than 7,36 to 40,No,No,External,1 to 2,no change,1 vehicle,1995,Collision
1,3,1,Chevrolet,Urban,1,10,4,Male,Married,44,Policy Holder,Sedan - All Perils,Sedan,30000 to 39000,1,9288,9,400,3,more than 30,more than 30,2 to 4,7 years,36 to 40,No,No,External,1 to 2,no change,1 vehicle,1995,All Perils
10,3,6,Pontiac,Urban,5,6,3,Male,Single,32,Policy Holder,Sedan - Liability,Sport,20000 to 29000,0,9289,8,400,3,more than 30,more than 30,2 to 4,7 years,31 to 35,No,No,External,1 to 2,no change,1 vehicle,1995,Liability
3,2,7,Honda,Rural,1,1,4,Male,Married,64,Policy Holder,Sedan - All Perils,Sedan,less than 20000,0,9290,13,400,4,more than 30,more than 30,1,7 years,51 to 65,No,No,External,none,no change,1 vehicle,1995,All Perils
1,3,1,Pontiac,Urban,2,2,3,Female,Married,35,Third Party,Sedan - Liability,Sport,20000 to 29000,0,9291,2,400,4,more than 30,more than 30,2 to 4,6 years,31 to 35,No,No,External,none,no change,1 vehicle,1995,Liability
2,1,6,Honda,Rural,3,1,2,Male,Single,36,Policy Holder,Sedan - Liability,Sport,30000 to 39000,0,9292,3,400,2,more than 30,more than 30,none,7 years,36 to 40,No,No,External,more than 5,no change,1 vehicle,1995,Liability
1,3,6,Pontiac,Urban,2,8,3,Male,Single,44,Policy Holder,Sedan - All Perils,Sedan,20000 to 29000,1,9293,13,400,4,more than 30,more than 30,2 to 4,7 years,36 to 40,No,No,External,none,no change,1 vehicle,1995,All Perils
8,1,1,Honda,Urban,2,12,2,Male,Single,28,Third Party,Sedan - Collision,Sedan,20000 to 29000,0,9294,3,400,2,more than 30,more than 30,1,6 years,31 to 35,No,No,External,3 to 5,no change,1 vehicle,1995,Collision
12,4,3,Toyota,Urban,4,8,4,Male,Married,65,Policy Holder,Sedan - Collision,Sedan,more than 69000,0,9295,8,400,4,more than 30,more than 30,2 to 4,more than 7,51 to 65,No,No,External,more than 5,no change,1 vehicle,1995,Collision
8,2,1,Mazda,Urban,2,11,3,Male,Married,58,Policy Holder,Sedan - All Perils,Sedan,30000 to 39000,0,9296,9,400,4,more than 30,more than 30,none,more than 7,51 to 65,No,No,External,none,no change,1 vehicle,1995,All Perils
11,4,1,Mazda,Urban,1,11,5,Male,Married,44,Third Party,Sedan - All Perils,Sedan,20000 to 29000,0,9297,13,400,3,more than 30,more than 30,1,more than 7,36 to 40,No,No,External,more than 5,no change,1 vehicle,1995,All Perils
11,4,3,Toyota,Urban,4,3,4,Male,Single,29,Policy Holder,Sedan - Liability,Sport,30000 to 39000,0,9298,10,400,4,more than 30,more than 30,more than 4,6 years,31 to 35,No,No,External,3 to 5,no change,1 vehicle,1995,Liability
7,5,6,Chevrolet,Urban,3,2,2,Male,Married,28,Policy Holder,Sedan - Collision,Sedan,20000 to 29000,0,9299,1,400,1,more than 30,more than 30,2 to 4,6 years,31 to 35,No,No,External,1 to 2,no change,1 vehicle,1995,Collision
1,3,6,Mazda,Urban,3,2,1,Male,Married,35,Policy Holder,Sedan - All Perils,Sedan,20000 to 29000,1,9300,9,400,1,more than 30,more than 30,1,7 years,31 to 35,No,No,External,3 to 5,no change,1 vehicle,1995,All Perils
2,1,6,Pontiac,Urban,2,1,4,Male,Married,37,Policy Holder,Sedan - Collision,Sedan,20000 to 29000,0,9301,11,400,2,more than 30,more than 30,1,6 years,36 to 40,No,No,External,none,no change,1 vehicle,1995,Collision
1,3,4,Honda,Urban,5,2,5,Male,Widow,37,Third Party,Sedan - Collision,Sedan,20000 to 29000,0,9302,16,400,1,more than 30,more than 30,2 to 4,7 years,36 to 40,No,No,External,1 to 2,no change,1 vehicle,1995,Collision
2,1,4,Mazda,Urban,5,3,2,Male,Married,30,Policy Holder,Sedan - Collision,Sedan,20000 to 29000,0,9303,1,400,3,more than 30,more than 30,none,7 years,31 to 35,No,No,External,1 to 2,no change,1 vehicle,1995,Collision
3,1,5,Mazda,Urban,5,2,1,Female,Single,29,Third Party,Sedan - Collision,Sedan,20000 to 29000,0,9304,6,400,1,more than 30,more than 30,none,6 years,31 to 35,No,No,External,none,4 to 8 years,2 vehicles,1995,Collision
2,4,1,Ford,Urban,1,4,4,Male,Married,58,Policy Holder,Sedan - Liability,Sport,60000 to 69000,0,9305,12,400,3,more than 30,more than 30,2 to 4,more than 7,51 to 65,No,No,External,more than 5,no change,1 vehicle,1995,Liability
4,1,4,Honda,Urban,4,7,1,Male,Single,0,Policy Holder,Sedan - Liability,Sport,more than 69000,0,9306,2,400,4,more than 30,more than 30,2 to 4,new,16 to 17,No,No,External,none,no change,1 vehicle,1995,Liability
7,5,1,Pontiac,Urban,2,9,5,Male,Married,28,Policy Holder,Sedan - Liability,Sport,20000 to 29000,0,9307,14,400,3,more than 30,more than 30,more than 4,6 years,31 to 35,No,No,External,3 to 5,no change,1 vehicle,1995,Liability
8,5,7,Toyota,Urban,4,1,2,Male,Married,41,Policy Holder,Sedan - Collision,Sedan,20000 to 29000,0,9308,9,400,3,more than 30,more than 30,1,more than 7,36 to 40,No,No,External,more than 5,no change,3 to 4,1995,Collision
1,3,4,Mazda,Urban,3,8,3,Male,Married,35,Policy Holder,Sedan - All Perils,Sedan,20000 to 29000,1,9309,11,400,2,more than 30,more than 30,2 to 4,6 years,31 to 35,No,No,External,none,no change,1 vehicle,1995,All Perils
8,3,1,Honda,Urban,3,8,4,Male,Married,51,Policy Holder,Sedan - Liability,Sport,20000 to 29000,0,9310,3,400,2,more than 30,more than 30,1,7 years,41 to 50,No,No,External,more than 5,no change,1 vehicle,1995,Liability
8,3,1,Toyota,Urban,1,10,3,Male,Married,70,Policy Holder,Sedan - All Perils,Sedan,20000 to 29000,0,9311,3,400,1,more than 30,more than 30,none,more than 7,over 65,No,No,External,3 to 5,no change,1 vehicle,1995,All Perils
10,1,1,Mazda,Urban,4,11,1,Male,Single,23,Policy Holder,Sedan - Liability,Sport,20000 to 29000,0,9312,14,400,2,more than 30,more than 30,2 to 4,5 years,26 to 30,No,No,External,more than 5,no change,1 vehicle,1995,Liability
9,2,1,Ford,Urban,2,5,2,Male,Married,52,Policy Holder,Sedan - All Perils,Sedan,20000 to 29000,0,9313,5,400,3,more than 30,more than 30,1,more than 7,41 to 50,No,No,External,none,no change,1 vehicle,1995,All Perils
1,5,2,Toyota,Urban,3,10,4,Male,Married,30,Policy Holder,Sedan - Collision,Sedan,20000 to 29000,0,9314,15,400,1,more than 30,more than 30,1,6 years,31 to 35,No,No,External,none,no change,1 vehicle,1995,Collision
10,4,6,Chevrolet,Urban,2,3,4,Male,Married,42,Policy Holder,Sedan - All Perils,Sedan,more than 69000,0,9315,1,400,4,more than 30,more than 30,1,6 years,36 to 40,No,No,External,1 to 2,no change,1 vehicle,1995,All Perils
3,1,4,Honda,Urban,3,4,3,Female,Single,32,Policy Holder,Sedan - All Perils,Sedan,20000 to 29000,0,9316,1,400,2,more than 30,more than 30,1,5 years,31 to 35,No,No,External,3 to 5,no change,1 vehicle,1995,All Perils
3,1,1,Pontiac,Urban,2,3,1,Female,Single,77,Third Party,Sedan - All Perils,Sedan,20000 to 29000,0,9317,3,400,1,more than 30,more than 30,2 to 4,more than 7,over 65,No,No,External,3 to 5,no change,1 vehicle,1995,All Perils
3,4,6,Honda,Urban,2,5,5,Male,Single,34,Policy Holder,Sedan - Collision,Sedan,20000 to 29000,0,9318,12,400,1,more than 30,more than 30,none,6 years,31 to 35,No,No,External,1 to 2,no change,1 vehicle,1995,Collision
5,1,5,Pontiac,Urban,5,4,2,Female,Single,39,Policy Holder,Sedan - All Perils,Sedan,less than 20000,0,9319,11,400,4,more than 30,more than 30,2 to 4,7 years,36 to 40,No,No,External,1 to 2,no change,1 vehicle,1995,All Perils
4,2,3,Chevrolet,Urban,4,4,2,Male,Single,49,Third Party,Sedan - Liability,Sport,40000 to 59000,0,9320,3,400,1,more than 30,more than 30,2 to 4,7 years,41 to 50,No,No,External,none,no change,1 vehicle,1995,Liability
4,1,6,Toyota,Urban,4,7,1,Male,Married,31,Policy Holder,Sedan - All Perils,Sedan,20000 to 29000,0,9321,16,400,4,more than 30,more than 30,none,6 years,31 to 35,No,No,External,none,no change,1 vehicle,1995,All Perils
6,4,3,Honda,Urban,4,8,1,Male,Single,44,Third Party,Sedan - Collision,Sedan,more than 69000,0,9322,5,400,2,more than 30,more than 30,none,6 years,36 to 40,No,No,External,3 to 5,no change,1 vehicle,1995,Collision
7,1,2,Honda,Urban,5,9,5,Female,Single,29,Third Party,Sport - Collision,Sport,more than 69000,0,9323,2,400,1,none,more than 30,none,6 years,31 to 35,No,No,External,none,no change,1 vehicle,1995,Collision
8,5,6,Honda,Urban,1,8,1,Male,Married,32,Policy Holder,Sedan - Collision,Sedan,20000 to 29000,0,9324,14,400,4,more than 30,more than 30,2 to 4,6 years,31 to 35,No,No,External,none,no change,1 vehicle,1995,Collision
8,4,7,Toyota,Urban,2,8,5,Female,Single,29,Policy Holder,Sedan - Liability,Sport,20000 to 29000,0,9325,13,400,2,more than 30,more than 30,more than 4,6 years,31 to 35,No,No,External,none,4 to 8 years,2 vehicles,1995,Liability
7,5,1,Pontiac,Rural,2,1,1,Female,Single,32,Policy Holder,Sedan - All Perils,Sedan,20000 to 29000,0,9326,8,400,3,more than 30,more than 30,1,6 years,31 to 35,No,No,External,3 to 5,no change,1 vehicle,1995,All Perils
1,3,4,Toyota,Urban,4,11,3,Male,Married,43,Third Party,Sedan - All Perils,Sedan,30000 to 39000,0,9327,13,400,3,more than 30,more than 30,2 to 4,7 years,36 to 40,No,No,External,none,no change,1 vehicle,1995,All Perils
11,5,1,Mazda,Urban,5,11,5,Male,Single,27,Policy Holder,Sedan - Liability,Sport,30000 to 39000,0,9328,10,400,3,more than 30,more than 30,2 to 4,6 years,31 to 35,No,No,External,3 to 5,no change,1 vehicle,1995,Liability
11,3,1,VW,Urban,4,10,4,Male,Married,44,Policy Holder,Sedan - Liability,Sport,40000 to 59000,0,9329,13,400,3,more than 30,more than 30,more than 4,7 years,36 to 40,No,No,External,none,no change,1 vehicle,1995,Liability
9,3,7,Mazda,Urban,2,8,3,Male,Married,59,Policy Holder,Sedan - Liability,Sport,20000 to 29000,0,9330,9,400,1,more than 30,more than 30,2 to 4,more than 7,51 to 65,No,No,External,more than 5,no change,1 vehicle,1995,Liability
7,4,1,Pontiac,Rural,1,1,1,Female,Married,32,Policy Holder,Sedan - Collision,Sedan,20000 to 29000,0,9331,9,400,4,more than 30,more than 30,none,6 years,31 to 35,No,No,External,none,no change,1 vehicle,1995,Collision
1,3,3,Pontiac,Urban,4,6,3,Male,Single,31,Third Party,Sedan - Collision,Sedan,30000 to 39000,0,9332,10,400,2,more than 30,more than 30,2 to 4,6 years,31 to 35,No,No,External,more than 5,no change,1 vehicle,1995,Collision
6,5,7,Pontiac,Urban,4,6,5,Male,Single,29,Policy Holder,Sedan - All Perils,Sedan,20000 to 29000,0,9333,15,400,3,more than 30,more than 30,1,6 years,31 to 35,No,No,External,3 to 5,no change,1 vehicle,1995,All Perils
6,3,6,Mazda,Urban,2,6,4,Male,Married,44,Policy Holder,Sedan - Collision,Sedan,20000 to 29000,0,9334,16,500,3,more than 30,more than 30,none,7 years,36 to 40,No,No,External,more than 5,2 to 3 years,1 vehicle,1995,Collision
6,3,6,Toyota,Urban,5,6,4,Male,Single,35,Policy Holder,Sedan - Collision,Sedan,20000 to 29000,0,9335,2,400,2,more than 30,more than 30,none,7 years,31 to 35,No,No,External,1 to 2,no change,1 vehicle,1995,Collision
6,1,4,Chevrolet,Urban,4,5,2,Male,Married,42,Policy Holder,Sedan - Collision,Sedan,60000 to 69000,0,9336,5,400,3,more than 30,more than 30,2 to 4,7 years,36 to 40,No,No,External,more than 5,no change,1 vehicle,1995,Collision
5,3,5,Pontiac,Urban,5,5,4,Male,Married,28,Policy Holder,Sedan - Liability,Sport,20000 to 29000,0,9337,4,400,1,more than 30,more than 30,2 to 4,7 years,31 to 35,No,No,External,1 to 2,no change,1 vehicle,1995,Liability
5,2,3,Pontiac,Rural,3,5,2,Male,Married,47,Policy Holder,Sedan - Liability,Sport,30000 to 39000,0,9338,16,400,3,more than 30,more than 30,2 to 4,7 years,41 to 50,No,No,External,more than 5,no change,1 vehicle,1995,Liability
5,2,3,Honda,Urban,1,11,2,Male,Single,24,Policy Holder,Sedan - Liability,Sport,20000 to 29000,0,9339,2,400,3,more than 30,more than 30,2 to 4,3 years,26 to 30,No,No,External,more than 5,no change,1 vehicle,1995,Liability
3,3,4,Chevrolet,Urban,4,3,4,Male,Single,42,Policy Holder,Sedan - Liability,Sport,30000 to 39000,0,9340,4,400,2,more than 30,more than 30,more than 4,more than 7,36 to 40,No,No,External,more than 5,no change,1 vehicle,1995,Liability
3,3,1,Pontiac,Urban,4,3,3,Female,Married,32,Third Party,Sedan - All Perils,Sedan,20000 to 29000,0,9341,3,400,4,more than 30,more than 30,none,6 years,31 to 35,No,No,External,3 to 5,no change,1 vehicle,1995,All Perils
3,2,7,Pontiac,Urban,3,3,3,Male,Married,43,Policy Holder,Sedan - Liability,Sport,30000 to 39000,0,9342,15,400,4,more than 30,more than 30,2 to 4,more than 7,36 to 40,No,No,External,more than 5,no change,1 vehicle,1995,Liability
3,2,2,Toyota,Rural,5,3,3,Male,Married,55,Policy Holder,Sedan - All Perils,Sedan,less than 20000,0,9343,7,400,4,more than 30,more than 30,1,more than 7,41 to 50,No,No,External,none,no change,1 vehicle,1995,All Perils
2,5,2,VW,Urban,1,8,3,Male,Married,48,Policy Holder,Sedan - Liability,Sport,60000 to 69000,0,9344,3,400,1,more than 30,more than 30,more than 4,7 years,41 to 50,No,No,External,more than 5,no change,1 vehicle,1995,Liability
8,3,1,Pontiac,Urban,1,7,4,Male,Single,31,Policy Holder,Sedan - Collision,Sedan,less than 20000,0,9345,11,400,3,more than 30,more than 30,none,7 years,31 to 35,No,No,External,1 to 2,no change,1 vehicle,1995,Collision
7,2,4,Honda,Urban,3,7,2,Male,Married,32,Third Party,Sedan - All Perils,Sedan,20000 to 29000,0,9346,6,400,4,more than 30,more than 30,none,6 years,31 to 35,No,No,External,1 to 2,4 to 8 years,2 vehicles,1995,All Perils
6,5,4,Chevrolet,Urban,4,8,1,Female,Single,21,Policy Holder,Sedan - All Perils,Sedan,more than 69000,0,9347,16,400,3,more than 30,more than 30,none,5 years,26 to 30,No,No,External,1 to 2,no change,1 vehicle,1995,All Perils
6,2,2,Mazda,Urban,3,5,1,Female,Married,47,Policy Holder,Sedan - All Perils,Sedan,20000 to 29000,0,9348,5,400,3,more than 30,more than 30,2 to 4,7 years,41 to 50,No,No,External,none,no change,1 vehicle,1995,All Perils
5,2,1,Honda,Urban,3,1,2,Male,Married,32,Policy Holder,Sedan - Liability,Sport,20000 to 29000,0,9349,9,400,4,more than 30,more than 30,2 to 4,5 years,31 to 35,No,No,External,none,no change,3 to 4,1995,Liability
1,3,2,Honda,Urban,2,1,3,Male,Single,30,Third Party,Sport - Collision,Sport,more than 69000,0,9350,16,400,3,more than 30,more than 30,2 to 4,7 years,31 to 35,No,No,External,none,no change,1 vehicle,1995,Collision
1,3,2,Pontiac,Urban,3,1,3,Male,Married,26,Policy Holder,Sedan - All Perils,Sedan,less than 20000,1,9351,2,400,2,more than 30,more than 30,none,7 years,31 to 35,No,No,External,none,no change,1 vehicle,1995,All Perils
1,3,2,Chevrolet,Urban,5,4,3,Male,Married,46,Policy Holder,Utility - Collision,Utility,more than 69000,1,9352,13,400,3,more than 30,more than 30,more than 4,7 years,41 to 50,No,No,External,more than 5,no change,1 vehicle,1995,Collision
4,2,2,Toyota,Urban,3,4,4,Male,Married,62,Policy Holder,Sedan - All Perils,Sedan,more than 69000,0,9353,7,400,2,more than 30,more than 30,2 to 4,more than 7,51 to 65,No,No,External,3 to 5,no change,1 vehicle,1995,All Perils
4,2,1,Pontiac,Urban,2,4,2,Male,Married,70,Policy Holder,Sedan - Liability,Sport,20000 to 29000,0,9354,5,400,1,more than 30,more than 30,1,more than 7,over 65,No,No,External,none,no change,1 vehicle,1995,Liability
4,2,3,Pontiac,Rural,4,3,2,Male,Married,48,Policy Holder,Sedan - Liability,Sport,20000 to 29000,0,9355,3,400,1,more than 30,more than 30,2 to 4,more than 7,41 to 50,No,No,External,none,no change,1 vehicle,1995,Liability
3,3,4,Pontiac,Urban,5,3,3,Female,Single,33,Third Party,Sedan - Liability,Sport,20000 to 29000,0,9356,10,400,1,more than 30,more than 30,2 to 4,6 years,31 to 35,No,No,External,3 to 5,no change,1 vehicle,1995,Liability
3,3,5,Mazda,Urban,4,3,3,Male,Single,25,Policy Holder,Sedan - All Perils,Sedan,20000 to 29000,0,9357,8,400,1,more than 30,more than 30,none,4 years,26 to 30,No,No,External,none,no change,1 vehicle,1995,All Perils
2,4,5,Mazda,Urban,1,1,1,Male,Married,49,Policy Holder,Sedan - Collision,Sedan,20000 to 29000,0,9358,3,400,2,more than 30,more than 30,1,7 years,41 to 50,No,No,External,more than 5,no change,1 vehicle,1995,Collision
1,4,5,Toyota,Rural,1,1,4,Male,Married,29,Policy Holder,Sedan - Liability,Sport,30000 to 39000,0,9359,12,400,3,more than 30,more than 30,more than 4,7 years,31 to 35,No,No,External,more than 5,no change,1 vehicle,1995,Liability
1,4,4,Honda,Urban,5,2,4,Male,Single,34,Policy Holder,Sedan - Liability,Sport,more than 69000,0,9360,15,400,3,more than 30,more than 30,2 to 4,new,31 to 35,No,No,External,none,no change,1 vehicle,1995,Liability
1,3,3,Toyota,Urban,4,8,1,Male,Married,29,Policy Holder,Sedan - Liability,Sport,30000 to 39000,0,9361,10,400,3,more than 30,more than 30,2 to 4,6 years,31 to 35,No,No,External,none,no change,1 vehicle,1995,Liability
8,2,4,Pontiac,Urban,2,5,3,Male,Single,34,Policy Holder,Sedan - Collision,Sedan,30000 to 39000,0,9362,14,400,4,more than 30,more than 30,none,7 years,31 to 35,No,No,External,more than 5,no change,1 vehicle,1995,Collision
12,3,3,Ford,Rural,4,5,4,Male,Married,78,Policy Holder,Sport - All Perils,Sport,less than 20000,0,9363,13,700,4,more than 30,more than 30,2 to 4,more than 7,over 65,No,No,External,1 to 2,no change,1 vehicle,1995,All Perils
5,1,4,Pontiac,Urban,3,9,1,Male,Married,45,Policy Holder,Sedan - Collision,Sedan,20000 to 29000,0,9364,13,400,1,more than 30,more than 30,1,7 years,36 to 40,No,No,External,3 to 5,no change,1 vehicle,1995,Collision
7,3,2,Pontiac,Urban,3,11,5,Male,Married,55,Policy Holder,Sedan - Liability,Sport,20000 to 29000,0,9365,15,400,2,more than 30,more than 30,more than 4,more than 7,41 to 50,No,No,External,none,no change,1 vehicle,1995,Liability
11,2,5,Pontiac,Urban,5,10,4,Female,Single,43,Policy Holder,Sedan - Collision,Sedan,20000 to 29000,0,9366,7,400,1,more than 30,more than 30,none,6 years,36 to 40,Yes,No,External,none,no change,1 vehicle,1995,Collision
10,2,4,Chevrolet,Urban,1,4,2,Male,Married,36,Policy Holder,Sedan - Liability,Sport,30000 to 39000,0,9367,3,400,2,more than 30,more than 30,1,7 years,36 to 40,No,No,External,3 to 5,4 to 8 years,2 vehicles,1995,Liability
4,2,7,Mazda,Urban,2,10,4,Male,Married,39,Third Party,Sedan - Collision,Sedan,20000 to 29000,0,9368,1,400,4,more than 30,more than 30,1,more than 7,36 to 40,No,No,External,more than 5,no change,1 vehicle,1995,Collision
10,1,2,Pontiac,Urban,2,7,4,Male,Married,55,Policy Holder,Sedan - Collision,Sedan,20000 to 29000,0,9369,5,400,3,more than 30,more than 30,2 to 4,more than 7,41 to 50,No,No,External,1 to 2,no change,1 vehicle,1995,Collision
7,3,2,Toyota,Urban,3,7,4,Male,Married,71,Policy Holder,Sedan - All Perils,Sedan,less than 20000,0,9370,13,400,2,more than 30,more than 30,1,more than 7,over 65,No,No,External,none,no change,1 vehicle,1995,All Perils
7,3,2,Toyota,Urban,3,11,3,Male,Married,29,Third Party,Sedan - All Perils,Sedan,20000 to 29000,0,9371,7,400,4,more than 30,more than 30,2 to 4,7 years,31 to 35,No,No,External,none,no change,1 vehicle,1995,All Perils
11,4,4,Toyota,Urban,4,3,4,Male,Single,32,Policy Holder,Sedan - Collision,Sedan,20000 to 29000,0,9372,12,400,3,more than 30,more than 30,1,6 years,31 to 35,No,No,External,more than 5,no change,1 vehicle,1995,Collision
3,1,2,Honda,Urban,4,5,1,Female,Divorced,30,Policy Holder,Sedan - Collision,Sedan,less than 20000,0,9373,12,400,1,more than 30,more than 30,none,6 years,31 to 35,No,No,External,none,no change,1 vehicle,1995,Collision
4,4,3,Honda,Urban,4,5,2,Male,Married,21,Third Party,Sedan - Collision,Sedan,20000 to 29000,0,9374,11,400,2,more than 30,more than 30,none,5 years,26 to 30,No,No,External,none,1 year,1 vehicle,1995,Collision
5,1,5,Toyota,Urban,4,6,1,Male,Married,58,Third Party,Sedan - Liability,Sport,20000 to 29000,0,9375,11,400,2,more than 30,more than 30,2 to 4,7 years,51 to 65,No,No,External,3 to 5,no change,1 vehicle,1995,Liability
6,4,4,Toyota,Rural,3,7,5,Male,Married,51,Policy Holder,Sedan - Liability,Sport,20000 to 29000,0,9376,16,400,1,more than 30,more than 30,more than 4,more than 7,41 to 50,No,No,External,none,no change,1 vehicle,1995,Liability
6,4,1,Accura,Urban,5,8,3,Male,Married,74,Third Party,Sedan - Collision,Sedan,30000 to 39000,0,9377,15,400,3,8 to 15,more than 30,none,more than 7,over 65,No,No,External,none,no change,1 vehicle,1995,Collision
7,4,6,Honda,Urban,3,8,2,Male,Married,27,Policy Holder,Sedan - Liability,Sport,20000 to 29000,0,9378,3,400,3,more than 30,more than 30,1,7 years,31 to 35,No,No,External,more than 5,no change,1 vehicle,1995,Liability
8,1,2,Chevrolet,Rural,2,8,2,Male,Married,52,Policy Holder,Sedan - Liability,Sport,20000 to 29000,0,9379,2,400,2,more than 30,more than 30,none,7 years,41 to 50,No,No,External,1 to 2,no change,1 vehicle,1995,Liability
8,2,1,Chevrolet,Urban,1,11,2,Male,Single,34,Policy Holder,Sedan - All Perils,Sedan,30000 to 39000,0,9380,12,400,2,more than 30,more than 30,1,7 years,31 to 35,No,No,External,none,no change,1 vehicle,1995,All Perils
10,5,2,Toyota,Urban,2,11,2,Male,Married,48,Third Party,Sedan - Liability,Sport,more than 69000,0,9381,6,400,4,more than 30,more than 30,1,more than 7,41 to 50,No,No,External,more than 5,no change,1 vehicle,1995,Liability
11,2,2,Mazda,Urban,1,11,3,Male,Married,75,Policy Holder,Sedan - All Perils,Sedan,30000 to 39000,0,9382,7,400,3,more than 30,more than 30,none,more than 7,over 65,No,No,External,3 to 5,no change,1 vehicle,1995,All Perils
11,2,4,Honda,Urban,4,11,3,Male,Married,29,Policy Holder,Sedan - Collision,Sedan,20000 to 29000,0,9383,5,400,2,more than 30,more than 30,2 to 4,5 years,31 to 35,No,No,External,none,no change,1 vehicle,1995,Collision
11,2,4,Pontiac,Urban,2,11,2,Male,Single,31,Policy Holder,Sedan - Collision,Sedan,20000 to 29000,0,9384,8,400,3,more than 30,more than 30,2 to 4,6 years,31 to 35,No,No,External,none,no change,1 vehicle,1995,Collision
11,2,7,Saab,Urban,2,11,3,Male,Married,42,Policy Holder,Sedan - Collision,Sedan,40000 to 59000,0,9385,2,500,4,more than 30,more than 30,2 to 4,more than 7,36 to 40,No,No,External,more than 5,2 to 3 years,1 vehicle,1995,Collision
11,3,7,Accura,Urban,4,12,4,Male,Married,27,Policy Holder,Sedan - Collision,Sedan,40000 to 59000,0,9386,1,400,1,more than 30,more than 30,1,7 years,31 to 35,No,No,External,more than 5,no change,1 vehicle,1995,Collision
11,4,1,Honda,Urban,1,1,1,Male,Married,55,Policy Holder,Sedan - Liability,Sport,30000 to 39000,0,9387,9,400,2,more than 30,more than 30,2 to 4,more than 7,41 to 50,No,No,External,more than 5,no change,1 vehicle,1995,Liability
12,3,5,Toyota,Urban,1,3,4,Male,Single,24,Policy Holder,Sedan - All Perils,Sedan,20000 to 29000,0,9388,10,400,3,more than 30,more than 30,none,5 years,26 to 30,No,No,External,3 to 5,4 to 8 years,2 vehicles,1995,All Perils
3,2,2,Honda,Urban,5,4,2,Female,Married,32,Third Party,Sedan - Liability,Sport,20000 to 29000,0,9389,7,400,1,more than 30,more than 30,2 to 4,6 years,31 to 35,No,No,External,3 to 5,no change,1 vehicle,1995,Liability
4,3,3,Mazda,Urban,4,6,4,Male,Single,30,Third Party,Sport - Collision,Sport,more than 69000,0,9390,14,400,4,more than 30,more than 30,1,5 years,31 to 35,No,No,External,3 to 5,no change,3 to 4,1995,Collision
5,4,4,Toyota,Urban,4,7,1,Male,Married,66,Policy Holder,Sedan - Liability,Sport,30000 to 39000,0,9391,15,400,4,more than 30,more than 30,more than 4,more than 7,over 65,No,No,External,1 to 2,no change,1 vehicle,1995,Liability
7,4,2,Honda,Urban,4,8,4,Female,Single,25,Policy Holder,Sedan - Collision,Sedan,less than 20000,0,9392,11,400,3,more than 30,more than 30,1,5 years,26 to 30,No,No,External,3 to 5,no change,1 vehicle,1995,Collision
8,1,4,Honda,Urban,1,8,1,Male,Single,26,Policy Holder,Sedan - Liability,Sport,20000 to 29000,0,9393,4,400,1,more than 30,more than 30,2 to 4,5 years,31 to 35,No,No,External,none,no change,1 vehicle,1995,Liability
8,1,4,Pontiac,Urban,3,9,2,Male,Married,55,Third Party,Sedan - Collision,Sedan,more than 69000,0,9394,7,700,4,more than 30,more than 30,none,more than 7,41 to 50,No,No,External,none,no change,1 vehicle,1995,Collision
8,5,2,Mazda,Urban,1,10,1,Male,Married,78,Policy Holder,Sedan - Collision,Sedan,20000 to 29000,0,9395,1,400,1,more than 30,more than 30,more than 4,more than 7,over 65,No,No,External,1 to 2,no change,1 vehicle,1995,Collision
10,1,3,Pontiac,Urban,5,12,2,Female,Married,22,Policy Holder,Sedan - Collision,Sedan,20000 to 29000,0,9396,15,400,1,more than 30,more than 30,2 to 4,2 years,26 to 30,No,No,External,3 to 5,no change,1 vehicle,1995,Collision
11,4,2,Mazda,Urban,3,12,4,Male,Married,36,Policy Holder,Sedan - Collision,Sedan,20000 to 29000,0,9397,14,400,2,more than 30,more than 30,2 to 4,more than 7,36 to 40,No,No,External,none,no change,1 vehicle,1995,Collision
12,3,1,Chevrolet,Urban,3,12,3,Male,Married,59,Policy Holder,Sedan - Collision,Sedan,20000 to 29000,0,9398,1,400,4,more than 30,more than 30,2 to 4,7 years,51 to 65,Yes,Yes,Internal,3 to 5,no change,1 vehicle,1995,Collision
12,3,1,Honda,Urban,5,12,4,Female,Married,52,Policy Holder,Sedan - Liability,Sport,20000 to 29000,0,9399,1,400,4,more than 30,more than 30,2 to 4,7 years,41 to 50,No,No,External,none,no change,1 vehicle,1995,Liability
11,4,7,Honda,Urban,1,11,1,Male,Married,47,Policy Holder,Sedan - Liability,Sport,20000 to 29000,0,9400,5,400,1,more than 30,more than 30,more than 4,more than 7,41 to 50,No,No,External,none,no change,1 vehicle,1995,Liability
11,4,1,Chevrolet,Urban,3,11,4,Female,Single,33,Policy Holder,Sedan - Collision,Sedan,20000 to 29000,0,9401,3,400,1,more than 30,more than 30,more than 4,6 years,31 to 35,No,No,External,3 to 5,no change,1 vehicle,1995,Collision
11,4,6,Pontiac,Urban,5,12,5,Female,Married,28,Policy Holder,Sedan - All Perils,Sedan,less than 20000,0,9402,4,400,1,more than 30,more than 30,none,6 years,31 to 35,No,No,External,1 to 2,no change,1 vehicle,1995,All Perils
11,4,5,Toyota,Urban,3,11,1,Male,Married,48,Policy Holder,Sedan - Collision,Sedan,less than 20000,0,9403,7,400,1,none,15 to 30,none,7 years,41 to 50,No,No,External,3 to 5,no change,1 vehicle,1995,Collision
11,4,5,Honda,Urban,2,11,5,Male,Single,33,Third Party,Sedan - Collision,Sedan,20000 to 29000,0,9404,9,400,2,more than 30,more than 30,none,6 years,31 to 35,Yes,No,External,none,no change,1 vehicle,1995,Collision
11,4,1,Chevrolet,Urban,1,10,5,Male,Married,46,Policy Holder,Sedan - All Perils,Sedan,40000 to 59000,0,9405,9,400,3,more than 30,more than 30,none,more than 7,41 to 50,No,No,External,more than 5,no change,1 vehicle,1995,All Perils
10,3,5,Honda,Urban,1,10,3,Male,Married,40,Policy Holder,Sedan - Collision,Sedan,20000 to 29000,0,9406,5,400,2,more than 30,more than 30,2 to 4,6 years,36 to 40,No,No,External,none,no change,1 vehicle,1995,Collision
10,1,2,Pontiac,Urban,3,9,2,Male,Married,50,Policy Holder,Sedan - Collision,Sedan,less than 20000,0,9407,11,400,1,more than 30,more than 30,none,more than 7,41 to 50,No,No,External,none,no change,1 vehicle,1995,Collision
8,4,2,Pontiac,Urban,5,8,2,Male,Single,35,Policy Holder,Sedan - Liability,Sport,30000 to 39000,0,9408,7,400,1,more than 30,more than 30,none,6 years,31 to 35,No,No,External,none,no change,1 vehicle,1995,Liability
8,4,4,Honda,Urban,5,8,4,Male,Married,44,Policy Holder,Sedan - Liability,Sport,20000 to 29000,0,9409,9,400,4,more than 30,more than 30,none,more than 7,36 to 40,No,No,External,none,4 to 8 years,2 vehicles,1995,Liability
8,3,6,Dodge,Urban,1,8,3,Male,Single,24,Third Party,Sedan - Collision,Sedan,30000 to 39000,0,9410,9,400,3,more than 30,more than 30,2 to 4,5 years,26 to 30,Yes,No,External,more than 5,no change,1 vehicle,1995,Collision
8,2,2,Pontiac,Rural,2,8,3,Male,Married,31,Third Party,Sedan - Collision,Sedan,20000 to 29000,0,9411,13,400,3,more than 30,more than 30,2 to 4,7 years,31 to 35,No,No,External,more than 5,no change,1 vehicle,1995,Collision
8,2,2,Honda,Urban,2,8,2,Male,Married,49,Third Party,Sedan - All Perils,Sedan,20000 to 29000,0,9412,12,400,1,more than 30,more than 30,2 to 4,7 years,41 to 50,No,No,External,none,no change,1 vehicle,1995,All Perils
8,2,3,Pontiac,Rural,5,8,2,Female,Married,33,Policy Holder,Sedan - Collision,Sedan,less than 20000,0,9413,16,400,2,more than 30,more than 30,none,7 years,31 to 35,No,No,External,none,no change,1 vehicle,1995,Collision
8,2,2,Dodge,Urban,1,8,2,Male,Married,60,Third Party,Sedan - Collision,Sedan,30000 to 39000,0,9414,14,400,1,more than 30,more than 30,none,more than 7,51 to 65,No,No,External,more than 5,no change,1 vehicle,1995,Collision
7,4,4,Mazda,Urban,3,8,2,Male,Single,31,Policy Holder,Sedan - Liability,Sport,more than 69000,0,9415,16,400,4,more than 30,more than 30,2 to 4,6 years,31 to 35,No,No,External,1 to 2,no change,1 vehicle,1995,Liability
7,4,6,Pontiac,Urban,3,6,1,Male,Single,30,Policy Holder,Sedan - Liability,Sport,20000 to 29000,0,9416,13,400,2,more than 30,more than 30,2 to 4,6 years,31 to 35,No,No,External,none,no change,1 vehicle,1995,Liability
6,2,2,Toyota,Urban,2,3,3,Female,Married,45,Policy Holder,Sedan - Collision,Sedan,20000 to 29000,0,9417,10,400,4,more than 30,more than 30,1,6 years,36 to 40,No,No,External,more than 5,no change,1 vehicle,1995,Collision
3,4,7,Chevrolet,Urban,4,4,5,Male,Married,50,Policy Holder,Sedan - Liability,Sport,30000 to 39000,0,9418,11,400,1,more than 30,more than 30,2 to 4,more than 7,41 to 50,No,No,External,more than 5,no change,1 vehicle,1995,Liability
3,3,7,Accura,Urban,2,4,1,Male,Single,30,Policy Holder,Sedan - Liability,Sport,more than 69000,0,9419,9,400,1,more than 30,more than 30,more than 4,7 years,31 to 35,No,No,External,1 to 2,no change,1 vehicle,1995,Liability
3,3,4,Pontiac,Urban,4,1,1,Male,Married,57,Policy Holder,Sedan - All Perils,Sedan,30000 to 39000,0,9420,13,400,3,more than 30,more than 30,none,more than 7,51 to 65,Yes,No,External,none,no change,1 vehicle,1995,All Perils
1,2,5,Honda,Urban,5,12,2,Male,Married,36,Policy Holder,Sedan - Liability,Sport,30000 to 39000,0,9421,4,400,1,more than 30,more than 30,1,7 years,36 to 40,No,No,External,none,no change,1 vehicle,1995,Liability
12,2,2,Toyota,Urban,4,12,2,Male,Married,52,Policy Holder,Sedan - Liability,Sport,20000 to 29000,0,9422,2,400,4,more than 30,more than 30,more than 4,more than 7,41 to 50,No,No,External,none,no change,1 vehicle,1995,Liability
11,5,3,Honda,Urban,4,12,1,Male,Married,50,Policy Holder,Sedan - Liability,Sport,20000 to 29000,0,9423,3,400,2,more than 30,more than 30,none,7 years,41 to 50,No,No,Internal,3 to 5,no change,1 vehicle,1995,Liability
11,5,7,Toyota,Urban,1,11,1,Male,Married,25,Policy Holder,Sedan - All Perils,Sedan,less than 20000,0,9424,2,400,3,more than 30,more than 30,2 to 4,3 years,26 to 30,No,No,External,none,no change,1 vehicle,1995,All Perils
11,4,3,Mazda,Urban,3,11,5,Male,Single,42,Third Party,Sedan - Liability,Sport,30000 to 39000,0,9425,11,700,3,more than 30,more than 30,none,7 years,36 to 40,No,No,External,3 to 5,no change,1 vehicle,1995,Liability
11,4,3,Toyota,Urban,5,11,5,Male,Single,30,Policy Holder,Sedan - Liability,Sport,20000 to 29000,0,9426,16,400,3,more than 30,more than 30,more than 4,7 years,31 to 35,No,No,External,more than 5,no change,1 vehicle,1995,Liability
11,4,1,Toyota,Urban,3,11,4,Male,Married,61,Policy Holder,Sedan - All Perils,Sedan,more than 69000,0,9427,3,400,3,more than 30,more than 30,2 to 4,more than 7,51 to 65,Yes,No,External,more than 5,no change,1 vehicle,1995,All Perils
11,4,5,Toyota,Urban,3,11,4,Female,Single,29,Policy Holder,Sedan - Liability,Sport,30000 to 39000,0,9428,14,400,3,more than 30,more than 30,2 to 4,6 years,31 to 35,No,No,External,3 to 5,no change,1 vehicle,1995,Liability
11,3,7,Pontiac,Urban,5,11,5,Male,Married,34,Policy Holder,Sedan - Collision,Sedan,more than 69000,0,9429,6,400,1,more than 30,more than 30,more than 4,6 years,31 to 35,Yes,No,External,more than 5,no change,1 vehicle,1995,Collision
11,2,1,Toyota,Urban,5,11,4,Male,Single,30,Policy Holder,Sedan - Liability,Sport,20000 to 29000,0,9430,10,400,4,more than 30,more than 30,2 to 4,6 years,31 to 35,No,No,External,none,4 to 8 years,2 vehicles,1995,Liability
11,2,1,Toyota,Urban,1,11,2,Male,Married,42,Policy Holder,Sedan - All Perils,Sedan,30000 to 39000,0,9431,2,400,4,more than 30,more than 30,more than 4,7 years,36 to 40,No,No,External,more than 5,no change,3 to 4,1995,All Perils
11,2,6,Toyota,Urban,2,10,5,Male,Married,45,Policy Holder,Sedan - Collision,Sedan,more than 69000,0,9432,13,400,2,more than 30,more than 30,none,7 years,36 to 40,No,No,External,none,no change,1 vehicle,1995,Collision
10,2,5,Honda,Urban,2,1,2,Male,Married,59,Policy Holder,Sport - Collision,Sport,more than 69000,0,9433,2,400,2,more than 30,more than 30,none,7 years,51 to 65,No,No,External,none,no change,1 vehicle,1995,Collision
1,3,4,Toyota,Urban,5,8,4,Male,Married,27,Policy Holder,Sedan - Collision,Sedan,20000 to 29000,1,9434,6,400,3,more than 30,more than 30,none,6 years,31 to 35,No,No,External,1 to 2,no change,1 vehicle,1995,Collision
8,2,1,Mazda,Urban,3,8,2,Female,Married,27,Policy Holder,Sedan - Collision,Sedan,20000 to 29000,0,9435,8,400,2,more than 30,more than 30,2 to 4,6 years,31 to 35,No,No,External,3 to 5,no change,1 vehicle,1995,Collision
8,2,2,Toyota,Urban,2,10,2,Male,Single,22,Third Party,Sedan - Liability,Sport,20000 to 29000,0,9436,5,300,3,more than 30,more than 30,more than 4,5 years,26 to 30,No,No,External,none,2 to 3 years,1 vehicle,1995,Liability
8,1,2,Mazda,Urban,2,7,1,Female,Married,49,Third Party,Sedan - Liability,Sport,20000 to 29000,0,9437,13,400,3,more than 30,more than 30,1,7 years,41 to 50,No,No,External,none,no change,1 vehicle,1995,Liability
7,4,2,Ford,Urban,3,7,4,Male,Single,42,Policy Holder,Sedan - Liability,Sport,20000 to 29000,0,9438,7,400,2,more than 30,more than 30,2 to 4,7 years,36 to 40,No,No,External,1 to 2,no change,1 vehicle,1995,Liability
7,3,5,Honda,Urban,5,1,3,Male,Married,45,Policy Holder,Sedan - Liability,Sport,20000 to 29000,0,9439,10,400,4,more than 30,more than 30,more than 4,7 years,36 to 40,No,No,External,none,no change,1 vehicle,1995,Liability
1,3,5,Honda,Urban,3,6,3,Male,Married,72,Policy Holder,Sedan - All Perils,Sedan,less than 20000,1,9440,7,400,3,more than 30,more than 30,2 to 4,more than 7,over 65,No,No,External,3 to 5,no change,1 vehicle,1995,All Perils
6,4,5,Honda,Urban,2,7,5,Male,Single,18,Policy Holder,Sedan - Collision,Sedan,20000 to 29000,0,9441,1,400,3,more than 30,more than 30,2 to 4,3 years,21 to 25,No,No,External,1 to 2,no change,1 vehicle,1995,Collision
6,4,2,Toyota,Urban,2,5,2,Male,Married,32,Third Party,Sedan - Liability,Sport,20000 to 29000,0,9442,8,400,1,more than 30,more than 30,1,6 years,31 to 35,No,No,External,none,no change,1 vehicle,1995,Liability
5,1,4,Accura,Urban,4,3,1,Male,Married,35,Policy Holder,Sedan - Liability,Sport,30000 to 39000,0,9443,12,400,1,more than 30,more than 30,2 to 4,7 years,31 to 35,No,No,External,3 to 5,no change,1 vehicle,1995,Liability
3,1,4,Honda,Urban,2,3,1,Male,Married,35,Policy Holder,Sedan - Liability,Sport,20000 to 29000,0,9444,14,400,3,more than 30,more than 30,more than 4,6 years,31 to 35,No,No,External,1 to 2,no change,1 vehicle,1995,Liability
3,1,3,Mazda,Urban,3,10,2,Male,Single,35,Third Party,Sedan - Collision,Sedan,20000 to 29000,0,9445,16,400,1,more than 30,more than 30,2 to 4,7 years,31 to 35,No,No,External,3 to 5,no change,1 vehicle,1995,Collision
8,4,7,Chevrolet,Rural,2,11,4,Male,Married,31,Policy Holder,Sedan - Collision,Sedan,20000 to 29000,0,9446,5,400,3,more than 30,more than 30,2 to 4,6 years,31 to 35,No,No,External,more than 5,no change,1 vehicle,1995,Collision
2,2,3,Toyota,Urban,3,12,5,Female,Married,32,Policy Holder,Sedan - All Perils,Sedan,less than 20000,0,9447,14,400,1,more than 30,more than 30,none,7 years,31 to 35,No,No,External,none,no change,1 vehicle,1995,All Perils
12,5,7,Toyota,Urban,4,12,5,Male,Single,35,Policy Holder,Sedan - Collision,Sedan,20000 to 29000,0,9448,1,400,1,more than 30,more than 30,2 to 4,6 years,31 to 35,No,No,External,1 to 2,no change,1 vehicle,1995,Collision
12,4,1,Honda,Urban,4,1,5,Female,Married,37,Policy Holder,Sedan - Collision,Sedan,less than 20000,0,9449,15,400,1,more than 30,more than 30,1,7 years,36 to 40,No,No,External,1 to 2,no change,1 vehicle,1995,Collision
1,4,7,Pontiac,Urban,2,1,4,Male,Married,65,Policy Holder,Sedan - Liability,Sport,30000 to 39000,0,9450,9,400,1,more than 30,more than 30,2 to 4,more than 7,51 to 65,No,No,External,none,no change,1 vehicle,1995,Liability
1,4,6,Mazda,Urban,4,8,4,Male,Married,30,Policy Holder,Sedan - Collision,Sedan,30000 to 39000,0,9451,10,400,4,more than 30,more than 30,2 to 4,7 years,31 to 35,No,No,External,none,4 to 8 years,2 vehicles,1995,Collision
8,1,2,Toyota,Urban,2,5,2,Male,Single,44,Policy Holder,Sedan - Collision,Sedan,less than 20000,0,9452,1,400,2,more than 30,more than 30,1,7 years,36 to 40,No,No,External,1 to 2,no change,1 vehicle,1995,Collision
4,2,7,Mazda,Urban,4,10,5,Male,Married,46,Policy Holder,Sedan - Collision,Sedan,30000 to 39000,0,9453,1,400,1,more than 30,more than 30,1,7 years,41 to 50,No,No,External,none,no change,1 vehicle,1995,Collision
8,4,3,Pontiac,Urban,1,12,2,Male,Married,58,Policy Holder,Sedan - All Perils,Sedan,less than 20000,0,9454,13,400,3,more than 30,more than 30,2 to 4,more than 7,51 to 65,No,No,External,none,no change,1 vehicle,1995,All Perils
2,3,7,Accura,Urban,1,5,1,Male,Married,49,Policy Holder,Utility - All Perils,Utility,more than 69000,0,9455,10,400,4,more than 30,more than 30,more than 4,7 years,41 to 50,No,No,External,none,no change,1 vehicle,1995,All Perils
5,2,1,Honda,Urban,5,2,2,Male,Single,0,Policy Holder,Sedan - Collision,Sedan,more than 69000,0,9456,12,400,2,more than 30,more than 30,1,new,16 to 17,Yes,No,External,none,no change,1 vehicle,1995,Collision
1,4,3,Mazda,Urban,7,3,2,Male,Married,41,Policy Holder,Utility - All Perils,Utility,more than 69000,0,9457,11,400,1,none,more than 30,none,7 years,36 to 40,No,No,External,none,no change,1 vehicle,1995,All Perils
2,4,4,Honda,Urban,5,2,2,Male,Married,29,Policy Holder,Sedan - All Perils,Sedan,20000 to 29000,0,9458,14,400,1,more than 30,more than 30,none,6 years,31 to 35,No,No,External,none,no change,1 vehicle,1995,All Perils
2,4,1,Honda,Urban,2,4,4,Female,Single,33,Policy Holder,Sedan - Liability,Sport,20000 to 29000,0,9459,14,400,2,more than 30,more than 30,2 to 4,5 years,31 to 35,No,No,External,more than 5,no change,1 vehicle,1995,Liability
4,1,6,Accura,Rural,4,3,1,Male,Married,55,Third Party,Sedan - Liability,Sport,more than 69000,0,9460,11,400,4,more than 30,more than 30,2 to 4,more than 7,41 to 50,No,No,External,more than 5,no change,1 vehicle,1995,Liability
1,4,5,Chevrolet,Rural,2,7,1,Male,Married,29,Policy Holder,Sedan - Collision,Sedan,30000 to 39000,1,9461,15,400,1,more than 30,more than 30,1,7 years,31 to 35,No,No,External,none,no change,1 vehicle,1995,Collision
7,1,1,Honda,Urban,1,7,1,Male,Single,0,Policy Holder,Sedan - Liability,Sport,more than 69000,0,9462,7,400,3,more than 30,more than 30,2 to 4,new,16 to 17,No,No,External,none,no change,1 vehicle,1995,Liability
6,3,2,Honda,Urban,2,9,1,Male,Married,71,Policy Holder,Sedan - Liability,Sport,30000 to 39000,0,9463,12,400,3,more than 30,more than 30,2 to 4,more than 7,over 65,No,No,External,none,no change,1 vehicle,1995,Liability
8,5,2,Pontiac,Urban,5,9,2,Male,Married,47,Third Party,Sedan - All Perils,Sedan,20000 to 29000,0,9464,11,400,3,more than 30,more than 30,more than 4,more than 7,41 to 50,No,No,External,none,no change,1 vehicle,1995,All Perils
8,3,2,Pontiac,Urban,2,10,1,Male,Married,63,Policy Holder,Sedan - Collision,Sedan,30000 to 39000,0,9465,12,400,3,more than 30,more than 30,none,more than 7,51 to 65,No,No,External,none,1 year,1 vehicle,1995,Collision
10,1,1,Honda,Urban,1,10,1,Male,Single,27,Third Party,Sedan - All Perils,Sedan,20000 to 29000,0,9466,16,400,4,more than 30,more than 30,1,6 years,31 to 35,No,No,External,1 to 2,no change,1 vehicle,1995,All Perils
10,1,7,Chevrolet,Urban,3,9,1,Female,Married,49,Policy Holder,Sedan - Liability,Sport,20000 to 29000,0,9467,5,400,2,more than 30,more than 30,1,more than 7,41 to 50,No,No,External,3 to 5,no change,1 vehicle,1995,Liability
9,4,6,Pontiac,Urban,4,2,5,Male,Married,39,Policy Holder,Sedan - Collision,Sedan,20000 to 29000,0,9468,11,400,2,more than 30,more than 30,none,7 years,36 to 40,No,No,External,3 to 5,no change,1 vehicle,1995,Collision
1,5,7,Toyota,Rural,3,10,1,Female,Married,53,Policy Holder,Sedan - Liability,Sport,20000 to 29000,0,9469,12,400,4,more than 30,more than 30,none,7 years,41 to 50,No,No,External,none,no change,1 vehicle,1995,Liability
10,4,1,Pontiac,Urban,2,2,4,Male,Single,23,Policy Holder,Sedan - Collision,Sedan,30000 to 39000,0,9470,15,400,2,more than 30,more than 30,more than 4,3 years,26 to 30,No,No,External,1 to 2,no change,1 vehicle,1995,Collision
2,3,4,Honda,Rural,1,4,4,Male,Married,26,Policy Holder,Sedan - Liability,Sport,30000 to 39000,0,9471,1,400,1,more than 30,more than 30,2 to 4,6 years,31 to 35,No,No,External,none,no change,1 vehicle,1995,Liability
4,1,6,Chevrolet,Urban,1,4,2,Male,Single,46,Policy Holder,Utility - All Perils,Utility,more than 69000,0,9472,13,400,3,more than 30,more than 30,2 to 4,7 years,41 to 50,No,No,External,3 to 5,4 to 8 years,3 to 4,1995,All Perils
4,2,7,Toyota,Urban,1,4,2,Female,Single,34,Policy Holder,Sedan - Collision,Sedan,20000 to 29000,0,9473,9,400,3,more than 30,more than 30,2 to 4,5 years,31 to 35,No,No,External,more than 5,no change,1 vehicle,1995,Collision
4,1,4,Toyota,Urban,5,5,1,Male,Divorced,58,Policy Holder,Sedan - Liability,Sport,30000 to 39000,0,9474,7,400,2,more than 30,more than 30,2 to 4,6 years,51 to 65,No,No,External,more than 5,no change,1 vehicle,1995,Liability
5,3,7,VW,Urban,3,5,3,Male,Married,28,Policy Holder,Sedan - Liability,Sport,more than 69000,0,9475,10,400,4,more than 30,more than 30,1,7 years,31 to 35,No,No,External,more than 5,no change,1 vehicle,1995,Liability
5,3,5,Pontiac,Urban,6,7,3,Male,Married,52,Policy Holder,Sedan - Collision,Sedan,20000 to 29000,0,9476,12,400,3,more than 30,more than 30,none,5 years,41 to 50,No,No,External,1 to 2,no change,1 vehicle,1995,Collision
6,5,2,Mazda,Urban,1,7,1,Male,Married,48,Policy Holder,Sedan - Collision,Sedan,20000 to 29000,0,9477,4,400,4,more than 30,more than 30,none,7 years,41 to 50,No,No,External,more than 5,no change,1 vehicle,1995,Collision
6,4,1,Honda,Urban,4,11,1,Female,Married,43,Policy Holder,Sedan - Collision,Sedan,20000 to 29000,0,9478,1,400,2,more than 30,more than 30,more than 4,7 years,36 to 40,No,No,External,none,no change,1 vehicle,1995,Collision
10,5,7,Pontiac,Urban,1,12,1,Male,Married,29,Policy Holder,Sedan - Collision,Sedan,less than 20000,0,9479,13,400,1,more than 30,more than 30,none,7 years,31 to 35,No,No,External,more than 5,no change,1 vehicle,1995,Collision
12,1,6,Toyota,Urban,2,1,1,Male,Married,59,Policy Holder,Sedan - Collision,Sedan,less than 20000,0,9480,7,400,4,more than 30,more than 30,none,more than 7,51 to 65,No,No,External,1 to 2,no change,1 vehicle,1995,Collision
1,4,3,Dodge,Rural,5,12,4,Male,Married,49,Third Party,Sedan - All Perils,Sedan,30000 to 39000,0,9481,9,400,3,more than 30,more than 30,more than 4,more than 7,41 to 50,No,No,External,none,no change,1 vehicle,1995,All Perils
11,5,1,Pontiac,Urban,2,9,1,Male,Married,42,Third Party,Sedan - Collision,Sedan,20000 to 29000,0,9482,3,400,1,more than 30,more than 30,2 to 4,7 years,36 to 40,No,No,External,more than 5,no change,1 vehicle,1995,Collision
9,4,6,Pontiac,Urban,2,1,4,Female,Married,44,Policy Holder,Sedan - Liability,Sport,20000 to 29000,0,9483,4,400,3,more than 30,more than 30,none,7 years,36 to 40,No,No,External,none,no change,1 vehicle,1995,Liability
1,4,5,Chevrolet,Urban,2,5,4,Female,Married,49,Policy Holder,Sedan - Collision,Sedan,20000 to 29000,1,9484,15,400,1,more than 30,more than 30,2 to 4,7 years,41 to 50,No,No,External,3 to 5,no change,1 vehicle,1995,Collision
4,5,6,VW,Urban,3,4,2,Male,Married,43,Policy Holder,Sedan - Liability,Sport,40000 to 59000,0,9485,15,400,1,more than 30,more than 30,more than 4,more than 7,36 to 40,No,No,External,none,no change,1 vehicle,1995,Liability
4,4,6,Chevrolet,Urban,1,6,4,Male,Married,26,Policy Holder,Sedan - All Perils,Sedan,40000 to 59000,0,9486,9,400,2,more than 30,more than 30,none,6 years,31 to 35,No,No,External,none,no change,1 vehicle,1995,All Perils
6,3,3,Toyota,Urban,4,6,3,Male,Married,54,Policy Holder,Sedan - Collision,Sedan,30000 to 39000,0,9487,7,700,4,more than 30,more than 30,more than 4,7 years,41 to 50,No,No,External,3 to 5,2 to 3 years,1 vehicle,1995,Collision
6,3,7,Mazda,Rural,1,7,3,Male,Single,27,Third Party,Sedan - All Perils,Sedan,20000 to 29000,0,9488,4,400,2,more than 30,more than 30,1,7 years,31 to 35,No,No,External,none,no change,1 vehicle,1995,All Perils
7,1,6,Mazda,Urban,2,7,1,Male,Single,32,Policy Holder,Sedan - Liability,Sport,20000 to 29000,0,9489,11,400,4,more than 30,more than 30,2 to 4,5 years,31 to 35,No,No,External,1 to 2,no change,1 vehicle,1995,Liability
7,1,2,Pontiac,Rural,1,7,1,Female,Married,43,Third Party,Sedan - Liability,Sport,30000 to 39000,0,9490,2,400,1,more than 30,more than 30,none,7 years,36 to 40,No,No,External,more than 5,no change,1 vehicle,1995,Liability
6,5,1,Pontiac,Rural,3,6,1,Female,Married,47,Policy Holder,Sedan - Collision,Sedan,30000 to 39000,0,9491,7,400,4,more than 30,more than 30,2 to 4,more than 7,41 to 50,No,No,External,more than 5,no change,1 vehicle,1995,Collision
6,4,4,Chevrolet,Urban,3,9,5,Male,Married,32,Policy Holder,Sedan - Liability,Sport,30000 to 39000,0,9492,16,400,3,more than 30,more than 30,2 to 4,7 years,31 to 35,No,No,External,more than 5,no change,1 vehicle,1995,Liability
9,1,1,Pontiac,Rural,4,9,2,Male,Married,55,Policy Holder,Sedan - Collision,Sedan,30000 to 39000,0,9493,3,400,4,more than 30,more than 30,none,more than 7,41 to 50,No,No,External,more than 5,4 to 8 years,2 vehicles,1995,Collision
9,4,4,Honda,Urban,3,11,5,Male,Single,53,Third Party,Sedan - Liability,Sport,20000 to 29000,0,9494,16,400,1,more than 30,more than 30,none,more than 7,41 to 50,No,No,External,none,no change,1 vehicle,1995,Liability
10,4,3,Toyota,Urban,4,10,1,Male,Married,36,Third Party,Sedan - Collision,Sedan,20000 to 29000,0,9495,4,400,4,more than 30,more than 30,1,5 years,36 to 40,No,No,External,more than 5,no change,1 vehicle,1995,Collision
10,3,1,Toyota,Urban,4,10,3,Male,Single,55,Policy Holder,Sedan - All Perils,Sedan,20000 to 29000,0,9496,15,400,4,more than 30,more than 30,1,more than 7,41 to 50,No,No,External,more than 5,no change,1 vehicle,1995,All Perils
10,3,4,Pontiac,Urban,3,12,4,Male,Married,42,Third Party,Sedan - Collision,Sedan,20000 to 29000,0,9497,1,400,3,more than 30,more than 30,none,7 years,36 to 40,No,No,External,3 to 5,no change,1 vehicle,1995,Collision
12,2,6,Mazda,Urban,3,3,3,Male,Single,28,Policy Holder,Sedan - Collision,Sedan,20000 to 29000,0,9498,14,400,1,more than 30,more than 30,2 to 4,7 years,31 to 35,No,No,External,3 to 5,no change,1 vehicle,1995,Collision
3,4,6,Pontiac,Urban,2,4,5,Male,Married,43,Policy Holder,Sedan - Collision,Sedan,20000 to 29000,0,9499,10,400,4,more than 30,more than 30,1,7 years,36 to 40,No,No,External,more than 5,no change,1 vehicle,1995,Collision
3,4,7,Mazda,Urban,2,3,1,Male,Married,48,Third Party,Sport - Collision,Sport,more than 69000,0,9500,3,400,4,more than 30,more than 30,2 to 4,more than 7,41 to 50,No,No,External,none,no change,1 vehicle,1995,Collision
3,4,3,Mazda,Urban,4,5,5,Male,Single,28,Policy Holder,Sedan - Liability,Sport,20000 to 29000,0,9501,6,400,2,more than 30,more than 30,2 to 4,5 years,31 to 35,No,No,External,1 to 2,no change,1 vehicle,1995,Liability
4,4,5,Pontiac,Urban,6,4,1,Male,Married,53,Policy Holder,Sedan - Liability,Sport,20000 to 29000,0,9502,14,400,1,more than 30,more than 30,1,more than 7,41 to 50,No,No,External,more than 5,no change,1 vehicle,1995,Liability
3,5,5,Toyota,Urban,5,6,1,Male,Married,50,Policy Holder,Sedan - Liability,Sport,20000 to 29000,0,9503,9,400,3,more than 30,more than 30,2 to 4,more than 7,41 to 50,No,No,External,more than 5,no change,1 vehicle,1995,Liability
6,2,4,Ford,Urban,5,8,2,Male,Married,48,Third Party,Sedan - All Perils,Sedan,30000 to 39000,0,9504,16,400,1,more than 30,more than 30,1,more than 7,41 to 50,Yes,Yes,External,more than 5,no change,1 vehicle,1995,All Perils
8,2,5,Pontiac,Urban,3,8,2,Female,Single,27,Third Party,Sedan - All Perils,Sedan,20000 to 29000,0,9505,3,400,1,more than 30,more than 30,1,7 years,31 to 35,No,No,External,1 to 2,no change,1 vehicle,1995,All Perils
7,5,7,Pontiac,Urban,1,10,1,Female,Married,38,Policy Holder,Sedan - Collision,Sedan,20000 to 29000,0,9506,14,400,3,8 to 15,15 to 30,1,3 years,36 to 40,No,No,External,none,no change,1 vehicle,1995,Collision
10,4,5,VW,Urban,5,12,4,Male,Married,49,Policy Holder,Sedan - Collision,Sedan,more than 69000,0,9507,13,400,2,more than 30,more than 30,none,6 years,41 to 50,No,No,External,none,no change,1 vehicle,1995,Collision
12,4,4,Pontiac,Urban,1,11,5,Male,Married,57,Third Party,Sedan - All Perils,Sedan,20000 to 29000,0,9508,1,400,4,more than 30,more than 30,none,7 years,51 to 65,No,No,External,none,no change,1 vehicle,1995,All Perils
11,3,7,Pontiac,Urban,1,1,3,Female,Married,28,Policy Holder,Sedan - Collision,Sedan,20000 to 29000,0,9509,16,400,3,more than 30,more than 30,1,6 years,31 to 35,No,No,External,none,no change,1 vehicle,1995,Collision
1,4,6,Toyota,Urban,1,10,5,Male,Married,38,Policy Holder,Sedan - Liability,Sport,30000 to 39000,1,9510,11,400,2,more than 30,more than 30,2 to 4,more than 7,36 to 40,No,No,External,none,no change,1 vehicle,1995,Liability
9,5,1,Toyota,Urban,2,9,1,Male,Single,29,Third Party,Sedan - All Perils,Sedan,20000 to 29000,0,9511,6,400,1,more than 30,more than 30,1,5 years,31 to 35,No,No,External,1 to 2,no change,1 vehicle,1995,All Perils
9,3,3,Mazda,Urban,3,10,3,Male,Single,32,Policy Holder,Sedan - Liability,Sport,20000 to 29000,0,9512,2,400,2,more than 30,more than 30,none,7 years,31 to 35,No,No,External,none,no change,1 vehicle,1995,Liability
9,2,4,Toyota,Urban,2,8,3,Male,Married,43,Policy Holder,Sedan - All Perils,Sedan,less than 20000,0,9513,6,400,2,more than 30,more than 30,1,7 years,36 to 40,No,No,External,more than 5,no change,3 to 4,1995,All Perils
7,3,3,Pontiac,Urban,1,7,2,Male,Married,26,Policy Holder,Sedan - Collision,Sedan,20000 to 29000,0,9514,14,400,3,more than 30,more than 30,more than 4,7 years,31 to 35,No,No,External,none,4 to 8 years,2 vehicles,1995,Collision
7,3,7,Pontiac,Urban,2,2,4,Male,Married,33,Policy Holder,Sedan - Liability,Sport,20000 to 29000,0,9515,9,400,1,more than 30,more than 30,2 to 4,7 years,31 to 35,No,No,External,1 to 2,no change,1 vehicle,1995,Liability
1,4,5,Pontiac,Urban,1,7,2,Male,Married,59,Third Party,Sedan - All Perils,Sedan,20000 to 29000,0,9516,16,400,1,more than 30,more than 30,none,more than 7,51 to 65,No,No,External,more than 5,no change,1 vehicle,1995,All Perils
7,2,5,Chevrolet,Rural,4,4,2,Male,Married,53,Policy Holder,Sedan - Collision,Sedan,20000 to 29000,0,9517,15,400,4,more than 30,more than 30,1,more than 7,41 to 50,No,No,External,3 to 5,no change,1 vehicle,1995,Collision
3,5,7,Saab,Urban,4,2,1,Male,Single,34,Policy Holder,Sedan - All Perils,Sedan,30000 to 39000,0,9518,6,400,4,more than 30,more than 30,none,5 years,31 to 35,No,No,External,none,no change,1 vehicle,1995,All Perils
1,4,1,Toyota,Urban,1,12,2,Male,Married,32,Policy Holder,Sedan - Collision,Sedan,20000 to 29000,1,9519,3,400,2,more than 30,more than 30,1,6 years,31 to 35,No,No,External,1 to 2,no change,1 vehicle,1995,Collision
12,1,5,Toyota,Urban,1,11,1,Male,Married,33,Policy Holder,Sedan - Liability,Sport,20000 to 29000,0,9520,1,400,1,more than 30,more than 30,2 to 4,4 years,31 to 35,No,No,External,none,no change,1 vehicle,1995,Liability
11,4,4,Ford,Urban,5,12,5,Male,Married,51,Policy Holder,Sedan - All Perils,Sedan,60000 to 69000,0,9521,1,400,2,more than 30,more than 30,1,more than 7,41 to 50,No,No,External,3 to 5,no change,1 vehicle,1995,All Perils
11,4,4,Mazda,Urban,5,11,1,Male,Married,46,Policy Holder,Sedan - Liability,Sport,30000 to 39000,0,9522,8,400,3,more than 30,more than 30,more than 4,more than 7,41 to 50,No,No,External,none,no change,1 vehicle,1995,Liability
11,4,5,Toyota,Urban,5,10,4,Male,Married,45,Policy Holder,Sedan - Liability,Sport,30000 to 39000,0,9523,16,400,3,more than 30,more than 30,2 to 4,more than 7,36 to 40,No,No,External,more than 5,no change,1 vehicle,1995,Liability
10,5,7,Honda,Rural,4,10,5,Female,Single,33,Third Party,Sedan - Liability,Sport,20000 to 29000,0,9524,8,400,1,more than 30,more than 30,none,5 years,31 to 35,No,No,External,none,no change,1 vehicle,1995,Liability
9,3,7,Accura,Urban,3,9,3,Male,Married,28,Policy Holder,Utility - All Perils,Utility,more than 69000,0,9525,9,400,1,more than 30,more than 30,1,7 years,31 to 35,No,No,External,none,no change,1 vehicle,1995,All Perils
9,3,1,Pontiac,Urban,1,8,5,Male,Married,30,Policy Holder,Sedan - All Perils,Sedan,20000 to 29000,0,9526,3,400,4,more than 30,more than 30,1,6 years,31 to 35,No,No,External,none,no change,1 vehicle,1995,All Perils
8,1,1,Toyota,Urban,1,6,1,Male,Married,39,Policy Holder,Sedan - Liability,Sport,20000 to 29000,0,9527,10,400,1,more than 30,more than 30,more than 4,7 years,36 to 40,No,No,External,3 to 5,no change,1 vehicle,1995,Liability
6,4,1,Honda,Urban,1,6,4,Male,Married,40,Policy Holder,Sedan - Liability,Sport,more than 69000,0,9528,5,400,2,more than 30,more than 30,2 to 4,7 years,36 to 40,No,No,External,more than 5,no change,1 vehicle,1995,Liability
6,2,6,Honda,Rural,2,8,2,Male,Single,0,Policy Holder,Sedan - Liability,Sport,more than 69000,0,9529,13,400,2,more than 30,more than 30,2 to 4,new,16 to 17,No,No,External,none,no change,1 vehicle,1995,Liability
6,1,7,Honda,Urban,2,5,2,Male,Married,38,Third Party,Sedan - Liability,Sport,more than 69000,0,9530,15,400,3,more than 30,more than 30,2 to 4,7 years,36 to 40,No,No,External,more than 5,no change,1 vehicle,1995,Liability
5,5,4,Mazda,Urban,3,5,5,Male,Married,41,Policy Holder,Sedan - Collision,Sedan,20000 to 29000,0,9531,1,400,1,more than 30,more than 30,2 to 4,7 years,36 to 40,No,No,External,1 to 2,no change,1 vehicle,1995,Collision
5,3,5,Mercury,Urban,1,6,4,Female,Married,57,Third Party,Sedan - All Perils,Sedan,20000 to 29000,0,9532,9,400,1,more than 30,more than 30,none,more than 7,51 to 65,No,No,External,3 to 5,no change,1 vehicle,1995,All Perils
5,3,2,Toyota,Urban,2,5,4,Male,Married,33,Policy Holder,Sedan - Liability,Sport,30000 to 39000,0,9533,15,400,3,more than 30,more than 30,none,6 years,31 to 35,No,No,External,more than 5,no change,1 vehicle,1995,Liability
5,3,7,Mazda,Urban,3,5,3,Male,Married,28,Policy Holder,Sedan - Collision,Sedan,20000 to 29000,0,9534,12,400,3,more than 30,more than 30,more than 4,7 years,31 to 35,No,No,External,more than 5,no change,1 vehicle,1995,Collision
5,1,1,Mazda,Urban,2,5,1,Female,Married,47,Policy Holder,Sedan - All Perils,Sedan,20000 to 29000,0,9535,13,400,3,more than 30,more than 30,1,more than 7,41 to 50,No,No,External,none,4 to 8 years,2 vehicles,1995,All Perils
5,1,4,VW,Urban,4,4,2,Male,Married,42,Policy Holder,Sedan - Liability,Sport,40000 to 59000,0,9536,9,400,4,more than 30,more than 30,more than 4,more than 7,36 to 40,No,No,External,none,no change,1 vehicle,1995,Liability
4,4,2,Pontiac,Urban,5,4,4,Male,Single,33,Policy Holder,Sedan - Liability,Sport,20000 to 29000,0,9537,1,400,2,more than 30,more than 30,more than 4,6 years,31 to 35,No,No,External,none,no change,1 vehicle,1995,Liability
3,5,2,Mazda,Urban,7,5,1,Male,Married,47,Policy Holder,Sedan - Liability,Sport,20000 to 29000,0,9538,12,500,2,more than 30,more than 30,more than 4,more than 7,41 to 50,No,No,External,none,2 to 3 years,1 vehicle,1995,Liability
3,5,2,Pontiac,Urban,1,2,1,Male,Single,35,Policy Holder,Sedan - Liability,Sport,30000 to 39000,0,9539,6,400,2,more than 30,more than 30,2 to 4,6 years,31 to 35,No,No,Internal,none,no change,1 vehicle,1995,Liability
2,1,2,Accura,Urban,4,4,3,Male,Single,48,Policy Holder,Sedan - Liability,Sport,20000 to 29000,0,9540,16,400,3,more than 30,more than 30,1,7 years,41 to 50,No,No,External,none,no change,1 vehicle,1995,Liability
12,3,3,Honda,Urban,5,12,3,Male,Single,0,Policy Holder,Utility - All Perils,Utility,more than 69000,0,9541,10,400,3,more than 30,more than 30,2 to 4,new,16 to 17,No,No,External,none,no change,1 vehicle,1995,All Perils
11,5,1,Pontiac,Urban,4,9,1,Male,Married,40,Policy Holder,Sedan - Liability,Sport,30000 to 39000,0,9542,7,400,4,more than 30,more than 30,1,more than 7,36 to 40,No,No,External,more than 5,no change,1 vehicle,1995,Liability
9,3,7,Pontiac,Urban,1,12,4,Female,Single,31,Policy Holder,Sedan - Liability,Sport,20000 to 29000,0,9543,9,400,4,more than 30,more than 30,2 to 4,5 years,31 to 35,No,No,External,1 to 2,no change,1 vehicle,1995,Liability
9,3,1,Ford,Urban,3,7,1,Male,Married,42,Policy Holder,Sedan - All Perils,Sedan,less than 20000,0,9544,7,400,3,more than 30,more than 30,2 to 4,7 years,36 to 40,No,No,External,more than 5,no change,1 vehicle,1995,All Perils
7,4,3,Honda,Urban,1,7,4,Female,Married,38,Policy Holder,Sedan - Liability,Sport,20000 to 29000,0,9545,16,400,4,more than 30,more than 30,2 to 4,7 years,36 to 40,No,No,External,none,no change,1 vehicle,1995,Liability
7,1,7,Pontiac,Urban,2,6,2,Female,Married,33,Third Party,Sedan - Collision,Sedan,20000 to 29000,0,9546,1,400,3,more than 30,more than 30,none,6 years,31 to 35,No,No,External,more than 5,no change,1 vehicle,1995,Collision
6,4,5,Honda,Urban,1,6,4,Male,Married,35,Policy Holder,Sedan - Liability,Sport,20000 to 29000,0,9547,13,400,1,more than 30,more than 30,2 to 4,6 years,31 to 35,No,No,External,none,no change,1 vehicle,1995,Liability
6,3,5,Chevrolet,Urban,1,5,3,Male,Married,33,Policy Holder,Sedan - Liability,Sport,20000 to 29000,0,9548,4,400,3,more than 30,more than 30,1,6 years,31 to 35,No,No,External,1 to 2,no change,1 vehicle,1995,Liability
5,1,6,Mazda,Urban,2,5,2,Male,Married,39,Third Party,Sedan - Collision,Sedan,more than 69000,0,9549,16,700,4,more than 30,more than 30,none,7 years,36 to 40,No,No,External,more than 5,no change,1 vehicle,1995,Collision
5,1,3,Pontiac,Urban,3,12,2,Female,Married,39,Policy Holder,Sedan - Collision,Sedan,20000 to 29000,0,9550,3,400,3,more than 30,more than 30,more than 4,7 years,36 to 40,No,No,External,more than 5,no change,1 vehicle,1995,Collision
10,2,2,Mercury,Urban,2,7,3,Male,Married,29,Policy Holder,Sedan - Liability,Sport,20000 to 29000,0,9551,7,400,3,more than 30,more than 30,more than 4,7 years,31 to 35,No,No,External,more than 5,no change,1 vehicle,1995,Liability
7,2,7,Honda,Urban,4,6,2,Male,Married,54,Policy Holder,Sedan - Liability,Sport,30000 to 39000,0,9552,12,400,3,more than 30,more than 30,2 to 4,7 years,41 to 50,No,No,External,more than 5,no change,1 vehicle,1995,Liability
6,1,4,Toyota,Urban,4,4,2,Female,Married,41,Policy Holder,Sedan - Collision,Sedan,20000 to 29000,0,9553,9,400,4,more than 30,more than 30,2 to 4,7 years,36 to 40,No,No,External,3 to 5,no change,1 vehicle,1995,Collision
4,3,5,Honda,Urban,5,4,1,Male,Single,0,Policy Holder,Sport - All Perils,Sport,more than 69000,0,9554,15,400,4,more than 30,more than 30,none,new,16 to 17,Yes,No,External,none,no change,1 vehicle,1995,All Perils
4,2,3,Toyota,Urban,4,3,2,Male,Married,45,Policy Holder,Sedan - Liability,Sport,20000 to 29000,0,9555,9,400,2,more than 30,more than 30,2 to 4,7 years,36 to 40,No,No,External,1 to 2,no change,1 vehicle,1995,Liability
3,4,3,Toyota,Urban,5,7,4,Male,Married,80,Policy Holder,Sedan - All Perils,Sedan,less than 20000,0,9556,9,400,2,more than 30,more than 30,1,more than 7,over 65,No,No,External,none,1 year,2 vehicles,1995,All Perils
3,2,1,Honda,Urban,2,1,1,Male,Married,42,Policy Holder,Sedan - Liability,Sport,30000 to 39000,0,9557,6,400,2,more than 30,more than 30,1,7 years,36 to 40,No,No,External,none,no change,1 vehicle,1995,Liability
1,4,5,Honda,Urban,1,10,4,Male,Married,51,Third Party,Sedan - All Perils,Sedan,20000 to 29000,0,9558,6,400,1,more than 30,more than 30,2 to 4,more than 7,41 to 50,No,No,External,none,no change,1 vehicle,1995,All Perils
10,2,7,Toyota,Urban,3,10,3,Male,Married,33,Policy Holder,Sedan - Collision,Sedan,20000 to 29000,0,9559,15,400,2,more than 30,more than 30,none,7 years,31 to 35,No,No,External,more than 5,no change,1 vehicle,1995,Collision
10,1,6,Toyota,Urban,4,2,1,Female,Married,59,Policy Holder,Sedan - Liability,Sport,20000 to 29000,0,9560,16,400,1,more than 30,more than 30,1,more than 7,51 to 65,No,No,External,none,no change,1 vehicle,1995,Liability
2,1,5,Honda,Urban,5,3,2,Male,Single,0,Policy Holder,Sedan - Liability,Sport,more than 69000,0,9561,4,400,2,more than 30,more than 30,more than 4,new,16 to 17,No,No,External,none,no change,1 vehicle,1995,Liability
2,3,1,Chevrolet,Urban,3,1,1,Female,Married,37,Third Party,Sedan - All Perils,Sedan,20000 to 29000,0,9562,13,400,1,more than 30,more than 30,none,6 years,36 to 40,No,No,External,none,no change,1 vehicle,1995,All Perils
1,4,6,Toyota,Urban,1,3,4,Male,Married,65,Policy Holder,Sedan - All Perils,Sedan,20000 to 29000,1,9563,14,400,4,more than 30,more than 30,more than 4,more than 7,51 to 65,No,No,External,more than 5,no change,1 vehicle,1995,All Perils
3,3,2,Chevrolet,Rural,2,6,4,Male,Single,28,Policy Holder,Sedan - Collision,Sedan,20000 to 29000,0,9564,4,400,1,more than 30,more than 30,none,5 years,31 to 35,No,No,External,none,no change,1 vehicle,1995,Collision
6,2,4,Mazda,Urban,1,7,2,Male,Married,45,Policy Holder,Sedan - Liability,Sport,20000 to 29000,0,9565,12,400,2,more than 30,more than 30,more than 4,7 years,36 to 40,No,No,External,none,no change,1 vehicle,1995,Liability
6,2,5,Honda,Urban,1,12,1,Female,Single,25,Third Party,Sedan - All Perils,Sedan,less than 20000,0,9566,8,400,4,more than 30,more than 30,none,3 years,26 to 30,No,No,External,none,no change,1 vehicle,1995,All Perils
12,1,1,Pontiac,Urban,3,1,1,Male,Married,26,Policy Holder,Sedan - Liability,Sport,20000 to 29000,0,9567,8,400,2,more than 30,more than 30,1,6 years,31 to 35,No,No,External,none,no change,1 vehicle,1995,Liability
1,4,1,Pontiac,Urban,1,12,4,Male,Married,36,Third Party,Sedan - Collision,Sedan,20000 to 29000,0,9568,16,400,1,more than 30,more than 30,1,5 years,36 to 40,No,No,External,1 to 2,no change,1 vehicle,1995,Collision
12,2,3,Honda,Urban,4,4,2,Male,Married,35,Policy Holder,Sedan - Collision,Sedan,20000 to 29000,0,9569,14,400,4,more than 30,more than 30,1,7 years,31 to 35,No,No,External,none,no change,1 vehicle,1995,Collision
3,5,5,Pontiac,Urban,1,8,1,Male,Single,23,Third Party,Sedan - Collision,Sedan,20000 to 29000,0,9570,1,400,2,more than 30,more than 30,2 to 4,5 years,26 to 30,No,No,External,more than 5,no change,1 vehicle,1995,Collision
8,1,3,Accura,Urban,1,12,2,Male,Married,36,Policy Holder,Sedan - Collision,Sedan,more than 69000,0,9571,9,400,4,more than 30,more than 30,1,more than 7,36 to 40,No,No,External,more than 5,no change,1 vehicle,1995,Collision
11,2,7,Chevrolet,Urban,1,12,1,Female,Married,39,Policy Holder,Sedan - Collision,Sedan,40000 to 59000,0,9572,2,400,1,more than 30,more than 30,none,7 years,36 to 40,No,No,External,more than 5,no change,1 vehicle,1995,Collision
12,2,1,Honda,Urban,2,12,2,Male,Married,26,Policy Holder,Sedan - Liability,Sport,20000 to 29000,0,9573,5,400,2,more than 30,more than 30,2 to 4,7 years,31 to 35,No,No,External,more than 5,no change,1 vehicle,1995,Liability
12,2,7,Ford,Rural,1,12,2,Male,Married,48,Policy Holder,Sedan - Collision,Sedan,30000 to 39000,0,9574,1,400,4,more than 30,more than 30,none,more than 7,41 to 50,No,No,External,1 to 2,no change,1 vehicle,1995,Collision
12,2,1,Toyota,Urban,1,12,2,Male,Single,22,Policy Holder,Sedan - Collision,Sedan,20000 to 29000,0,9575,16,400,3,more than 30,more than 30,more than 4,5 years,26 to 30,No,No,External,1 to 2,no change,1 vehicle,1995,Collision
12,2,2,Accura,Urban,2,11,2,Male,Married,43,Policy Holder,Sedan - All Perils,Sedan,30000 to 39000,0,9576,11,400,4,more than 30,more than 30,1,7 years,36 to 40,No,No,External,3 to 5,no change,1 vehicle,1995,All Perils
11,3,2,Honda,Urban,3,9,3,Male,Married,27,Third Party,Sedan - Collision,Sedan,20000 to 29000,0,9577,8,400,4,more than 30,more than 30,more than 4,6 years,31 to 35,No,No,External,3 to 5,4 to 8 years,2 vehicles,1995,Collision
9,1,1,Toyota,Urban,3,8,1,Female,Married,41,Third Party,Sedan - All Perils,Sedan,20000 to 29000,0,9578,15,400,4,more than 30,more than 30,none,7 years,36 to 40,No,No,External,none,no change,1 vehicle,1995,All Perils
7,5,2,Mazda,Urban,5,8,1,Male,Married,72,Policy Holder,Sedan - Liability,Sport,20000 to 29000,0,9579,13,400,2,more than 30,more than 30,1,7 years,over 65,No,No,External,more than 5,no change,1 vehicle,1995,Liability
8,1,1,Chevrolet,Urban,1,7,4,Female,Married,36,Policy Holder,Sedan - Liability,Sport,20000 to 29000,0,9580,4,700,1,more than 30,more than 30,more than 4,7 years,36 to 40,No,No,External,none,no change,1 vehicle,1995,Liability
7,3,7,Honda,Urban,1,3,3,Male,Single,34,Policy Holder,Sedan - Liability,Sport,20000 to 29000,0,9581,7,400,1,more than 30,more than 30,1,6 years,31 to 35,No,No,External,1 to 2,no change,1 vehicle,1995,Liability
3,2,5,Mazda,Rural,3,3,3,Female,Single,36,Policy Holder,Sedan - Collision,Sedan,20000 to 29000,0,9582,11,400,1,more than 30,more than 30,1,more than 7,36 to 40,No,No,External,more than 5,no change,1 vehicle,1995,Collision
3,1,4,Ford,Rural,5,12,4,Male,Married,41,Third Party,Sedan - Collision,Sedan,40000 to 59000,0,9583,9,400,2,more than 30,more than 30,2 to 4,more than 7,36 to 40,No,No,External,more than 5,no change,1 vehicle,1995,Collision
12,3,1,Pontiac,Urban,3,12,3,Male,Married,42,Policy Holder,Sedan - Collision,Sedan,20000 to 29000,0,9584,11,400,4,more than 30,more than 30,more than 4,more than 7,36 to 40,No,No,External,more than 5,no change,1 vehicle,1995,Collision
12,2,3,Honda,Urban,4,12,3,Male,Married,35,Policy Holder,Sedan - Liability,Sport,more than 69000,0,9585,2,400,4,more than 30,more than 30,2 to 4,6 years,31 to 35,Yes,No,External,1 to 2,no change,1 vehicle,1995,Liability
12,3,5,Toyota,Urban,2,12,3,Male,Married,43,Policy Holder,Sedan - Collision,Sedan,20000 to 29000,0,9586,7,400,1,more than 30,more than 30,1,6 years,36 to 40,No,No,External,3 to 5,no change,1 vehicle,1995,Collision
12,1,4,Toyota,Urban,5,12,2,Male,Married,40,Third Party,Sedan - All Perils,Sedan,30000 to 39000,0,9587,16,400,4,15 to 30,more than 30,none,7 years,36 to 40,No,No,External,none,no change,1 vehicle,1995,All Perils
12,1,6,Chevrolet,Urban,1,12,1,Male,Married,30,Policy Holder,Sedan - All Perils,Sedan,20000 to 29000,0,9588,13,400,1,more than 30,more than 30,2 to 4,7 years,31 to 35,No,No,External,more than 5,no change,1 vehicle,1995,All Perils
12,1,2,Honda,Urban,5,2,2,Male,Married,49,Policy Holder,Sedan - Liability,Sport,20000 to 29000,0,9589,9,500,1,more than 30,more than 30,more than 4,more than 7,41 to 50,No,No,External,more than 5,2 to 3 years,1 vehicle,1995,Liability
1,4,1,Honda,Urban,2,7,4,Male,Married,40,Third Party,Sedan - All Perils,Sedan,30000 to 39000,0,9590,3,400,2,more than 30,more than 30,2 to 4,7 years,36 to 40,No,No,External,3 to 5,no change,1 vehicle,1995,All Perils
7,3,6,Ford,Urban,2,7,4,Male,Married,36,Policy Holder,Sedan - All Perils,Sedan,more than 69000,0,9591,3,400,4,more than 30,more than 30,none,7 years,36 to 40,No,No,External,more than 5,no change,1 vehicle,1995,All Perils
7,3,1,Pontiac,Urban,2,10,3,Male,Married,34,Third Party,Sedan - Liability,Sport,20000 to 29000,0,9592,4,400,1,more than 30,more than 30,more than 4,6 years,31 to 35,No,No,External,3 to 5,no change,1 vehicle,1995,Liability
7,2,1,Toyota,Urban,2,4,4,Male,Married,43,Policy Holder,Sedan - All Perils,Sedan,20000 to 29000,0,9593,12,400,3,more than 30,more than 30,2 to 4,7 years,36 to 40,No,No,External,more than 5,no change,1 vehicle,1995,All Perils
4,3,7,Pontiac,Urban,3,4,3,Male,Married,27,Third Party,Sedan - All Perils,Sedan,less than 20000,0,9594,1,400,1,more than 30,more than 30,none,5 years,31 to 35,No,No,External,none,no change,1 vehicle,1995,All Perils
4,3,5,Honda,Urban,3,5,4,Male,Married,80,Policy Holder,Sedan - Collision,Sedan,20000 to 29000,0,9595,5,400,3,more than 30,more than 30,2 to 4,more than 7,over 65,No,No,External,none,no change,3 to 4,1995,Collision
3,4,3,Toyota,Urban,2,3,1,Male,Married,66,Policy Holder,Sedan - Collision,Sedan,20000 to 29000,0,9596,12,400,4,more than 30,more than 30,none,more than 7,over 65,No,No,External,none,no change,1 vehicle,1995,Collision
3,1,7,Chevrolet,Rural,1,2,3,Male,Married,44,Third Party,Sedan - Liability,Sport,more than 69000,0,9597,12,400,3,more than 30,more than 30,2 to 4,7 years,36 to 40,No,No,External,none,no change,1 vehicle,1995,Liability
2,2,7,Chevrolet,Urban,4,1,3,Male,Married,32,Policy Holder,Sedan - Liability,Sport,20000 to 29000,0,9598,3,400,2,more than 30,more than 30,2 to 4,6 years,31 to 35,No,No,External,none,4 to 8 years,2 vehicles,1995,Liability
12,4,4,Toyota,Urban,4,12,3,Male,Married,38,Policy Holder,Sedan - Liability,Sport,20000 to 29000,0,9599,16,400,4,more than 30,more than 30,2 to 4,7 years,36 to 40,No,No,External,1 to 2,no change,1 vehicle,1995,Liability
12,4,6,Pontiac,Urban,3,10,4,Male,Married,42,Third Party,Sedan - All Perils,Sedan,20000 to 29000,0,9600,12,400,2,more than 30,more than 30,1,7 years,36 to 40,No,No,External,1 to 2,no change,1 vehicle,1995,All Perils
10,3,6,Toyota,Urban,2,12,3,Male,Married,52,Policy Holder,Sedan - All Perils,Sedan,less than 20000,0,9601,7,400,4,more than 30,more than 30,1,6 years,41 to 50,No,No,External,none,no change,1 vehicle,1995,All Perils
10,3,5,Honda,Urban,4,2,2,Male,Married,60,Policy Holder,Sedan - Collision,Sedan,20000 to 29000,0,9602,12,400,4,more than 30,more than 30,2 to 4,more than 7,51 to 65,No,No,External,more than 5,no change,1 vehicle,1995,Collision
2,2,4,Accura,Urban,5,3,3,Female,Married,31,Policy Holder,Sedan - All Perils,Sedan,30000 to 39000,0,9603,11,400,2,more than 30,more than 30,1,6 years,31 to 35,No,No,External,none,no change,1 vehicle,1995,All Perils
3,2,5,Toyota,Urban,2,5,2,Female,Married,48,Third Party,Sedan - All Perils,Sedan,20000 to 29000,0,9604,11,400,3,more than 30,more than 30,none,7 years,41 to 50,No,No,External,1 to 2,no change,1 vehicle,1995,All Perils
5,1,2,Toyota,Urban,3,9,2,Male,Married,31,Policy Holder,Sedan - Liability,Sport,20000 to 29000,0,9605,7,400,4,more than 30,more than 30,1,7 years,31 to 35,No,No,External,none,no change,1 vehicle,1995,Liability
8,3,7,Chevrolet,Urban,2,8,2,Male,Married,36,Policy Holder,Sedan - Liability,Sport,40000 to 59000,0,9606,5,400,4,more than 30,more than 30,2 to 4,more than 7,36 to 40,No,No,External,3 to 5,no change,1 vehicle,1995,Liability
8,3,6,Chevrolet,Urban,2,8,3,Male,Married,36,Policy Holder,Utility - All Perils,Utility,more than 69000,0,9607,12,400,1,more than 30,more than 30,none,7 years,36 to 40,No,No,External,none,no change,1 vehicle,1995,All Perils
8,2,6,Pontiac,Urban,3,11,5,Female,Married,37,Policy Holder,Sedan - All Perils,Sedan,20000 to 29000,0,9608,9,400,2,more than 30,more than 30,none,7 years,36 to 40,No,No,External,none,no change,1 vehicle,1995,All Perils
10,4,4,Pontiac,Urban,6,4,3,Male,Single,24,Policy Holder,Sedan - Collision,Sedan,20000 to 29000,0,9609,2,400,4,more than 30,more than 30,2 to 4,5 years,26 to 30,No,No,External,1 to 2,no change,1 vehicle,1995,Collision
4,1,3,Chevrolet,Urban,4,4,2,Male,Married,36,Policy Holder,Sedan - Collision,Sedan,more than 69000,0,9610,14,400,3,more than 30,more than 30,2 to 4,more than 7,36 to 40,No,No,External,none,no change,1 vehicle,1995,Collision
4,1,5,Mazda,Urban,4,6,1,Male,Single,39,Third Party,Sedan - All Perils,Sedan,more than 69000,0,9611,5,700,4,more than 30,more than 30,2 to 4,more than 7,36 to 40,No,No,External,more than 5,no change,1 vehicle,1995,All Perils
6,3,4,Pontiac,Urban,2,12,4,Male,Married,30,Third Party,Sedan - Collision,Sedan,30000 to 39000,0,9612,2,400,4,more than 30,more than 30,none,7 years,31 to 35,No,No,External,more than 5,no change,1 vehicle,1995,Collision
10,4,4,Toyota,Rural,5,2,2,Male,Married,80,Policy Holder,Sedan - All Perils,Sedan,20000 to 29000,0,9613,12,400,3,more than 30,more than 30,none,6 years,over 65,No,No,External,more than 5,no change,1 vehicle,1995,All Perils
1,4,7,Pontiac,Urban,2,12,1,Female,Single,26,Policy Holder,Sedan - All Perils,Sedan,20000 to 29000,1,9614,16,400,2,more than 30,more than 30,2 to 4,6 years,31 to 35,No,No,External,none,no change,1 vehicle,1995,All Perils
12,1,1,Honda,Urban,2,2,2,Male,Married,43,Third Party,Sedan - All Perils,Sedan,20000 to 29000,0,9615,11,400,2,more than 30,more than 30,none,7 years,36 to 40,No,No,External,more than 5,no change,1 vehicle,1995,All Perils
2,4,3,Pontiac,Rural,2,4,4,Male,Married,40,Policy Holder,Sedan - Collision,Sedan,20000 to 29000,0,9616,7,400,2,more than 30,more than 30,none,7 years,36 to 40,No,No,External,none,no change,1 vehicle,1995,Collision
3,5,5,Pontiac,Urban,7,5,1,Male,Married,38,Third Party,Sedan - Collision,Sedan,20000 to 29000,0,9617,10,400,1,more than 30,more than 30,2 to 4,7 years,36 to 40,No,No,External,none,no change,1 vehicle,1995,Collision
5,3,7,Toyota,Urban,5,5,4,Male,Married,27,Third Party,Sedan - All Perils,Sedan,less than 20000,0,9618,10,400,4,more than 30,more than 30,none,7 years,31 to 35,No,No,External,none,no change,1 vehicle,1995,All Perils
5,3,3,Pontiac,Urban,4,5,3,Male,Married,28,Policy Holder,Sedan - Liability,Sport,more than 69000,0,9619,7,400,1,more than 30,more than 30,1,5 years,31 to 35,No,No,External,3 to 5,4 to 8 years,2 vehicles,1995,Liability
5,2,1,Honda,Rural,4,5,4,Female,Married,37,Third Party,Sedan - Liability,Sport,20000 to 29000,0,9620,12,400,3,more than 30,more than 30,more than 4,7 years,36 to 40,No,No,External,none,no change,1 vehicle,1995,Liability
5,1,6,Toyota,Urban,3,6,1,Male,Married,50,Third Party,Sedan - Collision,Sedan,30000 to 39000,0,9621,15,400,2,more than 30,more than 30,1,more than 7,41 to 50,No,No,External,more than 5,no change,1 vehicle,1995,Collision
6,1,7,Honda,Urban,1,7,2,Male,Married,39,Policy Holder,Sedan - Collision,Sedan,20000 to 29000,0,9622,2,400,2,more than 30,more than 30,2 to 4,7 years,36 to 40,No,No,External,more than 5,no change,1 vehicle,1995,Collision
7,1,2,Pontiac,Urban,2,7,1,Male,Single,43,Third Party,Sedan - All Perils,Sedan,20000 to 29000,0,9623,11,400,3,more than 30,more than 30,2 to 4,7 years,36 to 40,No,No,External,more than 5,no change,1 vehicle,1995,All Perils
6,5,1,Pontiac,Urban,1,7,2,Female,Single,39,Third Party,Sedan - Collision,Sedan,less than 20000,0,9624,6,400,3,more than 30,more than 30,1,7 years,36 to 40,No,No,External,none,no change,1 vehicle,1995,Collision
6,4,5,Pontiac,Urban,5,10,1,Female,Single,43,Policy Holder,Sedan - Collision,Sedan,20000 to 29000,0,9625,8,400,3,more than 30,more than 30,2 to 4,7 years,36 to 40,No,No,External,3 to 5,no change,1 vehicle,1995,Collision
9,4,3,Mazda,Urban,5,9,3,Male,Married,33,Third Party,Sedan - Liability,Sport,30000 to 39000,0,9626,3,400,2,more than 30,more than 30,2 to 4,7 years,31 to 35,No,No,External,3 to 5,no change,1 vehicle,1995,Liability
9,3,3,Toyota,Urban,1,10,3,Male,Married,28,Third Party,Sedan - Collision,Sedan,20000 to 29000,0,9627,11,400,1,more than 30,more than 30,1,6 years,31 to 35,No,No,External,3 to 5,no change,1 vehicle,1995,Collision
10,1,1,Mazda,Rural,3,12,2,Male,Single,29,Policy Holder,Sedan - Collision,Sedan,30000 to 39000,0,9628,1,400,3,more than 30,more than 30,1,6 years,31 to 35,No,No,External,3 to 5,no change,1 vehicle,1995,Collision
12,1,2,Pontiac,Urban,3,12,3,Male,Married,38,Policy Holder,Sedan - Collision,Sedan,30000 to 39000,0,9629,2,400,1,more than 30,more than 30,1,6 years,36 to 40,No,No,External,none,no change,1 vehicle,1995,Collision
12,1,5,Pontiac,Urban,5,4,5,Male,Married,31,Policy Holder,Sedan - Liability,Sport,20000 to 29000,0,9630,4,400,3,more than 30,more than 30,more than 4,5 years,31 to 35,No,No,External,none,no change,1 vehicle,1995,Liability
4,4,6,Pontiac,Urban,2,4,4,Male,Married,62,Policy Holder,Sedan - All Perils,Sedan,less than 20000,0,9631,5,400,4,more than 30,more than 30,none,7 years,51 to 65,No,No,External,3 to 5,no change,1 vehicle,1995,All Perils
4,3,3,Chevrolet,Urban,4,5,3,Male,Married,26,Third Party,Sedan - Collision,Sedan,30000 to 39000,0,9632,8,400,2,more than 30,more than 30,1,7 years,31 to 35,No,No,External,more than 5,no change,1 vehicle,1995,Collision
5,2,2,Honda,Urban,1,7,3,Female,Single,35,Policy Holder,Sport - Collision,Sport,more than 69000,0,9633,7,400,3,more than 30,more than 30,none,5 years,31 to 35,No,No,External,none,no change,1 vehicle,1995,Collision
5,5,1,Mazda,Urban,3,7,2,Female,Married,38,Policy Holder,Sedan - Collision,Sedan,30000 to 39000,0,9634,4,400,1,more than 30,more than 30,2 to 4,7 years,36 to 40,No,No,External,1 to 2,no change,1 vehicle,1995,Collision
5,3,6,Chevrolet,Urban,1,7,1,Male,Married,33,Third Party,Sedan - Collision,Sedan,20000 to 29000,0,9635,15,400,1,more than 30,more than 30,none,6 years,31 to 35,No,No,External,none,no change,1 vehicle,1995,Collision
7,3,1,Honda,Urban,2,9,3,Male,Single,23,Policy Holder,Sedan - All Perils,Sedan,less than 20000,0,9636,9,400,1,more than 30,more than 30,1,3 years,26 to 30,No,No,External,none,no change,3 to 4,1995,All Perils
9,2,3,Accura,Urban,3,9,2,Male,Single,31,Policy Holder,Sedan - Liability,Sport,more than 69000,0,9637,9,400,2,more than 30,more than 30,2 to 4,6 years,31 to 35,No,No,External,more than 5,no change,1 vehicle,1995,Liability
9,2,5,Accura,Urban,5,8,3,Male,Single,52,Policy Holder,Sedan - All Perils,Sedan,30000 to 39000,0,9638,10,400,3,more than 30,more than 30,1,7 years,41 to 50,No,No,External,more than 5,no change,1 vehicle,1995,All Perils
8,2,5,Toyota,Urban,5,10,2,Female,Single,31,Policy Holder,Sedan - Liability,Sport,20000 to 29000,0,9639,12,400,3,more than 30,more than 30,2 to 4,6 years,31 to 35,No,No,External,3 to 5,no change,1 vehicle,1995,Liability
10,3,6,Honda,Urban,2,10,3,Male,Married,36,Policy Holder,Sedan - Liability,Sport,30000 to 39000,0,9640,8,500,4,more than 30,more than 30,more than 4,more than 7,36 to 40,No,No,External,more than 5,2 to 3 years,2 vehicles,1995,Liability
10,4,3,VW,Rural,4,12,4,Male,Married,53,Policy Holder,Sedan - Collision,Sedan,60000 to 69000,0,9641,12,400,4,more than 30,more than 30,none,more than 7,41 to 50,No,No,External,none,no change,1 vehicle,1995,Collision
12,1,6,Toyota,Urban,1,12,2,Male,Married,40,Policy Holder,Sedan - Liability,Sport,20000 to 29000,0,9642,10,700,2,more than 30,more than 30,more than 4,more than 7,36 to 40,No,No,External,none,no change,1 vehicle,1995,Liability
12,2,4,Pontiac,Urban,2,4,2,Male,Single,27,Policy Holder,Sedan - Collision,Sedan,20000 to 29000,0,9643,4,400,2,more than 30,more than 30,2 to 4,7 years,31 to 35,Yes,No,External,1 to 2,no change,1 vehicle,1995,Collision
4,2,3,Pontiac,Urban,2,2,3,Male,Married,47,Third Party,Sedan - Collision,Sedan,20000 to 29000,0,9644,11,400,3,more than 30,more than 30,2 to 4,6 years,41 to 50,Yes,Yes,External,more than 5,no change,1 vehicle,1995,Collision
2,1,7,Chevrolet,Urban,1,2,4,Male,Married,46,Policy Holder,Sedan - All Perils,Sedan,more than 69000,0,9645,12,400,1,more than 30,more than 30,1,more than 7,41 to 50,No,No,External,1 to 2,no change,1 vehicle,1995,All Perils
2,3,2,Honda,Urban,5,2,3,Male,Married,75,Third Party,Sedan - Liability,Sport,20000 to 29000,0,9646,3,400,1,more than 30,more than 30,2 to 4,more than 7,over 65,No,No,External,1 to 2,no change,1 vehicle,1995,Liability
2,3,5,Pontiac,Rural,2,3,3,Male,Single,39,Third Party,Sedan - All Perils,Sedan,20000 to 29000,0,9647,1,400,1,more than 30,more than 30,1,7 years,36 to 40,No,No,External,more than 5,1 year,1 vehicle,1995,All Perils
3,4,5,Pontiac,Rural,1,10,5,Male,Married,47,Policy Holder,Sedan - All Perils,Sedan,less than 20000,0,9648,2,400,4,more than 30,more than 30,none,more than 7,41 to 50,No,No,External,none,no change,1 vehicle,1995,All Perils
10,2,2,Toyota,Urban,1,8,3,Male,Married,44,Policy Holder,Sedan - All Perils,Sedan,20000 to 29000,0,9649,7,400,3,more than 30,more than 30,none,7 years,36 to 40,No,No,External,1 to 2,no change,1 vehicle,1995,All Perils
7,3,2,Accura,Urban,2,7,2,Male,Married,51,Policy Holder,Utility - All Perils,Utility,more than 69000,0,9650,5,400,3,more than 30,more than 30,1,more than 7,41 to 50,No,No,External,none,no change,1 vehicle,1995,All Perils
7,2,3,VW,Urban,1,8,2,Male,Married,43,Policy Holder,Sedan - Collision,Sedan,40000 to 59000,0,9651,1,400,4,more than 30,more than 30,none,6 years,36 to 40,No,No,External,3 to 5,no change,1 vehicle,1995,Collision
8,1,1,VW,Urban,3,7,2,Male,Single,41,Policy Holder,Sedan - All Perils,Sedan,30000 to 39000,0,9652,8,400,1,more than 30,more than 30,2 to 4,7 years,36 to 40,No,No,External,1 to 2,no change,1 vehicle,1995,All Perils
7,4,3,Honda,Urban,2,11,4,Male,Single,20,Third Party,Sedan - All Perils,Sedan,30000 to 39000,0,9653,11,400,3,more than 30,more than 30,2 to 4,3 years,21 to 25,No,No,External,more than 5,no change,1 vehicle,1995,All Perils
11,2,6,Pontiac,Urban,7,11,3,Female,Married,40,Policy Holder,Sedan - Collision,Sedan,20000 to 29000,0,9654,3,400,3,more than 30,more than 30,2 to 4,6 years,36 to 40,No,No,External,none,no change,1 vehicle,1995,Collision
11,3,2,Toyota,Urban,4,11,3,Male,Single,77,Third Party,Sedan - All Perils,Sedan,less than 20000,0,9655,13,400,1,more than 30,more than 30,none,more than 7,over 65,No,No,External,3 to 5,no change,1 vehicle,1995,All Perils
11,3,7,Honda,Urban,3,3,3,Male,Single,22,Policy Holder,Sedan - All Perils,Sedan,20000 to 29000,0,9656,15,400,2,more than 30,more than 30,1,3 years,26 to 30,No,No,External,1 to 2,no change,1 vehicle,1995,All Perils
3,1,3,Mazda,Urban,5,4,2,Male,Married,62,Policy Holder,Sedan - Collision,Sedan,20000 to 29000,0,9657,1,400,4,more than 30,more than 30,1,more than 7,51 to 65,No,No,External,none,no change,1 vehicle,1995,Collision
4,3,5,Mazda,Urban,3,2,4,Male,Married,54,Policy Holder,Sedan - Liability,Sport,more than 69000,0,9658,10,400,2,more than 30,more than 30,none,6 years,41 to 50,No,No,Internal,none,no change,1 vehicle,1995,Liability
1,4,2,Toyota,Urban,3,8,1,Female,Single,26,Third Party,Sedan - Collision,Sedan,30000 to 39000,0,9659,1,400,4,more than 30,more than 30,2 to 4,6 years,31 to 35,No,No,External,more than 5,no change,1 vehicle,1995,Collision
8,3,3,Mazda,Urban,5,10,3,Male,Married,52,Policy Holder,Sedan - Collision,Sedan,20000 to 29000,0,9660,14,400,3,more than 30,more than 30,1,7 years,41 to 50,No,No,External,none,no change,1 vehicle,1995,Collision
10,2,3,Mazda,Urban,7,10,4,Male,Married,47,Policy Holder,Sedan - All Perils,Sedan,20000 to 29000,0,9661,11,400,4,more than 30,more than 30,none,7 years,41 to 50,No,No,External,none,4 to 8 years,2 vehicles,1995,All Perils
10,3,2,Toyota,Urban,4,12,4,Female,Single,33,Policy Holder,Sedan - Liability,Sport,30000 to 39000,0,9662,1,400,2,more than 30,more than 30,1,6 years,31 to 35,No,No,External,more than 5,no change,1 vehicle,1995,Liability
12,1,2,Honda,Urban,4,12,3,Female,Single,56,Third Party,Sedan - Collision,Sedan,20000 to 29000,0,9663,11,400,1,more than 30,more than 30,none,6 years,51 to 65,No,No,External,none,no change,1 vehicle,1995,Collision
11,5,4,Pontiac,Urban,4,10,5,Male,Married,60,Policy Holder,Sedan - Collision,Sedan,20000 to 29000,0,9664,2,400,4,more than 30,more than 30,1,more than 7,51 to 65,No,No,External,1 to 2,no change,1 vehicle,1995,Collision
10,3,6,Pontiac,Urban,1,10,3,Male,Married,55,Policy Holder,Sedan - All Perils,Sedan,less than 20000,0,9665,14,400,4,more than 30,more than 30,none,more than 7,41 to 50,No,No,External,none,no change,1 vehicle,1995,All Perils
10,2,6,Honda,Urban,3,9,2,Male,Married,44,Policy Holder,Sedan - Liability,Sport,30000 to 39000,0,9666,2,400,3,more than 30,more than 30,more than 4,7 years,36 to 40,No,No,External,more than 5,no change,1 vehicle,1995,Liability
9,1,6,Pontiac,Urban,1,9,3,Male,Married,60,Policy Holder,Sedan - Collision,Sedan,more than 69000,0,9667,8,400,3,more than 30,more than 30,none,more than 7,51 to 65,No,No,External,1 to 2,no change,1 vehicle,1995,Collision
9,1,4,Toyota,Urban,5,9,1,Female,Single,42,Policy Holder,Sedan - Collision,Sedan,20000 to 29000,0,9668,10,400,1,more than 30,more than 30,1,5 years,36 to 40,No,No,External,none,no change,1 vehicle,1995,Collision
8,5,5,Pontiac,Urban,1,1,1,Female,Single,31,Third Party,Sedan - Collision,Sedan,20000 to 29000,0,9669,1,400,4,more than 30,more than 30,1,6 years,31 to 35,No,No,External,none,no change,1 vehicle,1995,Collision
1,4,1,Honda,Urban,1,4,5,Male,Married,37,Policy Holder,Sport - Collision,Sport,more than 69000,1,9670,12,400,4,more than 30,more than 30,2 to 4,7 years,36 to 40,No,No,External,none,no change,1 vehicle,1995,Collision
3,3,6,Ford,Urban,1,12,4,Male,Married,58,Policy Holder,Sedan - Collision,Sedan,30000 to 39000,0,9671,9,400,2,more than 30,more than 30,none,more than 7,51 to 65,No,No,External,none,no change,1 vehicle,1995,Collision
12,2,6,Mazda,Urban,5,2,2,Female,Married,50,Policy Holder,Sedan - Liability,Sport,20000 to 29000,0,9672,8,400,3,more than 30,more than 30,2 to 4,7 years,41 to 50,No,No,External,more than 5,no change,1 vehicle,1995,Liability
1,5,3,Pontiac,Urban,1,12,1,Female,Single,22,Third Party,Sedan - Collision,Sedan,20000 to 29000,0,9673,7,400,2,more than 30,more than 30,none,4 years,26 to 30,Yes,Yes,External,none,no change,1 vehicle,1995,Collision
11,5,1,Honda,Urban,4,10,2,Male,Single,28,Third Party,Sport - Collision,Sport,more than 69000,0,9674,15,400,4,more than 30,more than 30,none,6 years,31 to 35,No,No,External,1 to 2,no change,1 vehicle,1995,Collision
10,2,1,Chevrolet,Rural,3,9,2,Male,Married,39,Policy Holder,Sedan - Collision,Sedan,40000 to 59000,0,9675,13,400,1,more than 30,more than 30,none,7 years,36 to 40,No,No,External,none,no change,1 vehicle,1995,Collision
9,1,3,Toyota,Urban,2,8,2,Male,Married,50,Policy Holder,Sedan - Collision,Sedan,20000 to 29000,0,9676,7,400,1,more than 30,more than 30,none,7 years,41 to 50,No,No,External,1 to 2,no change,1 vehicle,1995,Collision
8,2,3,Toyota,Urban,5,7,3,Male,Married,42,Third Party,Sedan - Liability,Sport,30000 to 39000,0,9677,11,400,3,more than 30,more than 30,none,7 years,36 to 40,No,No,External,none,no change,3 to 4,1995,Liability
7,2,4,Toyota,Urban,5,6,3,Male,Married,43,Third Party,Sedan - Liability,Sport,30000 to 39000,0,9678,2,400,4,more than 30,more than 30,more than 4,7 years,36 to 40,No,No,External,1 to 2,no change,1 vehicle,1995,Liability
6,4,3,Accura,Urban,3,5,4,Male,Married,38,Policy Holder,Utility - All Perils,Utility,more than 69000,0,9679,8,400,4,more than 30,more than 30,none,7 years,36 to 40,No,No,External,3 to 5,no change,1 vehicle,1995,All Perils
5,1,3,Honda,Urban,3,1,1,Male,Single,42,Policy Holder,Sedan - Collision,Sedan,20000 to 29000,0,9680,3,400,3,more than 30,more than 30,more than 4,7 years,36 to 40,No,No,External,more than 5,no change,1 vehicle,1995,Collision
1,1,4,Honda,Urban,1,1,2,Female,Single,23,Third Party,Sedan - All Perils,Sedan,less than 20000,0,9681,14,400,1,more than 30,more than 30,1,4 years,26 to 30,No,No,External,1 to 2,no change,1 vehicle,1995,All Perils
12,5,7,Toyota,Urban,2,11,1,Male,Single,45,Third Party,Sedan - Collision,Sedan,20000 to 29000,0,9682,1,400,1,more than 30,more than 30,1,7 years,36 to 40,No,No,External,none,4 to 8 years,2 vehicles,1995,Collision
11,2,2,Mazda,Urban,1,10,3,Male,Married,50,Third Party,Sedan - All Perils,Sedan,20000 to 29000,0,9683,7,400,3,more than 30,more than 30,none,more than 7,41 to 50,No,No,External,none,no change,1 vehicle,1995,All Perils
9,4,2,Toyota,Urban,2,9,1,Male,Married,52,Third Party,Sedan - All Perils,Sedan,20000 to 29000,0,9684,9,400,1,more than 30,more than 30,none,7 years,41 to 50,No,No,External,more than 5,no change,1 vehicle,1995,All Perils
9,3,6,Pontiac,Urban,2,2,3,Male,Single,35,Policy Holder,Sedan - Collision,Sedan,20000 to 29000,0,9685,13,400,4,more than 30,more than 30,none,7 years,31 to 35,No,No,External,none,no change,1 vehicle,1995,Collision
1,5,5,Chevrolet,Rural,1,7,2,Male,Married,30,Third Party,Sedan - All Perils,Sedan,30000 to 39000,0,9686,10,400,2,more than 30,more than 30,2 to 4,7 years,31 to 35,No,No,External,more than 5,no change,1 vehicle,1995,All Perils
7,2,6,Toyota,Urban,1,4,2,Male,Married,75,Policy Holder,Sedan - All Perils,Sedan,20000 to 29000,0,9687,5,400,1,more than 30,more than 30,1,more than 7,over 65,No,No,External,1 to 2,no change,1 vehicle,1995,All Perils
4,3,6,Pontiac,Rural,5,4,4,Male,Single,52,Third Party,Sedan - All Perils,Sedan,20000 to 29000,0,9688,3,400,1,more than 30,more than 30,2 to 4,7 years,41 to 50,No,No,External,more than 5,no change,1 vehicle,1995,All Perils
4,3,6,Toyota,Urban,2,1,4,Male,Single,26,Policy Holder,Sedan - Liability,Sport,20000 to 29000,0,9689,15,400,3,15 to 30,more than 30,2 to 4,3 years,31 to 35,No,No,External,none,no change,1 vehicle,1995,Liability
1,5,3,Honda,Urban,5,12,5,Male,Married,40,Third Party,Sedan - Collision,Sedan,20000 to 29000,0,9690,11,400,4,more than 30,more than 30,none,7 years,36 to 40,No,No,External,more than 5,no change,1 vehicle,1995,Collision
12,2,4,Honda,Urban,5,12,3,Male,Married,29,Third Party,Sedan - Collision,Sedan,20000 to 29000,1,9691,13,300,1,more than 30,more than 30,none,4 years,31 to 35,No,No,External,none,2 to 3 years,1 vehicle,1995,Collision
12,2,4,Honda,Urban,1,11,2,Male,Married,33,Policy Holder,Sedan - Collision,Sedan,20000 to 29000,0,9692,12,400,2,more than 30,more than 30,2 to 4,7 years,31 to 35,No,No,External,more than 5,no change,1 vehicle,1995,Collision
11,1,6,Toyota,Urban,3,11,5,Female,Married,44,Policy Holder,Sedan - Collision,Sedan,more than 69000,0,9693,16,400,3,more than 30,more than 30,1,7 years,36 to 40,No,No,External,more than 5,no change,1 vehicle,1995,Collision
10,5,1,Honda,Urban,5,9,1,Male,Married,31,Policy Holder,Sedan - Collision,Sedan,30000 to 39000,0,9694,11,400,4,more than 30,more than 30,1,6 years,31 to 35,No,No,External,none,no change,1 vehicle,1995,Collision
9,1,5,Mazda,Urban,5,9,2,Male,Single,29,Policy Holder,Sedan - Collision,Sedan,20000 to 29000,0,9695,12,400,1,more than 30,more than 30,2 to 4,5 years,31 to 35,No,No,External,3 to 5,no change,1 vehicle,1995,Collision
8,3,6,Mazda,Urban,3,12,1,Male,Married,29,Policy Holder,Sedan - Collision,Sedan,20000 to 29000,0,9696,6,400,4,more than 30,more than 30,none,6 years,31 to 35,No,No,External,3 to 5,no change,1 vehicle,1995,Collision
7,5,6,Mazda,Urban,2,7,2,Male,Single,28,Policy Holder,Sedan - Collision,Sedan,20000 to 29000,0,9697,4,400,2,more than 30,more than 30,2 to 4,6 years,31 to 35,No,No,External,none,no change,1 vehicle,1995,Collision
7,2,4,Mercury,Urban,1,7,2,Male,Single,41,Policy Holder,Sedan - Liability,Sport,20000 to 29000,0,9698,13,400,1,more than 30,more than 30,none,6 years,36 to 40,No,No,External,none,no change,1 vehicle,1995,Liability
7,2,5,Honda,Urban,3,6,2,Male,Married,53,Policy Holder,Sedan - Collision,Sedan,20000 to 29000,0,9699,10,400,3,more than 30,more than 30,2 to 4,more than 7,41 to 50,No,No,External,more than 5,no change,1 vehicle,1995,Collision
6,3,1,Honda,Urban,1,6,4,Male,Married,27,Policy Holder,Sedan - Liability,Sport,20000 to 29000,0,9700,14,400,3,more than 30,more than 30,more than 4,7 years,31 to 35,No,No,External,none,no change,1 vehicle,1995,Liability
6,2,1,Ford,Urban,5,5,2,Male,Married,46,Third Party,Sedan - Liability,Sport,30000 to 39000,0,9701,13,400,4,more than 30,more than 30,1,more than 7,41 to 50,No,No,External,none,no change,1 vehicle,1995,Liability
5,4,2,Toyota,Urban,3,3,4,Male,Married,37,Policy Holder,Sedan - Collision,Sedan,20000 to 29000,0,9702,9,400,1,more than 30,more than 30,1,7 years,36 to 40,No,No,External,none,no change,1 vehicle,1995,Collision
3,3,7,Pontiac,Urban,2,8,4,Male,Single,29,Third Party,Sedan - Liability,Sport,30000 to 39000,0,9703,11,400,2,more than 30,more than 30,more than 4,6 years,31 to 35,No,No,External,1 to 2,4 to 8 years,2 vehicles,1995,Liability
8,4,3,Honda,Urban,3,6,5,Male,Married,50,Policy Holder,Sedan - Liability,Sport,20000 to 29000,0,9704,15,700,2,more than 30,more than 30,none,more than 7,41 to 50,No,No,External,more than 5,no change,1 vehicle,1995,Liability
6,2,2,Toyota,Rural,3,6,2,Female,Single,35,Policy Holder,Sedan - Collision,Sedan,less than 20000,0,9705,12,400,3,more than 30,more than 30,1,6 years,31 to 35,No,No,External,none,no change,1 vehicle,1995,Collision
6,1,4,Mazda,Urban,5,5,2,Male,Single,46,Third Party,Sport - Collision,Sport,more than 69000,0,9706,14,400,2,more than 30,more than 30,none,more than 7,41 to 50,No,No,External,more than 5,no change,1 vehicle,1995,Collision
5,3,1,Mazda,Urban,2,8,4,Male,Married,41,Policy Holder,Sedan - Collision,Sedan,more than 69000,0,9707,11,400,4,more than 30,more than 30,2 to 4,6 years,36 to 40,No,No,External,1 to 2,no change,1 vehicle,1995,Collision
8,5,1,Chevrolet,Urban,1,1,5,Male,Married,38,Policy Holder,Sedan - Liability,Sport,30000 to 39000,0,9708,14,400,4,more than 30,more than 30,none,7 years,36 to 40,No,No,External,more than 5,no change,1 vehicle,1995,Liability
1,1,1,Toyota,Urban,2,12,2,Male,Married,77,Policy Holder,Sedan - All Perils,Sedan,more than 69000,0,9709,7,400,3,more than 30,more than 30,none,more than 7,over 65,No,No,External,1 to 2,no change,1 vehicle,1995,All Perils
12,4,2,Mazda,Urban,3,4,4,Male,Married,30,Policy Holder,Sedan - Collision,Sedan,20000 to 29000,0,9710,5,400,2,more than 30,more than 30,1,7 years,31 to 35,No,No,External,more than 5,no change,1 vehicle,1995,Collision
3,2,7,Honda,Urban,2,4,1,Male,Married,31,Policy Holder,Sedan - Liability,Sport,20000 to 29000,0,9711,12,400,2,more than 30,more than 30,more than 4,7 years,31 to 35,No,No,External,none,no change,1 vehicle,1995,Liability
4,2,4,Pontiac,Urban,1,5,2,Female,Single,37,Policy Holder,Sedan - All Perils,Sedan,less than 20000,0,9712,1,400,2,more than 30,more than 30,1,5 years,36 to 40,No,No,External,none,no change,1 vehicle,1995,All Perils
4,3,7,Pontiac,Urban,1,1,2,Male,Married,49,Policy Holder,Sedan - Liability,Sport,20000 to 29000,0,9713,3,400,2,more than 30,more than 30,none,7 years,41 to 50,No,No,External,more than 5,no change,1 vehicle,1995,Liability
1,5,6,Honda,Urban,2,10,5,Male,Married,28,Third Party,Sedan - Collision,Sedan,20000 to 29000,0,9714,16,400,2,more than 30,more than 30,none,7 years,31 to 35,Yes,No,External,more than 5,no change,1 vehicle,1995,Collision
10,3,5,Pontiac,Rural,5,10,4,Male,Married,44,Policy Holder,Sedan - Collision,Sedan,20000 to 29000,0,9715,8,400,2,more than 30,more than 30,2 to 4,6 years,36 to 40,No,No,External,more than 5,no change,1 vehicle,1995,Collision
10,4,5,Pontiac,Urban,4,10,4,Male,Married,35,Policy Holder,Sedan - Collision,Sedan,20000 to 29000,0,9716,11,400,2,more than 30,more than 30,2 to 4,7 years,31 to 35,No,No,External,3 to 5,no change,1 vehicle,1995,Collision
10,4,7,Chevrolet,Urban,2,12,4,Male,Married,57,Policy Holder,Sedan - Liability,Sport,30000 to 39000,0,9717,9,400,4,more than 30,more than 30,2 to 4,more than 7,51 to 65,No,No,External,none,no change,1 vehicle,1995,Liability
12,3,5,Honda,Urban,3,2,3,Male,Single,27,Policy Holder,Sedan - Collision,Sedan,20000 to 29000,0,9718,11,400,3,more than 30,more than 30,1,6 years,31 to 35,No,No,External,3 to 5,no change,3 to 4,1995,Collision
1,4,3,Mazda,Urban,1,4,1,Male,Married,55,Policy Holder,Sport - Collision,Sport,more than 69000,0,9719,2,400,3,more than 30,more than 30,none,more than 7,41 to 50,No,No,External,none,no change,1 vehicle,1995,Collision
4,1,1,Mazda,Urban,3,4,2,Female,Married,55,Policy Holder,Sedan - All Perils,Sedan,20000 to 29000,0,9720,12,400,3,more than 30,more than 30,1,6 years,41 to 50,No,No,External,none,no change,1 vehicle,1995,All Perils
4,2,4,Honda,Urban,3,7,2,Female,Married,45,Policy Holder,Sedan - Liability,Sport,20000 to 29000,0,9721,5,400,4,more than 30,more than 30,2 to 4,7 years,36 to 40,No,No,External,more than 5,no change,1 vehicle,1995,Liability
6,5,7,Toyota,Urban,3,2,2,Male,Married,39,Third Party,Sedan - Liability,Sport,20000 to 29000,0,9722,15,400,3,more than 30,more than 30,none,7 years,36 to 40,No,No,External,more than 5,no change,1 vehicle,1995,Liability
1,5,3,Chevrolet,Urban,4,7,1,Male,Single,26,Third Party,Sedan - All Perils,Sedan,30000 to 39000,0,9723,11,400,3,more than 30,more than 30,1,7 years,31 to 35,No,No,External,none,no change,1 vehicle,1995,All Perils
7,2,3,Pontiac,Urban,1,9,2,Female,Married,34,Policy Holder,Sedan - Collision,Sedan,less than 20000,0,9724,7,400,2,more than 30,more than 30,none,7 years,31 to 35,No,No,External,more than 5,4 to 8 years,2 vehicles,1995,Collision
8,4,7,Pontiac,Urban,4,11,1,Male,Married,68,Policy Holder,Sedan - Collision,Sedan,20000 to 29000,0,9725,15,400,3,more than 30,more than 30,2 to 4,7 years,over 65,No,No,External,1 to 2,no change,1 vehicle,1995,Collision
10,5,5,Chevrolet,Urban,3,12,1,Male,Single,30,Third Party,Sedan - All Perils,Sedan,30000 to 39000,0,9726,15,400,2,more than 30,more than 30,none,6 years,31 to 35,No,No,External,none,no change,1 vehicle,1995,All Perils
12,1,6,Honda,Urban,2,12,2,Male,Single,19,Policy Holder,Sedan - Collision,Sedan,20000 to 29000,0,9727,12,400,4,more than 30,more than 30,1,3 years,21 to 25,No,No,External,none,no change,1 vehicle,1995,Collision
12,1,3,Honda,Urban,3,12,2,Male,Married,32,Third Party,Sedan - All Perils,Sedan,20000 to 29000,0,9728,13,400,1,more than 30,more than 30,none,6 years,31 to 35,No,No,External,1 to 2,no change,1 vehicle,1995,All Perils
12,2,7,Mazda,Urban,2,12,2,Male,Married,32,Third Party,Sedan - All Perils,Sedan,20000 to 29000,0,9729,1,400,4,more than 30,more than 30,none,6 years,31 to 35,No,No,External,3 to 5,no change,1 vehicle,1995,All Perils
12,1,5,Pontiac,Urban,3,12,1,Male,Married,44,Policy Holder,Sedan - Collision,Sedan,30000 to 39000,0,9730,15,400,1,more than 30,more than 30,more than 4,more than 7,36 to 40,No,No,External,none,no change,1 vehicle,1995,Collision
12,1,3,Honda,Urban,2,12,3,Male,Married,32,Policy Holder,Sedan - Collision,Sedan,20000 to 29000,0,9731,13,400,1,more than 30,more than 30,none,6 years,31 to 35,No,No,External,none,no change,1 vehicle,1995,Collision
11,5,1,Toyota,Urban,2,10,3,Male,Single,43,Third Party,Sedan - All Perils,Sedan,20000 to 29000,0,9732,6,400,2,more than 30,more than 30,none,more than 7,36 to 40,No,No,External,none,no change,1 vehicle,1995,All Perils
10,5,1,Chevrolet,Rural,5,11,5,Male,Married,22,Policy Holder,Sedan - Liability,Sport,30000 to 39000,0,9733,7,400,1,more than 30,more than 30,none,5 years,26 to 30,No,No,External,3 to 5,no change,1 vehicle,1995,Liability
10,4,1,Pontiac,Urban,1,12,1,Male,Married,45,Policy Holder,Sedan - Collision,Sedan,20000 to 29000,0,9734,3,400,3,more than 30,more than 30,none,7 years,36 to 40,No,No,External,more than 5,no change,1 vehicle,1995,Collision
8,5,6,Toyota,Urban,4,9,3,Male,Single,43,Policy Holder,Sedan - Liability,Sport,20000 to 29000,0,9735,14,400,4,more than 30,more than 30,2 to 4,6 years,36 to 40,No,No,External,none,no change,1 vehicle,1995,Liability
8,3,4,Saturn,Urban,4,8,5,Male,Married,50,Third Party,Sedan - Collision,Sedan,20000 to 29000,0,9736,11,400,1,more than 30,more than 30,none,7 years,41 to 50,No,No,External,3 to 5,no change,1 vehicle,1995,Collision
8,2,2,Toyota,Rural,2,7,2,Male,Married,59,Policy Holder,Sedan - Collision,Sedan,20000 to 29000,0,9737,8,400,2,more than 30,more than 30,1,more than 7,51 to 65,No,No,External,1 to 2,no change,1 vehicle,1995,Collision
7,2,7,Mazda,Urban,1,7,2,Male,Married,33,Policy Holder,Sedan - Liability,Sport,30000 to 39000,0,9738,15,400,3,more than 30,more than 30,more than 4,6 years,31 to 35,No,No,External,more than 5,1 year,1 vehicle,1995,Liability
7,1,5,Pontiac,Urban,3,7,2,Male,Married,45,Policy Holder,Sedan - Collision,Sedan,20000 to 29000,0,9739,5,400,3,more than 30,more than 30,none,6 years,36 to 40,No,No,External,none,no change,1 vehicle,1995,Collision
6,5,2,Toyota,Urban,4,4,2,Male,Married,31,Policy Holder,Sedan - Liability,Sport,20000 to 29000,0,9740,6,400,3,more than 30,more than 30,more than 4,6 years,31 to 35,No,No,External,none,no change,1 vehicle,1995,Liability
4,1,2,Toyota,Urban,5,4,1,Male,Married,53,Policy Holder,Sedan - Collision,Sedan,30000 to 39000,0,9741,6,400,4,more than 30,more than 30,1,7 years,41 to 50,No,No,External,none,no change,1 vehicle,1995,Collision
4,1,7,Toyota,Urban,1,12,4,Male,Married,40,Policy Holder,Sedan - Liability,Sport,20000 to 29000,0,9742,13,500,3,more than 30,more than 30,2 to 4,7 years,36 to 40,No,No,External,none,2 to 3 years,1 vehicle,1995,Liability
12,3,6,Pontiac,Rural,4,12,3,Male,Single,27,Policy Holder,Sedan - Liability,Sport,20000 to 29000,0,9743,12,400,2,more than 30,more than 30,2 to 4,6 years,31 to 35,No,No,Internal,more than 5,no change,1 vehicle,1995,Liability
11,4,4,Mazda,Urban,5,11,4,Male,Single,43,Policy Holder,Sport - Collision,Sport,more than 69000,0,9744,10,400,1,more than 30,more than 30,none,6 years,36 to 40,No,No,External,none,no change,1 vehicle,1995,Collision
11,4,3,Pontiac,Urban,4,11,4,Male,Married,55,Policy Holder,Sedan - All Perils,Sedan,20000 to 29000,0,9745,1,400,4,more than 30,more than 30,none,more than 7,41 to 50,No,No,External,none,4 to 8 years,2 vehicles,1995,All Perils
11,2,3,Mazda,Urban,2,9,2,Male,Married,30,Third Party,Sedan - Collision,Sedan,30000 to 39000,0,9746,14,400,1,more than 30,more than 30,1,7 years,31 to 35,No,No,External,1 to 2,no change,1 vehicle,1995,Collision
8,4,1,Mazda,Urban,3,2,3,Male,Married,29,Policy Holder,Sedan - Liability,Sport,30000 to 39000,0,9747,6,400,1,more than 30,more than 30,none,7 years,31 to 35,No,No,External,more than 5,no change,1 vehicle,1995,Liability
1,5,1,Mazda,Urban,1,6,1,Male,Married,48,Third Party,Sedan - Collision,Sedan,20000 to 29000,0,9748,12,400,4,more than 30,more than 30,more than 4,6 years,41 to 50,No,No,External,more than 5,no change,1 vehicle,1995,Collision
6,3,4,Honda,Urban,1,7,3,Male,Married,29,Policy Holder,Sedan - Collision,Sedan,20000 to 29000,0,9749,2,400,3,more than 30,more than 30,more than 4,6 years,31 to 35,No,No,External,none,no change,1 vehicle,1995,Collision
6,3,5,Pontiac,Urban,1,6,1,Male,Single,33,Policy Holder,Sedan - All Perils,Sedan,20000 to 29000,0,9750,12,400,4,more than 30,more than 30,none,7 years,31 to 35,No,No,External,none,no change,1 vehicle,1995,All Perils
6,2,5,Honda,Urban,2,5,2,Male,Married,38,Third Party,Sedan - Collision,Sedan,30000 to 39000,0,9751,11,400,4,more than 30,more than 30,2 to 4,7 years,36 to 40,No,No,External,3 to 5,no change,1 vehicle,1995,Collision
5,1,4,Pontiac,Urban,3,4,5,Male,Married,27,Policy Holder,Sedan - Liability,Sport,20000 to 29000,0,9752,8,400,4,more than 30,more than 30,1,7 years,31 to 35,No,No,External,none,no change,1 vehicle,1995,Liability
4,4,1,Toyota,Urban,3,4,4,Male,Married,42,Third Party,Sedan - All Perils,Sedan,more than 69000,0,9753,2,400,3,more than 30,more than 30,2 to 4,more than 7,36 to 40,No,No,External,1 to 2,no change,1 vehicle,1995,All Perils
4,2,6,Toyota,Urban,2,3,2,Male,Married,27,Policy Holder,Sedan - Liability,Sport,30000 to 39000,0,9754,13,400,1,more than 30,more than 30,2 to 4,7 years,31 to 35,No,No,External,none,no change,1 vehicle,1995,Liability
2,4,4,Ford,Urban,4,2,1,Male,Married,65,Policy Holder,Sedan - Collision,Sedan,30000 to 39000,0,9755,6,400,3,more than 30,more than 30,2 to 4,5 years,51 to 65,No,No,External,none,no change,1 vehicle,1995,Collision
2,4,5,Mazda,Urban,4,3,4,Male,Married,33,Policy Holder,Sedan - Collision,Sedan,20000 to 29000,0,9756,12,400,2,more than 30,more than 30,none,4 years,31 to 35,No,No,External,none,no change,1 vehicle,1995,Collision
2,4,3,Mazda,Urban,5,3,2,Female,Single,34,Policy Holder,Sedan - All Perils,Sedan,20000 to 29000,0,9757,5,400,1,more than 30,more than 30,none,5 years,31 to 35,No,No,External,1 to 2,no change,1 vehicle,1995,All Perils
11,1,1,Chevrolet,Urban,2,2,3,Male,Married,28,Policy Holder,Sedan - Collision,Sedan,20000 to 29000,0,9758,4,400,4,more than 30,more than 30,more than 4,5 years,31 to 35,No,No,External,none,no change,1 vehicle,1995,Collision
2,3,1,Accura,Rural,4,9,4,Male,Married,30,Policy Holder,Sedan - Liability,Sport,30000 to 39000,0,9759,1,400,4,more than 30,more than 30,none,7 years,31 to 35,No,No,External,more than 5,no change,3 to 4,1995,Liability
9,3,2,Honda,Urban,3,2,4,Male,Married,32,Policy Holder,Sedan - Liability,Sport,more than 69000,0,9760,9,400,2,more than 30,more than 30,2 to 4,6 years,31 to 35,No,No,External,1 to 2,no change,1 vehicle,1995,Liability
2,2,3,Toyota,Urban,1,7,2,Male,Single,52,Policy Holder,Sedan - All Perils,Sedan,20000 to 29000,0,9761,9,400,1,more than 30,more than 30,none,more than 7,41 to 50,No,No,External,more than 5,no change,1 vehicle,1995,All Perils
1,2,6,Chevrolet,Urban,4,3,3,Male,Married,56,Third Party,Sedan - Collision,Sedan,20000 to 29000,0,9762,12,400,1,more than 30,more than 30,2 to 4,more than 7,51 to 65,No,No,External,1 to 2,no change,1 vehicle,1995,Collision
3,2,3,Honda,Urban,4,5,3,Male,Single,0,Policy Holder,Sedan - Liability,Sport,more than 69000,0,9763,2,400,3,more than 30,more than 30,none,new,16 to 17,No,No,External,none,no change,1 vehicle,1995,Liability
5,3,2,Toyota,Urban,2,5,3,Male,Married,35,Policy Holder,Sedan - Liability,Sport,30000 to 39000,0,9764,16,400,1,more than 30,more than 30,2 to 4,6 years,31 to 35,No,No,External,none,no change,1 vehicle,1995,Liability
5,2,2,Honda,Urban,4,5,2,Male,Married,43,Third Party,Sedan - Liability,Sport,20000 to 29000,0,9765,8,400,1,more than 30,more than 30,2 to 4,7 years,36 to 40,No,No,External,3 to 5,no change,1 vehicle,1995,Liability
5,4,2,Honda,Urban,3,6,4,Male,Married,49,Policy Holder,Sedan - Collision,Sedan,20000 to 29000,0,9766,5,700,1,more than 30,more than 30,1,7 years,41 to 50,No,No,External,none,4 to 8 years,2 vehicles,1995,Collision
5,4,5,Mazda,Urban,1,6,1,Male,Married,48,Third Party,Sedan - Liability,Sport,20000 to 29000,0,9767,5,400,3,more than 30,more than 30,more than 4,more than 7,41 to 50,No,No,External,1 to 2,no change,1 vehicle,1995,Liability
6,1,1,Pontiac,Urban,4,9,2,Female,Married,44,Third Party,Sedan - Collision,Sedan,30000 to 39000,0,9768,16,400,4,more than 30,more than 30,2 to 4,7 years,36 to 40,No,No,External,none,no change,1 vehicle,1995,Collision
9,3,1,Mazda,Rural,2,9,4,Male,Single,22,Third Party,Sedan - Liability,Sport,30000 to 39000,0,9769,5,400,1,more than 30,more than 30,more than 4,5 years,26 to 30,No,No,External,more than 5,no change,1 vehicle,1995,Liability
9,3,2,Honda,Urban,5,9,3,Male,Single,31,Policy Holder,Sedan - All Perils,Sedan,20000 to 29000,0,9770,12,400,2,more than 30,more than 30,1,6 years,31 to 35,No,No,External,none,no change,1 vehicle,1995,All Perils
9,2,2,Pontiac,Urban,4,10,3,Male,Married,76,Third Party,Sedan - Collision,Sedan,20000 to 29000,0,9771,12,400,1,more than 30,more than 30,1,more than 7,over 65,No,No,External,more than 5,no change,1 vehicle,1995,Collision
9,2,3,Pontiac,Urban,5,10,2,Male,Married,38,Policy Holder,Sedan - Liability,Sport,20000 to 29000,0,9772,6,400,2,more than 30,more than 30,2 to 4,7 years,36 to 40,No,No,External,none,no change,1 vehicle,1995,Liability
9,2,6,Pontiac,Urban,1,5,2,Male,Single,27,Policy Holder,Sedan - Collision,Sedan,20000 to 29000,0,9773,8,400,2,more than 30,more than 30,2 to 4,6 years,31 to 35,No,No,External,1 to 2,no change,1 vehicle,1995,Collision
4,4,5,Pontiac,Urban,5,4,1,Male,Single,26,Policy Holder,Sedan - Collision,Sedan,30000 to 39000,0,9774,12,400,1,more than 30,more than 30,none,6 years,31 to 35,Yes,No,External,none,no change,1 vehicle,1995,Collision
4,4,7,Mazda,Urban,4,5,4,Male,Married,36,Third Party,Sedan - Liability,Sport,30000 to 39000,0,9775,16,400,1,more than 30,more than 30,2 to 4,more than 7,36 to 40,No,No,External,1 to 2,no change,1 vehicle,1995,Liability
4,3,1,Saab,Urban,1,9,1,Male,Single,26,Policy Holder,Sedan - Liability,Sport,30000 to 39000,0,9776,7,400,2,more than 30,more than 30,2 to 4,6 years,31 to 35,No,No,External,1 to 2,no change,1 vehicle,1995,Liability
9,2,2,Toyota,Urban,5,9,2,Male,Married,39,Policy Holder,Sedan - Liability,Sport,more than 69000,0,9777,16,400,2,more than 30,more than 30,more than 4,7 years,36 to 40,No,No,External,more than 5,no change,1 vehicle,1995,Liability
9,2,4,Pontiac,Urban,2,9,3,Female,Single,24,Policy Holder,Sedan - Collision,Sedan,20000 to 29000,0,9778,7,400,2,more than 30,more than 30,2 to 4,5 years,26 to 30,No,No,External,1 to 2,no change,1 vehicle,1995,Collision
9,2,4,Chevrolet,Urban,5,12,2,Male,Married,44,Policy Holder,Utility - All Perils,Utility,more than 69000,0,9779,11,400,2,more than 30,more than 30,more than 4,7 years,36 to 40,No,No,External,3 to 5,no change,1 vehicle,1995,All Perils
12,4,3,Chevrolet,Urban,1,10,4,Male,Married,46,Policy Holder,Sedan - Liability,Sport,more than 69000,0,9780,13,400,4,more than 30,more than 30,1,more than 7,41 to 50,No,No,External,more than 5,no change,1 vehicle,1995,Liability
10,3,3,Toyota,Urban,1,2,3,Male,Married,39,Third Party,Sedan - All Perils,Sedan,less than 20000,0,9781,4,400,1,more than 30,more than 30,1,7 years,36 to 40,Yes,Yes,External,none,no change,1 vehicle,1995,All Perils
2,1,6,Pontiac,Urban,5,3,3,Male,Married,33,Third Party,Sedan - All Perils,Sedan,more than 69000,0,9782,2,400,1,more than 30,more than 30,none,6 years,31 to 35,No,No,External,none,no change,1 vehicle,1995,All Perils
3,1,7,Toyota,Urban,3,8,2,Male,Single,38,Third Party,Sedan - All Perils,Sedan,20000 to 29000,0,9783,3,400,4,more than 30,more than 30,2 to 4,7 years,36 to 40,No,No,External,more than 5,no change,1 vehicle,1995,All Perils
7,4,2,Pontiac,Urban,4,7,1,Male,Married,60,Policy Holder,Sedan - All Perils,Sedan,less than 20000,0,9784,2,400,2,more than 30,more than 30,1,more than 7,51 to 65,No,No,External,none,no change,1 vehicle,1995,All Perils
7,3,5,Pontiac,Urban,2,11,4,Male,Married,76,Policy Holder,Sedan - All Perils,Sedan,less than 20000,0,9785,5,400,1,more than 30,more than 30,1,more than 7,over 65,No,No,External,more than 5,no change,1 vehicle,1995,All Perils
11,3,4,Mazda,Urban,4,11,4,Male,Married,54,Third Party,Sedan - All Perils,Sedan,30000 to 39000,0,9786,9,400,1,more than 30,more than 30,none,more than 7,41 to 50,No,No,External,more than 5,no change,1 vehicle,1995,All Perils
11,3,6,Honda,Urban,1,12,3,Male,Married,49,Policy Holder,Sedan - Collision,Sedan,20000 to 29000,0,9787,15,400,4,more than 30,more than 30,none,7 years,41 to 50,No,No,External,3 to 5,4 to 8 years,2 vehicles,1995,Collision
12,2,2,Pontiac,Rural,3,12,3,Female,Single,33,Policy Holder,Sedan - Collision,Sedan,20000 to 29000,0,9788,5,400,3,more than 30,more than 30,none,5 years,31 to 35,No,No,External,none,no change,1 vehicle,1995,Collision
11,5,4,Toyota,Urban,5,5,4,Male,Single,21,Policy Holder,Sedan - All Perils,Sedan,less than 20000,0,9789,13,400,4,more than 30,more than 30,2 to 4,5 years,26 to 30,No,No,External,3 to 5,no change,1 vehicle,1995,All Perils
4,3,3,VW,Urban,3,10,1,Male,Single,40,Third Party,Sedan - All Perils,Sedan,30000 to 39000,0,9790,10,400,4,more than 30,more than 30,1,7 years,36 to 40,No,No,External,more than 5,no change,1 vehicle,1995,All Perils
10,1,3,Chevrolet,Urban,3,12,1,Male,Married,26,Policy Holder,Sedan - Collision,Sedan,30000 to 39000,0,9791,8,400,2,more than 30,more than 30,1,7 years,31 to 35,No,No,External,none,no change,1 vehicle,1995,Collision
11,4,4,Accura,Urban,5,10,3,Male,Married,55,Policy Holder,Sedan - Collision,Sedan,20000 to 29000,0,9792,5,400,2,more than 30,more than 30,2 to 4,6 years,41 to 50,No,No,External,1 to 2,no change,1 vehicle,1995,Collision
10,3,1,Honda,Urban,5,11,3,Male,Single,0,Policy Holder,Sedan - Liability,Sport,more than 69000,0,9793,9,400,2,more than 30,more than 30,2 to 4,new,16 to 17,No,No,External,none,2 to 3 years,1 vehicle,1995,Liability
10,3,1,Pontiac,Urban,1,12,1,Male,Married,45,Policy Holder,Sedan - Liability,Sport,20000 to 29000,0,9794,2,400,4,more than 30,more than 30,more than 4,7 years,36 to 40,No,No,External,1 to 2,no change,1 vehicle,1995,Liability
12,3,1,Pontiac,Urban,2,12,3,Male,Married,30,Policy Holder,Sedan - Liability,Sport,20000 to 29000,0,9795,5,400,4,more than 30,more than 30,1,5 years,31 to 35,Yes,No,External,1 to 2,no change,1 vehicle,1995,Liability
12,3,5,Toyota,Urban,3,10,3,Female,Married,42,Third Party,Sedan - Collision,Sedan,less than 20000,0,9796,12,400,2,more than 30,more than 30,none,7 years,36 to 40,No,No,External,3 to 5,no change,1 vehicle,1995,Collision
9,5,3,Toyota,Urban,1,10,1,Male,Married,56,Policy Holder,Sedan - Collision,Sedan,20000 to 29000,0,9797,5,700,1,more than 30,more than 30,1,more than 7,51 to 65,No,No,External,none,no change,1 vehicle,1995,Collision
9,5,3,Toyota,Urban,1,1,1,Male,Single,34,Policy Holder,Sedan - Liability,Sport,20000 to 29000,0,9798,14,400,2,more than 30,more than 30,2 to 4,6 years,31 to 35,No,No,External,more than 5,no change,1 vehicle,1995,Liability
1,3,7,Toyota,Urban,4,7,4,Female,Married,34,Policy Holder,Sedan - Liability,Sport,30000 to 39000,0,9799,2,400,1,more than 30,more than 30,2 to 4,7 years,31 to 35,No,No,External,none,no change,1 vehicle,1995,Liability
7,2,5,Mazda,Urban,1,12,3,Male,Single,28,Policy Holder,Sedan - Liability,Sport,30000 to 39000,0,9800,12,400,2,more than 30,more than 30,1,6 years,31 to 35,No,No,External,none,no change,3 to 4,1995,Liability
12,1,4,Mazda,Urban,5,2,1,Male,Single,28,Third Party,Sedan - Collision,Sedan,30000 to 39000,0,9801,6,400,1,more than 30,more than 30,2 to 4,4 years,31 to 35,No,No,External,1 to 2,no change,1 vehicle,1995,Collision
2,1,1,Mazda,Rural,1,9,1,Male,Single,34,Third Party,Sedan - All Perils,Sedan,30000 to 39000,0,9802,10,400,3,more than 30,more than 30,none,6 years,31 to 35,No,No,External,3 to 5,no change,1 vehicle,1995,All Perils
9,1,1,Toyota,Urban,2,10,1,Male,Married,37,Policy Holder,Sedan - Liability,Sport,30000 to 39000,0,9803,10,400,2,more than 30,more than 30,1,7 years,36 to 40,No,No,External,3 to 5,no change,1 vehicle,1995,Liability
7,3,5,Pontiac,Urban,1,12,4,Male,Single,26,Policy Holder,Sedan - All Perils,Sedan,30000 to 39000,0,9804,15,400,2,more than 30,more than 30,1,6 years,31 to 35,No,No,External,none,no change,1 vehicle,1995,All Perils
12,3,5,Pontiac,Urban,2,12,3,Male,Married,29,Policy Holder,Sedan - All Perils,Sedan,30000 to 39000,0,9805,5,400,1,more than 30,more than 30,none,6 years,31 to 35,No,No,External,more than 5,no change,1 vehicle,1995,All Perils
12,3,6,Pontiac,Urban,2,12,3,Male,Single,35,Policy Holder,Sedan - Collision,Sedan,30000 to 39000,0,9806,7,400,2,more than 30,more than 30,1,7 years,31 to 35,No,No,External,none,no change,1 vehicle,1995,Collision
12,3,6,Pontiac,Urban,2,12,3,Female,Single,28,Third Party,Sedan - All Perils,Sedan,20000 to 29000,0,9807,5,400,4,more than 30,more than 30,2 to 4,6 years,31 to 35,No,No,External,more than 5,no change,1 vehicle,1995,All Perils
12,2,4,Mazda,Urban,1,2,2,Male,Married,66,Policy Holder,Sedan - All Perils,Sedan,20000 to 29000,0,9808,4,400,1,more than 30,more than 30,none,more than 7,over 65,No,No,External,none,4 to 8 years,2 vehicles,1995,All Perils
2,1,3,Toyota,Urban,3,11,1,Male,Married,51,Policy Holder,Sedan - All Perils,Sedan,less than 20000,1,9809,16,400,3,more than 30,more than 30,none,6 years,41 to 50,No,No,External,none,no change,1 vehicle,1995,All Perils
11,3,7,Chevrolet,Urban,2,2,3,Female,Married,35,Policy Holder,Sedan - Liability,Sport,20000 to 29000,0,9810,6,400,4,more than 30,more than 30,more than 4,2 years,31 to 35,No,No,External,more than 5,no change,1 vehicle,1995,Liability
2,3,5,Pontiac,Urban,2,12,4,Male,Married,63,Policy Holder,Sedan - Collision,Sedan,20000 to 29000,0,9811,14,400,2,more than 30,more than 30,1,more than 7,51 to 65,No,No,External,none,no change,1 vehicle,1995,Collision
12,3,6,Pontiac,Urban,2,8,4,Female,Widow,59,Third Party,Sedan - All Perils,Sedan,30000 to 39000,0,9812,3,400,2,more than 30,more than 30,1,more than 7,51 to 65,No,No,External,more than 5,no change,1 vehicle,1995,All Perils
7,3,4,Honda,Urban,4,2,3,Male,Married,35,Policy Holder,Sedan - Liability,Sport,20000 to 29000,0,9813,6,400,4,more than 30,more than 30,more than 4,7 years,31 to 35,No,No,External,1 to 2,no change,1 vehicle,1995,Liability
2,1,5,Chevrolet,Urban,5,4,4,Male,Married,26,Policy Holder,Sedan - Collision,Sedan,30000 to 39000,1,9814,9,400,4,more than 30,more than 30,1,6 years,31 to 35,No,No,External,none,no change,1 vehicle,1995,Collision
2,1,5,Honda,Urban,5,8,1,Male,Single,0,Policy Holder,Utility - All Perils,Utility,more than 69000,0,9815,5,400,4,more than 30,more than 30,none,new,16 to 17,No,No,External,none,no change,1 vehicle,1995,All Perils
7,5,6,Chevrolet,Urban,2,5,4,Female,Single,28,Third Party,Sedan - All Perils,Sedan,20000 to 29000,0,9816,6,400,2,more than 30,more than 30,none,7 years,31 to 35,No,No,External,none,no change,1 vehicle,1995,All Perils
5,2,5,Pontiac,Urban,1,5,5,Male,Single,24,Third Party,Sedan - Liability,Sport,20000 to 29000,0,9817,9,400,2,more than 30,more than 30,2 to 4,5 years,26 to 30,No,No,External,3 to 5,no change,1 vehicle,1995,Liability
5,1,7,Mazda,Urban,5,4,2,Male,Married,55,Policy Holder,Sedan - Collision,Sedan,20000 to 29000,0,9818,6,400,3,more than 30,more than 30,1,more than 7,41 to 50,No,No,External,more than 5,no change,1 vehicle,1995,Collision
1,2,5,Pontiac,Urban,5,2,2,Female,Single,30,Policy Holder,Sedan - Liability,Sport,20000 to 29000,0,9819,7,400,2,more than 30,more than 30,none,6 years,31 to 35,No,No,External,1 to 2,no change,1 vehicle,1995,Liability
2,4,3,Honda,Rural,5,3,4,Male,Single,30,Third Party,Sedan - Collision,Sedan,20000 to 29000,0,9820,2,400,4,more than 30,more than 30,more than 4,6 years,31 to 35,No,No,External,none,no change,1 vehicle,1995,Collision
3,3,1,Toyota,Urban,3,12,3,Male,Married,78,Policy Holder,Sedan - Liability,Sport,20000 to 29000,0,9821,16,400,4,more than 30,more than 30,none,more than 7,over 65,No,No,External,none,no change,1 vehicle,1995,Liability
12,1,7,Mazda,Urban,1,11,3,Male,Married,31,Policy Holder,Sedan - Collision,Sedan,20000 to 29000,0,9822,14,400,4,more than 30,more than 30,none,7 years,31 to 35,No,No,External,more than 5,no change,1 vehicle,1995,Collision
11,4,6,Honda,Urban,3,9,4,Male,Married,49,Third Party,Sedan - Liability,Sport,more than 69000,0,9823,2,400,3,more than 30,more than 30,1,7 years,41 to 50,No,No,External,none,no change,1 vehicle,1995,Liability
9,2,7,Mazda,Urban,2,9,2,Male,Married,26,Policy Holder,Sedan - Collision,Sedan,20000 to 29000,0,9824,4,400,4,more than 30,more than 30,none,6 years,31 to 35,Yes,No,External,none,no change,1 vehicle,1995,Collision
9,1,5,Chevrolet,Urban,5,9,1,Male,Married,39,Policy Holder,Sedan - Collision,Sedan,30000 to 39000,0,9825,9,400,1,more than 30,more than 30,2 to 4,7 years,36 to 40,Yes,No,External,3 to 5,no change,1 vehicle,1995,Collision
9,1,2,Toyota,Urban,2,12,2,Male,Married,31,Policy Holder,Sedan - Liability,Sport,20000 to 29000,0,9826,14,400,2,more than 30,more than 30,more than 4,7 years,31 to 35,No,No,External,none,no change,1 vehicle,1995,Liability
12,3,1,Accura,Urban,5,12,3,Male,Married,37,Policy Holder,Sedan - Liability,Sport,30000 to 39000,0,9827,3,400,3,more than 30,more than 30,more than 4,7 years,36 to 40,Yes,No,External,none,no change,1 vehicle,1995,Liability
12,3,3,Toyota,Urban,2,11,4,Female,Married,39,Policy Holder,Sedan - Liability,Sport,20000 to 29000,0,9828,6,700,3,more than 30,more than 30,1,7 years,36 to 40,No,No,External,none,no change,1 vehicle,1995,Liability
11,2,6,Pontiac,Urban,2,4,4,Male,Married,35,Policy Holder,Sedan - Liability,Sport,20000 to 29000,0,9829,3,400,2,more than 30,more than 30,2 to 4,6 years,31 to 35,No,No,External,3 to 5,1 year,2 vehicles,1995,Liability
10,2,5,Toyota,Urban,1,2,4,Male,Married,32,Policy Holder,Sedan - All Perils,Sedan,20000 to 29000,0,9830,9,400,2,more than 30,more than 30,2 to 4,6 years,31 to 35,No,No,External,1 to 2,no change,1 vehicle,1995,All Perils
2,1,3,Toyota,Urban,3,8,1,Male,Married,62,Third Party,Sedan - Collision,Sedan,40000 to 59000,0,9831,7,400,4,more than 30,more than 30,1,more than 7,51 to 65,No,No,External,none,no change,1 vehicle,1995,Collision
8,2,6,Mazda,Urban,3,8,2,Male,Single,55,Policy Holder,Utility - All Perils,Utility,more than 69000,0,9832,13,400,2,more than 30,more than 30,more than 4,7 years,41 to 50,No,No,External,more than 5,no change,1 vehicle,1995,All Perils
8,1,3,Mazda,Urban,4,7,5,Male,Single,27,Policy Holder,Sedan - Liability,Sport,30000 to 39000,0,9833,15,400,2,more than 30,more than 30,2 to 4,6 years,31 to 35,No,No,External,3 to 5,no change,1 vehicle,1995,Liability
7,3,4,Toyota,Urban,2,5,5,Male,Single,44,Third Party,Sedan - Collision,Sedan,20000 to 29000,0,9834,16,400,1,more than 30,more than 30,none,7 years,36 to 40,No,No,External,none,no change,1 vehicle,1995,Collision
5,1,2,Pontiac,Urban,4,5,2,Male,Married,58,Policy Holder,Sedan - Collision,Sedan,30000 to 39000,0,9835,10,400,4,more than 30,more than 30,none,7 years,51 to 65,No,No,External,none,no change,1 vehicle,1995,Collision
5,1,3,VW,Urban,5,4,1,Male,Married,27,Policy Holder,Sedan - Liability,Sport,30000 to 39000,0,9836,7,400,3,more than 30,more than 30,more than 4,7 years,31 to 35,No,No,External,1 to 2,no change,1 vehicle,1995,Liability
4,4,4,Honda,Urban,2,5,5,Male,Married,47,Policy Holder,Sedan - All Perils,Sedan,20000 to 29000,0,9837,12,400,4,8 to 15,more than 30,none,more than 7,41 to 50,No,No,External,none,no change,1 vehicle,1995,All Perils
4,4,1,Pontiac,Urban,3,5,1,Female,Single,29,Third Party,Sedan - All Perils,Sedan,less than 20000,0,9838,5,400,2,more than 30,more than 30,2 to 4,5 years,31 to 35,No,No,External,none,no change,1 vehicle,1995,All Perils
4,4,2,Pontiac,Urban,2,9,1,Female,Married,78,Policy Holder,Sedan - Liability,Sport,30000 to 39000,0,9839,5,400,4,more than 30,more than 30,1,more than 7,over 65,No,No,External,none,no change,1 vehicle,1995,Liability
9,3,3,Toyota,Urban,3,9,3,Male,Single,34,Policy Holder,Sedan - Collision,Sedan,20000 to 29000,0,9840,15,400,3,more than 30,more than 30,2 to 4,6 years,31 to 35,No,No,External,none,no change,1 vehicle,1995,Collision
9,4,5,Mazda,Urban,3,2,4,Male,Single,29,Policy Holder,Sedan - Liability,Sport,20000 to 29000,0,9841,8,400,3,more than 30,more than 30,2 to 4,6 years,31 to 35,No,No,External,1 to 2,no change,3 to 4,1995,Liability
2,1,4,Honda,Urban,4,9,3,Male,Married,76,Policy Holder,Sport - Collision,Sport,more than 69000,1,9842,10,400,2,more than 30,more than 30,none,more than 7,over 65,No,No,External,none,no change,1 vehicle,1995,Collision
9,1,4,Toyota,Urban,1,4,2,Male,Married,61,Policy Holder,Sedan - Liability,Sport,20000 to 29000,0,9843,10,400,1,more than 30,more than 30,more than 4,more than 7,51 to 65,No,No,External,more than 5,no change,1 vehicle,1995,Liability
3,4,5,Pontiac,Urban,1,4,2,Male,Married,39,Policy Holder,Sedan - All Perils,Sedan,30000 to 39000,0,9844,8,500,3,more than 30,more than 30,none,7 years,36 to 40,No,No,External,none,2 to 3 years,1 vehicle,1995,All Perils
4,3,1,Mazda,Urban,3,9,3,Male,Single,23,Third Party,Sedan - All Perils,Sedan,20000 to 29000,0,9845,7,400,1,more than 30,more than 30,1,5 years,26 to 30,No,No,External,more than 5,no change,1 vehicle,1995,All Perils
6,4,2,Pontiac,Urban,3,6,5,Male,Married,42,Policy Holder,Sedan - All Perils,Sedan,less than 20000,0,9846,13,400,2,more than 30,more than 30,2 to 4,7 years,36 to 40,No,No,External,none,no change,1 vehicle,1995,All Perils
6,5,7,Honda,Urban,3,8,5,Male,Married,52,Policy Holder,Sedan - Collision,Sedan,20000 to 29000,0,9847,11,400,1,more than 30,more than 30,2 to 4,5 years,41 to 50,No,No,External,1 to 2,no change,1 vehicle,1995,Collision
8,3,6,Pontiac,Urban,3,2,3,Male,Single,41,Policy Holder,Sedan - All Perils,Sedan,less than 20000,0,9848,13,400,3,more than 30,more than 30,2 to 4,7 years,36 to 40,No,No,External,3 to 5,no change,1 vehicle,1995,All Perils
2,1,6,Pontiac,Urban,2,4,2,Male,Single,25,Third Party,Sedan - Collision,Sedan,20000 to 29000,0,9849,1,400,2,more than 30,more than 30,1,4 years,26 to 30,No,No,External,none,no change,1 vehicle,1995,Collision
2,1,2,Pontiac,Rural,2,8,4,Male,Married,27,Policy Holder,Sedan - Collision,Sedan,30000 to 39000,1,9850,13,400,3,more than 30,more than 30,none,6 years,31 to 35,No,No,External,3 to 5,4 to 8 years,2 vehicles,1995,Collision
8,5,7,Honda,Urban,1,9,5,Male,Married,59,Policy Holder,Sedan - Collision,Sedan,20000 to 29000,0,9851,7,400,2,more than 30,more than 30,2 to 4,7 years,51 to 65,No,No,External,more than 5,no change,1 vehicle,1995,Collision
9,2,4,Mazda,Rural,4,11,2,Male,Married,29,Policy Holder,Sedan - Liability,Sport,20000 to 29000,0,9852,16,400,4,more than 30,more than 30,2 to 4,6 years,31 to 35,No,No,External,3 to 5,no change,1 vehicle,1995,Liability
11,1,6,Pontiac,Urban,2,2,1,Male,Married,52,Policy Holder,Sedan - Collision,Sedan,20000 to 29000,0,9853,8,400,3,more than 30,more than 30,none,more than 7,41 to 50,No,No,External,none,no change,1 vehicle,1995,Collision
2,1,3,Toyota,Rural,4,1,2,Male,Married,56,Third Party,Sedan - Liability,Sport,30000 to 39000,0,9854,1,400,1,more than 30,more than 30,1,more than 7,51 to 65,No,No,External,more than 5,no change,1 vehicle,1995,Liability
12,3,4,Accura,Urban,2,12,1,Male,Married,47,Third Party,Sedan - All Perils,Sedan,30000 to 39000,0,9855,15,400,1,none,more than 30,none,7 years,41 to 50,No,No,External,none,no change,1 vehicle,1995,All Perils
12,4,1,Mazda,Rural,2,12,4,Male,Married,48,Policy Holder,Sedan - Liability,Sport,20000 to 29000,0,9856,2,400,4,more than 30,more than 30,2 to 4,7 years,41 to 50,No,No,External,none,no change,1 vehicle,1995,Liability
12,4,5,Accura,Urban,4,5,4,Male,Married,54,Policy Holder,Sedan - All Perils,Sedan,30000 to 39000,0,9857,6,400,3,more than 30,more than 30,2 to 4,7 years,41 to 50,No,No,External,more than 5,no change,1 vehicle,1995,All Perils
4,5,5,Honda,Urban,1,5,1,Male,Single,27,Policy Holder,Sedan - All Perils,Sedan,20000 to 29000,0,9858,12,400,1,more than 30,more than 30,2 to 4,6 years,31 to 35,No,No,External,1 to 2,no change,1 vehicle,1995,All Perils
4,5,6,Mazda,Urban,2,2,1,Male,Single,29,Policy Holder,Sedan - Collision,Sedan,20000 to 29000,0,9859,11,700,4,more than 30,more than 30,none,7 years,31 to 35,No,No,External,none,no change,1 vehicle,1995,Collision
2,1,1,Honda,Urban,2,5,2,Female,Married,48,Third Party,Sedan - All Perils,Sedan,20000 to 29000,0,9860,15,400,2,more than 30,more than 30,1,more than 7,41 to 50,No,No,External,none,no change,1 vehicle,1995,All Perils
5,1,7,Pontiac,Urban,1,5,1,Male,Married,28,Policy Holder,Sedan - All Perils,Sedan,20000 to 29000,0,9861,9,400,4,more than 30,more than 30,1,7 years,31 to 35,No,No,External,more than 5,no change,1 vehicle,1995,All Perils
5,2,7,Mazda,Urban,1,6,2,Male,Single,21,Policy Holder,Sedan - Collision,Sedan,20000 to 29000,0,9862,13,400,2,more than 30,more than 30,1,5 years,26 to 30,No,No,External,1 to 2,no change,1 vehicle,1995,Collision
6,4,7,Toyota,Rural,4,8,4,Female,Single,28,Policy Holder,Sedan - All Perils,Sedan,less than 20000,0,9863,5,400,4,more than 30,more than 30,none,7 years,31 to 35,No,No,External,none,no change,1 vehicle,1995,All Perils
8,2,2,Ford,Urban,4,9,3,Male,Married,61,Third Party,Sedan - Liability,Sport,30000 to 39000,0,9864,13,400,3,more than 30,more than 30,2 to 4,more than 7,51 to 65,No,No,External,3 to 5,no change,1 vehicle,1995,Liability
9,2,7,Toyota,Urban,1,10,3,Male,Single,31,Policy Holder,Sedan - Collision,Sedan,20000 to 29000,0,9865,14,400,1,more than 30,more than 30,2 to 4,6 years,31 to 35,No,No,Internal,more than 5,no change,1 vehicle,1995,Collision
10,3,7,Pontiac,Rural,1,2,3,Male,Married,46,Third Party,Utility - All Perils,Utility,60000 to 69000,0,9866,9,400,2,more than 30,more than 30,none,more than 7,41 to 50,No,No,External,1 to 2,no change,1 vehicle,1995,All Perils
2,1,3,Mazda,Urban,4,12,1,Male,Married,44,Policy Holder,Sedan - All Perils,Sedan,more than 69000,1,9867,8,400,1,more than 30,more than 30,none,7 years,36 to 40,No,No,External,3 to 5,no change,1 vehicle,1995,All Perils
12,3,4,Honda,Urban,2,12,4,Male,Married,39,Third Party,Sedan - Collision,Sedan,20000 to 29000,0,9868,12,400,2,more than 30,more than 30,more than 4,6 years,36 to 40,No,No,External,1 to 2,no change,1 vehicle,1995,Collision
12,4,3,Pontiac,Urban,3,12,4,Male,Married,33,Policy Holder,Sedan - Collision,Sedan,20000 to 29000,0,9869,9,400,3,more than 30,more than 30,2 to 4,6 years,31 to 35,No,No,External,none,no change,1 vehicle,1995,Collision
12,1,1,Ford,Urban,3,11,1,Male,Single,33,Third Party,Sedan - Collision,Sedan,30000 to 39000,0,9870,13,400,3,more than 30,more than 30,none,6 years,31 to 35,No,No,Internal,1 to 2,no change,1 vehicle,1995,Collision
11,2,5,Toyota,Urban,2,10,3,Male,Married,41,Policy Holder,Sedan - Collision,Sedan,20000 to 29000,0,9871,10,400,4,more than 30,more than 30,1,7 years,36 to 40,No,No,External,none,4 to 8 years,2 vehicles,1995,Collision
10,4,7,Mazda,Urban,1,2,5,Male,Single,30,Policy Holder,Sedan - Collision,Sedan,20000 to 29000,0,9872,15,400,2,more than 30,more than 30,none,7 years,31 to 35,No,No,External,none,no change,1 vehicle,1995,Collision
2,1,7,Mazda,Urban,2,2,1,Male,Married,29,Policy Holder,Sedan - Collision,Sedan,20000 to 29000,1,9873,9,400,1,more than 30,more than 30,1,7 years,31 to 35,No,No,External,1 to 2,no change,1 vehicle,1995,Collision
2,1,1,Pontiac,Urban,3,9,3,Female,Single,32,Policy Holder,Sedan - Collision,Sedan,20000 to 29000,1,9874,15,400,3,more than 30,more than 30,2 to 4,7 years,31 to 35,No,No,External,more than 5,no change,1 vehicle,1995,Collision
9,3,4,Toyota,Urban,2,9,3,Female,Married,24,Policy Holder,Sedan - Liability,Sport,20000 to 29000,0,9875,10,400,2,more than 30,more than 30,2 to 4,5 years,26 to 30,No,No,External,3 to 5,no change,1 vehicle,1995,Liability
9,3,4,Mazda,Urban,1,9,3,Male,Single,54,Third Party,Sedan - Liability,Sport,20000 to 29000,0,9876,12,400,4,more than 30,more than 30,2 to 4,7 years,41 to 50,No,No,External,none,no change,1 vehicle,1995,Liability
9,3,7,Mazda,Urban,2,9,3,Male,Married,45,Policy Holder,Utility - All Perils,Utility,more than 69000,0,9877,4,400,4,more than 30,more than 30,2 to 4,7 years,36 to 40,No,No,External,none,no change,1 vehicle,1995,All Perils
9,2,5,Pontiac,Urban,1,5,3,Male,Married,54,Policy Holder,Sedan - All Perils,Sedan,20000 to 29000,0,9878,11,400,1,more than 30,more than 30,1,7 years,41 to 50,No,No,External,more than 5,no change,1 vehicle,1995,All Perils
5,3,7,Toyota,Urban,4,2,5,Male,Married,30,Third Party,Sedan - Collision,Sedan,20000 to 29000,0,9879,10,400,2,more than 30,more than 30,none,6 years,31 to 35,No,No,External,none,no change,1 vehicle,1995,Collision
2,1,2,Honda,Urban,5,5,2,Male,Married,28,Policy Holder,Sedan - Collision,Sedan,30000 to 39000,1,9880,1,400,3,more than 30,more than 30,none,7 years,31 to 35,No,No,External,none,no change,1 vehicle,1995,Collision
5,2,7,Chevrolet,Urban,2,5,2,Male,Married,36,Policy Holder,Sedan - Liability,Sport,20000 to 29000,0,9881,7,400,2,more than 30,more than 30,2 to 4,7 years,36 to 40,No,No,External,more than 5,no change,1 vehicle,1995,Liability
5,2,5,Honda,Urban,3,5,2,Male,Married,29,Policy Holder,Sedan - Collision,Sedan,30000 to 39000,0,9882,2,400,3,more than 30,more than 30,none,6 years,31 to 35,No,No,External,more than 5,no change,3 to 4,1995,Collision
5,1,2,Pontiac,Urban,3,5,2,Male,Married,63,Policy Holder,Utility - All Perils,Utility,more than 69000,0,9883,6,400,3,more than 30,more than 30,2 to 4,more than 7,51 to 65,No,No,External,1 to 2,no change,1 vehicle,1995,All Perils
5,1,1,VW,Urban,3,1,2,Male,Married,60,Policy Holder,Sedan - Liability,Sport,40000 to 59000,0,9884,16,400,2,more than 30,more than 30,2 to 4,more than 7,51 to 65,No,No,External,none,no change,1 vehicle,1995,Liability
12,4,3,Pontiac,Urban,3,1,1,Male,Married,26,Third Party,Sedan - Collision,Sedan,20000 to 29000,0,9885,15,400,4,more than 30,more than 30,none,6 years,31 to 35,No,No,External,1 to 2,no change,1 vehicle,1995,Collision
12,5,6,Toyota,Urban,7,1,1,Male,Married,45,Third Party,Sedan - All Perils,Sedan,less than 20000,0,9886,11,400,1,more than 30,more than 30,none,7 years,36 to 40,No,No,External,none,no change,1 vehicle,1995,All Perils
12,4,4,Pontiac,Urban,5,12,1,Male,Single,27,Policy Holder,Sedan - Collision,Sedan,less than 20000,0,9887,7,400,2,more than 30,more than 30,2 to 4,5 years,31 to 35,No,No,External,none,no change,1 vehicle,1995,Collision
12,4,2,Chevrolet,Urban,4,12,4,Male,Married,39,Policy Holder,Sedan - Liability,Sport,30000 to 39000,0,9888,14,400,3,more than 30,more than 30,more than 4,more than 7,36 to 40,No,No,External,none,no change,1 vehicle,1995,Liability
12,3,3,Chevrolet,Rural,1,11,4,Male,Married,60,Policy Holder,Utility - All Perils,Utility,more than 69000,0,9889,13,400,2,more than 30,more than 30,2 to 4,more than 7,51 to 65,No,No,External,more than 5,no change,1 vehicle,1995,All Perils
11,4,4,Mazda,Urban,1,11,5,Male,Married,33,Third Party,Sedan - Collision,Sedan,20000 to 29000,0,9890,1,400,1,more than 30,more than 30,2 to 4,6 years,31 to 35,No,No,External,3 to 5,no change,1 vehicle,1995,Collision
11,1,7,Toyota,Urban,3,11,2,Male,Single,31,Third Party,Sedan - Collision,Sedan,20000 to 29000,0,9891,3,400,2,more than 30,more than 30,1,5 years,31 to 35,No,No,External,none,no change,1 vehicle,1995,Collision
10,5,3,Dodge,Rural,5,10,1,Female,Married,70,Third Party,Sedan - Liability,Sport,30000 to 39000,0,9892,2,400,2,more than 30,more than 30,1,7 years,over 65,No,No,External,more than 5,4 to 8 years,2 vehicles,1995,Liability
10,1,7,Chevrolet,Urban,3,9,2,Male,Single,34,Policy Holder,Sedan - Liability,Sport,20000 to 29000,0,9893,13,400,2,more than 30,more than 30,more than 4,6 years,31 to 35,No,No,External,none,no change,1 vehicle,1995,Liability
9,4,1,Honda,Urban,1,9,5,Male,Married,40,Third Party,Sedan - Collision,Sedan,more than 69000,0,9894,6,400,1,more than 30,more than 30,2 to 4,6 years,36 to 40,No,No,Internal,more than 5,no change,1 vehicle,1995,Collision
9,2,5,Mazda,Urban,2,9,4,Male,Single,29,Policy Holder,Sedan - Liability,Sport,more than 69000,0,9895,8,500,3,more than 30,more than 30,2 to 4,6 years,31 to 35,No,No,External,none,2 to 3 years,1 vehicle,1995,Liability
9,1,7,Pontiac,Rural,1,8,2,Male,Married,54,Policy Holder,Sedan - All Perils,Sedan,20000 to 29000,0,9896,11,400,2,more than 30,more than 30,none,7 years,41 to 50,No,No,External,1 to 2,no change,1 vehicle,1995,All Perils
8,5,2,Toyota,Rural,4,10,5,Female,Married,27,Policy Holder,Sedan - All Perils,Sedan,more than 69000,0,9897,2,400,2,more than 30,more than 30,2 to 4,7 years,31 to 35,No,No,External,1 to 2,no change,1 vehicle,1995,All Perils
8,3,6,Toyota,Urban,2,8,1,Female,Married,51,Policy Holder,Sedan - Collision,Sedan,20000 to 29000,0,9898,13,400,4,more than 30,more than 30,1,more than 7,41 to 50,No,No,External,more than 5,no change,1 vehicle,1995,Collision
7,5,3,Pontiac,Urban,3,8,1,Male,Single,27,Policy Holder,Sedan - Collision,Sedan,20000 to 29000,0,9899,10,400,3,more than 30,more than 30,1,6 years,31 to 35,No,No,External,3 to 5,no change,1 vehicle,1995,Collision
7,4,1,VW,Urban,1,5,1,Male,Married,38,Third Party,Sedan - Liability,Sport,30000 to 39000,0,9900,8,400,1,more than 30,more than 30,1,7 years,36 to 40,No,No,External,more than 5,no change,1 vehicle,1995,Liability
5,5,1,Honda,Urban,1,5,5,Male,Married,41,Policy Holder,Sedan - Liability,Sport,20000 to 29000,0,9901,14,400,1,more than 30,more than 30,2 to 4,7 years,36 to 40,No,No,External,1 to 2,no change,1 vehicle,1995,Liability
5,4,6,Pontiac,Urban,1,4,4,Male,Single,58,Policy Holder,Sedan - Liability,Sport,30000 to 39000,0,9902,1,400,2,more than 30,more than 30,more than 4,more than 7,51 to 65,No,No,External,more than 5,no change,1 vehicle,1995,Liability
4,3,3,Toyota,Urban,5,4,3,Male,Married,41,Policy Holder,Sedan - Liability,Sport,20000 to 29000,0,9903,14,400,2,more than 30,more than 30,1,7 years,36 to 40,No,No,External,more than 5,no change,1 vehicle,1995,Liability
3,5,4,Toyota,Urban,5,3,1,Male,Single,26,Policy Holder,Sedan - Collision,Sedan,20000 to 29000,0,9904,1,400,3,more than 30,more than 30,none,6 years,31 to 35,No,No,External,none,no change,1 vehicle,1995,Collision
3,4,6,Nisson,Urban,1,9,4,Male,Married,40,Policy Holder,Sedan - All Perils,Sedan,30000 to 39000,0,9905,12,400,4,more than 30,more than 30,1,7 years,36 to 40,No,No,External,none,no change,1 vehicle,1995,All Perils
9,3,6,Honda,Rural,2,10,3,Male,Single,36,Policy Holder,Sedan - All Perils,Sedan,30000 to 39000,0,9906,2,400,2,more than 30,more than 30,2 to 4,7 years,36 to 40,No,No,External,none,no change,1 vehicle,1995,All Perils
10,2,6,Chevrolet,Urban,1,5,2,Male,Married,65,Third Party,Sedan - All Perils,Sedan,20000 to 29000,0,9907,3,400,1,more than 30,more than 30,more than 4,more than 7,51 to 65,No,No,External,3 to 5,no change,1 vehicle,1995,All Perils
5,3,1,Honda,Urban,1,5,4,Male,Married,69,Third Party,Sedan - Liability,Sport,20000 to 29000,0,9908,2,400,2,more than 30,more than 30,1,more than 7,over 65,No,No,External,none,no change,1 vehicle,1995,Liability
5,3,3,Toyota,Urban,3,5,3,Male,Married,56,Third Party,Sedan - Collision,Sedan,20000 to 29000,0,9909,3,400,1,more than 30,more than 30,none,more than 7,51 to 65,No,No,External,3 to 5,no change,1 vehicle,1995,Collision
5,2,4,Mazda,Urban,4,9,3,Male,Married,73,Third Party,Sedan - Liability,Sport,20000 to 29000,0,9910,3,400,4,more than 30,more than 30,2 to 4,more than 7,over 65,No,No,External,more than 5,no change,1 vehicle,1995,Liability
9,5,3,Mazda,Urban,4,7,5,Male,Married,64,Policy Holder,Sedan - Collision,Sedan,40000 to 59000,0,9911,8,400,3,more than 30,more than 30,2 to 4,more than 7,51 to 65,No,No,External,none,no change,1 vehicle,1995,Collision
7,3,5,Pontiac,Urban,1,9,4,Female,Single,38,Policy Holder,Sedan - Liability,Sport,20000 to 29000,0,9912,2,400,3,more than 30,more than 30,2 to 4,7 years,36 to 40,No,No,External,none,no change,1 vehicle,1995,Liability
9,1,5,Mazda,Urban,2,8,2,Male,Married,43,Policy Holder,Sedan - Liability,Sport,20000 to 29000,0,9913,9,400,2,more than 30,more than 30,more than 4,7 years,36 to 40,No,No,External,more than 5,4 to 8 years,2 vehicles,1995,Liability
8,1,2,Pontiac,Urban,2,8,3,Male,Married,35,Policy Holder,Sedan - Collision,Sedan,30000 to 39000,0,9914,2,400,3,more than 30,more than 30,none,6 years,31 to 35,No,No,External,1 to 2,no change,1 vehicle,1995,Collision
8,1,2,Chevrolet,Urban,3,12,1,Male,Married,38,Policy Holder,Sedan - Liability,Sport,more than 69000,0,9915,15,400,3,more than 30,more than 30,2 to 4,more than 7,36 to 40,No,No,External,more than 5,no change,1 vehicle,1995,Liability
11,1,3,Toyota,Rural,1,3,2,Male,Single,31,Third Party,Sedan - Collision,Sedan,20000 to 29000,0,9916,8,400,3,more than 30,more than 30,2 to 4,7 years,31 to 35,No,No,External,1 to 2,no change,1 vehicle,1995,Collision
3,3,5,Mazda,Urban,2,9,4,Male,Married,39,Policy Holder,Sedan - Liability,Sport,30000 to 39000,0,9917,1,400,1,more than 30,more than 30,more than 4,7 years,36 to 40,No,No,External,1 to 2,no change,1 vehicle,1995,Liability
9,1,2,Honda,Urban,2,10,3,Male,Married,29,Policy Holder,Sedan - Liability,Sport,30000 to 39000,0,9918,7,400,1,more than 30,more than 30,2 to 4,7 years,31 to 35,No,No,External,3 to 5,no change,1 vehicle,1995,Liability
10,3,7,Honda,Urban,3,5,3,Male,Married,35,Policy Holder,Sedan - Liability,Sport,20000 to 29000,0,9919,11,400,3,more than 30,more than 30,more than 4,6 years,31 to 35,No,No,External,3 to 5,no change,1 vehicle,1995,Liability
5,3,3,Pontiac,Urban,3,6,3,Female,Single,35,Third Party,Sedan - Liability,Sport,20000 to 29000,0,9920,9,400,1,more than 30,more than 30,2 to 4,7 years,31 to 35,No,No,External,none,1 year,1 vehicle,1995,Liability
6,2,7,Chevrolet,Urban,2,9,3,Male,Married,38,Policy Holder,Sedan - Collision,Sedan,30000 to 39000,0,9921,6,700,1,more than 30,more than 30,2 to 4,7 years,36 to 40,No,No,External,3 to 5,no change,1 vehicle,1995,Collision
6,1,1,Honda,Rural,1,2,1,Male,Married,36,Policy Holder,Sedan - Collision,Sedan,more than 69000,0,9922,2,400,4,more than 30,more than 30,more than 4,more than 7,36 to 40,No,No,External,1 to 2,no change,1 vehicle,1995,Collision
2,1,1,Mazda,Urban,3,9,1,Male,Married,36,Policy Holder,Sedan - All Perils,Sedan,20000 to 29000,1,9923,7,400,4,more than 30,more than 30,2 to 4,7 years,36 to 40,No,No,External,none,no change,3 to 4,1995,All Perils
7,2,2,Pontiac,Urban,3,11,3,Male,Married,37,Policy Holder,Sedan - Collision,Sedan,20000 to 29000,0,9924,9,400,2,more than 30,more than 30,2 to 4,7 years,36 to 40,No,No,External,3 to 5,no change,1 vehicle,1995,Collision
11,3,6,Honda,Urban,1,11,3,Male,Married,62,Third Party,Sport - Collision,Sport,more than 69000,0,9925,7,400,3,more than 30,more than 30,2 to 4,more than 7,51 to 65,No,No,External,none,no change,1 vehicle,1995,Collision
11,3,5,BMW,Rural,1,11,4,Male,Married,58,Policy Holder,Sedan - All Perils,Sedan,20000 to 29000,0,9926,6,400,2,more than 30,more than 30,none,more than 7,51 to 65,No,No,External,more than 5,no change,1 vehicle,1995,All Perils
11,3,2,Pontiac,Urban,5,4,4,Male,Married,33,Policy Holder,Sedan - Liability,Sport,20000 to 29000,0,9927,1,400,3,more than 30,more than 30,2 to 4,7 years,31 to 35,No,No,External,1 to 2,no change,1 vehicle,1995,Liability
2,4,2,Toyota,Urban,4,2,1,Male,Married,47,Policy Holder,Sedan - All Perils,Sedan,20000 to 29000,0,9928,14,400,1,15 to 30,more than 30,more than 4,7 years,41 to 50,No,No,External,none,no change,1 vehicle,1995,All Perils
2,2,7,Toyota,Urban,5,12,2,Female,Single,32,Policy Holder,Sedan - All Perils,Sedan,less than 20000,1,9929,6,400,3,more than 30,more than 30,2 to 4,6 years,31 to 35,No,No,External,1 to 2,no change,1 vehicle,1995,All Perils
12,3,2,Toyota,Urban,3,2,4,Male,Married,43,Policy Holder,Sedan - All Perils,Sedan,20000 to 29000,0,9930,7,400,1,more than 30,more than 30,none,7 years,36 to 40,No,No,External,3 to 5,no change,1 vehicle,1995,All Perils
2,2,4,Honda,Urban,4,12,3,Male,Married,58,Third Party,Sedan - All Perils,Sedan,30000 to 39000,0,9931,7,400,2,more than 30,more than 30,2 to 4,7 years,51 to 65,No,No,External,none,no change,1 vehicle,1995,All Perils
12,5,2,Honda,Urban,4,4,5,Male,Married,31,Policy Holder,Sedan - Collision,Sedan,20000 to 29000,0,9932,13,400,2,more than 30,more than 30,2 to 4,6 years,31 to 35,No,No,External,1 to 2,no change,1 vehicle,1995,Collision
4,2,2,Honda,Urban,3,8,3,Male,Married,33,Policy Holder,Sedan - Liability,Sport,20000 to 29000,0,9933,13,400,1,more than 30,more than 30,more than 4,5 years,31 to 35,No,No,External,none,no change,1 vehicle,1995,Liability
8,4,1,Chevrolet,Urban,2,8,4,Male,Married,77,Policy Holder,Sedan - All Perils,Sedan,more than 69000,0,9934,15,400,2,more than 30,more than 30,none,more than 7,over 65,No,No,External,1 to 2,4 to 8 years,2 vehicles,1995,All Perils
8,4,6,Toyota,Urban,1,11,4,Male,Single,38,Policy Holder,Sedan - All Perils,Sedan,20000 to 29000,0,9935,10,400,4,more than 30,more than 30,none,7 years,36 to 40,No,No,External,more than 5,no change,1 vehicle,1995,All Perils
11,4,3,Pontiac,Urban,3,11,5,Male,Married,64,Policy Holder,Sedan - Collision,Sedan,30000 to 39000,0,9936,11,400,4,more than 30,more than 30,none,more than 7,51 to 65,No,No,External,more than 5,no change,1 vehicle,1995,Collision
11,2,1,Pontiac,Urban,1,10,2,Male,Single,36,Policy Holder,Sedan - Liability,Sport,20000 to 29000,0,9937,1,400,3,more than 30,more than 30,2 to 4,more than 7,36 to 40,No,No,External,none,no change,1 vehicle,1995,Liability
10,4,5,Toyota,Urban,1,3,4,Male,Married,27,Third Party,Sedan - Collision,Sedan,20000 to 29000,0,9938,1,400,1,more than 30,more than 30,1,6 years,31 to 35,No,No,External,more than 5,no change,1 vehicle,1995,Collision
3,4,5,Toyota,Urban,2,3,4,Male,Single,49,Policy Holder,Sedan - Collision,Sedan,30000 to 39000,0,9939,4,400,2,more than 30,more than 30,2 to 4,more than 7,41 to 50,No,No,External,1 to 2,no change,1 vehicle,1995,Collision
3,3,2,Mazda,Urban,2,8,4,Male,Married,71,Policy Holder,Sedan - Liability,Sport,20000 to 29000,0,9940,1,400,1,more than 30,more than 30,2 to 4,more than 7,over 65,No,No,External,1 to 2,no change,1 vehicle,1995,Liability
7,2,2,Mazda,Urban,5,2,4,Male,Married,64,Policy Holder,Sedan - All Perils,Sedan,more than 69000,0,9941,7,400,1,more than 30,more than 30,none,more than 7,51 to 65,No,No,External,3 to 5,no change,1 vehicle,1995,All Perils
2,2,5,Toyota,Urban,5,8,3,Female,Single,39,Third Party,Sedan - Collision,Sedan,20000 to 29000,0,9942,4,400,1,more than 30,more than 30,2 to 4,7 years,36 to 40,No,No,External,1 to 2,no change,1 vehicle,1995,Collision
7,5,7,Pontiac,Urban,3,10,1,Male,Married,40,Policy Holder,Sedan - All Perils,Sedan,more than 69000,0,9943,8,400,2,more than 30,more than 30,none,7 years,36 to 40,No,No,External,none,no change,1 vehicle,1995,All Perils
9,4,4,Mazda,Urban,2,11,1,Male,Married,32,Third Party,Sedan - All Perils,Sedan,20000 to 29000,0,9944,2,400,3,more than 30,more than 30,2 to 4,6 years,31 to 35,No,No,External,3 to 5,no change,1 vehicle,1995,All Perils
11,2,6,Toyota,Urban,3,11,3,Male,Single,33,Third Party,Sedan - All Perils,Sedan,20000 to 29000,0,9945,10,400,1,more than 30,more than 30,2 to 4,6 years,31 to 35,No,No,External,more than 5,no change,1 vehicle,1995,All Perils
11,1,2,Ford,Urban,3,4,2,Male,Married,30,Third Party,Sedan - All Perils,Sedan,40000 to 59000,1,9946,5,500,4,more than 30,more than 30,2 to 4,7 years,31 to 35,No,No,External,1 to 2,2 to 3 years,1 vehicle,1995,All Perils
2,2,2,Honda,Urban,2,2,1,Female,Married,34,Policy Holder,Sedan - Collision,Sedan,20000 to 29000,1,9947,7,400,1,more than 30,more than 30,more than 4,7 years,31 to 35,No,No,External,more than 5,no change,1 vehicle,1995,Collision
2,2,7,Toyota,Urban,1,6,4,Male,Married,30,Third Party,Sedan - All Perils,Sedan,20000 to 29000,0,9948,16,400,3,more than 30,more than 30,2 to 4,6 years,31 to 35,No,No,External,none,no change,1 vehicle,1995,All Perils
6,3,7,Honda,Urban,1,9,3,Male,Single,21,Third Party,Sedan - All Perils,Sedan,20000 to 29000,0,9949,13,400,1,more than 30,more than 30,1,5 years,26 to 30,No,No,External,more than 5,no change,1 vehicle,1995,All Perils
4,2,4,Mazda,Urban,3,3,3,Male,Married,42,Policy Holder,Sedan - Liability,Sport,20000 to 29000,0,9950,13,400,1,more than 30,more than 30,1,7 years,36 to 40,No,No,External,none,no change,1 vehicle,1995,Liability
3,3,2,Saab,Rural,3,5,4,Male,Single,44,Policy Holder,Sedan - All Perils,Sedan,more than 69000,0,9951,1,400,3,more than 30,more than 30,2 to 4,7 years,36 to 40,No,No,External,more than 5,no change,1 vehicle,1995,All Perils
1,4,6,Honda,Urban,2,6,3,Male,Single,26,Policy Holder,Sedan - Collision,Sedan,20000 to 29000,0,9952,3,700,3,more than 30,more than 30,more than 4,7 years,31 to 35,Yes,No,External,more than 5,no change,1 vehicle,1995,Collision
6,1,3,Honda,Urban,2,7,2,Male,Divorced,54,Policy Holder,Sedan - Collision,Sedan,less than 20000,0,9953,12,400,1,more than 30,more than 30,1,7 years,41 to 50,No,No,External,none,no change,1 vehicle,1995,Collision
7,1,4,Chevrolet,Urban,5,6,2,Male,Married,26,Third Party,Sedan - All Perils,Sedan,less than 20000,0,9954,3,400,1,more than 30,more than 30,1,7 years,31 to 35,No,No,External,none,no change,1 vehicle,1995,All Perils
6,2,7,Mazda,Rural,3,12,2,Male,Married,55,Third Party,Sedan - Collision,Sedan,30000 to 39000,0,9955,11,400,4,more than 30,more than 30,none,more than 7,41 to 50,No,No,External,more than 5,4 to 8 years,2 vehicles,1995,Collision
12,4,6,Pontiac,Urban,1,3,4,Male,Married,51,Policy Holder,Sedan - Liability,Sport,30000 to 39000,0,9956,3,400,1,more than 30,more than 30,more than 4,more than 7,41 to 50,No,No,External,3 to 5,no change,1 vehicle,1995,Liability
3,1,4,Pontiac,Urban,5,2,2,Male,Married,29,Policy Holder,Sedan - Liability,Sport,20000 to 29000,0,9957,9,400,1,more than 30,more than 30,more than 4,6 years,31 to 35,No,No,External,3 to 5,no change,1 vehicle,1995,Liability
2,3,3,Pontiac,Urban,1,11,3,Male,Married,76,Third Party,Sedan - All Perils,Sedan,less than 20000,0,9958,13,400,3,more than 30,more than 30,none,7 years,over 65,No,Yes,External,none,no change,1 vehicle,1995,All Perils
11,2,7,Ford,Urban,1,8,2,Male,Married,60,Policy Holder,Sedan - Liability,Sport,more than 69000,0,9959,11,400,1,more than 30,more than 30,2 to 4,6 years,51 to 65,No,No,External,more than 5,no change,1 vehicle,1995,Liability
8,1,6,Toyota,Urban,1,1,2,Male,Married,32,Policy Holder,Sedan - Liability,Sport,20000 to 29000,0,9960,12,400,1,more than 30,more than 30,2 to 4,5 years,31 to 35,No,No,External,none,no change,1 vehicle,1995,Liability
1,2,4,Chevrolet,Urban,3,12,2,Male,Single,58,Third Party,Sedan - All Perils,Sedan,more than 69000,0,9961,13,400,1,more than 30,more than 30,1,more than 7,51 to 65,No,No,External,3 to 5,no change,1 vehicle,1995,All Perils
12,3,6,Mazda,Urban,1,12,4,Male,Single,27,Third Party,Sedan - Collision,Sedan,20000 to 29000,0,9962,15,400,3,more than 30,more than 30,1,6 years,31 to 35,No,No,External,1 to 2,no change,1 vehicle,1995,Collision
12,1,4,Toyota,Rural,5,5,2,Female,Married,27,Policy Holder,Sedan - Collision,Sedan,20000 to 29000,0,9963,4,400,3,more than 30,more than 30,1,6 years,31 to 35,No,No,External,3 to 5,no change,1 vehicle,1995,Collision
5,4,3,Mazda,Urban,4,6,4,Male,Single,33,Third Party,Sedan - Liability,Sport,20000 to 29000,0,9964,14,400,4,more than 30,more than 30,none,6 years,31 to 35,No,No,External,none,no change,3 to 4,1995,Liability
5,4,5,Toyota,Urban,3,1,1,Male,Married,55,Policy Holder,Sedan - Collision,Sedan,less than 20000,0,9965,5,400,4,more than 30,more than 30,1,3 years,41 to 50,No,No,External,1 to 2,no change,1 vehicle,1995,Collision
5,5,7,Chevrolet,Urban,2,8,1,Male,Single,24,Policy Holder,Sedan - Collision,Sedan,20000 to 29000,0,9966,1,400,3,more than 30,more than 30,1,5 years,26 to 30,No,No,External,none,no change,1 vehicle,1995,Collision
7,4,1,Toyota,Urban,2,7,4,Male,Married,28,Policy Holder,Sedan - Collision,Sedan,20000 to 29000,0,9967,6,400,3,more than 30,more than 30,none,7 years,31 to 35,No,No,External,none,no change,1 vehicle,1995,Collision
7,4,4,Pontiac,Urban,2,9,4,Male,Married,54,Policy Holder,Sedan - Liability,Sport,30000 to 39000,0,9968,3,400,1,more than 30,more than 30,more than 4,more than 7,41 to 50,No,No,External,none,no change,1 vehicle,1995,Liability
9,2,6,Toyota,Urban,1,9,2,Female,Married,35,Policy Holder,Sedan - Collision,Sedan,20000 to 29000,0,9969,11,400,1,more than 30,more than 30,none,6 years,31 to 35,No,No,External,none,no change,1 vehicle,1995,Collision
9,3,5,Toyota,Urban,3,9,3,Male,Married,50,Policy Holder,Sedan - Liability,Sport,30000 to 39000,0,9970,9,400,1,more than 30,more than 30,1,more than 7,41 to 50,No,No,External,more than 5,no change,1 vehicle,1995,Liability
9,3,4,Pontiac,Urban,1,10,4,Male,Married,33,Third Party,Sedan - Liability,Sport,20000 to 29000,0,9971,5,400,1,more than 30,more than 30,more than 4,7 years,31 to 35,No,No,External,none,no change,1 vehicle,1995,Liability
9,4,4,Mazda,Urban,1,9,5,Male,Married,28,Policy Holder,Sedan - Collision,Sedan,40000 to 59000,0,9972,15,400,4,more than 30,more than 30,2 to 4,7 years,31 to 35,No,No,External,none,no change,1 vehicle,1995,Collision
9,4,2,Pontiac,Urban,3,10,4,Male,Married,31,Policy Holder,Sedan - All Perils,Sedan,20000 to 29000,0,9973,5,400,3,more than 30,more than 30,1,7 years,31 to 35,No,No,External,none,no change,1 vehicle,1995,All Perils
10,2,3,Toyota,Urban,4,12,2,Male,Divorced,49,Third Party,Sedan - All Perils,Sedan,20000 to 29000,0,9974,13,400,3,more than 30,more than 30,none,more than 7,41 to 50,No,No,External,none,no change,1 vehicle,1995,All Perils
11,5,3,Pontiac,Urban,1,2,1,Male,Single,45,Third Party,Sedan - Liability,Sport,20000 to 29000,0,9975,2,400,3,more than 30,more than 30,more than 4,6 years,36 to 40,No,No,External,more than 5,no change,1 vehicle,1995,Liability
2,2,1,Chevrolet,Urban,1,12,2,Male,Married,27,Policy Holder,Sedan - Liability,Sport,30000 to 39000,0,9976,15,400,2,more than 30,more than 30,more than 4,7 years,31 to 35,No,No,External,none,4 to 8 years,2 vehicles,1995,Liability
12,2,2,Toyota,Urban,1,1,2,Female,Single,22,Policy Holder,Sedan - Liability,Sport,20000 to 29000,0,9977,13,400,2,more than 30,more than 30,none,5 years,26 to 30,No,No,External,more than 5,no change,1 vehicle,1995,Liability
1,1,4,VW,Urban,1,1,2,Male,Married,34,Third Party,Sedan - All Perils,Sedan,30000 to 39000,0,9978,14,400,2,more than 30,more than 30,none,4 years,31 to 35,Yes,No,External,3 to 5,no change,1 vehicle,1995,All Perils
1,1,5,Pontiac,Urban,5,5,2,Male,Single,21,Third Party,Sedan - Collision,Sedan,30000 to 39000,0,9979,6,400,3,more than 30,more than 30,1,5 years,26 to 30,No,No,External,1 to 2,no change,1 vehicle,1995,Collision
5,2,5,Pontiac,Urban,5,5,3,Male,Single,31,Policy Holder,Sedan - All Perils,Sedan,30000 to 39000,0,9980,8,400,3,more than 30,more than 30,1,5 years,31 to 35,No,No,External,1 to 2,no change,1 vehicle,1995,All Perils
5,2,5,Chevrolet,Urban,1,5,3,Male,Single,38,Policy Holder,Sedan - Liability,Sport,20000 to 29000,0,9981,10,400,1,more than 30,more than 30,2 to 4,7 years,36 to 40,No,No,External,more than 5,no change,1 vehicle,1995,Liability
5,2,2,Honda,Urban,4,5,3,Male,Married,32,Third Party,Sedan - All Perils,Sedan,less than 20000,0,9982,5,400,2,more than 30,more than 30,2 to 4,7 years,31 to 35,No,No,External,1 to 2,no change,1 vehicle,1995,All Perils
5,3,3,Pontiac,Urban,4,6,3,Male,Married,41,Third Party,Sedan - All Perils,Sedan,20000 to 29000,0,9983,13,700,1,more than 30,more than 30,none,more than 7,36 to 40,No,No,External,more than 5,no change,1 vehicle,1995,All Perils
5,5,5,Pontiac,Urban,1,6,1,Male,Married,60,Third Party,Sedan - Collision,Sedan,20000 to 29000,0,9984,2,400,3,more than 30,more than 30,none,6 years,51 to 65,No,No,External,none,no change,1 vehicle,1995,Collision
6,1,3,Chevrolet,Urban,4,2,4,Female,Single,18,Policy Holder,Sedan - Liability,Sport,20000 to 29000,0,9985,12,400,4,more than 30,more than 30,2 to 4,3 years,21 to 25,No,No,External,3 to 5,no change,1 vehicle,1995,Liability
2,2,4,Ford,Urban,1,9,3,Male,Married,51,Policy Holder,Utility - All Perils,Utility,more than 69000,1,9986,2,400,2,more than 30,more than 30,more than 4,7 years,41 to 50,No,No,External,none,no change,1 vehicle,1995,All Perils
9,4,5,Pontiac,Urban,1,12,4,Male,Married,54,Policy Holder,Sedan - All Perils,Sedan,less than 20000,0,9987,8,400,2,more than 30,more than 30,2 to 4,more than 7,41 to 50,Yes,No,External,more than 5,no change,1 vehicle,1995,All Perils
12,3,1,Ford,Urban,3,12,3,Male,Single,26,Policy Holder,Sedan - Liability,Sport,30000 to 39000,0,9988,15,400,3,more than 30,more than 30,2 to 4,7 years,31 to 35,No,No,External,none,no change,1 vehicle,1995,Liability
12,4,5,Pontiac,Urban,5,12,4,Male,Single,26,Policy Holder,Sedan - Liability,Sport,30000 to 39000,0,9989,5,400,3,more than 30,more than 30,more than 4,6 years,31 to 35,No,No,External,more than 5,no change,1 vehicle,1995,Liability
12,5,3,Pontiac,Urban,3,12,5,Male,Married,57,Policy Holder,Sedan - Collision,Sedan,30000 to 39000,0,9990,10,400,2,more than 30,more than 30,1,more than 7,51 to 65,No,No,External,none,no change,1 vehicle,1995,Collision
12,4,1,Honda,Urban,2,12,4,Male,Single,27,Policy Holder,Sedan - Liability,Sport,20000 to 29000,0,9991,1,400,2,more than 30,more than 30,none,6 years,31 to 35,No,No,External,none,no change,1 vehicle,1995,Liability
12,4,2,Mazda,Rural,3,12,4,Male,Single,22,Third Party,Sedan - Liability,Sport,20000 to 29000,0,9992,3,400,4,more than 30,more than 30,2 to 4,5 years,26 to 30,Yes,No,External,1 to 2,no change,1 vehicle,1995,Liability
12,3,2,Mazda,Urban,3,10,3,Male,Married,31,Third Party,Sport - Collision,Sport,more than 69000,0,9993,15,400,3,more than 30,more than 30,none,6 years,31 to 35,No,No,External,3 to 5,no change,1 vehicle,1995,Collision
9,3,4,Ford,Urban,5,9,1,Male,Married,51,Policy Holder,Utility - All Perils,Utility,more than 69000,0,9994,9,400,4,more than 30,more than 30,2 to 4,6 years,41 to 50,No,No,External,more than 5,no change,1 vehicle,1995,All Perils
8,5,4,Ford,Urban,5,2,5,Male,Married,53,Policy Holder,Sedan - All Perils,Sedan,30000 to 39000,0,9995,13,400,4,more than 30,more than 30,2 to 4,7 years,41 to 50,No,No,External,more than 5,no change,1 vehicle,1995,All Perils
2,2,4,Pontiac,Urban,2,2,2,Male,Single,40,Third Party,Sedan - All Perils,Sedan,20000 to 29000,0,9996,7,400,1,more than 30,more than 30,1,more than 7,36 to 40,No,No,External,more than 5,no change,1 vehicle,1995,All Perils
2,2,2,Pontiac,Urban,2,5,3,Male,Single,30,Policy Holder,Sedan - Collision,Sedan,20000 to 29000,1,9997,9,500,2,more than 30,more than 30,more than 4,6 years,31 to 35,No,No,External,more than 5,2 to 3 years,2 vehicles,1995,Collision
5,5,1,Toyota,Urban,2,5,5,Male,Married,36,Policy Holder,Sedan - Liability,Sport,20000 to 29000,0,9998,1,400,4,more than 30,more than 30,2 to 4,7 years,36 to 40,No,No,External,1 to 2,no change,1 vehicle,1995,Liability
5,5,6,Chevrolet,Urban,4,6,5,Male,Married,33,Third Party,Sedan - Collision,Sedan,30000 to 39000,0,9999,10,400,1,more than 30,more than 30,2 to 4,7 years,31 to 35,No,No,External,more than 5,no change,1 vehicle,1995,Collision
5,2,6,Accura,Urban,4,12,3,Male,Married,46,Policy Holder,Sedan - All Perils,Sedan,30000 to 39000,0,10000,16,400,2,more than 30,more than 30,1,7 years,41 to 50,No,No,External,none,no change,1 vehicle,1995,All Perils
4,3,5,Pontiac,Rural,3,1,4,Male,Married,44,Policy Holder,Sedan - All Perils,Sedan,20000 to 29000,0,10001,8,400,3,more than 30,more than 30,2 to 4,more than 7,36 to 40,No,No,External,none,no change,1 vehicle,1995,All Perils
1,1,5,Toyota,Urban,1,1,4,Male,Married,36,Policy Holder,Sedan - All Perils,Sedan,20000 to 29000,0,10002,12,400,4,more than 30,more than 30,2 to 4,7 years,36 to 40,No,No,External,none,no change,1 vehicle,1995,All Perils
1,1,1,Mazda,Urban,1,1,4,Male,Single,27,Policy Holder,Sedan - All Perils,Sedan,30000 to 39000,0,10003,5,400,1,more than 30,more than 30,2 to 4,5 years,31 to 35,No,No,External,1 to 2,no change,1 vehicle,1995,All Perils
1,1,5,Pontiac,Urban,3,12,3,Male,Married,54,Policy Holder,Sedan - Liability,Sport,30000 to 39000,0,10004,9,400,3,more than 30,more than 30,more than 4,more than 7,41 to 50,No,No,External,none,no change,1 vehicle,1995,Liability
12,1,2,Toyota,Urban,2,11,2,Male,Married,58,Policy Holder,Sedan - Collision,Sedan,less than 20000,0,10005,1,400,4,more than 30,more than 30,1,more than 7,51 to 65,No,No,External,1 to 2,no change,3 to 4,1995,Collision
11,2,1,Pontiac,Urban,1,10,2,Male,Married,42,Policy Holder,Sedan - Liability,Sport,30000 to 39000,0,10006,2,400,4,more than 30,more than 30,more than 4,more than 7,36 to 40,No,No,External,3 to 5,no change,1 vehicle,1995,Liability
10,2,4,Chevrolet,Urban,2,10,2,Male,Married,36,Policy Holder,Sedan - All Perils,Sedan,20000 to 29000,0,10007,1,400,1,more than 30,more than 30,none,more than 7,36 to 40,No,No,External,none,no change,1 vehicle,1995,All Perils
9,5,2,Pontiac,Urban,2,9,1,Male,Married,41,Policy Holder,Sedan - Collision,Sedan,30000 to 39000,0,10008,14,400,4,more than 30,more than 30,1,more than 7,36 to 40,No,No,External,none,no change,1 vehicle,1995,Collision
9,4,2,Pontiac,Urban,2,9,4,Female,Single,27,Policy Holder,Sedan - Collision,Sedan,20000 to 29000,0,10009,1,400,1,more than 30,more than 30,2 to 4,7 years,31 to 35,No,No,External,more than 5,no change,1 vehicle,1995,Collision
9,4,1,Pontiac,Urban,2,9,4,Male,Married,41,Policy Holder,Sedan - Liability,Sport,30000 to 39000,0,10010,9,400,1,more than 30,more than 30,2 to 4,7 years,36 to 40,No,No,External,more than 5,no change,1 vehicle,1995,Liability
9,1,6,Mazda,Urban,2,8,1,Male,Married,60,Policy Holder,Sedan - Collision,Sedan,30000 to 39000,0,10011,10,400,2,more than 30,more than 30,none,more than 7,51 to 65,No,No,External,more than 5,1 year,1 vehicle,1995,Collision
8,4,3,Pontiac,Urban,2,3,5,Female,Single,30,Policy Holder,Sedan - Collision,Sedan,20000 to 29000,0,10012,7,400,2,more than 30,more than 30,1,6 years,31 to 35,No,No,External,1 to 2,no change,1 vehicle,1995,Collision
2,2,4,VW,Urban,5,1,1,Male,Single,53,Third Party,Sedan - Liability,Sport,30000 to 39000,0,10013,5,400,2,more than 30,more than 30,2 to 4,more than 7,41 to 50,No,No,External,none,no change,1 vehicle,1995,Liability
1,2,7,Mazda,Urban,3,3,2,Male,Single,50,Policy Holder,Sedan - Liability,Sport,20000 to 29000,0,10014,2,700,4,more than 30,more than 30,none,more than 7,41 to 50,No,No,External,3 to 5,no change,1 vehicle,1995,Liability
3,3,5,Mazda,Urban,4,2,4,Male,Married,32,Policy Holder,Sedan - Liability,Sport,20000 to 29000,0,10015,12,400,3,more than 30,more than 30,2 to 4,6 years,31 to 35,No,No,External,none,no change,1 vehicle,1995,Liability
2,2,3,Toyota,Urban,3,4,3,Female,Married,33,Policy Holder,Sedan - All Perils,Sedan,more than 69000,1,10016,14,400,3,more than 30,more than 30,2 to 4,7 years,31 to 35,No,No,External,1 to 2,no change,1 vehicle,1995,All Perils
4,3,5,Pontiac,Rural,5,10,3,Male,Single,26,Third Party,Sedan - All Perils,Sedan,20000 to 29000,0,10017,7,400,1,more than 30,more than 30,2 to 4,5 years,31 to 35,No,No,External,3 to 5,no change,1 vehicle,1995,All Perils
10,1,1,Pontiac,Urban,5,4,1,Male,Single,18,Policy Holder,Sedan - Liability,Sport,20000 to 29000,0,10018,2,400,4,more than 30,more than 30,more than 4,2 years,21 to 25,No,No,External,more than 5,4 to 8 years,2 vehicles,1995,Liability
4,1,5,Pontiac,Urban,4,4,4,Male,Married,36,Policy Holder,Sedan - Liability,Sport,30000 to 39000,0,10019,16,400,4,more than 30,more than 30,2 to 4,7 years,36 to 40,No,No,External,none,no change,1 vehicle,1995,Liability
3,5,5,Toyota,Urban,2,7,1,Male,Married,53,Third Party,Sedan - Collision,Sedan,20000 to 29000,0,10020,5,400,3,more than 30,more than 30,2 to 4,more than 7,41 to 50,No,No,External,none,no change,1 vehicle,1995,Collision
3,5,6,Chevrolet,Urban,1,4,2,Male,Single,41,Policy Holder,Sedan - Liability,Sport,20000 to 29000,0,10021,1,400,2,more than 30,more than 30,more than 4,7 years,36 to 40,No,No,External,3 to 5,no change,1 vehicle,1995,Liability
4,2,6,Honda,Urban,3,5,2,Male,Single,0,Policy Holder,Sedan - Liability,Sport,more than 69000,0,10022,14,400,4,more than 30,more than 30,more than 4,new,16 to 17,No,No,External,none,no change,1 vehicle,1995,Liability
4,5,6,Pontiac,Urban,4,10,2,Male,Married,68,Policy Holder,Sedan - Collision,Sedan,more than 69000,0,10023,15,400,3,more than 30,more than 30,2 to 4,6 years,over 65,No,No,External,none,no change,1 vehicle,1995,Collision
10,1,7,Toyota,Urban,3,11,1,Male,Married,54,Policy Holder,Sedan - Liability,Sport,30000 to 39000,0,10024,12,400,4,more than 30,more than 30,1,more than 7,41 to 50,No,No,External,more than 5,no change,1 vehicle,1995,Liability
11,1,5,Chevrolet,Urban,2,1,2,Male,Married,54,Policy Holder,Sedan - All Perils,Sedan,30000 to 39000,0,10025,16,400,4,more than 30,more than 30,2 to 4,more than 7,41 to 50,No,No,External,more than 5,no change,1 vehicle,1995,All Perils
10,4,1,Accura,Urban,3,1,4,Male,Married,37,Policy Holder,Sedan - Liability,Sport,20000 to 29000,0,10026,12,400,2,more than 30,more than 30,2 to 4,more than 7,36 to 40,No,No,External,none,no change,1 vehicle,1995,Liability
1,3,1,Mazda,Urban,1,1,3,Male,Single,26,Policy Holder,Sedan - Collision,Sedan,30000 to 39000,0,10027,3,400,1,more than 30,more than 30,1,6 years,31 to 35,No,No,External,more than 5,no change,1 vehicle,1995,Collision
1,3,6,Pontiac,Urban,3,12,3,Male,Married,39,Policy Holder,Sedan - All Perils,Sedan,30000 to 39000,0,10028,1,400,1,more than 30,more than 30,more than 4,more than 7,36 to 40,No,No,External,1 to 2,no change,1 vehicle,1995,All Perils
11,4,6,Pontiac,Urban,1,8,2,Male,Married,43,Policy Holder,Sedan - Liability,Sport,30000 to 39000,0,10029,10,400,4,more than 30,more than 30,1,7 years,36 to 40,No,No,External,more than 5,no change,1 vehicle,1995,Liability
8,3,5,Honda,Urban,5,2,4,Male,Single,26,Policy Holder,Sedan - Collision,Sedan,20000 to 29000,0,10030,1,400,3,more than 30,more than 30,2 to 4,5 years,31 to 35,No,No,External,more than 5,no change,1 vehicle,1995,Collision
2,2,5,Toyota,Urban,6,2,3,Male,Married,72,Policy Holder,Sedan - Collision,Sedan,20000 to 29000,1,10031,6,400,2,more than 30,more than 30,2 to 4,more than 7,over 65,Yes,No,External,1 to 2,no change,1 vehicle,1995,Collision
2,2,5,Toyota,Urban,5,4,2,Male,Single,27,Policy Holder,Sedan - All Perils,Sedan,less than 20000,1,10032,9,400,2,none,more than 30,none,6 years,31 to 35,No,No,External,none,no change,1 vehicle,1995,All Perils
4,1,1,Mazda,Urban,4,6,4,Female,Married,35,Policy Holder,Sedan - Liability,Sport,20000 to 29000,0,10033,5,400,1,more than 30,more than 30,more than 4,6 years,31 to 35,No,No,External,more than 5,no change,1 vehicle,1995,Liability
5,4,3,Toyota,Urban,4,6,1,Male,Married,48,Third Party,Sedan - All Perils,Sedan,less than 20000,0,10034,13,400,2,more than 30,more than 30,1,more than 7,41 to 50,No,No,External,none,no change,1 vehicle,1995,All Perils
6,1,1,Chevrolet,Urban,5,6,1,Male,Married,49,Policy Holder,Sedan - All Perils,Sedan,30000 to 39000,0,10035,16,400,2,more than 30,more than 30,2 to 4,more than 7,41 to 50,No,No,External,1 to 2,no change,1 vehicle,1995,All Perils
5,5,2,Pontiac,Urban,4,8,1,Male,Married,55,Third Party,Sedan - Collision,Sedan,20000 to 29000,0,10036,8,400,3,more than 30,more than 30,2 to 4,7 years,41 to 50,No,No,External,more than 5,no change,1 vehicle,1995,Collision
8,3,6,Mazda,Urban,3,2,3,Male,Married,41,Third Party,Sedan - Liability,Sport,40000 to 59000,0,10037,15,400,4,more than 30,more than 30,2 to 4,7 years,36 to 40,No,No,External,none,no change,1 vehicle,1995,Liability
2,2,5,Mazda,Urban,5,8,3,Male,Married,47,Third Party,Sedan - Collision,Sedan,20000 to 29000,0,10038,5,400,3,more than 30,more than 30,2 to 4,more than 7,41 to 50,No,No,External,1 to 2,no change,1 vehicle,1995,Collision
8,3,6,Pontiac,Urban,3,11,3,Female,Single,40,Third Party,Sedan - Collision,Sedan,20000 to 29000,0,10039,1,400,2,more than 30,more than 30,2 to 4,5 years,36 to 40,No,No,External,3 to 5,4 to 8 years,2 vehicles,1995,Collision
10,5,2,Honda,Urban,5,1,1,Male,Married,54,Policy Holder,Sport - Collision,Sport,more than 69000,0,10040,8,400,2,more than 30,more than 30,2 to 4,more than 7,41 to 50,No,No,External,more than 5,no change,1 vehicle,1995,Collision
11,4,4,Chevrolet,Urban,5,11,3,Male,Married,36,Policy Holder,Utility - All Perils,Utility,more than 69000,0,10041,11,400,4,more than 30,more than 30,none,more than 7,36 to 40,No,No,External,none,no change,1 vehicle,1995,All Perils
11,1,2,Honda,Urban,1,1,1,Female,Married,44,Policy Holder,Sedan - Liability,Sport,20000 to 29000,0,10042,9,400,4,more than 30,more than 30,2 to 4,7 years,36 to 40,No,No,External,3 to 5,no change,1 vehicle,1995,Liability
12,3,6,Toyota,Urban,1,5,3,Male,Married,30,Policy Holder,Sedan - All Perils,Sedan,20000 to 29000,0,10043,9,400,3,more than 30,more than 30,2 to 4,6 years,31 to 35,Yes,No,External,1 to 2,no change,1 vehicle,1995,All Perils
5,1,6,Honda,Urban,1,6,5,Male,Married,27,Third Party,Sedan - Collision,Sedan,20000 to 29000,0,10044,11,400,3,more than 30,more than 30,2 to 4,6 years,31 to 35,No,No,External,1 to 2,no change,1 vehicle,1995,Collision
6,4,1,Honda,Urban,5,9,4,Male,Married,30,Third Party,Sport - Collision,Sport,more than 69000,0,10045,11,700,2,more than 30,more than 30,none,7 years,31 to 35,No,No,External,none,no change,1 vehicle,1995,Collision
8,3,5,Honda,Urban,1,7,1,Male,Single,27,Policy Holder,Sedan - Liability,Sport,20000 to 29000,0,10046,13,400,4,more than 30,more than 30,1,6 years,31 to 35,No,No,External,none,no change,3 to 4,1995,Liability
7,2,4,Toyota,Urban,7,10,2,Male,Married,74,Policy Holder,Sedan - Liability,Sport,20000 to 29000,0,10047,11,400,4,more than 30,more than 30,more than 4,more than 7,over 65,No,No,External,1 to 2,no change,1 vehicle,1995,Liability
9,3,1,Honda,Rural,2,12,1,Male,Married,23,Policy Holder,Sedan - Collision,Sedan,20000 to 29000,0,10048,4,500,1,more than 30,more than 30,1,6 years,26 to 30,No,No,External,none,2 to 3 years,1 vehicle,1995,Collision
12,2,7,Pontiac,Urban,1,10,2,Male,Married,31,Policy Holder,Sedan - Liability,Sport,20000 to 29000,0,10049,15,400,4,more than 30,more than 30,none,7 years,31 to 35,No,No,External,more than 5,no change,1 vehicle,1995,Liability
10,3,6,Pontiac,Rural,3,10,3,Male,Married,38,Policy Holder,Sedan - Liability,Sport,30000 to 39000,0,10050,1,400,2,more than 30,more than 30,2 to 4,more than 7,36 to 40,No,No,External,more than 5,no change,1 vehicle,1995,Liability
9,1,4,Accura,Urban,5,5,1,Male,Married,41,Policy Holder,Sedan - Liability,Sport,more than 69000,0,10051,3,400,1,more than 30,more than 30,2 to 4,more than 7,36 to 40,No,No,External,more than 5,no change,1 vehicle,1995,Liability
5,1,7,Toyota,Urban,1,5,3,Male,Single,33,Third Party,Sedan - Collision,Sedan,30000 to 39000,0,10052,10,400,4,more than 30,more than 30,none,6 years,31 to 35,No,No,External,1 to 2,no change,1 vehicle,1995,Collision
4,5,4,Mazda,Urban,3,1,3,Male,Single,33,Third Party,Sedan - Collision,Sedan,20000 to 29000,0,10053,3,400,1,more than 30,more than 30,2 to 4,6 years,31 to 35,No,No,External,none,no change,1 vehicle,1995,Collision
12,4,7,Accura,Urban,1,9,3,Male,Married,34,Policy Holder,Sedan - All Perils,Sedan,30000 to 39000,0,10054,14,400,2,more than 30,more than 30,more than 4,7 years,31 to 35,No,No,External,more than 5,no change,1 vehicle,1995,All Perils
9,4,4,Pontiac,Rural,5,7,4,Male,Married,54,Policy Holder,Utility - All Perils,Utility,more than 69000,0,10055,3,400,3,more than 30,more than 30,more than 4,7 years,41 to 50,No,No,External,none,no change,1 vehicle,1995,All Perils
7,2,6,Honda,Urban,1,6,2,Male,Married,43,Third Party,Sedan - All Perils,Sedan,more than 69000,0,10056,16,400,4,more than 30,more than 30,none,new,36 to 40,No,No,External,none,no change,1 vehicle,1995,All Perils
6,4,5,Pontiac,Urban,4,5,4,Female,Married,37,Policy Holder,Sedan - Liability,Sport,20000 to 29000,0,10057,15,400,4,more than 30,more than 30,1,more than 7,36 to 40,No,No,External,more than 5,no change,1 vehicle,1995,Liability
4,5,4,Honda,Urban,2,5,3,Male,Single,35,Policy Holder,Sport - Collision,Sport,more than 69000,0,10058,11,400,3,more than 30,more than 30,none,7 years,31 to 35,No,No,External,none,no change,1 vehicle,1995,Collision
4,5,5,Toyota,Urban,1,10,1,Male,Married,63,Third Party,Sedan - All Perils,Sedan,more than 69000,0,10059,13,400,1,more than 30,more than 30,1,more than 7,51 to 65,No,No,External,more than 5,no change,1 vehicle,1995,All Perils
9,5,4,Mazda,Urban,1,7,1,Male,Married,74,Policy Holder,Sedan - Liability,Sport,20000 to 29000,0,10060,3,400,2,more than 30,more than 30,2 to 4,more than 7,over 65,No,No,External,none,4 to 8 years,2 vehicles,1995,Liability
7,3,3,Toyota,Urban,4,8,3,Female,Married,43,Policy Holder,Sedan - All Perils,Sedan,less than 20000,0,10061,8,400,2,more than 30,more than 30,2 to 4,2 years,36 to 40,No,No,External,1 to 2,no change,1 vehicle,1995,All Perils
8,1,3,Mazda,Urban,2,12,1,Male,Married,50,Policy Holder,Sedan - Collision,Sedan,20000 to 29000,0,10062,2,400,1,more than 30,more than 30,2 to 4,7 years,41 to 50,No,No,External,none,no change,1 vehicle,1995,Collision
11,4,7,Pontiac,Urban,2,5,2,Male,Married,34,Policy Holder,Sedan - All Perils,Sedan,20000 to 29000,0,10063,14,400,3,more than 30,more than 30,1,7 years,31 to 35,No,No,External,none,no change,1 vehicle,1995,All Perils
2,4,7,Mazda,Urban,1,7,4,Male,Married,60,Policy Holder,Sedan - Collision,Sedan,20000 to 29000,0,10064,3,400,1,more than 30,more than 30,2 to 4,more than 7,51 to 65,No,No,External,3 to 5,no change,1 vehicle,1995,Collision
7,2,4,Pontiac,Urban,1,12,2,Male,Married,74,Policy Holder,Sedan - Liability,Sport,20000 to 29000,0,10065,15,400,4,more than 30,more than 30,2 to 4,more than 7,over 65,No,No,External,more than 5,no change,1 vehicle,1995,Liability
12,2,5,Toyota,Urban,1,12,2,Male,Single,34,Policy Holder,Sedan - Liability,Sport,more than 69000,0,10066,12,400,1,more than 30,more than 30,2 to 4,6 years,31 to 35,No,No,External,3 to 5,no change,1 vehicle,1995,Liability
12,1,7,Pontiac,Urban,2,4,1,Female,Single,32,Policy Holder,Sedan - Collision,Sedan,20000 to 29000,0,10067,12,400,3,more than 30,more than 30,more than 4,6 years,31 to 35,No,No,External,more than 5,no change,1 vehicle,1995,Collision
4,1,1,Saab,Urban,4,6,1,Female,Single,33,Policy Holder,Sedan - All Perils,Sedan,30000 to 39000,0,10068,11,400,3,more than 30,more than 30,none,5 years,31 to 35,No,No,External,none,no change,1 vehicle,1995,All Perils
6,3,6,Pontiac,Urban,2,6,4,Male,Single,26,Third Party,Sedan - Collision,Sedan,20000 to 29000,0,10069,15,400,2,more than 30,more than 30,none,7 years,31 to 35,No,No,External,none,no change,1 vehicle,1995,Collision
6,3,4,Toyota,Urban,2,7,4,Male,Married,54,Policy Holder,Sedan - Collision,Sedan,20000 to 29000,0,10070,12,400,2,more than 30,more than 30,2 to 4,more than 7,41 to 50,No,No,External,3 to 5,no change,1 vehicle,1995,Collision
6,5,2,Pontiac,Urban,2,6,1,Male,Married,70,Policy Holder,Sedan - Liability,Sport,20000 to 29000,0,10071,14,400,3,more than 30,more than 30,none,more than 7,over 65,No,No,External,none,no change,1 vehicle,1995,Liability
6,3,3,Pontiac,Urban,2,5,3,Female,Single,40,Third Party,Sedan - Liability,Sport,20000 to 29000,0,10072,7,400,3,more than 30,more than 30,2 to 4,more than 7,36 to 40,No,No,Internal,more than 5,no change,1 vehicle,1995,Liability
5,3,4,Mazda,Urban,2,10,4,Female,Married,28,Policy Holder,Sedan - Liability,Sport,20000 to 29000,0,10073,1,400,2,more than 30,more than 30,2 to 4,6 years,31 to 35,No,No,External,none,no change,1 vehicle,1995,Liability
10,1,6,Pontiac,Urban,2,12,2,Male,Single,30,Policy Holder,Sedan - Liability,Sport,20000 to 29000,0,10074,12,400,3,more than 30,more than 30,2 to 4,6 years,31 to 35,No,No,External,more than 5,no change,1 vehicle,1995,Liability
12,3,1,Ford,Urban,2,1,3,Male,Married,34,Policy Holder,Sedan - Liability,Sport,30000 to 39000,0,10075,11,400,4,more than 30,more than 30,more than 4,7 years,31 to 35,No,No,External,more than 5,no change,1 vehicle,1995,Liability
1,4,2,Mazda,Urban,4,9,4,Male,Married,36,Third Party,Sedan - Collision,Sedan,20000 to 29000,0,10076,9,700,1,more than 30,more than 30,2 to 4,7 years,36 to 40,No,No,External,more than 5,no change,1 vehicle,1995,Collision
9,4,4,VW,Urban,5,9,5,Male,Married,29,Policy Holder,Sedan - Liability,Sport,more than 69000,0,10077,3,400,2,more than 30,more than 30,none,7 years,31 to 35,No,No,Internal,more than 5,no change,1 vehicle,1995,Liability
9,5,6,Chevrolet,Urban,1,10,5,Male,Single,44,Policy Holder,Sedan - Liability,Sport,30000 to 39000,0,10078,2,400,3,more than 30,more than 30,none,7 years,36 to 40,Yes,No,Internal,1 to 2,no change,1 vehicle,1995,Liability
9,5,2,Toyota,Urban,4,10,1,Male,Married,32,Policy Holder,Sedan - Liability,Sport,20000 to 29000,0,10079,13,400,1,more than 30,more than 30,none,7 years,31 to 35,No,No,External,none,no change,1 vehicle,1995,Liability
10,1,2,Toyota,Urban,3,10,1,Male,Married,30,Policy Holder,Sedan - All Perils,Sedan,less than 20000,0,10080,7,400,1,more than 30,more than 30,1,6 years,31 to 35,No,No,External,none,no change,1 vehicle,1995,All Perils
10,1,3,Pontiac,Urban,5,10,1,Male,Married,74,Policy Holder,Sedan - Collision,Sedan,20000 to 29000,0,10081,13,400,3,more than 30,more than 30,none,7 years,over 65,No,No,External,3 to 5,4 to 8 years,2 vehicles,1995,Collision
10,2,3,Ford,Urban,3,10,2,Female,Single,33,Policy Holder,Sedan - Liability,Sport,40000 to 59000,0,10082,4,400,2,more than 30,more than 30,more than 4,7 years,31 to 35,No,No,External,more than 5,no change,1 vehicle,1995,Liability
10,2,3,Toyota,Urban,5,10,4,Male,Married,34,Third Party,Sedan - Liability,Sport,20000 to 29000,0,10083,4,400,4,more than 30,more than 30,none,7 years,31 to 35,No,No,External,1 to 2,no change,1 vehicle,1995,Liability
10,2,1,Mazda,Urban,5,2,3,Male,Married,35,Policy Holder,Sedan - Liability,Sport,20000 to 29000,0,10084,16,400,4,more than 30,more than 30,2 to 4,6 years,31 to 35,No,No,External,more than 5,no change,1 vehicle,1995,Liability
2,2,1,Pontiac,Urban,5,10,3,Female,Single,51,Third Party,Sedan - All Perils,Sedan,less than 20000,0,10085,2,400,3,more than 30,more than 30,none,more than 7,41 to 50,No,No,External,3 to 5,no change,1 vehicle,1995,All Perils
10,2,6,Mazda,Urban,3,10,2,Male,Married,38,Policy Holder,Sedan - Liability,Sport,30000 to 39000,0,10086,5,400,1,more than 30,more than 30,none,7 years,36 to 40,No,No,External,3 to 5,no change,1 vehicle,1995,Liability
10,2,1,Chevrolet,Urban,5,3,2,Male,Married,43,Policy Holder,Sedan - Collision,Sedan,30000 to 39000,0,10087,8,400,2,more than 30,more than 30,2 to 4,7 years,36 to 40,No,No,External,more than 5,no change,3 to 4,1995,Collision
2,2,1,Honda,Urban,3,3,2,Male,Single,35,Policy Holder,Sedan - Collision,Sedan,20000 to 29000,1,10088,3,400,4,more than 30,more than 30,2 to 4,5 years,31 to 35,No,No,External,1 to 2,no change,1 vehicle,1995,Collision
2,2,5,Mazda,Urban,4,6,1,Male,Married,64,Policy Holder,Sedan - Collision,Sedan,30000 to 39000,1,10089,11,400,2,more than 30,more than 30,more than 4,6 years,51 to 65,No,No,External,none,no change,1 vehicle,1995,Collision
5,4,2,Pontiac,Urban,3,2,3,Female,Married,38,Policy Holder,Sedan - Liability,Sport,20000 to 29000,0,10090,14,400,1,more than 30,more than 30,2 to 4,7 years,36 to 40,No,No,External,none,no change,1 vehicle,1995,Liability
1,4,2,Toyota,Urban,4,1,1,Male,Married,35,Policy Holder,Sedan - Collision,Sedan,30000 to 39000,0,10091,15,400,4,more than 30,more than 30,2 to 4,7 years,31 to 35,No,No,External,1 to 2,no change,1 vehicle,1995,Collision
1,4,7,Honda,Urban,3,12,4,Female,Divorced,31,Policy Holder,Sedan - Collision,Sedan,20000 to 29000,0,10092,7,400,2,more than 30,more than 30,more than 4,5 years,31 to 35,Yes,No,External,none,no change,1 vehicle,1995,Collision
12,3,2,Pontiac,Urban,4,11,4,Female,Married,62,Policy Holder,Sedan - Liability,Sport,20000 to 29000,0,10093,7,400,2,more than 30,more than 30,none,7 years,51 to 65,No,No,External,more than 5,no change,1 vehicle,1995,Liability
11,3,2,Mazda,Urban,3,1,3,Male,Married,72,Policy Holder,Sedan - Liability,Sport,20000 to 29000,0,10094,5,400,1,more than 30,more than 30,none,more than 7,over 65,No,No,External,3 to 5,no change,1 vehicle,1995,Liability
11,3,4,Chevrolet,Urban,4,10,4,Male,Married,53,Policy Holder,Sedan - Liability,Sport,30000 to 39000,0,10095,16,400,2,more than 30,more than 30,more than 4,7 years,41 to 50,No,No,External,more than 5,no change,1 vehicle,1995,Liability
10,1,5,Pontiac,Urban,4,8,1,Male,Married,39,Policy Holder,Sedan - Liability,Sport,20000 to 29000,0,10096,3,400,2,more than 30,more than 30,more than 4,7 years,36 to 40,No,No,External,more than 5,no change,1 vehicle,1995,Liability
8,1,4,Mazda,Rural,4,5,2,Male,Married,56,Policy Holder,Sedan - All Perils,Sedan,20000 to 29000,0,10097,10,400,4,more than 30,more than 30,none,more than 7,51 to 65,No,No,External,1 to 2,no change,1 vehicle,1995,All Perils
5,3,6,Toyota,Urban,5,2,3,Male,Married,27,Policy Holder,Sedan - Collision,Sedan,20000 to 29000,0,10098,15,400,4,more than 30,more than 30,1,7 years,31 to 35,No,No,External,none,no change,1 vehicle,1995,Collision
1,5,1,Pontiac,Urban,4,2,1,Male,Single,39,Policy Holder,Sedan - Liability,Sport,20000 to 29000,0,10099,4,500,4,more than 30,more than 30,2 to 4,6 years,36 to 40,Yes,No,External,none,no change,1 vehicle,1995,Liability
1,5,2,Honda,Urban,2,2,1,Male,Married,26,Policy Holder,Sedan - Liability,Sport,20000 to 29000,0,10100,12,400,1,more than 30,more than 30,more than 4,6 years,31 to 35,No,No,External,3 to 5,no change,1 vehicle,1995,Liability
2,3,2,Mazda,Rural,2,1,4,Male,Married,35,Policy Holder,Sedan - Collision,Sedan,20000 to 29000,1,10101,6,400,2,more than 30,more than 30,none,6 years,31 to 35,No,No,External,none,no change,1 vehicle,1995,Collision
1,3,4,Pontiac,Urban,2,1,4,Male,Married,29,Third Party,Sedan - Collision,Sedan,30000 to 39000,0,10102,1,400,2,more than 30,more than 30,none,6 years,31 to 35,Yes,No,External,none,1 year,2 vehicles,1995,Collision
1,3,1,Toyota,Urban,3,7,4,Male,Married,39,Policy Holder,Sedan - Liability,Sport,20000 to 29000,0,10103,11,400,3,more than 30,more than 30,more than 4,7 years,36 to 40,No,No,External,more than 5,no change,1 vehicle,1995,Liability
7,4,2,Chevrolet,Urban,4,8,4,Male,Married,39,Policy Holder,Sedan - Liability,Sport,more than 69000,0,10104,7,400,1,more than 30,more than 30,2 to 4,7 years,36 to 40,No,No,External,more than 5,no change,1 vehicle,1995,Liability
8,1,2,Mazda,Urban,4,8,1,Male,Married,41,Policy Holder,Sedan - Collision,Sedan,20000 to 29000,0,10105,5,400,3,more than 30,more than 30,1,7 years,36 to 40,No,No,External,1 to 2,no change,1 vehicle,1995,Collision
8,4,2,Honda,Urban,2,6,4,Male,Married,32,Policy Holder,Sedan - Collision,Sedan,20000 to 29000,0,10106,14,400,1,more than 30,more than 30,none,6 years,31 to 35,No,No,External,none,no change,1 vehicle,1995,Collision
6,4,2,Pontiac,Urban,1,2,4,Male,Single,35,Policy Holder,Sedan - Liability,Sport,30000 to 39000,0,10107,7,700,1,more than 30,more than 30,1,7 years,31 to 35,No,No,External,none,no change,1 vehicle,1995,Liability
2,3,1,Saturn,Urban,1,12,4,Male,Married,57,Third Party,Sedan - All Perils,Sedan,20000 to 29000,0,10108,9,400,2,more than 30,more than 30,none,more than 7,51 to 65,No,No,External,none,no change,1 vehicle,1995,All Perils
10,4,4,Honda,Urban,5,11,1,Male,Married,37,Policy Holder,Sport - Collision,Sport,more than 69000,0,10109,7,400,1,more than 30,more than 30,2 to 4,3 years,36 to 40,No,No,External,none,no change,1 vehicle,1995,Collision
11,2,6,Toyota,Urban,4,11,3,Female,Married,54,Third Party,Sedan - Collision,Sedan,20000 to 29000,0,10110,2,400,1,more than 30,more than 30,2 to 4,more than 7,41 to 50,No,No,External,3 to 5,no change,1 vehicle,1995,Collision
11,1,5,Toyota,Urban,3,2,3,Male,Married,42,Policy Holder,Sedan - Collision,Sedan,20000 to 29000,0,10111,11,400,1,more than 30,more than 30,none,7 years,36 to 40,No,No,External,none,no change,1 vehicle,1995,Collision
1,4,4,Toyota,Urban,4,2,1,Male,Married,33,Third Party,Sedan - All Perils,Sedan,20000 to 29000,0,10112,9,400,4,more than 30,more than 30,2 to 4,7 years,31 to 35,No,No,External,more than 5,no change,1 vehicle,1995,All Perils
1,4,1,Pontiac,Urban,3,1,1,Male,Single,51,Policy Holder,Utility - All Perils,Utility,more than 69000,0,10113,5,400,4,more than 30,more than 30,more than 4,7 years,41 to 50,No,No,External,more than 5,no change,1 vehicle,1995,All Perils
1,3,2,Nisson,Urban,3,7,4,Male,Married,56,Policy Holder,Sedan - Collision,Sedan,40000 to 59000,0,10114,6,400,1,8 to 15,15 to 30,none,more than 7,51 to 65,No,No,External,none,no change,1 vehicle,1995,Collision
7,1,1,Toyota,Urban,1,10,1,Male,Married,58,Policy Holder,Sedan - Liability,Sport,20000 to 29000,0,10115,5,400,4,more than 30,more than 30,2 to 4,7 years,51 to 65,No,No,External,none,no change,1 vehicle,1995,Liability
10,4,2,Pontiac,Urban,4,2,4,Male,Single,31,Policy Holder,Sedan - Liability,Sport,20000 to 29000,0,10116,10,400,4,more than 30,more than 30,more than 4,5 years,31 to 35,No,No,External,more than 5,no change,1 vehicle,1995,Liability
2,3,3,Honda,Urban,1,2,3,Male,Single,0,Policy Holder,Utility - All Perils,Utility,more than 69000,1,10117,11,400,1,more than 30,more than 30,none,new,16 to 17,No,No,External,none,no change,1 vehicle,1995,All Perils
2,2,5,Pontiac,Urban,2,10,5,Male,Single,27,Third Party,Sedan - Liability,Sport,30000 to 39000,0,10118,15,400,1,more than 30,more than 30,1,6 years,31 to 35,No,No,External,more than 5,no change,1 vehicle,1995,Liability
5,2,3,Toyota,Urban,4,5,4,Male,Married,42,Policy Holder,Sedan - All Perils,Sedan,20000 to 29000,0,10119,13,400,2,more than 30,more than 30,none,7 years,36 to 40,Yes,No,External,none,no change,1 vehicle,1995,All Perils
5,2,6,Honda,Urban,3,7,2,Male,Married,49,Policy Holder,Sedan - Liability,Sport,20000 to 29000,0,10120,8,400,3,more than 30,more than 30,2 to 4,more than 7,41 to 50,No,No,External,none,no change,1 vehicle,1995,Liability
7,1,2,Pontiac,Urban,5,9,2,Male,Single,38,Policy Holder,Sedan - Liability,Sport,30000 to 39000,0,10121,16,400,2,more than 30,more than 30,more than 4,more than 7,36 to 40,No,No,External,none,no change,1 vehicle,1995,Liability
8,5,2,Toyota,Urban,3,2,1,Male,Married,55,Policy Holder,Sedan - Collision,Sedan,20000 to 29000,0,10122,8,400,1,more than 30,more than 30,2 to 4,7 years,41 to 50,No,No,Internal,none,no change,1 vehicle,1995,Collision
12,4,5,Toyota,Urban,5,6,1,Female,Married,45,Third Party,Sedan - All Perils,Sedan,less than 20000,0,10123,4,400,4,more than 30,more than 30,none,4 years,36 to 40,No,No,External,none,4 to 8 years,2 vehicles,1995,All Perils
5,1,3,Pontiac,Urban,4,2,1,Male,Married,43,Policy Holder,Sedan - Liability,Sport,20000 to 29000,0,10124,8,400,1,more than 30,more than 30,more than 4,7 years,36 to 40,No,No,External,3 to 5,no change,1 vehicle,1995,Liability
2,3,1,Pontiac,Urban,5,9,3,Male,Single,36,Policy Holder,Utility - All Perils,Utility,40000 to 59000,1,10125,13,400,2,more than 30,more than 30,more than 4,7 years,36 to 40,No,No,External,none,no change,1 vehicle,1995,All Perils
9,2,4,Toyota,Urban,5,10,3,Male,Married,35,Third Party,Sedan - Collision,Sedan,20000 to 29000,0,10126,4,400,2,more than 30,more than 30,2 to 4,7 years,31 to 35,No,No,External,1 to 2,no change,1 vehicle,1995,Collision
10,4,5,Toyota,Urban,5,10,4,Male,Married,29,Policy Holder,Sedan - Liability,Sport,20000 to 29000,0,10127,14,400,2,more than 30,more than 30,more than 4,7 years,31 to 35,No,No,External,1 to 2,no change,1 vehicle,1995,Liability
10,2,6,Pontiac,Urban,2,10,2,Male,Married,52,Policy Holder,Sedan - Collision,Sedan,20000 to 29000,0,10128,6,400,1,more than 30,more than 30,2 to 4,more than 7,41 to 50,No,No,External,none,no change,3 to 4,1995,Collision
10,3,1,Mazda,Urban,2,12,3,Male,Married,53,Policy Holder,Sedan - Collision,Sedan,20000 to 29000,0,10129,5,400,3,more than 30,more than 30,none,more than 7,41 to 50,No,No,External,more than 5,no change,1 vehicle,1995,Collision
12,2,2,Honda,Rural,3,4,4,Male,Married,42,Policy Holder,Sedan - All Perils,Sedan,20000 to 29000,0,10130,1,400,4,more than 30,more than 30,1,more than 7,36 to 40,No,No,External,more than 5,no change,1 vehicle,1995,All Perils
4,3,1,Pontiac,Urban,3,5,3,Male,Married,45,Policy Holder,Sedan - All Perils,Sedan,20000 to 29000,0,10131,16,400,4,more than 30,more than 30,2 to 4,7 years,36 to 40,No,No,External,none,no change,1 vehicle,1995,All Perils
5,3,1,Chevrolet,Urban,2,5,3,Female,Single,33,Policy Holder,Sedan - Liability,Sport,20000 to 29000,0,10132,3,400,1,more than 30,more than 30,2 to 4,6 years,31 to 35,No,No,External,none,no change,1 vehicle,1995,Liability
5,3,6,VW,Urban,2,9,3,Male,Married,59,Policy Holder,Sedan - Collision,Sedan,30000 to 39000,0,10133,3,400,1,more than 30,more than 30,1,more than 7,51 to 65,No,No,External,1 to 2,no change,1 vehicle,1995,Collision
9,1,1,Pontiac,Urban,1,11,3,Male,Married,41,Policy Holder,Sedan - Collision,Sedan,20000 to 29000,0,10134,10,400,1,more than 30,more than 30,2 to 4,7 years,36 to 40,Yes,No,External,more than 5,no change,1 vehicle,1995,Collision
9,3,2,VW,Urban,1,11,3,Male,Single,38,Policy Holder,Sedan - Collision,Sedan,more than 69000,0,10135,9,400,1,more than 30,more than 30,1,7 years,36 to 40,No,No,External,1 to 2,no change,1 vehicle,1995,Collision
11,2,6,Honda,Urban,5,12,3,Male,Single,60,Policy Holder,Sedan - Liability,Sport,20000 to 29000,0,10136,3,400,3,more than 30,more than 30,2 to 4,7 years,51 to 65,No,No,External,more than 5,no change,1 vehicle,1995,Liability
12,2,6,Pontiac,Urban,4,2,4,Female,Married,28,Policy Holder,Sedan - Collision,Sedan,20000 to 29000,0,10137,7,400,4,more than 30,more than 30,2 to 4,6 years,31 to 35,No,No,External,more than 5,no change,1 vehicle,1995,Collision
1,3,3,Pontiac,Urban,4,6,1,Male,Married,35,Third Party,Sedan - Collision,Sedan,20000 to 29000,0,10138,7,700,3,more than 30,more than 30,1,7 years,31 to 35,No,No,External,none,no change,1 vehicle,1995,Collision
5,5,1,Chevrolet,Urban,3,6,2,Female,Married,33,Third Party,Sedan - All Perils,Sedan,20000 to 29000,0,10139,12,400,3,more than 30,more than 30,1,6 years,31 to 35,No,No,External,none,no change,1 vehicle,1995,All Perils
6,1,6,Toyota,Urban,2,6,2,Male,Married,57,Third Party,Sedan - All Perils,Sedan,20000 to 29000,0,10140,14,400,2,more than 30,more than 30,1,more than 7,51 to 65,No,No,External,more than 5,no change,1 vehicle,1995,All Perils
6,1,7,Honda,Urban,2,6,1,Male,Married,33,Third Party,Sedan - Collision,Sedan,20000 to 29000,0,10141,10,400,1,more than 30,more than 30,none,6 years,31 to 35,No,No,External,3 to 5,no change,1 vehicle,1995,Collision
6,1,5,Honda,Urban,5,9,1,Male,Married,38,Policy Holder,Sedan - Collision,Sedan,20000 to 29000,0,10142,1,400,2,more than 30,more than 30,none,more than 7,36 to 40,No,No,External,none,no change,1 vehicle,1995,Collision
9,3,5,Chevrolet,Rural,3,9,3,Male,Married,46,Policy Holder,Sedan - Liability,Sport,20000 to 29000,0,10143,11,400,4,more than 30,more than 30,1,more than 7,41 to 50,No,No,External,more than 5,no change,1 vehicle,1995,Liability
9,2,3,Pontiac,Urban,5,11,3,Male,Married,52,Policy Holder,Sedan - All Perils,Sedan,20000 to 29000,0,10144,16,400,3,more than 30,more than 30,more than 4,more than 7,41 to 50,No,No,External,3 to 5,4 to 8 years,2 vehicles,1995,All Perils
8,2,2,Pontiac,Urban,4,1,2,Female,Single,29,Policy Holder,Sedan - Collision,Sedan,20000 to 29000,0,10145,11,400,4,more than 30,more than 30,none,6 years,31 to 35,No,No,External,none,no change,1 vehicle,1995,Collision
7,4,6,Pontiac,Urban,1,6,4,Female,Married,42,Policy Holder,Sedan - All Perils,Sedan,20000 to 29000,0,10146,3,400,3,more than 30,more than 30,2 to 4,7 years,36 to 40,No,No,External,1 to 2,no change,1 vehicle,1995,All Perils
6,2,6,Toyota,Urban,1,2,2,Male,Married,46,Third Party,Sedan - All Perils,Sedan,more than 69000,0,10147,12,400,3,more than 30,more than 30,2 to 4,more than 7,41 to 50,No,No,External,1 to 2,no change,1 vehicle,1995,All Perils
2,3,4,Accura,Urban,3,2,4,Male,Married,38,Third Party,Sedan - All Perils,Sedan,30000 to 39000,0,10148,15,400,4,more than 30,more than 30,2 to 4,more than 7,36 to 40,No,No,External,none,no change,1 vehicle,1995,All Perils
2,3,4,Honda,Urban,1,2,4,Male,Single,22,Third Party,Sedan - Collision,Sedan,20000 to 29000,0,10149,12,400,3,more than 30,more than 30,2 to 4,5 years,26 to 30,No,No,External,none,no change,1 vehicle,1995,Collision
2,3,2,Pontiac,Urban,4,6,3,Male,Married,69,Policy Holder,Sedan - All Perils,Sedan,20000 to 29000,1,10150,13,500,1,more than 30,more than 30,2 to 4,7 years,over 65,No,No,External,more than 5,2 to 3 years,1 vehicle,1995,All Perils
6,3,3,Pontiac,Rural,4,6,4,Male,Single,22,Policy Holder,Sedan - Liability,Sport,20000 to 29000,0,10151,1,400,2,more than 30,more than 30,more than 4,5 years,26 to 30,No,No,External,1 to 2,no change,1 vehicle,1995,Liability
6,1,2,Honda,Urban,3,6,1,Male,Married,34,Policy Holder,Sedan - Liability,Sport,30000 to 39000,0,10152,12,400,2,more than 30,more than 30,none,6 years,31 to 35,No,No,External,more than 5,no change,1 vehicle,1995,Liability
5,5,4,Ford,Urban,1,2,2,Male,Married,74,Policy Holder,Sedan - All Perils,Sedan,40000 to 59000,0,10153,10,400,2,more than 30,more than 30,none,more than 7,over 65,No,No,External,1 to 2,no change,1 vehicle,1995,All Perils
2,3,6,Pontiac,Urban,3,5,3,Male,Married,49,Policy Holder,Sedan - All Perils,Sedan,20000 to 29000,1,10154,11,400,1,more than 30,more than 30,2 to 4,more than 7,41 to 50,No,No,External,1 to 2,no change,5 to 8,1995,All Perils
4,5,4,Chevrolet,Urban,1,2,1,Male,Married,61,Third Party,Sedan - Collision,Sedan,20000 to 29000,0,10155,15,400,2,more than 30,more than 30,2 to 4,more than 7,51 to 65,No,No,External,more than 5,no change,1 vehicle,1995,Collision
2,3,4,Pontiac,Urban,5,2,4,Male,Single,41,Policy Holder,Sedan - All Perils,Sedan,more than 69000,1,10156,14,400,3,more than 30,more than 30,none,7 years,36 to 40,No,No,External,3 to 5,no change,1 vehicle,1995,All Perils
2,3,6,Honda,Urban,2,11,3,Male,Married,35,Policy Holder,Sport - Collision,Sport,more than 69000,1,10157,5,400,4,more than 30,more than 30,none,6 years,31 to 35,No,No,External,none,no change,1 vehicle,1995,Collision
9,4,6,Chevrolet,Urban,5,10,2,Male,Single,32,Policy Holder,Sedan - Collision,Sedan,30000 to 39000,0,10158,8,400,1,more than 30,more than 30,2 to 4,6 years,31 to 35,No,No,External,none,no change,1 vehicle,1995,Collision
9,2,5,Chevrolet,Urban,4,9,2,Male,Married,37,Policy Holder,Sedan - All Perils,Sedan,20000 to 29000,0,10159,6,400,3,more than 30,more than 30,none,7 years,36 to 40,No,No,External,none,no change,1 vehicle,1995,All Perils
7,5,3,Mazda,Urban,3,8,2,Male,Single,33,Policy Holder,Sedan - Liability,Sport,20000 to 29000,0,10160,8,400,4,more than 30,more than 30,1,5 years,31 to 35,No,No,External,none,no change,1 vehicle,1995,Liability
7,3,4,Honda,Urban,3,5,1,Female,Single,35,Policy Holder,Sedan - Liability,Sport,30000 to 39000,0,10161,2,400,4,more than 30,more than 30,more than 4,6 years,31 to 35,No,No,External,3 to 5,no change,1 vehicle,1995,Liability
4,3,4,Mazda,Urban,3,3,4,Male,Single,21,Policy Holder,Sedan - Collision,Sedan,20000 to 29000,0,10162,12,400,3,more than 30,more than 30,2 to 4,3 years,26 to 30,No,No,External,1 to 2,no change,1 vehicle,1995,Collision
3,3,3,Pontiac,Urban,1,1,4,Male,Single,27,Third Party,Sedan - All Perils,Sedan,less than 20000,0,10163,15,400,2,more than 30,more than 30,2 to 4,5 years,31 to 35,No,No,External,none,no change,1 vehicle,1995,All Perils
12,4,1,Toyota,Urban,4,6,1,Male,Married,39,Third Party,Sedan - All Perils,Sedan,20000 to 29000,0,10164,3,400,3,more than 30,more than 30,2 to 4,7 years,36 to 40,No,No,External,none,no change,1 vehicle,1995,All Perils
6,2,6,Honda,Urban,4,8,3,Male,Married,45,Third Party,Sedan - Collision,Sedan,30000 to 39000,0,10165,1,400,4,more than 30,more than 30,none,7 years,36 to 40,No,No,External,1 to 2,4 to 8 years,2 vehicles,1995,Collision
8,1,2,Pontiac,Urban,3,11,2,Male,Single,23,Policy Holder,Sedan - Collision,Sedan,30000 to 39000,0,10166,15,400,1,more than 30,more than 30,1,5 years,26 to 30,No,No,External,3 to 5,no change,1 vehicle,1995,Collision
11,2,4,Chevrolet,Urban,3,10,2,Male,Married,34,Policy Holder,Sedan - Collision,Sedan,30000 to 39000,0,10167,4,400,3,more than 30,more than 30,more than 4,7 years,31 to 35,No,No,External,1 to 2,no change,1 vehicle,1995,Collision
10,3,5,Pontiac,Urban,1,10,4,Male,Married,28,Policy Holder,Sedan - Collision,Sedan,20000 to 29000,0,10168,16,400,1,more than 30,more than 30,1,6 years,31 to 35,No,No,External,1 to 2,no change,1 vehicle,1995,Collision
10,3,5,Pontiac,Urban,4,2,4,Male,Married,43,Policy Holder,Sedan - All Perils,Sedan,20000 to 29000,0,10169,15,400,4,more than 30,more than 30,2 to 4,5 years,36 to 40,No,No,External,more than 5,no change,3 to 4,1995,All Perils
2,3,1,Saturn,Urban,3,9,4,Male,Married,46,Third Party,Sedan - Collision,Sedan,30000 to 39000,0,10170,9,400,3,more than 30,more than 30,1,7 years,41 to 50,No,No,Internal,3 to 5,no change,1 vehicle,1995,Collision
9,1,6,Toyota,Urban,4,6,1,Female,Married,35,Policy Holder,Sedan - All Perils,Sedan,20000 to 29000,0,10171,14,400,4,more than 30,more than 30,none,7 years,31 to 35,No,No,External,3 to 5,no change,1 vehicle,1995,All Perils
6,2,5,Pontiac,Urban,3,2,4,Male,Married,33,Policy Holder,Sedan - Collision,Sedan,20000 to 29000,0,10172,14,400,2,more than 30,more than 30,none,7 years,31 to 35,No,No,External,1 to 2,no change,1 vehicle,1995,Collision
2,3,5,Toyota,Urban,2,2,4,Male,Single,29,Third Party,Sedan - Collision,Sedan,20000 to 29000,0,10173,1,400,1,more than 30,more than 30,more than 4,6 years,31 to 35,No,No,External,none,no change,1 vehicle,1995,Collision
2,1,5,Toyota,Urban,5,2,2,Male,Married,49,Third Party,Sedan - Liability,Sport,30000 to 39000,0,10174,7,400,4,more than 30,more than 30,2 to 4,more than 7,41 to 50,No,No,External,none,no change,1 vehicle,1995,Liability
2,1,1,Pontiac,Urban,5,2,2,Male,Married,49,Third Party,Sedan - All Perils,Sedan,30000 to 39000,0,10175,13,400,2,more than 30,more than 30,none,6 years,41 to 50,No,No,External,1 to 2,no change,1 vehicle,1995,All Perils
1,5,6,Toyota,Urban,3,2,1,Male,Single,30,Policy Holder,Sedan - All Perils,Sedan,20000 to 29000,0,10176,8,400,2,more than 30,more than 30,2 to 4,6 years,31 to 35,No,No,External,none,no change,1 vehicle,1995,All Perils
1,5,3,Pontiac,Urban,3,1,1,Male,Single,33,Policy Holder,Sedan - All Perils,Sedan,20000 to 29000,0,10177,4,400,1,more than 30,more than 30,none,7 years,31 to 35,No,No,External,none,no change,1 vehicle,1995,All Perils
1,2,3,Toyota,Urban,4,1,2,Male,Married,32,Third Party,Sedan - Collision,Sedan,20000 to 29000,0,10178,9,400,1,more than 30,more than 30,1,6 years,31 to 35,No,No,Internal,1 to 2,no change,1 vehicle,1995,Collision
1,2,5,Toyota,Urban,5,2,2,Male,Married,64,Policy Holder,Sedan - Collision,Sedan,20000 to 29000,0,10179,8,400,1,more than 30,more than 30,2 to 4,more than 7,51 to 65,No,No,External,none,no change,1 vehicle,1995,Collision
2,3,1,Mazda,Urban,3,7,3,Male,Married,30,Third Party,Sedan - Collision,Sedan,more than 69000,0,10180,6,400,4,more than 30,more than 30,1,6 years,31 to 35,No,No,External,1 to 2,no change,1 vehicle,1995,Collision
7,3,4,Pontiac,Rural,1,1,3,Male,Married,56,Policy Holder,Sedan - All Perils,Sedan,less than 20000,0,10181,15,400,1,more than 30,more than 30,none,7 years,51 to 65,No,No,External,1 to 2,no change,1 vehicle,1995,All Perils
12,5,5,Honda,Urban,3,1,1,Male,Single,0,Policy Holder,Utility - All Perils,Utility,more than 69000,0,10182,3,400,3,more than 30,more than 30,1,new,16 to 17,No,No,External,none,no change,1 vehicle,1995,All Perils
12,5,6,Pontiac,Urban,4,2,2,Male,Married,28,Policy Holder,Sedan - Collision,Sedan,20000 to 29000,0,10183,13,400,3,more than 30,more than 30,none,5 years,31 to 35,No,No,External,none,no change,1 vehicle,1995,Collision
2,3,5,Accura,Urban,1,1,4,Male,Married,61,Policy Holder,Sedan - All Perils,Sedan,30000 to 39000,1,10184,8,400,4,more than 30,more than 30,more than 4,more than 7,51 to 65,No,No,External,none,no change,1 vehicle,1995,All Perils
12,5,5,Toyota,Urban,3,1,1,Male,Married,51,Policy Holder,Sedan - All Perils,Sedan,20000 to 29000,0,10185,9,400,3,more than 30,more than 30,none,6 years,41 to 50,No,No,External,more than 5,no change,1 vehicle,1995,All Perils
12,5,1,Chevrolet,Rural,3,1,2,Male,Married,30,Third Party,Sedan - Liability,Sport,40000 to 59000,0,10186,14,400,3,more than 30,more than 30,2 to 4,7 years,31 to 35,No,No,External,more than 5,4 to 8 years,2 vehicles,1995,Liability
1,1,1,Pontiac,Urban,2,2,2,Male,Married,45,Third Party,Sedan - All Perils,Sedan,20000 to 29000,0,10187,13,400,1,more than 30,more than 30,none,6 years,36 to 40,No,No,External,1 to 2,no change,1 vehicle,1995,All Perils
12,3,1,Mazda,Urban,2,1,1,Female,Single,30,Policy Holder,Sedan - Liability,Sport,20000 to 29000,0,10188,7,400,2,more than 30,more than 30,more than 4,6 years,31 to 35,No,No,External,none,no change,1 vehicle,1995,Liability
12,4,7,Pontiac,Urban,1,1,1,Male,Single,23,Third Party,Sedan - All Perils,Sedan,less than 20000,0,10189,9,400,2,more than 30,more than 30,more than 4,5 years,26 to 30,No,No,External,more than 5,no change,1 vehicle,1995,All Perils
12,4,2,Pontiac,Urban,1,3,1,Male,Married,65,Third Party,Sedan - Collision,Sedan,20000 to 29000,0,10190,4,400,2,more than 30,more than 30,none,more than 7,51 to 65,No,No,External,more than 5,no change,1 vehicle,1995,Collision
3,2,7,Pontiac,Urban,2,4,4,Male,Married,43,Policy Holder,Sedan - All Perils,Sedan,20000 to 29000,0,10191,11,400,1,more than 30,more than 30,none,7 years,36 to 40,No,No,External,3 to 5,no change,1 vehicle,1995,All Perils
4,1,7,Mazda,Rural,4,4,1,Male,Married,28,Third Party,Sedan - Collision,Sedan,20000 to 29000,0,10192,3,400,4,more than 30,more than 30,none,7 years,31 to 35,No,No,External,none,no change,1 vehicle,1995,Collision
4,1,1,Chevrolet,Urban,4,4,2,Male,Married,61,Policy Holder,Sedan - Liability,Sport,30000 to 39000,0,10193,2,400,2,more than 30,more than 30,2 to 4,more than 7,51 to 65,No,No,External,more than 5,1 year,1 vehicle,1995,Liability
4,1,1,Honda,Urban,1,3,2,Male,Married,42,Policy Holder,Sedan - All Perils,Sedan,30000 to 39000,0,10194,12,400,3,more than 30,more than 30,2 to 4,more than 7,36 to 40,No,No,External,none,no change,1 vehicle,1995,All Perils
3,4,1,Honda,Urban,3,4,4,Male,Married,31,Third Party,Sedan - All Perils,Sedan,more than 69000,0,10195,15,400,2,more than 30,more than 30,none,new,31 to 35,No,No,External,none,no change,1 vehicle,1995,All Perils
4,2,5,Mazda,Rural,1,4,2,Male,Married,57,Policy Holder,Sedan - All Perils,Sedan,30000 to 39000,0,10196,8,400,4,more than 30,more than 30,2 to 4,more than 7,51 to 65,No,No,External,3 to 5,no change,1 vehicle,1995,All Perils
4,2,7,Mazda,Urban,1,4,2,Male,Married,52,Third Party,Sedan - All Perils,Sedan,30000 to 39000,0,10197,7,400,3,more than 30,more than 30,1,more than 7,41 to 50,No,No,External,none,no change,1 vehicle,1995,All Perils
4,4,5,Chevrolet,Urban,3,4,4,Male,Married,56,Policy Holder,Sedan - Liability,Sport,20000 to 29000,0,10198,3,400,3,more than 30,more than 30,none,7 years,51 to 65,No,No,External,none,no change,1 vehicle,1995,Liability
4,4,5,Pontiac,Rural,2,6,4,Male,Married,32,Policy Holder,Sedan - All Perils,Sedan,20000 to 29000,0,10199,14,400,1,more than 30,more than 30,none,7 years,31 to 35,No,No,External,1 to 2,no change,1 vehicle,1995,All Perils
6,3,4,Mazda,Urban,4,6,4,Female,Single,35,Policy Holder,Sedan - Collision,Sedan,20000 to 29000,0,10200,12,400,4,more than 30,more than 30,none,5 years,31 to 35,No,No,Internal,none,no change,1 vehicle,1995,Collision
6,3,6,Toyota,Urban,1,6,3,Female,Married,53,Policy Holder,Sedan - Liability,Sport,20000 to 29000,0,10201,6,500,4,more than 30,more than 30,more than 4,6 years,41 to 50,No,No,External,more than 5,2 to 3 years,1 vehicle,1995,Liability
6,2,4,Toyota,Urban,1,1,2,Female,Single,25,Third Party,Sedan - Collision,Sedan,less than 20000,0,10202,12,400,2,more than 30,more than 30,none,5 years,26 to 30,No,No,External,none,no change,1 vehicle,1995,Collision
1,4,1,Chevrolet,Urban,2,1,5,Male,Married,29,Third Party,Utility - All Perils,Utility,more than 69000,0,10203,5,400,4,more than 30,more than 30,more than 4,7 years,31 to 35,No,No,External,none,no change,1 vehicle,1995,All Perils
1,3,4,Toyota,Rural,1,4,3,Male,Married,78,Policy Holder,Sedan - All Perils,Sedan,less than 20000,0,10204,9,400,3,more than 30,more than 30,1,more than 7,over 65,No,No,External,more than 5,no change,1 vehicle,1995,All Perils
4,2,4,Chevrolet,Urban,5,5,3,Male,Single,37,Policy Holder,Sedan - Collision,Sedan,20000 to 29000,0,10205,1,400,1,more than 30,more than 30,2 to 4,7 years,36 to 40,No,No,External,more than 5,no change,1 vehicle,1995,Collision
5,2,3,Honda,Urban,3,5,2,Male,Married,30,Policy Holder,Sport - Collision,Sport,more than 69000,0,10206,6,400,4,more than 30,more than 30,none,7 years,31 to 35,No,No,External,none,no change,1 vehicle,1995,Collision
5,1,2,Honda,Urban,5,5,1,Male,Married,44,Policy Holder,Sedan - Liability,Sport,30000 to 39000,0,10207,4,400,4,more than 30,more than 30,2 to 4,7 years,36 to 40,No,No,External,1 to 2,4 to 8 years,2 vehicles,1995,Liability
5,1,4,Mazda,Rural,5,4,1,Male,Married,49,Policy Holder,Sedan - Collision,Sedan,20000 to 29000,0,10208,5,400,4,more than 30,more than 30,2 to 4,7 years,41 to 50,No,No,External,none,no change,1 vehicle,1995,Collision
4,2,2,Mazda,Urban,2,4,4,Female,Single,28,Third Party,Sedan - Collision,Sedan,20000 to 29000,0,10209,16,400,4,more than 30,more than 30,more than 4,5 years,31 to 35,No,No,External,more than 5,no change,1 vehicle,1995,Collision
4,1,1,Pontiac,Urban,1,6,1,Male,Married,34,Policy Holder,Sedan - All Perils,Sedan,30000 to 39000,0,10210,1,400,3,more than 30,more than 30,2 to 4,7 years,31 to 35,No,No,External,none,no change,3 to 4,1995,All Perils
5,5,2,Pontiac,Urban,2,5,2,Female,Single,23,Policy Holder,Sedan - Collision,Sedan,20000 to 29000,0,10211,13,400,2,more than 30,more than 30,none,3 years,26 to 30,No,No,External,3 to 5,no change,1 vehicle,1995,Collision
5,4,5,Chevrolet,Rural,5,7,5,Male,Married,33,Policy Holder,Sedan - Liability,Sport,20000 to 29000,0,10212,4,400,4,more than 30,more than 30,none,6 years,31 to 35,No,No,External,none,no change,1 vehicle,1995,Liability
7,2,1,Mazda,Urban,1,7,2,Male,Married,42,Policy Holder,Sedan - Liability,Sport,30000 to 39000,0,10213,13,400,1,more than 30,more than 30,more than 4,7 years,36 to 40,No,No,External,more than 5,no change,1 vehicle,1995,Liability
7,1,6,Pontiac,Urban,3,11,1,Male,Single,24,Third Party,Sedan - All Perils,Sedan,20000 to 29000,0,10214,9,400,4,more than 30,more than 30,none,5 years,26 to 30,No,No,External,3 to 5,no change,1 vehicle,1995,All Perils
11,2,7,Pontiac,Urban,1,11,5,Male,Single,27,Policy Holder,Sedan - All Perils,Sedan,less than 20000,0,10215,9,400,3,more than 30,more than 30,2 to 4,5 years,31 to 35,No,No,External,none,no change,1 vehicle,1995,All Perils
10,5,4,Pontiac,Urban,5,12,2,Male,Single,20,Policy Holder,Sedan - All Perils,Sedan,20000 to 29000,0,10216,7,400,1,more than 30,more than 30,2 to 4,3 years,21 to 25,No,No,External,more than 5,no change,1 vehicle,1995,All Perils
12,2,1,Ford,Rural,3,12,2,Male,Married,67,Policy Holder,Sedan - Collision,Sedan,60000 to 69000,0,10217,7,400,4,more than 30,more than 30,2 to 4,more than 7,over 65,No,No,External,more than 5,no change,1 vehicle,1995,Collision
12,1,1,Toyota,Urban,3,12,2,Female,Single,43,Policy Holder,Sedan - Collision,Sedan,30000 to 39000,0,10218,16,400,4,more than 30,more than 30,2 to 4,7 years,36 to 40,No,No,External,more than 5,no change,1 vehicle,1995,Collision
12,1,6,Honda,Urban,1,6,5,Male,Single,28,Third Party,Sedan - Collision,Sedan,20000 to 29000,0,10219,3,400,3,more than 30,more than 30,1,6 years,31 to 35,No,No,External,none,no change,1 vehicle,1995,Collision
6,3,2,Honda,Urban,5,6,3,Male,Married,50,Policy Holder,Sedan - Liability,Sport,30000 to 39000,0,10220,16,400,2,more than 30,more than 30,more than 4,7 years,41 to 50,No,No,External,3 to 5,no change,1 vehicle,1995,Liability
6,1,6,Toyota,Urban,4,6,4,Male,Single,49,Policy Holder,Sedan - Liability,Sport,20000 to 29000,0,10221,3,400,1,more than 30,more than 30,more than 4,7 years,41 to 50,No,No,External,none,no change,1 vehicle,1995,Liability
5,1,7,Pontiac,Urban,7,2,4,Female,Married,27,Policy Holder,Sedan - Collision,Sedan,20000 to 29000,0,10222,13,400,4,more than 30,more than 30,2 to 4,6 years,31 to 35,No,No,External,1 to 2,no change,1 vehicle,1995,Collision
2,3,1,Honda,Urban,2,2,3,Male,Married,63,Policy Holder,Sport - Collision,Sport,more than 69000,1,10223,12,400,1,more than 30,more than 30,none,7 years,51 to 65,No,No,External,none,no change,1 vehicle,1995,Collision
2,3,6,Pontiac,Rural,5,9,4,Male,Married,38,Policy Holder,Sedan - All Perils,Sedan,30000 to 39000,1,10224,12,400,4,more than 30,more than 30,1,7 years,36 to 40,No,No,External,more than 5,no change,1 vehicle,1995,All Perils
9,1,1,Mazda,Urban,2,2,2,Male,Single,59,Third Party,Sedan - Collision,Sedan,more than 69000,0,10225,10,400,1,more than 30,more than 30,1,more than 7,51 to 65,No,No,External,more than 5,no change,1 vehicle,1995,Collision
2,3,5,Mazda,Rural,1,9,4,Male,Married,69,Third Party,Sedan - All Perils,Sedan,30000 to 39000,0,10226,2,400,1,more than 30,more than 30,none,more than 7,over 65,No,No,External,1 to 2,no change,1 vehicle,1995,All Perils
9,4,2,Pontiac,Urban,1,10,4,Female,Married,32,Third Party,Sedan - Collision,Sedan,20000 to 29000,0,10227,2,400,3,more than 30,more than 30,none,6 years,31 to 35,No,No,External,none,no change,1 vehicle,1995,Collision
3,4,3,Toyota,Urban,3,3,5,Male,Married,46,Policy Holder,Sedan - All Perils,Sedan,20000 to 29000,0,10228,12,400,3,more than 30,more than 30,1,more than 7,41 to 50,No,No,External,3 to 5,4 to 8 years,2 vehicles,1995,All Perils
3,1,1,Honda,Rural,1,3,1,Male,Single,0,Policy Holder,Sedan - Collision,Sedan,more than 69000,0,10229,2,400,3,more than 30,more than 30,none,new,16 to 17,No,No,External,none,no change,1 vehicle,1995,Collision
2,5,3,Toyota,Rural,3,4,2,Male,Married,34,Policy Holder,Sedan - Collision,Sedan,20000 to 29000,0,10230,3,400,3,more than 30,more than 30,1,6 years,31 to 35,No,No,External,more than 5,no change,1 vehicle,1995,Collision
4,4,2,Toyota,Urban,5,4,4,Male,Single,23,Policy Holder,Sedan - All Perils,Sedan,more than 69000,0,10231,11,400,2,more than 30,more than 30,none,2 years,26 to 30,No,No,External,none,no change,1 vehicle,1995,All Perils
3,5,4,Mazda,Urban,4,8,1,Male,Married,48,Third Party,Sedan - Collision,Sedan,less than 20000,0,10232,14,400,3,more than 30,more than 30,1,7 years,41 to 50,No,No,External,none,no change,1 vehicle,1995,Collision
8,4,3,Ford,Urban,1,10,4,Female,Married,38,Policy Holder,Sedan - Liability,Sport,40000 to 59000,0,10233,3,400,4,more than 30,more than 30,2 to 4,7 years,36 to 40,No,No,External,none,no change,1 vehicle,1995,Liability
7,4,2,Toyota,Urban,1,9,3,Male,Single,42,Policy Holder,Sedan - Liability,Sport,30000 to 39000,0,10234,8,400,2,more than 30,more than 30,1,7 years,36 to 40,No,No,External,none,no change,1 vehicle,1995,Liability
9,3,5,Pontiac,Urban,1,11,4,Male,Married,50,Policy Holder,Sedan - Liability,Sport,20000 to 29000,0,10235,8,400,1,more than 30,more than 30,1,more than 7,41 to 50,No,No,External,1 to 2,no change,1 vehicle,1995,Liability
10,5,2,Pontiac,Urban,2,1,5,Male,Single,33,Policy Holder,Sedan - Liability,Sport,30000 to 39000,0,10236,9,400,1,more than 30,more than 30,1,6 years,31 to 35,No,No,External,1 to 2,no change,1 vehicle,1995,Liability
10,2,4,Toyota,Urban,4,10,1,Male,Married,51,Third Party,Sedan - All Perils,Sedan,20000 to 29000,0,10237,3,400,2,more than 30,more than 30,2 to 4,more than 7,41 to 50,No,No,External,none,no change,1 vehicle,1995,All Perils
9,5,5,Pontiac,Urban,1,1,1,Male,Married,37,Third Party,Sedan - All Perils,Sedan,20000 to 29000,0,10238,12,400,4,more than 30,more than 30,1,6 years,36 to 40,No,Yes,External,none,no change,1 vehicle,1995,All Perils
12,3,5,Chevrolet,Urban,5,12,1,Male,Married,39,Policy Holder,Sedan - Liability,Sport,20000 to 29000,0,10239,15,400,2,more than 30,more than 30,none,more than 7,36 to 40,No,No,External,none,no change,1 vehicle,1995,Liability
12,1,1,Pontiac,Urban,4,6,2,Male,Married,49,Third Party,Sedan - All Perils,Sedan,20000 to 29000,0,10240,7,400,4,more than 30,more than 30,none,more than 7,41 to 50,No,No,External,1 to 2,no change,1 vehicle,1995,All Perils
5,5,7,Toyota,Urban,1,10,1,Male,Married,22,Policy Holder,Sedan - Collision,Sedan,20000 to 29000,0,10241,13,400,4,more than 30,more than 30,none,3 years,26 to 30,No,No,External,3 to 5,no change,1 vehicle,1995,Collision
10,4,5,Toyota,Urban,5,10,4,Male,Married,79,Policy Holder,Sedan - Collision,Sedan,30000 to 39000,0,10242,4,400,2,more than 30,more than 30,more than 4,more than 7,over 65,No,No,External,more than 5,no change,1 vehicle,1995,Collision
10,3,6,Accura,Urban,1,10,4,Male,Married,44,Policy Holder,Sedan - Liability,Sport,30000 to 39000,0,10243,2,400,3,more than 30,more than 30,1,more than 7,36 to 40,No,No,External,more than 5,no change,1 vehicle,1995,Liability
10,4,6,Toyota,Urban,1,11,4,Female,Single,27,Third Party,Sedan - Liability,Sport,more than 69000,0,10244,2,400,2,more than 30,more than 30,2 to 4,6 years,31 to 35,No,No,External,more than 5,no change,1 vehicle,1995,Liability
11,4,2,Chevrolet,Urban,1,9,4,Male,Single,29,Third Party,Sedan - All Perils,Sedan,20000 to 29000,0,10245,9,400,3,more than 30,more than 30,none,7 years,31 to 35,No,No,External,none,no change,1 vehicle,1995,All Perils
8,5,1,Chevrolet,Urban,5,2,1,Female,Married,51,Third Party,Sedan - All Perils,Sedan,20000 to 29000,0,10246,9,400,4,more than 30,more than 30,1,7 years,41 to 50,Yes,No,External,more than 5,no change,1 vehicle,1995,All Perils
2,3,2,Honda,Urban,4,2,4,Male,Single,47,Third Party,Sedan - Collision,Sedan,30000 to 39000,0,10247,7,400,1,more than 30,more than 30,1,more than 7,41 to 50,No,No,External,1 to 2,no change,1 vehicle,1995,Collision
2,4,2,Mazda,Urban,3,2,4,Male,Married,29,Policy Holder,Sedan - Collision,Sedan,20000 to 29000,0,10248,2,400,1,more than 30,more than 30,1,5 years,31 to 35,No,No,External,3 to 5,no change,1 vehicle,1995,Collision
2,1,3,Pontiac,Urban,4,6,1,Male,Single,33,Third Party,Sedan - Collision,Sedan,20000 to 29000,0,10249,13,400,3,more than 30,more than 30,2 to 4,5 years,31 to 35,No,No,External,more than 5,4 to 8 years,2 vehicles,1995,Collision
4,3,3,Pontiac,Urban,4,4,3,Female,Married,76,Policy Holder,Sedan - Liability,Sport,20000 to 29000,0,10250,2,400,1,more than 30,more than 30,2 to 4,more than 7,over 65,Yes,No,External,none,no change,1 vehicle,1995,Liability
4,3,1,Pontiac,Urban,4,3,3,Male,Married,49,Policy Holder,Sedan - Liability,Sport,40000 to 59000,0,10251,1,400,4,more than 30,more than 30,2 to 4,more than 7,41 to 50,No,No,External,none,no change,3 to 4,1995,Liability
2,3,1,Pontiac,Urban,5,10,5,Male,Married,35,Third Party,Sedan - All Perils,Sedan,20000 to 29000,1,10252,11,500,1,more than 30,more than 30,more than 4,7 years,31 to 35,No,No,External,more than 5,2 to 3 years,1 vehicle,1995,All Perils
10,2,7,Accura,Urban,4,11,4,Male,Married,28,Policy Holder,Utility - All Perils,Utility,more than 69000,0,10253,11,400,4,more than 30,more than 30,1,6 years,31 to 35,Yes,No,External,none,no change,1 vehicle,1995,All Perils
9,4,1,Toyota,Urban,4,2,1,Male,Married,32,Policy Holder,Sedan - Collision,Sedan,20000 to 29000,0,10254,16,400,2,more than 30,more than 30,1,6 years,31 to 35,No,No,External,more than 5,no change,1 vehicle,1995,Collision
2,3,5,Pontiac,Urban,1,1,4,Male,Single,29,Policy Holder,Sedan - Collision,Sedan,20000 to 29000,1,10255,9,400,2,more than 30,more than 30,1,6 years,31 to 35,No,No,External,1 to 2,no change,1 vehicle,1995,Collision
1,3,5,Honda,Urban,5,1,4,Female,Single,32,Policy Holder,Sedan - Collision,Sedan,20000 to 29000,0,10256,16,400,1,more than 30,more than 30,none,7 years,31 to 35,No,No,External,more than 5,no change,1 vehicle,1995,Collision
1,3,6,Pontiac,Urban,4,12,3,Male,Single,66,Policy Holder,Sedan - Liability,Sport,20000 to 29000,0,10257,9,400,1,more than 30,more than 30,more than 4,more than 7,over 65,No,No,External,3 to 5,no change,1 vehicle,1995,Liability
12,3,4,Mazda,Urban,5,10,4,Male,Single,31,Policy Holder,Sedan - Collision,Sedan,30000 to 39000,0,10258,15,400,1,more than 30,more than 30,2 to 4,7 years,31 to 35,No,No,External,3 to 5,no change,1 vehicle,1995,Collision
10,1,2,Pontiac,Urban,4,2,2,Male,Single,30,Policy Holder,Sedan - All Perils,Sedan,30000 to 39000,0,10259,8,400,4,more than 30,more than 30,2 to 4,6 years,31 to 35,No,No,External,none,no change,1 vehicle,1995,All Perils
2,4,2,Toyota,Urban,4,3,4,Male,Married,41,Policy Holder,Sedan - Collision,Sedan,20000 to 29000,1,10260,10,400,1,more than 30,more than 30,2 to 4,7 years,36 to 40,No,No,External,none,no change,1 vehicle,1995,Collision
2,4,3,Pontiac,Urban,4,8,2,Male,Married,41,Policy Holder,Utility - All Perils,Utility,more than 69000,1,10261,14,400,2,more than 30,more than 30,1,7 years,36 to 40,No,No,External,none,no change,1 vehicle,1995,All Perils
8,1,4,Toyota,Urban,1,7,1,Male,Married,26,Third Party,Sedan - Collision,Sedan,30000 to 39000,0,10262,11,700,1,more than 30,more than 30,1,7 years,31 to 35,No,No,External,none,no change,1 vehicle,1995,Collision
7,3,2,Toyota,Rural,3,1,3,Male,Married,31,Policy Holder,Sedan - Collision,Sedan,less than 20000,0,10263,9,400,2,more than 30,more than 30,2 to 4,7 years,31 to 35,No,No,External,3 to 5,no change,1 vehicle,1995,Collision
1,2,4,Mazda,Urban,2,1,2,Male,Married,47,Policy Holder,Sedan - Liability,Sport,30000 to 39000,0,10264,2,400,2,more than 30,more than 30,none,more than 7,41 to 50,No,No,External,1 to 2,no change,1 vehicle,1995,Liability
1,2,6,Mazda,Urban,5,1,3,Male,Married,58,Third Party,Sedan - All Perils,Sedan,20000 to 29000,0,10265,4,400,3,more than 30,more than 30,none,7 years,51 to 65,No,No,External,1 to 2,no change,1 vehicle,1995,All Perils
1,3,5,Pontiac,Urban,5,1,4,Male,Married,39,Policy Holder,Sedan - Collision,Sedan,30000 to 39000,0,10266,2,400,4,more than 30,more than 30,none,more than 7,36 to 40,No,No,External,more than 5,no change,1 vehicle,1995,Collision
1,3,5,Chevrolet,Urban,1,1,3,Male,Married,57,Policy Holder,Sedan - Liability,Sport,20000 to 29000,0,10267,1,400,4,more than 30,more than 30,more than 4,more than 7,51 to 65,No,No,External,3 to 5,no change,1 vehicle,1995,Liability
1,3,1,Mazda,Urban,2,1,3,Male,Single,32,Third Party,Sedan - Liability,Sport,30000 to 39000,0,10268,8,400,3,more than 30,more than 30,more than 4,7 years,31 to 35,No,No,External,none,no change,1 vehicle,1995,Liability
1,1,5,Honda,Urban,3,3,1,Male,Single,0,Policy Holder,Sedan - Liability,Sport,more than 69000,0,10269,5,400,3,more than 30,more than 30,more than 4,new,16 to 17,No,No,External,none,no change,1 vehicle,1995,Liability
3,1,3,Chevrolet,Rural,2,2,2,Male,Single,24,Policy Holder,Sedan - Collision,Sedan,20000 to 29000,0,10270,15,400,1,more than 30,more than 30,2 to 4,5 years,26 to 30,No,No,External,1 to 2,4 to 8 years,2 vehicles,1995,Collision
2,3,7,Honda,Urban,3,8,4,Male,Married,35,Third Party,Sedan - All Perils,Sedan,30000 to 39000,0,10271,9,400,4,more than 30,more than 30,2 to 4,7 years,31 to 35,No,No,External,more than 5,no change,1 vehicle,1995,All Perils
7,2,7,Accura,Urban,2,6,3,Male,Married,64,Policy Holder,Sedan - All Perils,Sedan,more than 69000,0,10272,2,400,1,more than 30,more than 30,2 to 4,more than 7,51 to 65,No,No,External,1 to 2,no change,1 vehicle,1995,All Perils
6,1,3,Pontiac,Urban,3,4,2,Male,Single,28,Policy Holder,Sedan - Collision,Sedan,30000 to 39000,0,10273,14,400,2,more than 30,more than 30,more than 4,6 years,31 to 35,No,No,External,none,no change,1 vehicle,1995,Collision
4,3,1,Pontiac,Urban,5,1,3,Male,Married,27,Policy Holder,Sedan - Collision,Sedan,20000 to 29000,0,10274,15,400,4,more than 30,more than 30,none,5 years,31 to 35,No,No,External,1 to 2,no change,1 vehicle,1995,Collision
1,2,2,Pontiac,Urban,3,8,4,Male,Married,49,Third Party,Sedan - All Perils,Sedan,20000 to 29000,0,10275,1,400,2,more than 30,more than 30,1,more than 7,41 to 50,No,No,External,more than 5,no change,1 vehicle,1995,All Perils
8,1,7,Chevrolet,Urban,2,8,1,Male,Married,55,Third Party,Sedan - Liability,Sport,40000 to 59000,0,10276,4,400,1,more than 30,more than 30,none,6 years,41 to 50,No,No,External,more than 5,no change,1 vehicle,1995,Liability
8,1,3,Honda,Rural,3,1,3,Male,Single,0,Policy Holder,Sedan - Liability,Sport,more than 69000,0,10277,6,400,3,more than 30,more than 30,1,new,16 to 17,No,No,External,none,no change,1 vehicle,1995,Liability
10,3,3,Toyota,Urban,5,2,3,Female,Single,29,Third Party,Sedan - Collision,Sedan,20000 to 29000,0,10278,10,400,2,more than 30,more than 30,1,6 years,31 to 35,No,No,External,none,no change,1 vehicle,1995,Collision
2,4,2,Pontiac,Urban,3,4,4,Male,Single,31,Third Party,Sedan - Collision,Sedan,20000 to 29000,0,10279,15,400,3,more than 30,more than 30,none,6 years,31 to 35,No,No,External,3 to 5,no change,1 vehicle,1995,Collision
4,1,6,Ford,Urban,1,7,1,Male,Married,64,Policy Holder,Sedan - All Perils,Sedan,60000 to 69000,0,10280,3,400,3,more than 30,more than 30,none,more than 7,51 to 65,No,No,External,none,no change,1 vehicle,1995,All Perils
7,1,1,VW,Urban,3,8,1,Male,Married,42,Policy Holder,Sedan - Liability,Sport,40000 to 59000,0,10281,1,400,1,more than 30,more than 30,1,7 years,36 to 40,No,No,External,none,no change,1 vehicle,1995,Liability
8,5,1,Honda,Urban,1,1,5,Male,Married,44,Third Party,Sedan - All Perils,Sedan,20000 to 29000,0,10282,6,400,1,more than 30,more than 30,1,7 years,36 to 40,No,No,External,more than 5,no change,1 vehicle,1995,All Perils
1,4,2,Pontiac,Urban,4,2,4,Male,Married,47,Policy Holder,Sedan - All Perils,Sedan,less than 20000,0,10283,12,400,4,more than 30,more than 30,none,more than 7,41 to 50,No,No,External,none,no change,1 vehicle,1995,All Perils
2,3,7,Pontiac,Urban,2,2,3,Male,Married,62,Third Party,Sedan - All Perils,Sedan,20000 to 29000,0,10284,15,400,1,more than 30,more than 30,2 to 4,5 years,51 to 65,Yes,No,External,none,1 year,1 vehicle,1995,All Perils
2,2,4,Honda,Urban,1,3,3,Male,Single,24,Third Party,Sedan - Liability,Sport,20000 to 29000,0,10285,5,400,3,more than 30,more than 30,2 to 4,5 years,26 to 30,No,No,External,none,no change,1 vehicle,1995,Liability
2,4,3,Accura,Urban,4,10,1,Male,Married,50,Third Party,Sedan - Collision,Sedan,40000 to 59000,0,10286,8,400,2,more than 30,more than 30,2 to 4,more than 7,41 to 50,No,No,External,more than 5,no change,1 vehicle,1995,Collision
8,5,4,Chevrolet,Urban,3,3,4,Male,Single,41,Policy Holder,Sedan - Liability,Sport,30000 to 39000,0,10287,1,400,4,more than 30,more than 30,2 to 4,7 years,36 to 40,No,No,External,more than 5,no change,1 vehicle,1995,Liability
2,4,4,Pontiac,Urban,1,3,1,Male,Married,37,Third Party,Sedan - Collision,Sedan,20000 to 29000,0,10288,1,400,1,more than 30,more than 30,1,more than 7,36 to 40,No,No,External,none,no change,1 vehicle,1995,Collision
2,4,2,Honda,Urban,2,5,1,Male,Married,33,Policy Holder,Sedan - All Perils,Sedan,20000 to 29000,1,10289,9,400,4,more than 30,more than 30,none,7 years,31 to 35,No,No,External,none,no change,1 vehicle,1995,All Perils
5,5,6,Mazda,Urban,2,1,5,Male,Married,65,Policy Holder,Sedan - Collision,Sedan,20000 to 29000,0,10290,7,400,2,more than 30,more than 30,none,more than 7,51 to 65,No,No,External,3 to 5,no change,1 vehicle,1995,Collision
1,3,4,Pontiac,Rural,5,2,3,Male,Married,41,Policy Holder,Sedan - All Perils,Sedan,less than 20000,0,10291,8,400,4,more than 30,more than 30,none,7 years,36 to 40,No,No,External,1 to 2,4 to 8 years,2 vehicles,1995,All Perils
2,4,5,Mazda,Urban,4,1,4,Male,Single,68,Policy Holder,Sedan - All Perils,Sedan,20000 to 29000,1,10292,3,400,1,more than 30,more than 30,more than 4,more than 7,over 65,No,No,External,more than 5,no change,3 to 4,1995,All Perils
1,1,3,Pontiac,Rural,1,1,2,Male,Married,52,Third Party,Sedan - Collision,Sedan,less than 20000,0,10293,4,700,3,more than 30,more than 30,none,more than 7,41 to 50,No,No,External,none,no change,1 vehicle,1995,Collision
1,1,2,Honda,Urban,2,1,2,Male,Single,33,Policy Holder,Sedan - Liability,Sport,more than 69000,0,10294,7,400,2,more than 30,more than 30,2 to 4,6 years,31 to 35,No,No,External,3 to 5,no change,1 vehicle,1995,Liability
1,1,1,Honda,Urban,2,1,1,Male,Married,46,Policy Holder,Sedan - Liability,Sport,20000 to 29000,0,10295,12,400,3,more than 30,more than 30,2 to 4,7 years,41 to 50,No,No,External,none,no change,1 vehicle,1995,Liability
1,1,5,Honda,Urban,2,1,1,Male,Married,40,Policy Holder,Sedan - Liability,Sport,20000 to 29000,0,10296,15,400,4,more than 30,more than 30,more than 4,more than 7,36 to 40,No,No,External,none,no change,1 vehicle,1995,Liability
12,5,4,Mazda,Urban,3,1,1,Female,Married,37,Policy Holder,Sedan - Liability,Sport,less than 20000,0,10297,10,400,3,more than 30,more than 30,2 to 4,7 years,36 to 40,No,No,External,none,no change,1 vehicle,1995,Liability
12,5,2,Toyota,Rural,4,11,2,Female,Single,29,Policy Holder,Sedan - Liability,Sport,more than 69000,0,10298,11,400,1,more than 30,more than 30,2 to 4,3 years,31 to 35,No,No,External,none,no change,1 vehicle,1995,Liability
11,2,3,Honda,Urban,4,9,2,Male,Married,29,Third Party,Sedan - All Perils,Sedan,30000 to 39000,0,10299,9,400,1,more than 30,more than 30,none,6 years,31 to 35,No,No,External,none,no change,1 vehicle,1995,All Perils
9,5,3,Honda,Urban,5,9,5,Male,Married,42,Third Party,Sedan - Collision,Sedan,30000 to 39000,0,10300,11,400,2,more than 30,more than 30,1,7 years,36 to 40,No,No,External,none,no change,1 vehicle,1995,Collision
9,4,5,Pontiac,Urban,2,9,4,Male,Married,46,Policy Holder,Sedan - All Perils,Sedan,20000 to 29000,0,10301,13,400,2,more than 30,more than 30,2 to 4,more than 7,41 to 50,No,No,External,1 to 2,no change,1 vehicle,1995,All Perils
9,1,2,Saab,Urban,4,7,1,Male,Married,32,Policy Holder,Sedan - Liability,Sport,20000 to 29000,0,10302,12,400,4,more than 30,more than 30,1,7 years,31 to 35,No,No,External,1 to 2,no change,1 vehicle,1995,Liability
7,1,5,Pontiac,Urban,1,6,2,Male,Married,64,Policy Holder,Sedan - Liability,Sport,30000 to 39000,0,10303,15,500,3,more than 30,more than 30,2 to 4,7 years,51 to 65,No,No,External,none,2 to 3 years,1 vehicle,1995,Liability
6,1,5,Pontiac,Urban,5,2,1,Male,Married,34,Policy Holder,Sedan - Collision,Sedan,20000 to 29000,0,10304,9,400,2,more than 30,more than 30,1,6 years,31 to 35,No,No,External,1 to 2,no change,1 vehicle,1995,Collision
2,2,3,Honda,Urban,2,12,2,Male,Single,0,Policy Holder,Sedan - Liability,Sport,more than 69000,0,10305,9,400,3,more than 30,more than 30,1,new,16 to 17,No,No,External,none,no change,1 vehicle,1995,Liability
12,2,3,Pontiac,Urban,2,1,3,Male,Single,30,Policy Holder,Sedan - All Perils,Sedan,less than 20000,0,10306,4,400,2,more than 30,more than 30,none,7 years,31 to 35,No,Yes,External,none,no change,1 vehicle,1995,All Perils
6,5,2,Honda,Rural,2,11,4,Male,Single,0,Policy Holder,Sedan - All Perils,Sedan,more than 69000,0,10307,7,400,2,more than 30,more than 30,1,new,16 to 17,No,No,External,none,no change,1 vehicle,1995,All Perils
11,5,1,Toyota,Urban,1,6,5,Female,Single,26,Policy Holder,Sedan - Collision,Sedan,20000 to 29000,0,10308,16,400,2,more than 30,more than 30,1,5 years,31 to 35,No,No,External,none,no change,1 vehicle,1995,Collision
6,4,6,Chevrolet,Urban,1,6,4,Male,Married,41,Policy Holder,Sedan - Liability,Sport,20000 to 29000,0,10309,2,400,4,more than 30,more than 30,more than 4,7 years,36 to 40,No,No,External,none,no change,1 vehicle,1995,Liability
6,3,6,Toyota,Urban,2,6,4,Male,Married,65,Policy Holder,Sedan - All Perils,Sedan,20000 to 29000,0,10310,6,400,1,more than 30,more than 30,none,more than 7,51 to 65,No,No,External,none,no change,1 vehicle,1995,All Perils
6,3,1,Honda,Urban,4,6,3,Male,Single,21,Policy Holder,Sedan - Collision,Sedan,20000 to 29000,0,10311,1,400,3,more than 30,more than 30,2 to 4,5 years,26 to 30,Yes,No,External,3 to 5,no change,1 vehicle,1995,Collision
6,3,5,Pontiac,Urban,1,6,4,Male,Married,27,Third Party,Sedan - Liability,Sport,more than 69000,0,10312,4,400,2,more than 30,more than 30,more than 4,7 years,31 to 35,No,No,External,1 to 2,4 to 8 years,2 vehicles,1995,Liability
5,1,1,Honda,Urban,2,4,3,Female,Single,36,Policy Holder,Sedan - Collision,Sedan,20000 to 29000,0,10313,6,400,1,more than 30,more than 30,2 to 4,6 years,36 to 40,No,No,External,1 to 2,no change,1 vehicle,1995,Collision
4,4,5,Honda,Rural,5,4,4,Female,Married,37,Policy Holder,Sedan - Collision,Sedan,less than 20000,0,10314,5,400,1,more than 30,more than 30,none,7 years,36 to 40,No,No,External,none,no change,1 vehicle,1995,Collision
4,4,3,Honda,Urban,3,1,4,Female,Married,28,Policy Holder,Sedan - Collision,Sedan,20000 to 29000,0,10315,14,400,1,more than 30,more than 30,2 to 4,7 years,31 to 35,No,No,External,3 to 5,no change,1 vehicle,1995,Collision
12,4,7,Chevrolet,Urban,1,9,1,Male,Married,32,Policy Holder,Sedan - Liability,Sport,20000 to 29000,0,10316,11,400,4,more than 30,more than 30,none,5 years,31 to 35,No,No,External,none,no change,1 vehicle,1995,Liability
9,2,5,Chevrolet,Urban,3,9,2,Male,Married,54,Third Party,Sedan - Collision,Sedan,30000 to 39000,0,10317,7,400,2,more than 30,more than 30,1,more than 7,41 to 50,No,No,External,more than 5,no change,1 vehicle,1995,Collision
8,3,5,Toyota,Urban,5,3,3,Male,Married,60,Policy Holder,Sedan - Collision,Sedan,less than 20000,0,10318,9,400,2,more than 30,more than 30,1,more than 7,51 to 65,No,No,External,none,no change,1 vehicle,1995,Collision
2,4,2,Pontiac,Urban,2,7,1,Female,Married,39,Third Party,Sedan - Collision,Sedan,less than 20000,0,10319,5,400,2,more than 30,more than 30,2 to 4,5 years,36 to 40,No,No,External,none,no change,1 vehicle,1995,Collision
6,5,1,Chevrolet,Urban,1,6,1,Female,Single,31,Third Party,Sedan - Liability,Sport,20000 to 29000,0,10320,12,400,4,more than 30,more than 30,none,5 years,31 to 35,No,No,External,none,no change,1 vehicle,1995,Liability
6,2,7,Honda,Urban,3,6,2,Female,Married,54,Policy Holder,Sedan - Collision,Sedan,20000 to 29000,0,10321,7,400,1,more than 30,more than 30,2 to 4,7 years,41 to 50,No,No,External,3 to 5,no change,1 vehicle,1995,Collision
5,3,2,Toyota,Urban,5,4,1,Male,Single,34,Policy Holder,Sedan - Liability,Sport,20000 to 29000,0,10322,10,400,2,more than 30,more than 30,more than 4,6 years,31 to 35,No,No,External,more than 5,no change,1 vehicle,1995,Liability
4,1,6,Chevrolet,Urban,1,3,2,Male,Married,49,Policy Holder,Sedan - Liability,Sport,40000 to 59000,0,10323,15,400,1,more than 30,more than 30,more than 4,more than 7,41 to 50,No,No,External,more than 5,no change,1 vehicle,1995,Liability
3,2,5,Pontiac,Urban,1,3,3,Male,Married,59,Third Party,Sedan - All Perils,Sedan,20000 to 29000,0,10324,13,700,2,more than 30,more than 30,2 to 4,more than 7,51 to 65,No,No,External,none,no change,1 vehicle,1995,All Perils
2,4,7,Honda,Urban,3,6,1,Male,Married,28,Third Party,Sedan - All Perils,Sedan,20000 to 29000,0,10325,16,400,1,more than 30,more than 30,1,7 years,31 to 35,No,No,External,none,no change,1 vehicle,1995,All Perils
5,5,2,Honda,Urban,3,2,2,Male,Single,0,Third Party,Sedan - All Perils,Sedan,more than 69000,0,10326,3,400,2,more than 30,more than 30,none,new,16 to 17,No,No,External,none,no change,1 vehicle,1995,All Perils
2,2,4,Chevrolet,Urban,5,12,4,Female,Single,21,Third Party,Sedan - Collision,Sedan,20000 to 29000,0,10327,13,400,2,more than 30,more than 30,2 to 4,5 years,26 to 30,No,No,External,more than 5,no change,1 vehicle,1995,Collision
11,5,6,Honda,Urban,3,11,1,Male,Married,46,Third Party,Sedan - Liability,Sport,20000 to 29000,0,10328,16,400,4,more than 30,more than 30,1,7 years,41 to 50,No,No,External,none,no change,1 vehicle,1995,Liability
10,5,7,Honda,Urban,1,4,1,Female,Single,35,Policy Holder,Sedan - Liability,Sport,20000 to 29000,0,10329,2,400,2,more than 30,more than 30,2 to 4,6 years,31 to 35,No,No,External,none,no change,1 vehicle,1995,Liability
4,1,1,Toyota,Urban,3,4,1,Male,Married,64,Policy Holder,Sedan - Collision,Sedan,20000 to 29000,0,10330,15,400,2,more than 30,more than 30,2 to 4,more than 7,51 to 65,No,No,External,1 to 2,no change,1 vehicle,1995,Collision
4,1,3,Pontiac,Urban,1,2,4,Female,Single,29,Policy Holder,Sedan - Collision,Sedan,less than 20000,0,10331,1,400,1,more than 30,more than 30,none,5 years,31 to 35,No,No,External,none,no change,1 vehicle,1995,Collision
2,3,3,Chevrolet,Urban,1,2,3,Male,Married,54,Policy Holder,Utility - All Perils,Utility,more than 69000,0,10332,16,400,4,more than 30,more than 30,none,more than 7,41 to 50,No,No,External,none,no change,1 vehicle,1995,All Perils
2,3,4,Honda,Urban,5,2,3,Male,Single,29,Policy Holder,Sedan - Liability,Sport,20000 to 29000,0,10333,16,400,4,more than 30,more than 30,2 to 4,7 years,31 to 35,No,No,External,none,4 to 8 years,3 to 4,1995,Liability
2,3,3,Toyota,Urban,1,2,4,Male,Married,54,Policy Holder,Sedan - Liability,Sport,30000 to 39000,0,10334,7,400,2,more than 30,more than 30,more than 4,7 years,41 to 50,No,No,External,1 to 2,no change,1 vehicle,1995,Liability
2,2,5,Honda,Urban,1,2,2,Male,Single,26,Policy Holder,Sedan - Collision,Sedan,20000 to 29000,0,10335,3,400,4,more than 30,more than 30,2 to 4,6 years,31 to 35,No,No,External,none,no change,1 vehicle,1995,Collision
2,4,7,Honda,Urban,5,11,4,Male,Married,36,Policy Holder,Sedan - All Perils,Sedan,20000 to 29000,1,10336,12,400,1,more than 30,more than 30,1,7 years,36 to 40,No,No,External,1 to 2,no change,1 vehicle,1995,All Perils
11,1,4,Toyota,Urban,2,3,2,Male,Single,54,Third Party,Sedan - All Perils,Sedan,20000 to 29000,0,10337,1,400,3,more than 30,more than 30,2 to 4,more than 7,41 to 50,No,No,External,none,no change,1 vehicle,1995,All Perils
3,3,4,Chevrolet,Urban,4,3,4,Female,Single,39,Third Party,Sedan - Collision,Sedan,20000 to 29000,0,10338,14,400,1,more than 30,more than 30,2 to 4,7 years,36 to 40,No,No,External,more than 5,no change,1 vehicle,1995,Collision
3,2,5,Honda,Urban,5,3,3,Male,Married,41,Third Party,Sedan - Liability,Sport,20000 to 29000,0,10339,4,400,3,more than 30,more than 30,2 to 4,7 years,36 to 40,No,No,External,more than 5,no change,1 vehicle,1995,Liability
2,4,2,Honda,Urban,2,6,1,Female,Married,34,Policy Holder,Sedan - All Perils,Sedan,less than 20000,1,10340,4,400,4,more than 30,more than 30,2 to 4,6 years,31 to 35,Yes,No,External,more than 5,no change,1 vehicle,1995,All Perils
6,4,2,Honda,Urban,3,6,4,Male,Single,23,Policy Holder,Sedan - Collision,Sedan,20000 to 29000,0,10341,1,400,1,more than 30,more than 30,more than 4,4 years,26 to 30,No,No,External,more than 5,no change,1 vehicle,1995,Collision
6,3,7,Mazda,Urban,1,3,4,Male,Married,43,Third Party,Sedan - Collision,Sedan,20000 to 29000,0,10342,3,400,4,more than 30,more than 30,none,7 years,36 to 40,No,No,External,more than 5,no change,1 vehicle,1995,Collision
3,2,5,Honda,Urban,1,2,2,Male,Married,38,Third Party,Sedan - Collision,Sedan,20000 to 29000,0,10343,10,400,2,more than 30,more than 30,2 to 4,7 years,36 to 40,No,No,External,none,no change,1 vehicle,1995,Collision
2,4,3,Toyota,Urban,1,3,4,Female,Single,25,Policy Holder,Sedan - Collision,Sedan,20000 to 29000,1,10344,11,400,1,more than 30,more than 30,none,5 years,26 to 30,No,No,External,none,no change,1 vehicle,1995,Collision
3,1,1,Mazda,Urban,1,2,1,Male,Married,61,Policy Holder,Sedan - Liability,Sport,20000 to 29000,0,10345,16,400,2,more than 30,more than 30,none,more than 7,51 to 65,No,No,External,more than 5,no change,1 vehicle,1995,Liability
2,4,6,Pontiac,Urban,2,2,4,Male,Married,53,Policy Holder,Sedan - All Perils,Sedan,20000 to 29000,0,10346,16,400,4,more than 30,more than 30,none,more than 7,41 to 50,No,No,External,3 to 5,no change,1 vehicle,1995,All Perils
2,3,7,Pontiac,Urban,3,3,4,Male,Single,20,Policy Holder,Sedan - Collision,Sedan,20000 to 29000,0,10347,1,400,1,more than 30,more than 30,none,2 years,21 to 25,Yes,No,External,1 to 2,no change,1 vehicle,1995,Collision
2,3,6,Pontiac,Urban,4,2,1,Female,Married,62,Policy Holder,Sedan - Liability,Sport,30000 to 39000,0,10348,10,400,3,more than 30,more than 30,more than 4,7 years,51 to 65,No,No,External,more than 5,no change,1 vehicle,1995,Liability
2,3,1,Chevrolet,Urban,2,2,4,Male,Married,55,Policy Holder,Sedan - Liability,Sport,30000 to 39000,0,10349,6,400,2,more than 30,more than 30,more than 4,more than 7,41 to 50,No,No,External,more than 5,no change,1 vehicle,1995,Liability
2,3,1,Chevrolet,Urban,1,2,3,Female,Married,29,Policy Holder,Sedan - All Perils,Sedan,20000 to 29000,0,10350,4,400,4,more than 30,more than 30,1,6 years,31 to 35,No,No,External,more than 5,no change,1 vehicle,1995,All Perils
2,3,6,Mazda,Urban,4,2,3,Male,Married,39,Policy Holder,Sedan - Liability,Sport,30000 to 39000,0,10351,16,400,2,more than 30,more than 30,none,7 years,36 to 40,No,No,External,none,no change,1 vehicle,1995,Liability
2,1,5,Saturn,Urban,5,2,3,Female,Married,52,Policy Holder,Sedan - Liability,Sport,40000 to 59000,0,10352,8,400,3,more than 30,more than 30,2 to 4,7 years,41 to 50,No,No,External,more than 5,no change,1 vehicle,1995,Liability
2,1,2,Honda,Urban,3,1,1,Male,Single,26,Policy Holder,Sedan - Collision,Sedan,20000 to 29000,0,10353,15,400,3,more than 30,more than 30,2 to 4,7 years,31 to 35,No,No,External,1 to 2,no change,1 vehicle,1995,Collision
1,3,3,Pontiac,Urban,4,1,3,Male,Married,42,Policy Holder,Sedan - Liability,Sport,20000 to 29000,0,10354,15,500,3,more than 30,more than 30,2 to 4,more than 7,36 to 40,No,No,External,1 to 2,2 to 3 years,2 vehicles,1995,Liability
1,3,2,Chevrolet,Urban,3,1,3,Male,Married,28,Third Party,Sedan - Collision,Sedan,30000 to 39000,0,10355,3,700,3,more than 30,more than 30,2 to 4,7 years,31 to 35,No,No,External,none,no change,1 vehicle,1995,Collision
1,3,1,Toyota,Urban,2,3,3,Male,Married,42,Policy Holder,Sedan - All Perils,Sedan,30000 to 39000,0,10356,2,400,2,more than 30,more than 30,2 to 4,more than 7,36 to 40,No,No,External,more than 5,no change,1 vehicle,1995,All Perils
3,3,6,Mazda,Urban,2,3,4,Male,Married,27,Policy Holder,Sedan - Collision,Sedan,20000 to 29000,0,10357,3,400,2,more than 30,more than 30,1,6 years,31 to 35,No,No,External,3 to 5,no change,1 vehicle,1995,Collision
2,4,4,Mercury,Rural,4,3,2,Male,Single,22,Policy Holder,Sedan - Liability,Sport,20000 to 29000,1,10358,6,400,2,more than 30,more than 30,1,5 years,26 to 30,No,No,External,none,no change,1 vehicle,1995,Liability
3,2,6,Pontiac,Rural,1,1,2,Female,Married,47,Policy Holder,Sedan - Liability,Sport,30000 to 39000,0,10359,15,400,4,more than 30,more than 30,2 to 4,7 years,41 to 50,No,No,External,none,no change,1 vehicle,1995,Liability
1,5,7,Pontiac,Urban,2,2,5,Male,Married,53,Policy Holder,Sedan - Collision,Sedan,20000 to 29000,0,10360,15,400,2,more than 30,more than 30,1,more than 7,41 to 50,No,No,External,none,no change,1 vehicle,1995,Collision
1,5,4,Pontiac,Urban,2,2,1,Male,Married,32,Policy Holder,Sedan - Liability,Sport,20000 to 29000,0,10361,1,400,3,more than 30,more than 30,2 to 4,5 years,31 to 35,No,No,External,more than 5,no change,1 vehicle,1995,Liability
1,4,5,Pontiac,Urban,5,1,1,Male,Married,62,Third Party,Sedan - Collision,Sedan,20000 to 29000,0,10362,3,400,4,more than 30,more than 30,none,more than 7,51 to 65,No,No,External,none,no change,1 vehicle,1995,Collision
1,2,6,Pontiac,Urban,2,1,3,Male,Married,45,Policy Holder,Sedan - Liability,Sport,20000 to 29000,0,10363,1,400,4,more than 30,more than 30,2 to 4,7 years,36 to 40,No,No,External,more than 5,no change,1 vehicle,1995,Liability
1,2,5,Chevrolet,Urban,5,1,2,Male,Married,41,Policy Holder,Sedan - Liability,Sport,40000 to 59000,0,10364,6,400,1,more than 30,more than 30,1,7 years,36 to 40,No,No,External,more than 5,no change,1 vehicle,1995,Liability
1,2,4,Pontiac,Urban,1,1,5,Male,Married,40,Policy Holder,Sedan - Liability,Sport,20000 to 29000,0,10365,5,400,3,more than 30,more than 30,2 to 4,7 years,36 to 40,No,No,External,none,no change,1 vehicle,1995,Liability
1,1,5,Mazda,Urban,2,1,2,Female,Married,33,Policy Holder,Sedan - Liability,Sport,30000 to 39000,0,10366,14,400,3,more than 30,more than 30,1,6 years,31 to 35,No,No,External,more than 5,no change,1 vehicle,1995,Liability
12,3,4,Pontiac,Urban,3,1,4,Male,Married,33,Policy Holder,Sedan - Liability,Sport,more than 69000,0,10367,12,400,3,more than 30,more than 30,more than 4,6 years,31 to 35,No,No,External,none,no change,1 vehicle,1995,Liability
11,4,5,Pontiac,Urban,3,11,2,Female,Married,46,Policy Holder,Sedan - All Perils,Sedan,20000 to 29000,0,10368,3,400,2,more than 30,more than 30,1,7 years,41 to 50,No,No,External,none,no change,1 vehicle,1995,All Perils
11,2,3,Honda,Urban,2,1,4,Male,Single,0,Policy Holder,Sedan - Liability,Sport,more than 69000,0,10369,12,400,2,more than 30,more than 30,2 to 4,new,16 to 17,Yes,No,External,none,no change,1 vehicle,1995,Liability
11,2,6,Honda,Urban,2,2,1,Male,Married,40,Policy Holder,Sedan - All Perils,Sedan,20000 to 29000,0,10370,15,400,4,more than 30,more than 30,none,more than 7,36 to 40,No,No,External,3 to 5,no change,1 vehicle,1995,All Perils
12,1,2,Honda,Urban,2,1,2,Male,Married,56,Third Party,Sedan - Liability,Sport,20000 to 29000,0,10371,1,400,3,more than 30,more than 30,more than 4,more than 7,51 to 65,No,No,External,none,no change,1 vehicle,1995,Liability
12,2,5,Pontiac,Urban,5,1,2,Male,Married,29,Policy Holder,Sedan - All Perils,Sedan,less than 20000,0,10372,3,400,3,more than 30,more than 30,2 to 4,7 years,31 to 35,No,No,External,none,no change,1 vehicle,1995,All Perils
12,3,4,Pontiac,Urban,3,1,3,Male,Single,48,Third Party,Sedan - Liability,Sport,30000 to 39000,0,10373,14,400,3,more than 30,more than 30,none,more than 7,41 to 50,No,No,External,3 to 5,no change,1 vehicle,1995,Liability
12,4,7,Mazda,Urban,3,1,1,Male,Single,35,Policy Holder,Sedan - Liability,Sport,30000 to 39000,0,10374,10,400,4,more than 30,more than 30,2 to 4,5 years,31 to 35,No,No,External,none,no change,3 to 4,1995,Liability
12,4,2,Mazda,Urban,5,1,2,Male,Single,31,Policy Holder,Sedan - Liability,Sport,20000 to 29000,0,10375,14,400,3,more than 30,more than 30,1,5 years,31 to 35,No,No,External,none,1 year,2 vehicles,1995,Liability
12,5,2,Pontiac,Urban,3,1,2,Male,Married,52,Policy Holder,Sedan - Liability,Sport,40000 to 59000,0,10376,15,400,1,more than 30,more than 30,more than 4,more than 7,41 to 50,No,No,External,none,no change,1 vehicle,1995,Liability
12,5,5,Mazda,Rural,5,1,2,Male,Married,48,Policy Holder,Sedan - All Perils,Sedan,20000 to 29000,0,10377,12,400,4,more than 30,more than 30,none,7 years,41 to 50,No,No,External,3 to 5,no change,1 vehicle,1995,All Perils
12,5,1,Honda,Urban,4,1,2,Male,Single,0,Third Party,Sedan - Liability,Sport,more than 69000,0,10378,9,400,2,more than 30,more than 30,2 to 4,new,16 to 17,No,No,External,none,no change,1 vehicle,1995,Liability
1,1,6,Mazda,Urban,5,1,2,Male,Married,26,Third Party,Sedan - Collision,Sedan,20000 to 29000,0,10379,12,400,2,more than 30,more than 30,more than 4,6 years,31 to 35,No,No,External,none,no change,1 vehicle,1995,Collision
1,1,6,Pontiac,Urban,2,1,2,Male,Married,41,Policy Holder,Sedan - Liability,Sport,30000 to 39000,0,10380,1,400,2,more than 30,more than 30,2 to 4,7 years,36 to 40,No,No,External,none,no change,1 vehicle,1995,Liability
1,1,6,Honda,Rural,2,1,1,Male,Single,0,Policy Holder,Sedan - All Perils,Sedan,more than 69000,0,10381,4,400,3,more than 30,more than 30,none,new,16 to 17,No,No,External,none,no change,1 vehicle,1995,All Perils
1,1,2,Toyota,Urban,3,1,1,Male,Married,33,Third Party,Sedan - All Perils,Sedan,20000 to 29000,0,10382,9,400,4,more than 30,more than 30,none,7 years,31 to 35,No,No,External,more than 5,no change,1 vehicle,1995,All Perils
1,1,4,Pontiac,Urban,2,1,3,Male,Single,36,Policy Holder,Sedan - Liability,Sport,20000 to 29000,0,10383,7,400,2,more than 30,more than 30,2 to 4,7 years,36 to 40,No,No,External,none,no change,1 vehicle,1995,Liability
1,1,7,Mazda,Urban,3,3,2,Female,Married,33,Third Party,Sedan - Liability,Sport,20000 to 29000,0,10384,16,400,3,more than 30,more than 30,more than 4,6 years,31 to 35,No,No,External,none,no change,1 vehicle,1995,Liability
2,4,5,Honda,Urban,1,1,1,Male,Single,18,Policy Holder,Sport - Collision,Sport,more than 69000,1,10385,11,400,2,more than 30,more than 30,2 to 4,5 years,21 to 25,No,No,External,none,no change,1 vehicle,1995,Collision
1,2,1,Honda,Urban,1,1,2,Male,Single,27,Policy Holder,Sport - Collision,Sport,more than 69000,0,10386,10,400,1,more than 30,more than 30,none,5 years,31 to 35,No,No,External,more than 5,no change,1 vehicle,1995,Collision
1,2,7,Mazda,Urban,1,1,2,Male,Single,32,Policy Holder,Sedan - Liability,Sport,30000 to 39000,0,10387,3,400,1,more than 30,more than 30,more than 4,6 years,31 to 35,No,No,External,more than 5,no change,1 vehicle,1995,Liability
1,2,1,Toyota,Urban,1,3,2,Male,Single,32,Policy Holder,Sedan - Collision,Sedan,20000 to 29000,0,10388,12,400,1,more than 30,more than 30,none,6 years,31 to 35,No,No,External,1 to 2,no change,1 vehicle,1995,Collision
2,4,1,Mazda,Urban,2,1,1,Male,Married,63,Policy Holder,Sport - Collision,Sport,more than 69000,1,10389,3,400,4,more than 30,more than 30,none,more than 7,51 to 65,No,No,External,none,no change,1 vehicle,1995,Collision
1,2,1,Honda,Urban,1,1,2,Male,Married,52,Policy Holder,Sedan - Liability,Sport,20000 to 29000,0,10390,5,400,3,more than 30,more than 30,2 to 4,more than 7,41 to 50,No,No,External,1 to 2,no change,1 vehicle,1995,Liability
1,2,1,Toyota,Urban,4,1,2,Male,Single,27,Policy Holder,Sedan - Liability,Sport,30000 to 39000,0,10391,15,400,2,more than 30,more than 30,1,7 years,31 to 35,No,No,External,more than 5,no change,1 vehicle,1995,Liability
1,2,1,Honda,Urban,3,3,2,Male,Married,48,Policy Holder,Sedan - Collision,Sedan,20000 to 29000,0,10392,3,400,1,more than 30,more than 30,2 to 4,more than 7,41 to 50,No,No,External,more than 5,no change,1 vehicle,1995,Collision
2,4,4,Mazda,Rural,1,1,1,Male,Single,30,Policy Holder,Sedan - Collision,Sedan,20000 to 29000,1,10393,2,400,3,more than 30,more than 30,2 to 4,7 years,31 to 35,No,No,External,none,no change,1 vehicle,1995,Collision
1,2,4,Honda,Urban,4,1,3,Male,Single,0,Policy Holder,Sedan - Collision,Sedan,more than 69000,0,10394,2,400,3,more than 30,more than 30,none,new,16 to 17,No,No,External,none,no change,1 vehicle,1995,Collision
1,2,7,Pontiac,Urban,3,1,2,Male,Single,35,Policy Holder,Sedan - Collision,Sedan,20000 to 29000,0,10395,1,400,3,more than 30,more than 30,1,5 years,31 to 35,No,No,External,none,no change,1 vehicle,1995,Collision
1,3,3,Mazda,Urban,2,1,3,Male,Married,44,Policy Holder,Sedan - Collision,Sedan,30000 to 39000,0,10396,12,400,1,more than 30,more than 30,2 to 4,7 years,36 to 40,No,No,External,3 to 5,4 to 8 years,2 vehicles,1995,Collision
1,3,4,Honda,Urban,5,1,4,Male,Married,33,Third Party,Sedan - Liability,Sport,20000 to 29000,0,10397,14,400,1,more than 30,more than 30,1,7 years,31 to 35,No,No,External,none,no change,1 vehicle,1995,Liability
1,3,4,Toyota,Urban,4,1,4,Male,Married,47,Policy Holder,Sedan - Liability,Sport,30000 to 39000,0,10398,11,400,2,more than 30,more than 30,2 to 4,more than 7,41 to 50,No,No,External,none,no change,1 vehicle,1995,Liability
1,3,3,Chevrolet,Urban,2,1,3,Female,Married,58,Policy Holder,Sedan - Collision,Sedan,20000 to 29000,0,10399,4,400,3,more than 30,more than 30,none,more than 7,51 to 65,No,No,External,1 to 2,no change,1 vehicle,1995,Collision
1,3,4,Saab,Urban,1,1,4,Female,Single,28,Third Party,Sedan - Collision,Sedan,30000 to 39000,0,10400,2,400,2,more than 30,more than 30,none,6 years,31 to 35,No,No,External,none,no change,1 vehicle,1995,Collision
1,3,5,Toyota,Rural,1,1,4,Male,Single,26,Policy Holder,Sedan - Collision,Sedan,less than 20000,0,10401,7,400,3,more than 30,more than 30,none,6 years,31 to 35,No,No,External,none,no change,1 vehicle,1995,Collision
1,4,1,Pontiac,Urban,4,1,4,Male,Married,34,Third Party,Sedan - Liability,Sport,20000 to 29000,0,10402,3,400,1,more than 30,more than 30,more than 4,7 years,31 to 35,No,No,External,none,no change,1 vehicle,1995,Liability
1,4,6,Toyota,Urban,2,1,4,Male,Married,49,Third Party,Sedan - All Perils,Sedan,less than 20000,0,10403,3,400,4,more than 30,more than 30,none,more than 7,41 to 50,No,No,External,none,no change,1 vehicle,1995,All Perils
1,4,6,Pontiac,Urban,1,2,4,Male,Married,28,Third Party,Sedan - Liability,Sport,20000 to 29000,0,10404,11,400,3,more than 30,more than 30,more than 4,5 years,31 to 35,No,No,External,none,no change,1 vehicle,1995,Liability
1,5,2,Accura,Urban,4,2,2,Female,Married,54,Policy Holder,Sedan - Collision,Sedan,30000 to 39000,0,10405,10,400,4,more than 30,more than 30,1,5 years,41 to 50,No,No,External,none,2 to 3 years,1 vehicle,1995,Collision
2,1,4,Toyota,Urban,4,2,1,Male,Married,52,Third Party,Sedan - All Perils,Sedan,20000 to 29000,0,10406,8,400,1,more than 30,more than 30,2 to 4,more than 7,41 to 50,No,No,External,1 to 2,no change,1 vehicle,1995,All Perils
2,1,4,Accura,Urban,2,2,1,Male,Married,39,Policy Holder,Sedan - Liability,Sport,30000 to 39000,0,10407,9,400,1,more than 30,more than 30,2 to 4,more than 7,36 to 40,No,No,External,none,no change,1 vehicle,1995,Liability
2,1,7,Saturn,Urban,2,2,2,Male,Married,69,Policy Holder,Sedan - All Perils,Sedan,30000 to 39000,0,10408,7,400,4,more than 30,more than 30,none,more than 7,over 65,No,No,External,more than 5,no change,1 vehicle,1995,All Perils
2,1,7,Ford,Urban,4,2,2,Male,Married,53,Third Party,Sedan - All Perils,Sedan,less than 20000,0,10409,6,400,3,more than 30,more than 30,none,7 years,41 to 50,No,No,External,3 to 5,no change,1 vehicle,1995,All Perils
2,1,3,Honda,Urban,4,2,2,Male,Married,58,Third Party,Sedan - Collision,Sedan,20000 to 29000,0,10410,5,400,2,more than 30,more than 30,none,more than 7,51 to 65,No,No,External,3 to 5,no change,1 vehicle,1995,Collision
2,2,3,Toyota,Rural,3,2,2,Male,Married,55,Policy Holder,Sedan - All Perils,Sedan,less than 20000,0,10411,7,400,1,more than 30,more than 30,1,more than 7,41 to 50,No,No,External,1 to 2,no change,1 vehicle,1995,All Perils
2,3,1,Toyota,Urban,2,3,4,Female,Single,33,Third Party,Sedan - Liability,Sport,more than 69000,0,10412,2,400,2,more than 30,more than 30,more than 4,7 years,31 to 35,No,No,External,more than 5,no change,1 vehicle,1995,Liability
2,4,1,Honda,Urban,4,3,3,Male,Married,44,Policy Holder,Sedan - All Perils,Sedan,20000 to 29000,1,10413,16,400,3,more than 30,more than 30,1,7 years,36 to 40,No,No,External,1 to 2,no change,1 vehicle,1995,All Perils
2,4,1,Chevrolet,Urban,3,3,1,Female,Single,51,Policy Holder,Sedan - Collision,Sedan,20000 to 29000,0,10414,10,400,1,more than 30,more than 30,none,6 years,41 to 50,No,No,External,none,no change,1 vehicle,1995,Collision
2,4,1,Mazda,Urban,1,3,1,Male,Single,34,Policy Holder,Sedan - Collision,Sedan,20000 to 29000,1,10415,10,400,2,none,8 to 15,none,5 years,31 to 35,No,No,External,none,no change,3 to 4,1995,Collision
3,2,7,Pontiac,Urban,1,3,2,Male,Married,32,Policy Holder,Sedan - Collision,Sedan,20000 to 29000,0,10416,12,400,1,more than 30,more than 30,1,7 years,31 to 35,No,No,External,none,no change,1 vehicle,1995,Collision
3,1,4,Mazda,Urban,2,12,2,Male,Married,28,Policy Holder,Sedan - Liability,Sport,20000 to 29000,0,10417,3,400,4,more than 30,more than 30,2 to 4,6 years,31 to 35,No,No,External,none,4 to 8 years,2 vehicles,1995,Liability
12,4,7,Toyota,Urban,4,1,4,Female,Single,35,Third Party,Sedan - Liability,Sport,20000 to 29000,0,10418,7,400,3,more than 30,more than 30,1,3 years,31 to 35,No,No,External,none,no change,1 vehicle,1995,Liability
12,4,2,Accura,Urban,2,1,1,Male,Single,21,Policy Holder,Sedan - All Perils,Sedan,30000 to 39000,0,10419,12,400,4,more than 30,more than 30,2 to 4,5 years,26 to 30,No,No,External,none,no change,1 vehicle,1995,All Perils
12,4,1,Toyota,Urban,3,1,1,Male,Married,31,Policy Holder,Sedan - Collision,Sedan,20000 to 29000,0,10420,13,400,2,more than 30,more than 30,1,7 years,31 to 35,No,No,External,1 to 2,no change,1 vehicle,1995,Collision
1,1,7,Toyota,Urban,2,1,1,Male,Married,44,Policy Holder,Sedan - All Perils,Sedan,less than 20000,0,10421,10,400,1,more than 30,more than 30,1,7 years,36 to 40,No,No,External,none,no change,1 vehicle,1995,All Perils
1,1,1,Honda,Urban,3,1,1,Male,Single,33,Policy Holder,Sedan - Collision,Sedan,20000 to 29000,0,10422,2,400,1,more than 30,more than 30,1,5 years,31 to 35,No,No,External,more than 5,no change,1 vehicle,1995,Collision
1,1,2,Chevrolet,Urban,3,1,3,Male,Single,45,Policy Holder,Sedan - Liability,Sport,20000 to 29000,0,10423,14,400,1,more than 30,more than 30,more than 4,6 years,36 to 40,No,No,External,1 to 2,no change,1 vehicle,1995,Liability
1,1,1,Honda,Urban,1,1,1,Male,Married,33,Third Party,Sedan - Collision,Sedan,30000 to 39000,0,10424,15,400,4,more than 30,more than 30,none,7 years,31 to 35,No,No,External,1 to 2,no change,1 vehicle,1995,Collision
1,1,2,Toyota,Urban,1,1,1,Male,Married,35,Third Party,Sedan - Collision,Sedan,less than 20000,0,10425,2,400,3,more than 30,more than 30,more than 4,7 years,31 to 35,No,No,External,more than 5,no change,1 vehicle,1995,Collision
1,1,4,Pontiac,Rural,1,1,2,Male,Married,38,Policy Holder,Sedan - Collision,Sedan,less than 20000,0,10426,16,400,3,more than 30,more than 30,none,7 years,36 to 40,No,No,External,none,no change,1 vehicle,1995,Collision
1,1,1,Pontiac,Urban,4,1,2,Male,Single,32,Policy Holder,Sedan - Liability,Sport,30000 to 39000,0,10427,15,400,1,more than 30,more than 30,more than 4,6 years,31 to 35,No,No,External,3 to 5,no change,1 vehicle,1995,Liability
1,2,4,Honda,Urban,3,2,2,Female,Single,32,Third Party,Sedan - Collision,Sedan,less than 20000,0,10428,5,400,3,more than 30,more than 30,2 to 4,5 years,31 to 35,No,No,External,3 to 5,no change,1 vehicle,1995,Collision
1,2,6,Ford,Rural,3,1,1,Male,Married,47,Policy Holder,Utility - Liability,Utility,more than 69000,0,10429,16,400,1,more than 30,more than 30,none,more than 7,41 to 50,No,No,External,none,no change,1 vehicle,1995,Liability
1,3,7,Chevrolet,Urban,2,2,4,Male,Single,31,Policy Holder,Sedan - All Perils,Sedan,20000 to 29000,0,10430,16,400,4,more than 30,more than 30,2 to 4,7 years,31 to 35,No,No,External,more than 5,no change,1 vehicle,1995,All Perils
1,3,3,Toyota,Urban,4,1,3,Male,Single,34,Policy Holder,Sedan - All Perils,Sedan,20000 to 29000,0,10431,8,400,1,more than 30,more than 30,1,6 years,31 to 35,No,No,External,1 to 2,no change,1 vehicle,1995,All Perils
1,3,4,Pontiac,Urban,1,1,3,Male,Married,42,Third Party,Sedan - All Perils,Sedan,less than 20000,0,10432,1,400,1,more than 30,more than 30,2 to 4,7 years,36 to 40,No,No,External,3 to 5,no change,1 vehicle,1995,All Perils
1,3,1,Pontiac,Urban,5,2,4,Male,Married,27,Policy Holder,Sedan - Collision,Sedan,30000 to 39000,0,10433,2,400,3,more than 30,more than 30,2 to 4,6 years,31 to 35,No,No,External,1 to 2,no change,1 vehicle,1995,Collision
1,4,5,Mazda,Urban,5,2,1,Male,Married,46,Third Party,Sedan - Collision,Sedan,20000 to 29000,0,10434,10,400,1,more than 30,more than 30,2 to 4,more than 7,41 to 50,No,No,External,none,no change,1 vehicle,1995,Collision
1,4,3,Honda,Urban,4,1,1,Female,Married,26,Policy Holder,Sedan - Liability,Sport,20000 to 29000,0,10435,7,400,1,more than 30,more than 30,2 to 4,5 years,31 to 35,No,No,External,more than 5,no change,1 vehicle,1995,Liability
1,4,5,Chevrolet,Urban,1,1,4,Male,Married,36,Third Party,Sedan - Liability,Sport,20000 to 29000,0,10436,11,400,2,more than 30,more than 30,2 to 4,7 years,36 to 40,No,No,External,1 to 2,no change,1 vehicle,1995,Liability
1,4,2,Pontiac,Urban,3,2,5,Male,Married,28,Policy Holder,Sedan - Collision,Sedan,20000 to 29000,0,10437,5,400,1,more than 30,more than 30,none,7 years,31 to 35,No,No,External,more than 5,no change,1 vehicle,1995,Collision
1,5,1,Toyota,Rural,3,2,1,Male,Single,45,Policy Holder,Sedan - All Perils,Sedan,less than 20000,0,10438,2,400,3,more than 30,more than 30,none,7 years,36 to 40,No,No,External,1 to 2,4 to 8 years,2 vehicles,1995,All Perils
1,5,3,Mazda,Rural,2,3,1,Male,Married,56,Policy Holder,Sedan - All Perils,Sedan,less than 20000,0,10439,7,400,1,more than 30,more than 30,1,7 years,51 to 65,No,No,External,3 to 5,no change,1 vehicle,1995,All Perils
3,1,3,Pontiac,Rural,1,4,2,Female,Married,54,Policy Holder,Sedan - Collision,Sedan,20000 to 29000,1,10440,1,400,2,more than 30,more than 30,none,6 years,41 to 50,No,No,External,none,no change,1 vehicle,1995,Collision
3,1,3,Toyota,Urban,5,3,1,Male,Single,61,Third Party,Sedan - All Perils,Sedan,20000 to 29000,0,10441,3,400,1,more than 30,more than 30,none,more than 7,51 to 65,No,No,External,3 to 5,no change,1 vehicle,1995,All Perils
3,1,3,Mazda,Urban,3,3,1,Female,Single,30,Policy Holder,Sedan - Collision,Sedan,20000 to 29000,1,10442,10,400,2,more than 30,more than 30,none,6 years,31 to 35,No,No,External,1 to 2,no change,1 vehicle,1995,Collision
3,1,5,Mazda,Urban,2,2,1,Male,Married,35,Policy Holder,Sedan - Collision,Sedan,20000 to 29000,1,10443,9,400,3,more than 30,more than 30,2 to 4,7 years,31 to 35,No,No,External,1 to 2,no change,1 vehicle,1995,Collision
2,2,1,Pontiac,Urban,2,4,4,Female,Single,28,Third Party,Sedan - All Perils,Sedan,20000 to 29000,0,10444,8,400,3,more than 30,more than 30,1,6 years,31 to 35,No,No,External,none,no change,1 vehicle,1995,All Perils
2,2,1,Toyota,Rural,1,2,1,Male,Single,30,Policy Holder,Sedan - Collision,Sedan,20000 to 29000,0,10445,2,400,2,more than 30,more than 30,1,7 years,31 to 35,No,No,External,none,no change,1 vehicle,1995,Collision
2,2,3,Pontiac,Urban,3,3,2,Male,Married,42,Policy Holder,Sedan - Collision,Sedan,20000 to 29000,0,10446,2,400,4,more than 30,more than 30,1,more than 7,36 to 40,No,No,External,more than 5,no change,1 vehicle,1995,Collision
3,1,7,Toyota,Urban,5,3,1,Male,Married,60,Policy Holder,Sedan - All Perils,Sedan,less than 20000,1,10447,10,400,1,more than 30,more than 30,1,6 years,51 to 65,No,No,External,more than 5,no change,1 vehicle,1995,All Perils
3,1,2,Saab,Urban,3,3,2,Male,Married,43,Policy Holder,Sedan - Collision,Sedan,20000 to 29000,0,10448,9,700,2,more than 30,more than 30,1,7 years,36 to 40,No,No,External,1 to 2,no change,1 vehicle,1995,Collision
3,2,4,Pontiac,Rural,4,6,2,Male,Married,72,Third Party,Sedan - Liability,Sport,20000 to 29000,0,10449,3,400,1,more than 30,more than 30,1,more than 7,over 65,No,No,External,more than 5,no change,1 vehicle,1995,Liability
6,4,6,Pontiac,Urban,1,10,4,Male,Single,28,Third Party,Sedan - All Perils,Sedan,less than 20000,0,10450,9,400,2,more than 30,more than 30,none,6 years,31 to 35,No,No,External,3 to 5,no change,1 vehicle,1995,All Perils
10,5,4,Mazda,Urban,1,11,5,Female,Single,50,Policy Holder,Sedan - Liability,Sport,20000 to 29000,0,10451,2,400,1,more than 30,more than 30,2 to 4,more than 7,41 to 50,No,No,External,1 to 2,no change,1 vehicle,1995,Liability
10,4,5,Chevrolet,Urban,1,10,1,Female,Single,65,Policy Holder,Sedan - Collision,Sedan,20000 to 29000,0,10452,10,400,4,more than 30,more than 30,2 to 4,more than 7,51 to 65,No,No,External,more than 5,no change,1 vehicle,1995,Collision
10,4,5,Ford,Rural,4,8,5,Male,Married,32,Policy Holder,Sedan - Collision,Sedan,30000 to 39000,0,10453,15,400,4,more than 30,more than 30,2 to 4,7 years,31 to 35,No,No,External,more than 5,no change,1 vehicle,1995,Collision
8,4,4,VW,Urban,4,7,5,Male,Married,42,Policy Holder,Sedan - All Perils,Sedan,20000 to 29000,0,10454,6,400,2,more than 30,more than 30,none,6 years,36 to 40,No,No,External,none,no change,1 vehicle,1995,All Perils
6,4,4,Pontiac,Urban,5,5,1,Male,Married,48,Policy Holder,Sedan - Collision,Sedan,20000 to 29000,0,10455,11,400,4,more than 30,more than 30,none,more than 7,41 to 50,No,No,External,none,no change,1 vehicle,1995,Collision
5,3,4,Accura,Urban,1,5,3,Male,Single,30,Policy Holder,Sedan - All Perils,Sedan,30000 to 39000,0,10456,15,500,3,more than 30,more than 30,2 to 4,6 years,31 to 35,No,No,External,none,2 to 3 years,3 to 4,1995,All Perils
5,3,5,Toyota,Urban,4,5,4,Male,Single,34,Policy Holder,Sedan - All Perils,Sedan,20000 to 29000,0,10457,10,400,3,more than 30,more than 30,2 to 4,5 years,31 to 35,No,No,External,none,no change,1 vehicle,1995,All Perils
4,5,2,Toyota,Urban,4,3,1,Male,Married,39,Policy Holder,Sedan - Liability,Sport,20000 to 29000,0,10458,11,400,4,more than 30,more than 30,2 to 4,more than 7,36 to 40,No,No,External,3 to 5,no change,1 vehicle,1995,Liability
3,4,1,Pontiac,Urban,3,3,4,Male,Married,37,Third Party,Sedan - Collision,Sedan,20000 to 29000,0,10459,4,400,4,more than 30,more than 30,2 to 4,more than 7,36 to 40,No,No,External,more than 5,4 to 8 years,2 vehicles,1995,Collision
3,3,1,Mazda,Urban,2,3,4,Male,Married,64,Third Party,Sedan - Collision,Sedan,20000 to 29000,0,10460,16,400,1,more than 30,more than 30,1,7 years,51 to 65,No,No,External,none,no change,1 vehicle,1995,Collision
3,2,2,Honda,Urban,5,3,3,Male,Married,33,Policy Holder,Sedan - Liability,Sport,30000 to 39000,0,10461,13,400,4,more than 30,more than 30,2 to 4,6 years,31 to 35,No,No,External,none,no change,1 vehicle,1995,Liability
3,2,4,Toyota,Urban,6,3,2,Male,Married,30,Policy Holder,Sedan - Liability,Sport,30000 to 39000,0,10462,12,400,4,more than 30,more than 30,none,6 years,31 to 35,No,No,External,1 to 2,no change,1 vehicle,1995,Liability
3,1,3,Mazda,Urban,4,3,1,Male,Single,29,Policy Holder,Sedan - Liability,Sport,20000 to 29000,0,10463,14,400,2,more than 30,more than 30,more than 4,7 years,31 to 35,No,No,External,none,no change,1 vehicle,1995,Liability
2,4,3,Chevrolet,Urban,5,3,1,Male,Married,52,Third Party,Sedan - Collision,Sedan,30000 to 39000,0,10464,4,400,4,more than 30,more than 30,2 to 4,more than 7,41 to 50,No,No,External,none,no change,1 vehicle,1995,Collision
2,4,4,Saab,Urban,5,3,1,Male,Married,36,Policy Holder,Sedan - Collision,Sedan,30000 to 39000,0,10465,11,400,4,more than 30,more than 30,1,7 years,36 to 40,No,Yes,External,3 to 5,no change,1 vehicle,1995,Collision
3,1,3,Pontiac,Urban,4,2,1,Female,Married,40,Policy Holder,Sedan - Liability,Sport,20000 to 29000,0,10466,12,400,3,more than 30,more than 30,more than 4,7 years,36 to 40,No,No,External,3 to 5,1 year,1 vehicle,1995,Liability
2,4,2,Toyota,Urban,3,2,4,Male,Married,76,Policy Holder,Sedan - All Perils,Sedan,less than 20000,0,10467,4,400,3,more than 30,more than 30,none,7 years,over 65,No,No,External,1 to 2,no change,1 vehicle,1995,All Perils
2,4,4,Toyota,Urban,1,2,4,Male,Married,64,Third Party,Sedan - All Perils,Sedan,less than 20000,0,10468,12,400,3,more than 30,more than 30,2 to 4,more than 7,51 to 65,No,No,External,more than 5,no change,1 vehicle,1995,All Perils
2,3,2,Chevrolet,Urban,4,2,3,Male,Single,36,Policy Holder,Sedan - Collision,Sedan,30000 to 39000,0,10469,5,400,1,more than 30,more than 30,1,more than 7,36 to 40,No,No,External,more than 5,no change,1 vehicle,1995,Collision
2,3,3,Honda,Urban,4,3,3,Male,Single,35,Policy Holder,Sedan - Liability,Sport,20000 to 29000,0,10470,16,400,3,more than 30,more than 30,none,5 years,31 to 35,No,No,External,none,no change,1 vehicle,1995,Liability
2,3,2,Mazda,Urban,3,2,1,Male,Married,51,Policy Holder,Sedan - Collision,Sedan,30000 to 39000,0,10471,13,400,2,more than 30,more than 30,none,more than 7,41 to 50,No,No,External,1 to 2,no change,1 vehicle,1995,Collision
2,3,6,Toyota,Urban,1,2,3,Female,Married,55,Policy Holder,Sedan - Collision,Sedan,20000 to 29000,0,10472,10,400,1,more than 30,more than 30,none,7 years,41 to 50,No,No,External,more than 5,no change,1 vehicle,1995,Collision
2,2,3,Honda,Urban,2,2,2,Male,Single,31,Policy Holder,Sedan - Liability,Sport,more than 69000,0,10473,13,400,2,more than 30,more than 30,2 to 4,6 years,31 to 35,No,No,External,3 to 5,no change,1 vehicle,1995,Liability
2,2,6,Mazda,Urban,2,2,4,Male,Married,27,Third Party,Sedan - All Perils,Sedan,20000 to 29000,0,10474,16,400,1,more than 30,more than 30,1,6 years,31 to 35,No,No,External,none,no change,1 vehicle,1995,All Perils
2,1,2,Honda,Urban,4,2,2,Female,Married,29,Policy Holder,Sedan - Liability,Sport,30000 to 39000,0,10475,9,400,1,more than 30,more than 30,more than 4,7 years,31 to 35,No,No,External,none,no change,1 vehicle,1995,Liability
1,5,3,Chevrolet,Urban,5,2,2,Male,Married,31,Third Party,Sedan - Collision,Sedan,30000 to 39000,0,10476,7,400,4,more than 30,more than 30,none,7 years,31 to 35,No,No,External,3 to 5,no change,1 vehicle,1995,Collision
1,4,2,Mazda,Urban,3,2,3,Male,Married,47,Policy Holder,Sedan - All Perils,Sedan,30000 to 39000,0,10477,4,400,2,more than 30,more than 30,none,more than 7,41 to 50,No,No,External,1 to 2,no change,1 vehicle,1995,All Perils
1,4,7,Pontiac,Urban,4,1,1,Male,Married,45,Policy Holder,Sedan - Liability,Sport,20000 to 29000,0,10478,6,400,3,more than 30,more than 30,more than 4,7 years,36 to 40,No,No,External,more than 5,no change,1 vehicle,1995,Liability
1,3,1,Pontiac,Urban,1,1,3,Male,Married,35,Policy Holder,Sedan - Liability,Sport,20000 to 29000,0,10479,8,700,1,more than 30,more than 30,1,7 years,31 to 35,No,No,External,none,no change,1 vehicle,1995,Liability
1,2,3,Honda,Urban,4,12,2,Male,Single,33,Third Party,Sedan - All Perils,Sedan,less than 20000,0,10480,12,400,1,more than 30,more than 30,2 to 4,7 years,31 to 35,No,No,External,3 to 5,4 to 8 years,2 vehicles,1995,All Perils
12,4,7,Mazda,Urban,3,10,4,Male,Married,46,Policy Holder,Sedan - Liability,Sport,20000 to 29000,0,10481,7,400,4,more than 30,more than 30,more than 4,more than 7,41 to 50,No,No,External,3 to 5,no change,1 vehicle,1995,Liability
10,1,1,Toyota,Urban,3,9,1,Female,Single,33,Policy Holder,Sedan - All Perils,Sedan,20000 to 29000,0,10482,2,400,2,more than 30,more than 30,1,6 years,31 to 35,No,No,External,none,no change,1 vehicle,1995,All Perils
9,2,2,Honda,Urban,5,7,4,Male,Single,26,Policy Holder,Sedan - Collision,Sedan,20000 to 29000,0,10483,1,400,3,more than 30,more than 30,1,6 years,31 to 35,No,No,External,none,no change,1 vehicle,1995,Collision
7,2,7,Pontiac,Urban,3,3,3,Female,Single,34,Policy Holder,Sedan - All Perils,Sedan,20000 to 29000,0,10484,6,400,1,more than 30,more than 30,1,6 years,31 to 35,No,No,External,3 to 5,no change,1 vehicle,1995,All Perils
3,1,1,Mazda,Rural,3,3,2,Male,Single,32,Policy Holder,Sedan - Liability,Sport,30000 to 39000,0,10485,15,400,3,more than 30,more than 30,2 to 4,7 years,31 to 35,No,No,External,none,no change,1 vehicle,1995,Liability
3,2,4,Honda,Urban,5,3,3,Male,Single,0,Policy Holder,Sedan - Collision,Sedan,more than 69000,0,10486,15,400,3,more than 30,more than 30,2 to 4,new,16 to 17,No,No,External,none,no change,1 vehicle,1995,Collision
3,1,5,Accura,Rural,6,3,3,Male,Married,34,Policy Holder,Sedan - Collision,Sedan,20000 to 29000,0,10487,16,400,3,more than 30,more than 30,2 to 4,6 years,31 to 35,No,No,External,none,no change,1 vehicle,1995,Collision
3,1,1,Pontiac,Urban,2,2,1,Male,Married,47,Third Party,Sedan - All Perils,Sedan,30000 to 39000,0,10488,2,400,4,more than 30,more than 30,none,more than 7,41 to 50,No,No,External,none,no change,1 vehicle,1995,All Perils
2,4,2,Mazda,Urban,5,2,4,Male,Married,39,Policy Holder,Sedan - Collision,Sedan,20000 to 29000,0,10489,12,400,2,more than 30,more than 30,2 to 4,7 years,36 to 40,No,No,External,none,no change,1 vehicle,1995,Collision
2,3,3,Pontiac,Urban,4,2,3,Male,Married,45,Policy Holder,Sedan - Liability,Sport,20000 to 29000,0,10490,3,400,2,more than 30,more than 30,2 to 4,7 years,36 to 40,No,No,External,more than 5,no change,1 vehicle,1995,Liability
2,3,2,Toyota,Urban,5,3,3,Male,Married,37,Third Party,Sedan - Collision,Sedan,20000 to 29000,0,10491,4,400,2,more than 30,more than 30,2 to 4,7 years,36 to 40,No,No,External,none,no change,1 vehicle,1995,Collision
2,2,3,Honda,Urban,5,5,1,Male,Married,51,Third Party,Sedan - Collision,Sedan,20000 to 29000,0,10492,9,400,1,none,more than 30,2 to 4,more than 7,41 to 50,No,No,External,none,no change,1 vehicle,1995,Collision
2,2,1,Pontiac,Urban,4,2,1,Male,Married,46,Policy Holder,Sedan - Collision,Sedan,40000 to 59000,0,10493,5,400,1,more than 30,more than 30,none,more than 7,41 to 50,No,No,External,none,no change,1 vehicle,1995,Collision
2,2,6,Chevrolet,Urban,1,2,2,Male,Married,31,Third Party,Sedan - Collision,Sedan,20000 to 29000,0,10494,14,400,2,more than 30,more than 30,2 to 4,7 years,31 to 35,No,No,External,more than 5,no change,1 vehicle,1995,Collision
2,1,4,Mazda,Urban,4,2,2,Male,Married,63,Third Party,Sedan - All Perils,Sedan,20000 to 29000,0,10495,6,400,2,more than 30,more than 30,1,7 years,51 to 65,No,No,External,more than 5,no change,1 vehicle,1995,All Perils
2,1,3,Pontiac,Urban,3,2,1,Male,Married,53,Third Party,Sedan - Liability,Sport,20000 to 29000,0,10496,14,400,3,more than 30,more than 30,1,7 years,41 to 50,No,No,External,1 to 2,no change,1 vehicle,1995,Liability
2,1,2,Toyota,Urban,1,2,2,Male,Married,32,Policy Holder,Sedan - All Perils,Sedan,20000 to 29000,0,10497,12,400,2,more than 30,more than 30,2 to 4,7 years,31 to 35,No,No,External,none,no change,3 to 4,1995,All Perils
2,1,1,Toyota,Urban,1,2,4,Male,Single,31,Policy Holder,Sedan - All Perils,Sedan,less than 20000,0,10498,2,400,4,more than 30,more than 30,2 to 4,7 years,31 to 35,No,No,External,1 to 2,no change,1 vehicle,1995,All Perils
1,5,5,Honda,Urban,5,1,2,Male,Single,0,Third Party,Sedan - Liability,Sport,more than 69000,0,10499,9,400,3,more than 30,more than 30,2 to 4,new,16 to 17,No,No,External,none,no change,1 vehicle,1995,Liability
1,5,5,Honda,Urban,4,2,5,Male,Married,26,Policy Holder,Sedan - Liability,Sport,20000 to 29000,0,10500,7,400,4,more than 30,more than 30,2 to 4,6 years,31 to 35,No,No,External,none,no change,1 vehicle,1995,Liability
1,5,3,Honda,Urban,3,2,1,Male,Married,61,Third Party,Sedan - All Perils,Sedan,20000 to 29000,0,10501,1,400,4,more than 30,more than 30,2 to 4,more than 7,51 to 65,No,No,External,none,4 to 8 years,2 vehicles,1995,All Perils
1,4,5,Honda,Urban,5,2,1,Male,Single,25,Third Party,Sedan - Collision,Sedan,20000 to 29000,0,10502,16,400,2,1 to 7,15 to 30,2 to 4,5 years,26 to 30,No,No,External,1 to 2,no change,1 vehicle,1995,Collision
1,5,6,Saab,Urban,5,1,2,Female,Married,33,Third Party,Sedan - Collision,Sedan,more than 69000,0,10503,12,400,1,more than 30,more than 30,none,7 years,31 to 35,No,No,External,more than 5,no change,1 vehicle,1995,Collision
1,4,1,Chevrolet,Urban,2,1,5,Male,Married,39,Third Party,Sedan - All Perils,Sedan,more than 69000,0,10504,11,400,3,more than 30,more than 30,none,7 years,36 to 40,No,No,External,1 to 2,no change,1 vehicle,1995,All Perils
1,3,7,VW,Urban,1,1,3,Female,Single,44,Policy Holder,Sedan - All Perils,Sedan,more than 69000,0,10505,7,400,3,more than 30,more than 30,none,7 years,36 to 40,No,No,External,more than 5,no change,1 vehicle,1995,All Perils
1,3,6,Pontiac,Urban,4,1,3,Male,Divorced,42,Policy Holder,Sedan - Collision,Sedan,20000 to 29000,0,10506,9,400,4,more than 30,more than 30,2 to 4,7 years,36 to 40,No,No,External,3 to 5,no change,1 vehicle,1995,Collision
1,1,6,Toyota,Rural,4,2,3,Male,Married,48,Policy Holder,Sedan - All Perils,Sedan,less than 20000,0,10507,14,500,1,more than 30,more than 30,none,7 years,41 to 50,No,No,External,3 to 5,2 to 3 years,1 vehicle,1995,All Perils
12,1,7,Pontiac,Urban,1,11,3,Female,Single,25,Policy Holder,Sedan - All Perils,Sedan,more than 69000,0,10508,5,400,4,more than 30,more than 30,none,5 years,26 to 30,No,No,External,none,no change,1 vehicle,1995,All Perils
11,5,5,Pontiac,Rural,3,3,5,Male,Married,47,Policy Holder,Sedan - Collision,Sedan,20000 to 29000,0,10509,12,400,3,more than 30,more than 30,2 to 4,more than 7,41 to 50,No,No,External,1 to 2,no change,1 vehicle,1995,Collision
3,1,7,Honda,Urban,1,3,2,Female,Single,32,Policy Holder,Sport - Collision,Sport,more than 69000,1,10510,11,400,3,more than 30,more than 30,1,6 years,31 to 35,No,No,External,none,no change,1 vehicle,1995,Collision
3,2,6,Pontiac,Urban,1,2,2,Female,Married,36,Policy Holder,Sedan - Collision,Sedan,less than 20000,0,10511,14,400,1,more than 30,more than 30,1,7 years,36 to 40,No,No,External,none,no change,1 vehicle,1995,Collision
2,3,4,Mazda,Urban,5,3,3,Male,Married,35,Policy Holder,Sedan - Collision,Sedan,20000 to 29000,0,10512,8,400,4,more than 30,more than 30,none,6 years,31 to 35,No,No,External,more than 5,no change,1 vehicle,1995,Collision
3,5,5,Chevrolet,Urban,2,3,5,Male,Married,52,Policy Holder,Sedan - All Perils,Sedan,30000 to 39000,0,10513,13,400,2,more than 30,more than 30,1,more than 7,41 to 50,No,No,External,none,no change,1 vehicle,1995,All Perils
3,2,6,Honda,Urban,2,3,4,Female,Married,63,Policy Holder,Sedan - Collision,Sedan,20000 to 29000,0,10514,11,400,1,more than 30,more than 30,2 to 4,7 years,51 to 65,No,No,External,none,no change,1 vehicle,1995,Collision
2,4,1,Ford,Urban,1,4,1,Male,Married,54,Third Party,Sedan - Collision,Sedan,40000 to 59000,0,10515,16,400,1,more than 30,more than 30,none,more than 7,41 to 50,No,No,External,3 to 5,no change,1 vehicle,1995,Collision
2,5,7,Pontiac,Urban,2,4,1,Male,Married,31,Policy Holder,Sedan - Liability,Sport,20000 to 29000,0,10516,16,400,4,more than 30,more than 30,2 to 4,6 years,31 to 35,No,No,External,more than 5,no change,1 vehicle,1995,Liability
4,4,5,Pontiac,Urban,2,4,4,Male,Single,27,Policy Holder,Sedan - Liability,Sport,more than 69000,0,10517,15,400,4,more than 30,more than 30,more than 4,4 years,31 to 35,No,No,External,1 to 2,no change,1 vehicle,1995,Liability
4,4,5,Chevrolet,Urban,5,6,4,Male,Married,31,Policy Holder,Sedan - Liability,Sport,20000 to 29000,0,10518,10,400,1,more than 30,more than 30,2 to 4,7 years,31 to 35,No,No,External,more than 5,no change,1 vehicle,1995,Liability
6,3,7,Mazda,Urban,1,6,3,Male,Single,34,Third Party,Sport - Collision,Sport,more than 69000,0,10519,8,400,2,more than 30,more than 30,none,5 years,31 to 35,No,No,External,1 to 2,no change,1 vehicle,1995,Collision
6,3,6,Honda,Urban,1,3,3,Male,Married,41,Policy Holder,Sedan - Collision,Sedan,20000 to 29000,0,10520,3,400,3,more than 30,more than 30,2 to 4,more than 7,36 to 40,No,No,External,none,no change,1 vehicle,1995,Collision
3,1,5,Mazda,Urban,5,6,1,Male,Married,41,Policy Holder,Sport - Collision,Sport,more than 69000,1,10521,12,400,3,more than 30,more than 30,none,7 years,36 to 40,No,No,External,more than 5,no change,1 vehicle,1995,Collision
6,2,5,Pontiac,Urban,1,6,3,Male,Married,58,Policy Holder,Sedan - Collision,Sedan,20000 to 29000,0,10522,11,400,4,more than 30,more than 30,none,more than 7,51 to 65,No,No,External,more than 5,4 to 8 years,2 vehicles,1995,Collision
6,2,5,Toyota,Urban,4,11,2,Male,Married,26,Third Party,Sedan - All Perils,Sedan,20000 to 29000,0,10523,16,400,2,more than 30,more than 30,1,6 years,31 to 35,No,No,External,1 to 2,no change,1 vehicle,1995,All Perils
10,4,6,Ford,Urban,1,10,1,Male,Married,49,Policy Holder,Sedan - Liability,Sport,40000 to 59000,0,10524,10,400,1,more than 30,more than 30,more than 4,7 years,41 to 50,No,No,External,3 to 5,no change,1 vehicle,1995,Liability
10,3,1,Chevrolet,Urban,1,12,3,Male,Married,48,Policy Holder,Sedan - Liability,Sport,20000 to 29000,0,10525,5,400,2,more than 30,more than 30,2 to 4,7 years,41 to 50,No,No,External,none,no change,1 vehicle,1995,Liability
11,5,1,Chevrolet,Urban,3,10,2,Male,Married,39,Policy Holder,Sedan - All Perils,Sedan,20000 to 29000,0,10526,16,400,1,more than 30,more than 30,1,7 years,36 to 40,Yes,No,External,more than 5,no change,1 vehicle,1995,All Perils
10,4,5,Pontiac,Urban,6,7,4,Male,Married,34,Policy Holder,Sedan - Collision,Sedan,20000 to 29000,0,10527,5,400,2,more than 30,more than 30,2 to 4,7 years,31 to 35,No,No,External,none,no change,1 vehicle,1995,Collision
6,5,5,Honda,Urban,5,8,1,Male,Single,30,Policy Holder,Sedan - Collision,Sedan,20000 to 29000,0,10528,6,400,3,more than 30,more than 30,none,6 years,31 to 35,No,No,External,none,no change,1 vehicle,1995,Collision
7,5,6,Accura,Urban,4,3,3,Male,Married,28,Policy Holder,Sedan - All Perils,Sedan,30000 to 39000,0,10529,14,400,4,more than 30,more than 30,none,7 years,31 to 35,No,No,External,1 to 2,no change,1 vehicle,1995,All Perils
3,1,2,Pontiac,Urban,3,8,2,Male,Married,45,Policy Holder,Sedan - Liability,Sport,20000 to 29000,1,10530,5,400,2,more than 30,more than 30,1,7 years,36 to 40,No,No,External,more than 5,no change,1 vehicle,1995,Liability
8,4,3,Pontiac,Urban,5,8,4,Male,Married,48,Policy Holder,Sedan - Collision,Sedan,20000 to 29000,0,10531,5,400,2,more than 30,more than 30,none,more than 7,41 to 50,No,No,External,none,no change,1 vehicle,1995,Collision
8,1,4,Pontiac,Urban,4,11,1,Male,Single,30,Third Party,Sedan - All Perils,Sedan,20000 to 29000,0,10532,6,400,3,more than 30,more than 30,2 to 4,7 years,31 to 35,No,No,External,3 to 5,no change,1 vehicle,1995,All Perils
11,1,4,Chevrolet,Urban,4,11,1,Male,Married,51,Policy Holder,Sedan - Collision,Sedan,40000 to 59000,0,10533,6,400,4,more than 30,more than 30,more than 4,more than 7,41 to 50,No,No,External,1 to 2,no change,1 vehicle,1995,Collision
11,1,5,Honda,Urban,4,4,1,Male,Married,51,Policy Holder,Sedan - Liability,Sport,more than 69000,0,10534,6,400,2,more than 30,more than 30,1,more than 7,41 to 50,No,No,External,3 to 5,no change,1 vehicle,1995,Liability
3,2,7,Honda,Urban,3,3,2,Male,Married,35,Policy Holder,Sedan - Collision,Sedan,20000 to 29000,0,10535,15,400,4,more than 30,more than 30,1,6 years,31 to 35,No,No,External,1 to 2,no change,1 vehicle,1995,Collision
3,2,4,Mazda,Urban,5,5,3,Female,Married,34,Policy Holder,Sedan - Collision,Sedan,20000 to 29000,0,10536,6,400,4,more than 30,more than 30,2 to 4,6 years,31 to 35,No,No,External,more than 5,no change,1 vehicle,1995,Collision
5,1,6,Chevrolet,Rural,1,5,1,Male,Married,34,Policy Holder,Sedan - Liability,Sport,40000 to 59000,0,10537,12,400,4,more than 30,more than 30,2 to 4,7 years,31 to 35,No,No,External,more than 5,no change,1 vehicle,1995,Liability
4,5,3,Mazda,Urban,5,6,1,Male,Married,34,Policy Holder,Sedan - Liability,Sport,20000 to 29000,0,10538,11,400,3,more than 30,more than 30,2 to 4,6 years,31 to 35,No,No,External,more than 5,no change,3 to 4,1995,Liability
5,4,7,VW,Urban,2,5,2,Male,Single,43,Policy Holder,Sedan - Liability,Sport,more than 69000,0,10539,7,400,3,more than 30,more than 30,2 to 4,7 years,36 to 40,No,No,External,none,no change,1 vehicle,1995,Liability
5,4,1,Honda,Urban,2,7,4,Male,Single,0,Policy Holder,Sedan - Liability,Sport,more than 69000,0,10540,16,400,1,more than 30,more than 30,2 to 4,new,16 to 17,No,No,External,none,no change,1 vehicle,1995,Liability
7,1,1,Honda,Rural,3,7,1,Male,Single,37,Policy Holder,Sedan - All Perils,Sedan,less than 20000,0,10541,5,700,1,more than 30,more than 30,none,7 years,36 to 40,No,No,External,1 to 2,no change,1 vehicle,1995,All Perils
6,4,5,Honda,Urban,3,9,1,Male,Married,36,Policy Holder,Sport - Collision,Sport,more than 69000,0,10542,9,400,3,more than 30,more than 30,none,more than 7,36 to 40,No,No,External,none,no change,1 vehicle,1995,Collision
9,4,6,Pontiac,Urban,3,9,5,Female,Single,29,Policy Holder,Sedan - Collision,Sedan,20000 to 29000,0,10543,12,400,4,more than 30,more than 30,2 to 4,6 years,31 to 35,No,No,External,none,4 to 8 years,2 vehicles,1995,Collision
9,4,5,Pontiac,Urban,1,11,5,Male,Married,42,Third Party,Sedan - Liability,Sport,20000 to 29000,0,10544,3,400,3,more than 30,more than 30,2 to 4,7 years,36 to 40,No,No,External,none,no change,1 vehicle,1995,Liability
11,1,5,Toyota,Urban,1,10,2,Male,Married,64,Policy Holder,Sedan - All Perils,Sedan,less than 20000,0,10545,15,400,2,more than 30,more than 30,none,more than 7,51 to 65,No,No,External,none,no change,1 vehicle,1995,All Perils
10,5,3,Accura,Urban,5,10,5,Male,Married,36,Policy Holder,Sedan - All Perils,Sedan,more than 69000,0,10546,12,400,2,more than 30,more than 30,2 to 4,more than 7,36 to 40,No,No,External,none,no change,1 vehicle,1995,All Perils
10,1,1,Toyota,Urban,3,12,2,Male,Married,31,Policy Holder,Sedan - Liability,Sport,30000 to 39000,0,10547,6,400,2,more than 30,more than 30,2 to 4,7 years,31 to 35,No,No,External,none,no change,1 vehicle,1995,Liability
12,3,1,Ford,Urban,5,6,4,Male,Married,46,Third Party,Sedan - Liability,Sport,30000 to 39000,0,10548,12,400,4,more than 30,more than 30,2 to 4,7 years,41 to 50,No,No,External,3 to 5,no change,1 vehicle,1995,Liability
5,1,5,Mazda,Urban,2,7,1,Female,Single,43,Policy Holder,Sedan - Liability,Sport,20000 to 29000,0,10549,3,400,2,more than 30,more than 30,more than 4,7 years,36 to 40,No,No,External,none,no change,1 vehicle,1995,Liability
7,2,4,Honda,Urban,4,7,2,Female,Married,43,Policy Holder,Sedan - Collision,Sedan,20000 to 29000,0,10550,6,400,2,more than 30,more than 30,2 to 4,7 years,36 to 40,No,No,External,more than 5,no change,1 vehicle,1995,Collision
6,4,1,Mazda,Urban,7,10,1,Male,Single,23,Third Party,Sedan - Liability,Sport,30000 to 39000,0,10551,2,400,2,more than 30,more than 30,1,5 years,26 to 30,No,No,External,3 to 5,no change,1 vehicle,1995,Liability
9,2,5,Pontiac,Urban,2,8,1,Male,Married,35,Third Party,Sedan - Collision,Sedan,20000 to 29000,0,10552,5,400,4,more than 30,more than 30,none,5 years,31 to 35,No,No,External,none,no change,1 vehicle,1995,Collision
8,3,2,Mazda,Urban,3,12,4,Male,Married,46,Policy Holder,Sedan - Collision,Sedan,30000 to 39000,0,10553,1,400,1,more than 30,more than 30,none,more than 7,41 to 50,No,No,External,none,no change,1 vehicle,1995,Collision
12,1,1,Ford,Urban,3,4,2,Male,Single,54,Third Party,Sedan - All Perils,Sedan,less than 20000,0,10554,5,400,3,more than 30,more than 30,2 to 4,more than 7,41 to 50,No,No,External,more than 5,no change,1 vehicle,1995,All Perils
3,5,5,Toyota,Urban,7,2,1,Male,Married,28,Third Party,Sedan - Collision,Sedan,20000 to 29000,0,10555,9,400,3,more than 30,more than 30,none,6 years,31 to 35,No,No,External,none,no change,1 vehicle,1995,Collision
2,2,7,Pontiac,Urban,1,3,2,Male,Married,41,Policy Holder,Sedan - All Perils,Sedan,less than 20000,0,10556,10,400,4,more than 30,more than 30,none,5 years,36 to 40,No,No,External,more than 5,no change,1 vehicle,1995,All Perils
3,1,2,VW,Urban,3,8,3,Female,Single,40,Policy Holder,Sedan - All Perils,Sedan,20000 to 29000,1,10557,9,400,1,more than 30,more than 30,none,7 years,36 to 40,No,No,External,none,1 year,1 vehicle,1995,All Perils
7,4,7,Pontiac,Urban,3,7,1,Male,Married,61,Third Party,Sedan - All Perils,Sedan,20000 to 29000,0,10558,9,500,2,more than 30,more than 30,none,7 years,51 to 65,No,No,External,none,2 to 3 years,1 vehicle,1995,All Perils
7,4,1,Mazda,Rural,3,9,4,Male,Single,32,Policy Holder,Sedan - Liability,Sport,more than 69000,0,10559,5,400,1,more than 30,more than 30,2 to 4,6 years,31 to 35,No,No,External,none,no change,1 vehicle,1995,Liability
9,1,4,Honda,Urban,6,10,2,Male,Married,39,Policy Holder,Sedan - Collision,Sedan,30000 to 39000,0,10560,11,400,1,more than 30,more than 30,2 to 4,more than 7,36 to 40,No,No,External,none,no change,1 vehicle,1995,Collision
9,5,7,Chevrolet,Urban,4,12,1,Male,Single,30,Policy Holder,Sedan - All Perils,Sedan,more than 69000,0,10561,13,400,3,more than 30,more than 30,more than 4,6 years,31 to 35,No,No,External,3 to 5,no change,1 vehicle,1995,All Perils
12,2,1,Pontiac,Urban,2,5,4,Male,Married,64,Policy Holder,Sedan - All Perils,Sedan,20000 to 29000,0,10562,15,400,2,more than 30,more than 30,2 to 4,more than 7,51 to 65,No,No,External,none,no change,1 vehicle,1995,All Perils
5,4,5,Mazda,Urban,2,5,5,Male,Married,48,Third Party,Sedan - Liability,Sport,30000 to 39000,0,10563,12,400,1,more than 30,more than 30,2 to 4,more than 7,41 to 50,No,No,Internal,more than 5,no change,1 vehicle,1995,Liability
5,3,7,Pontiac,Urban,3,6,4,Male,Single,26,Third Party,Sedan - All Perils,Sedan,20000 to 29000,0,10564,12,400,4,more than 30,more than 30,1,7 years,31 to 35,No,No,External,more than 5,4 to 8 years,2 vehicles,1995,All Perils
5,4,4,Pontiac,Urban,5,9,2,Male,Married,27,Policy Holder,Sedan - Collision,Sedan,20000 to 29000,0,10565,3,400,4,more than 30,more than 30,1,6 years,31 to 35,No,No,External,more than 5,no change,1 vehicle,1995,Collision
8,5,2,Honda,Urban,5,8,1,Male,Married,49,Third Party,Sedan - All Perils,Sedan,20000 to 29000,0,10566,2,400,2,more than 30,more than 30,none,more than 7,41 to 50,No,No,External,none,no change,1 vehicle,1995,All Perils
8,2,7,Honda,Urban,4,8,2,Male,Single,33,Third Party,Sedan - Collision,Sedan,less than 20000,0,10567,14,400,3,more than 30,more than 30,1,6 years,31 to 35,No,No,External,none,no change,1 vehicle,1995,Collision
7,5,2,Honda,Urban,5,8,1,Male,Single,25,Third Party,Sedan - Collision,Sedan,20000 to 29000,0,10568,8,400,1,more than 30,more than 30,2 to 4,4 years,26 to 30,No,No,External,none,no change,1 vehicle,1995,Collision
8,1,7,Honda,Urban,3,3,1,Male,Married,55,Policy Holder,Sedan - All Perils,Sedan,20000 to 29000,0,10569,16,400,4,more than 30,more than 30,none,6 years,41 to 50,Yes,No,External,1 to 2,no change,1 vehicle,1995,All Perils
3,1,7,Mazda,Urban,1,3,2,Male,Married,35,Third Party,Sport - Collision,Sport,more than 69000,0,10570,4,400,1,more than 30,more than 30,1,7 years,31 to 35,No,No,External,more than 5,no change,1 vehicle,1995,Collision
3,1,4,Honda,Urban,5,10,1,Male,Single,30,Policy Holder,Sedan - Liability,Sport,20000 to 29000,0,10571,15,400,3,more than 30,more than 30,1,7 years,31 to 35,No,No,Internal,more than 5,no change,1 vehicle,1995,Liability
10,1,5,Chevrolet,Urban,5,10,2,Male,Single,40,Policy Holder,Sedan - Collision,Sedan,more than 69000,0,10572,4,700,1,more than 30,more than 30,2 to 4,7 years,36 to 40,No,No,External,none,no change,1 vehicle,1995,Collision
10,2,3,Ford,Urban,3,11,3,Male,Married,53,Third Party,Sedan - All Perils,Sedan,40000 to 59000,0,10573,3,400,2,more than 30,more than 30,1,more than 7,41 to 50,No,No,External,none,no change,1 vehicle,1995,All Perils
11,3,7,Honda,Urban,1,3,4,Male,Married,75,Policy Holder,Sport - Collision,Sport,more than 69000,0,10574,4,400,1,more than 30,more than 30,none,more than 7,over 65,No,No,External,none,no change,1 vehicle,1995,Collision
3,1,3,Toyota,Urban,2,10,1,Male,Married,42,Third Party,Sedan - All Perils,Sedan,20000 to 29000,0,10575,16,400,3,more than 30,more than 30,none,7 years,36 to 40,No,No,External,none,no change,1 vehicle,1995,All Perils
10,2,2,Toyota,Urban,4,11,3,Female,Married,33,Third Party,Sedan - Liability,Sport,20000 to 29000,0,10576,14,400,1,more than 30,more than 30,none,5 years,31 to 35,No,No,External,1 to 2,no change,1 vehicle,1995,Liability
10,2,2,Mazda,Urban,3,12,2,Male,Married,46,Policy Holder,Sedan - Collision,Sedan,20000 to 29000,0,10577,1,400,2,more than 30,more than 30,2 to 4,7 years,41 to 50,No,No,External,none,no change,1 vehicle,1995,Collision
12,2,1,Pontiac,Urban,4,12,3,Male,Married,58,Policy Holder,Sedan - Collision,Sedan,30000 to 39000,0,10578,11,400,3,more than 30,more than 30,none,more than 7,51 to 65,No,No,External,none,no change,1 vehicle,1995,Collision
12,3,3,Honda,Urban,4,10,5,Male,Married,29,Third Party,Sport - Collision,Sport,more than 69000,0,10579,13,400,3,more than 30,more than 30,none,6 years,31 to 35,No,No,External,none,no change,3 to 4,1995,Collision
10,3,7,Mazda,Urban,2,11,4,Male,Single,29,Third Party,Sedan - Liability,Sport,20000 to 29000,0,10580,1,400,2,more than 30,more than 30,2 to 4,6 years,31 to 35,No,No,External,none,no change,1 vehicle,1995,Liability
10,3,2,Pontiac,Urban,2,6,2,Male,Married,42,Third Party,Sedan - Collision,Sedan,30000 to 39000,0,10581,7,400,4,more than 30,more than 30,none,6 years,36 to 40,No,No,Internal,3 to 5,no change,1 vehicle,1995,Collision
6,2,2,Chevrolet,Urban,3,7,2,Male,Married,75,Policy Holder,Sedan - Liability,Sport,30000 to 39000,0,10582,7,400,3,more than 30,more than 30,none,more than 7,over 65,No,No,External,none,no change,1 vehicle,1995,Liability
7,3,3,Mazda,Urban,4,3,4,Male,Single,44,Third Party,Sedan - Liability,Sport,20000 to 29000,0,10583,12,400,2,more than 30,more than 30,2 to 4,7 years,36 to 40,No,No,External,more than 5,no change,1 vehicle,1995,Liability
3,1,4,Honda,Urban,1,4,1,Male,Married,50,Third Party,Sedan - All Perils,Sedan,20000 to 29000,0,10584,10,400,3,more than 30,more than 30,none,more than 7,41 to 50,No,No,External,none,no change,1 vehicle,1995,All Perils
4,2,3,Honda,Urban,1,10,3,Male,Married,33,Third Party,Sedan - All Perils,Sedan,less than 20000,0,10585,12,400,1,more than 30,more than 30,none,6 years,31 to 35,No,No,External,none,4 to 8 years,2 vehicles,1995,All Perils
9,4,5,Toyota,Urban,5,6,1,Female,Married,41,Policy Holder,Sedan - Collision,Sedan,20000 to 29000,0,10586,5,400,2,more than 30,more than 30,none,5 years,36 to 40,No,No,External,3 to 5,no change,1 vehicle,1995,Collision
6,2,4,Honda,Urban,5,4,2,Male,Married,43,Policy Holder,Sedan - Liability,Sport,20000 to 29000,0,10587,9,400,2,more than 30,more than 30,2 to 4,more than 7,36 to 40,No,No,External,1 to 2,no change,1 vehicle,1995,Liability
4,3,4,Toyota,Urban,4,7,4,Male,Married,34,Policy Holder,Sedan - Collision,Sedan,30000 to 39000,0,10588,14,400,1,more than 30,more than 30,1,6 years,31 to 35,No,No,External,more than 5,no change,1 vehicle,1995,Collision
7,3,3,Mercury,Urban,3,7,3,Male,Married,37,Policy Holder,Sedan - All Perils,Sedan,20000 to 29000,0,10589,15,400,2,more than 30,more than 30,none,7 years,36 to 40,No,No,External,more than 5,no change,1 vehicle,1995,All Perils
7,2,1,Accura,Rural,2,3,2,Male,Married,43,Policy Holder,Sedan - Liability,Sport,30000 to 39000,0,10590,11,400,2,more than 30,more than 30,more than 4,7 years,36 to 40,No,No,External,3 to 5,no change,1 vehicle,1995,Liability
3,1,1,Honda,Urban,1,4,2,Male,Single,34,Third Party,Sedan - Collision,Sedan,20000 to 29000,0,10591,6,400,2,more than 30,more than 30,2 to 4,6 years,31 to 35,No,No,External,more than 5,no change,1 vehicle,1995,Collision
3,3,1,Honda,Urban,2,11,2,Male,Single,0,Policy Holder,Sedan - Liability,Sport,more than 69000,0,10592,7,400,3,more than 30,more than 30,2 to 4,new,16 to 17,No,No,External,none,no change,1 vehicle,1995,Liability
11,1,1,Chevrolet,Urban,2,5,2,Female,Married,71,Policy Holder,Sedan - Liability,Sport,20000 to 29000,0,10593,13,400,4,more than 30,more than 30,2 to 4,more than 7,over 65,No,No,External,more than 5,no change,1 vehicle,1995,Liability
5,3,6,Honda,Urban,2,4,4,Male,Married,29,Policy Holder,Sedan - Collision,Sedan,20000 to 29000,0,10594,6,400,3,more than 30,more than 30,2 to 4,7 years,31 to 35,No,No,External,more than 5,no change,1 vehicle,1995,Collision
4,3,1,Toyota,Rural,5,9,3,Male,Married,43,Policy Holder,Sedan - Liability,Sport,20000 to 29000,0,10595,1,400,3,more than 30,more than 30,none,6 years,36 to 40,No,No,External,none,no change,1 vehicle,1995,Liability
9,4,1,Toyota,Urban,1,9,5,Male,Married,38,Third Party,Sedan - Collision,Sedan,20000 to 29000,0,10596,11,400,1,more than 30,more than 30,2 to 4,more than 7,36 to 40,No,No,External,3 to 5,no change,1 vehicle,1995,Collision
9,4,7,Honda,Urban,2,9,4,Male,Single,34,Policy Holder,Sedan - Collision,Sedan,30000 to 39000,0,10597,5,400,3,more than 30,more than 30,1,5 years,31 to 35,No,No,External,none,no change,1 vehicle,1995,Collision
9,4,7,Mazda,Urban,4,9,4,Male,Married,65,Policy Holder,Sedan - All Perils,Sedan,more than 69000,0,10598,15,400,2,more than 30,more than 30,2 to 4,more than 7,51 to 65,No,No,External,more than 5,no change,1 vehicle,1995,All Perils
9,1,5,Toyota,Urban,5,9,2,Male,Married,30,Third Party,Sedan - All Perils,Sedan,20000 to 29000,0,10599,7,400,2,more than 30,more than 30,none,6 years,31 to 35,No,No,External,none,no change,1 vehicle,1995,All Perils
8,4,5,Mazda,Urban,1,6,1,Male,Married,54,Third Party,Sedan - All Perils,Sedan,30000 to 39000,0,10600,9,400,4,more than 30,more than 30,2 to 4,more than 7,41 to 50,No,No,External,1 to 2,no change,1 vehicle,1995,All Perils
6,4,1,Chevrolet,Urban,3,3,4,Female,Married,37,Policy Holder,Sedan - Collision,Sedan,20000 to 29000,0,10601,8,400,1,more than 30,more than 30,2 to 4,6 years,36 to 40,No,No,External,3 to 5,no change,1 vehicle,1995,Collision
3,1,2,Toyota,Urban,1,6,2,Male,Married,60,Policy Holder,Sedan - Liability,Sport,30000 to 39000,0,10602,16,400,2,more than 30,more than 30,2 to 4,more than 7,51 to 65,No,No,External,none,no change,1 vehicle,1995,Liability
5,3,7,Pontiac,Urban,1,5,2,Male,Married,59,Policy Holder,Sedan - All Perils,Sedan,30000 to 39000,0,10603,11,700,2,more than 30,more than 30,1,more than 7,51 to 65,No,No,External,more than 5,no change,1 vehicle,1995,All Perils
5,3,1,Honda,Urban,1,8,3,Male,Married,58,Policy Holder,Sport - Collision,Sport,more than 69000,0,10604,1,400,1,more than 30,more than 30,none,more than 7,51 to 65,No,No,External,none,no change,1 vehicle,1995,Collision
8,3,2,Pontiac,Urban,4,4,4,Male,Married,27,Policy Holder,Sedan - All Perils,Sedan,20000 to 29000,0,10605,15,400,2,more than 30,more than 30,none,7 years,31 to 35,No,No,External,none,no change,1 vehicle,1995,All Perils
4,4,1,Honda,Urban,1,4,4,Male,Single,22,Policy Holder,Sport - Collision,Sport,more than 69000,0,10606,3,400,3,more than 30,more than 30,1,4 years,26 to 30,No,No,External,3 to 5,4 to 8 years,2 vehicles,1995,Collision
3,4,7,Chevrolet,Urban,2,3,1,Male,Single,29,Policy Holder,Sedan - Liability,Sport,40000 to 59000,0,10607,6,400,3,more than 30,more than 30,more than 4,7 years,31 to 35,No,No,External,1 to 2,no change,1 vehicle,1995,Liability
3,4,6,Pontiac,Urban,1,11,5,Male,Single,39,Policy Holder,Sedan - Liability,Sport,more than 69000,0,10608,16,400,3,more than 30,more than 30,2 to 4,7 years,36 to 40,No,No,External,more than 5,no change,1 vehicle,1995,Liability
11,2,3,Pontiac,Urban,4,8,3,Male,Single,33,Policy Holder,Sedan - Collision,Sedan,20000 to 29000,0,10609,1,500,4,more than 30,more than 30,2 to 4,6 years,31 to 35,No,No,External,none,2 to 3 years,1 vehicle,1995,Collision
8,3,6,Toyota,Urban,4,8,3,Male,Married,39,Policy Holder,Sedan - Liability,Sport,20000 to 29000,0,10610,15,400,3,more than 30,more than 30,none,more than 7,36 to 40,No,No,External,more than 5,no change,1 vehicle,1995,Liability
7,5,1,Toyota,Urban,3,3,1,Male,Single,22,Policy Holder,Sedan - Liability,Sport,30000 to 39000,0,10611,16,400,4,more than 30,more than 30,2 to 4,5 years,26 to 30,No,No,External,1 to 2,no change,1 vehicle,1995,Liability
3,1,2,Pontiac,Urban,1,7,2,Male,Married,64,Third Party,Sedan - All Perils,Sedan,30000 to 39000,0,10612,2,400,3,more than 30,more than 30,1,7 years,51 to 65,No,No,External,3 to 5,no change,1 vehicle,1995,All Perils
6,3,1,Honda,Urban,3,6,2,Female,Single,37,Policy Holder,Sedan - Liability,Sport,20000 to 29000,0,10613,16,400,3,more than 30,more than 30,2 to 4,6 years,36 to 40,No,No,Internal,none,no change,1 vehicle,1995,Liability
6,2,2,Pontiac,Urban,3,6,3,Female,Married,48,Policy Holder,Sedan - Liability,Sport,20000 to 29000,0,10614,13,400,4,more than 30,more than 30,more than 4,6 years,41 to 50,No,No,External,none,no change,1 vehicle,1995,Liability
6,3,3,Honda,Urban,4,5,3,Male,Married,32,Third Party,Sedan - Liability,Sport,20000 to 29000,0,10615,13,400,4,more than 30,more than 30,more than 4,6 years,31 to 35,No,No,External,more than 5,no change,1 vehicle,1995,Liability
5,2,4,Honda,Rural,5,4,2,Male,Single,0,Policy Holder,Sedan - Collision,Sedan,more than 69000,0,10616,15,400,1,more than 30,more than 30,none,new,16 to 17,No,No,External,none,no change,1 vehicle,1995,Collision
4,2,3,Honda,Urban,3,4,2,Male,Married,68,Third Party,Sedan - Collision,Sedan,20000 to 29000,0,10617,12,400,3,more than 30,more than 30,1,more than 7,over 65,No,No,External,more than 5,no change,1 vehicle,1995,Collision
3,5,3,Ford,Urban,2,4,1,Male,Married,34,Third Party,Sedan - All Perils,Sedan,more than 69000,0,10618,4,400,3,8 to 15,more than 30,1,6 years,31 to 35,No,No,External,none,no change,1 vehicle,1995,All Perils
3,4,4,Mazda,Urban,4,4,1,Male,Married,63,Policy Holder,Sedan - Liability,Sport,more than 69000,0,10619,7,400,1,more than 30,more than 30,2 to 4,7 years,51 to 65,No,No,External,more than 5,no change,1 vehicle,1995,Liability
4,1,7,VW,Urban,2,5,1,Male,Single,69,Policy Holder,Sedan - Collision,Sedan,more than 69000,0,10620,4,400,2,more than 30,more than 30,2 to 4,more than 7,over 65,No,No,External,1 to 2,no change,3 to 4,1995,Collision
4,1,7,VW,Urban,2,4,2,Male,Married,64,Third Party,Sedan - All Perils,Sedan,more than 69000,0,10621,10,400,2,more than 30,more than 30,none,7 years,51 to 65,No,No,External,none,no change,1 vehicle,1995,All Perils
4,1,5,Pontiac,Urban,3,3,1,Male,Married,38,Policy Holder,Sedan - Collision,Sedan,20000 to 29000,0,10622,4,400,2,more than 30,more than 30,2 to 4,7 years,36 to 40,No,No,External,none,no change,1 vehicle,1995,Collision
3,4,4,Mazda,Urban,5,5,5,Female,Married,40,Policy Holder,Sedan - Liability,Sport,20000 to 29000,0,10623,3,400,2,more than 30,more than 30,2 to 4,5 years,36 to 40,No,No,External,none,no change,1 vehicle,1995,Liability
4,2,2,Chevrolet,Urban,6,3,1,Male,Married,47,Third Party,Sedan - Collision,Sedan,20000 to 29000,0,10624,13,400,4,more than 30,more than 30,2 to 4,more than 7,41 to 50,No,No,External,3 to 5,no change,1 vehicle,1995,Collision
3,2,5,Mazda,Urban,3,3,2,Male,Married,43,Third Party,Sedan - Collision,Sedan,20000 to 29000,0,10625,15,400,4,more than 30,more than 30,1,5 years,36 to 40,No,No,External,1 to 2,no change,1 vehicle,1995,Collision
3,3,6,Toyota,Urban,2,3,4,Male,Single,29,Third Party,Sedan - Collision,Sedan,20000 to 29000,0,10626,5,400,2,more than 30,more than 30,1,6 years,31 to 35,No,No,External,none,no change,1 vehicle,1995,Collision
11,2,4,Mazda,Urban,4,12,3,Male,Married,50,Policy Holder,Sedan - Liability,Sport,30000 to 39000,0,10627,6,400,4,more than 30,more than 30,1,more than 7,41 to 50,No,No,External,more than 5,4 to 8 years,2 vehicles,1995,Liability
12,3,2,Pontiac,Urban,2,2,3,Male,Married,37,Third Party,Sedan - Liability,Sport,20000 to 29000,0,10628,12,400,3,more than 30,more than 30,more than 4,7 years,36 to 40,No,No,External,none,no change,1 vehicle,1995,Liability
1,1,2,Chevrolet,Urban,4,3,2,Male,Single,34,Policy Holder,Sedan - Liability,Sport,30000 to 39000,0,10629,11,400,3,more than 30,more than 30,more than 4,6 years,31 to 35,No,No,External,1 to 2,no change,1 vehicle,1995,Liability
3,2,5,Toyota,Urban,5,1,2,Male,Married,45,Policy Holder,Sedan - Collision,Sedan,20000 to 29000,1,10630,11,400,3,more than 30,more than 30,2 to 4,7 years,36 to 40,No,No,External,3 to 5,no change,1 vehicle,1995,Collision
1,4,4,Chevrolet,Urban,4,2,5,Male,Married,27,Policy Holder,Sedan - Liability,Sport,more than 69000,0,10631,11,400,4,more than 30,more than 30,2 to 4,7 years,31 to 35,No,No,External,more than 5,no change,1 vehicle,1995,Liability
2,1,5,Toyota,Urban,1,2,1,Male,Single,43,Policy Holder,Sedan - Liability,Sport,more than 69000,0,10632,10,400,2,more than 30,more than 30,more than 4,7 years,36 to 40,No,No,External,none,no change,1 vehicle,1995,Liability
2,1,6,Chevrolet,Urban,4,2,2,Female,Single,29,Policy Holder,Sedan - Liability,Sport,more than 69000,0,10633,9,400,4,more than 30,more than 30,more than 4,6 years,31 to 35,No,No,External,1 to 2,no change,1 vehicle,1995,Liability
2,2,1,Pontiac,Urban,5,2,3,Female,Married,40,Policy Holder,Sedan - Collision,Sedan,less than 20000,0,10634,2,700,4,more than 30,more than 30,2 to 4,7 years,36 to 40,No,No,External,1 to 2,no change,1 vehicle,1995,Collision
2,3,1,Toyota,Urban,5,2,3,Male,Single,26,Third Party,Sedan - Liability,Sport,20000 to 29000,0,10635,4,400,2,more than 30,more than 30,2 to 4,6 years,31 to 35,No,No,External,3 to 5,no change,1 vehicle,1995,Liability
2,3,5,Honda,Urban,2,2,3,Male,Single,0,Policy Holder,Sedan - Collision,Sedan,more than 69000,0,10636,7,400,4,more than 30,more than 30,2 to 4,new,16 to 17,No,No,External,none,no change,1 vehicle,1995,Collision
2,3,6,Mazda,Urban,1,2,4,Male,Married,38,Policy Holder,Sedan - Liability,Sport,20000 to 29000,0,10637,5,400,2,more than 30,more than 30,2 to 4,7 years,36 to 40,No,No,External,none,no change,1 vehicle,1995,Liability
2,4,6,Pontiac,Urban,1,3,5,Female,Single,29,Policy Holder,Sedan - Liability,Sport,less than 20000,0,10638,6,400,4,more than 30,more than 30,2 to 4,7 years,31 to 35,No,No,External,1 to 2,no change,1 vehicle,1995,Liability
2,4,2,Toyota,Urban,2,3,4,Male,Married,51,Policy Holder,Sedan - All Perils,Sedan,less than 20000,0,10639,13,400,4,more than 30,more than 30,1,7 years,41 to 50,No,No,External,none,no change,1 vehicle,1995,All Perils
3,1,3,Pontiac,Urban,3,3,1,Female,Married,27,Policy Holder,Sedan - Liability,Sport,20000 to 29000,0,10640,14,400,1,more than 30,more than 30,2 to 4,6 years,31 to 35,No,No,External,none,no change,1 vehicle,1995,Liability
3,3,7,Chevrolet,Urban,1,3,3,Male,Married,47,Third Party,Utility - Liability,Utility,more than 69000,0,10641,9,400,4,more than 30,more than 30,2 to 4,more than 7,41 to 50,No,No,External,1 to 2,no change,1 vehicle,1995,Liability
3,3,3,Mazda,Urban,1,3,4,Female,Married,37,Policy Holder,Sedan - Liability,Sport,20000 to 29000,0,10642,2,400,3,more than 30,more than 30,more than 4,5 years,36 to 40,No,No,External,1 to 2,no change,1 vehicle,1995,Liability
3,2,3,Honda,Urban,3,3,2,Male,Married,53,Policy Holder,Sedan - Collision,Sedan,30000 to 39000,1,10643,2,400,1,more than 30,more than 30,none,more than 7,41 to 50,No,No,External,none,no change,1 vehicle,1995,Collision
3,4,5,Pontiac,Urban,5,3,4,Female,Married,26,Policy Holder,Sedan - Collision,Sedan,20000 to 29000,0,10644,6,400,1,more than 30,more than 30,2 to 4,2 years,31 to 35,No,No,External,more than 5,no change,1 vehicle,1995,Collision
3,4,1,Honda,Urban,1,4,4,Female,Single,35,Policy Holder,Sedan - Liability,Sport,20000 to 29000,0,10645,3,400,3,more than 30,more than 30,more than 4,6 years,31 to 35,No,No,External,more than 5,no change,1 vehicle,1995,Liability
4,1,6,Honda,Urban,4,4,1,Male,Married,30,Policy Holder,Sedan - Liability,Sport,20000 to 29000,0,10646,10,400,2,more than 30,more than 30,2 to 4,6 years,31 to 35,No,No,External,none,no change,1 vehicle,1995,Liability
4,1,1,Pontiac,Urban,1,4,3,Female,Married,45,Policy Holder,Sedan - Liability,Sport,30000 to 39000,0,10647,11,400,1,more than 30,more than 30,none,7 years,36 to 40,No,No,External,1 to 2,no change,1 vehicle,1995,Liability
4,1,5,Chevrolet,Urban,2,4,1,Male,Married,44,Policy Holder,Sedan - Liability,Sport,30000 to 39000,0,10648,6,400,3,more than 30,more than 30,1,more than 7,36 to 40,No,No,External,3 to 5,1 year,2 vehicles,1995,Liability
4,2,7,Pontiac,Urban,1,4,2,Female,Single,23,Third Party,Sedan - All Perils,Sedan,20000 to 29000,0,10649,15,400,1,more than 30,more than 30,2 to 4,3 years,26 to 30,No,No,External,none,no change,1 vehicle,1995,All Perils
4,3,2,Mazda,Rural,2,4,3,Male,Married,29,Policy Holder,Sedan - All Perils,Sedan,20000 to 29000,0,10650,6,400,2,more than 30,more than 30,2 to 4,6 years,31 to 35,No,No,External,3 to 5,no change,1 vehicle,1995,All Perils
4,3,7,Ford,Urban,2,5,3,Female,Single,60,Third Party,Sedan - All Perils,Sedan,less than 20000,0,10651,15,400,3,more than 30,more than 30,none,more than 7,51 to 65,No,No,External,1 to 2,no change,1 vehicle,1995,All Perils
5,1,5,Chevrolet,Rural,1,5,1,Male,Married,36,Policy Holder,Sedan - All Perils,Sedan,30000 to 39000,0,10652,11,400,4,more than 30,more than 30,2 to 4,7 years,36 to 40,Yes,No,External,more than 5,no change,1 vehicle,1995,All Perils
5,1,2,Pontiac,Urban,2,5,2,Male,Married,37,Third Party,Sedan - All Perils,Sedan,less than 20000,0,10653,6,400,4,more than 30,more than 30,none,more than 7,36 to 40,No,No,External,none,no change,1 vehicle,1995,All Perils
5,2,3,Accura,Urban,5,3,3,Male,Single,32,Policy Holder,Sedan - All Perils,Sedan,30000 to 39000,0,10654,7,400,3,more than 30,more than 30,1,6 years,31 to 35,No,No,External,none,no change,1 vehicle,1995,All Perils
3,2,4,Chevrolet,Urban,4,6,2,Male,Married,51,Third Party,Sedan - All Perils,Sedan,20000 to 29000,0,10655,5,400,3,more than 30,more than 30,1,more than 7,41 to 50,No,No,External,1 to 2,no change,1 vehicle,1995,All Perils
6,5,4,Honda,Rural,1,10,5,Male,Married,53,Policy Holder,Sedan - Collision,Sedan,20000 to 29000,0,10656,15,400,1,more than 30,more than 30,none,more than 7,41 to 50,No,No,External,1 to 2,no change,1 vehicle,1995,Collision
9,3,3,Mazda,Urban,4,9,1,Male,Married,42,Policy Holder,Sedan - Collision,Sedan,20000 to 29000,0,10657,11,400,4,more than 30,more than 30,2 to 4,7 years,36 to 40,Yes,No,External,none,no change,1 vehicle,1995,Collision
9,3,2,Chevrolet,Rural,2,10,3,Male,Single,45,Policy Holder,Sedan - Collision,Sedan,30000 to 39000,0,10658,10,400,1,more than 30,more than 30,none,7 years,36 to 40,No,No,External,3 to 5,no change,1 vehicle,1995,Collision
10,1,6,Pontiac,Urban,4,11,1,Male,Married,30,Policy Holder,Sedan - Liability,Sport,30000 to 39000,0,10659,4,400,2,more than 30,more than 30,more than 4,7 years,31 to 35,No,No,External,more than 5,no change,1 vehicle,1995,Liability
10,5,6,Mazda,Urban,1,11,1,Male,Single,33,Policy Holder,Sedan - Liability,Sport,30000 to 39000,0,10660,7,500,4,more than 30,more than 30,2 to 4,6 years,31 to 35,No,No,External,3 to 5,2 to 3 years,1 vehicle,1995,Liability
11,4,6,Chevrolet,Urban,3,2,5,Male,Married,30,Policy Holder,Sedan - Liability,Sport,30000 to 39000,0,10661,3,400,1,more than 30,more than 30,2 to 4,7 years,31 to 35,No,No,External,none,no change,3 to 4,1995,Liability
1,5,5,Pontiac,Rural,1,2,1,Male,Single,39,Policy Holder,Sedan - Collision,Sedan,less than 20000,0,10662,6,400,4,more than 30,more than 30,more than 4,more than 7,36 to 40,No,No,External,none,no change,1 vehicle,1995,Collision
2,1,6,Honda,Urban,4,3,1,Male,Single,32,Policy Holder,Sedan - Liability,Sport,20000 to 29000,0,10663,8,400,3,more than 30,more than 30,more than 4,7 years,31 to 35,No,No,External,1 to 2,no change,1 vehicle,1995,Liability
2,3,7,Toyota,Urban,1,2,1,Female,Married,27,Policy Holder,Sedan - Liability,Sport,20000 to 29000,0,10664,9,400,2,more than 30,more than 30,2 to 4,6 years,31 to 35,No,No,External,none,no change,1 vehicle,1995,Liability
2,3,2,Pontiac,Urban,4,2,3,Male,Single,34,Policy Holder,Sedan - Liability,Sport,20000 to 29000,0,10665,5,700,2,more than 30,more than 30,more than 4,7 years,31 to 35,No,No,External,none,no change,1 vehicle,1995,Liability
2,4,6,Toyota,Urban,5,3,4,Male,Married,44,Third Party,Sedan - Liability,Sport,20000 to 29000,0,10666,16,400,1,more than 30,more than 30,2 to 4,7 years,36 to 40,No,No,External,more than 5,no change,1 vehicle,1995,Liability
2,4,3,Toyota,Urban,3,4,1,Female,Married,60,Policy Holder,Sedan - Collision,Sedan,20000 to 29000,0,10667,12,400,3,more than 30,more than 30,none,more than 7,51 to 65,No,No,Internal,3 to 5,no change,1 vehicle,1995,Collision
3,2,2,Honda,Urban,3,3,1,Male,Married,35,Policy Holder,Sport - Collision,Sport,more than 69000,1,10668,9,400,4,more than 30,more than 30,none,6 years,31 to 35,No,No,External,none,no change,1 vehicle,1995,Collision
2,5,1,Mazda,Urban,2,2,1,Male,Married,41,Policy Holder,Sedan - Liability,Sport,20000 to 29000,0,10669,5,400,4,more than 30,more than 30,1,7 years,36 to 40,No,No,External,more than 5,4 to 8 years,2 vehicles,1995,Liability
2,4,4,Accura,Urban,4,3,5,Male,Married,46,Policy Holder,Sedan - Collision,Sedan,20000 to 29000,0,10670,8,400,4,more than 30,more than 30,2 to 4,5 years,41 to 50,No,No,External,1 to 2,no change,1 vehicle,1995,Collision
3,1,4,Honda,Urban,2,3,1,Male,Single,29,Policy Holder,Sedan - Collision,Sedan,20000 to 29000,0,10671,12,400,2,more than 30,more than 30,2 to 4,6 years,31 to 35,No,No,External,more than 5,no change,1 vehicle,1995,Collision
3,1,7,Saturn,Urban,1,3,3,Male,Married,37,Policy Holder,Sedan - Collision,Sedan,40000 to 59000,0,10672,2,400,2,more than 30,more than 30,2 to 4,7 years,36 to 40,No,No,External,more than 5,no change,1 vehicle,1995,Collision
3,3,7,Mazda,Rural,3,3,3,Male,Single,33,Policy Holder,Sedan - Collision,Sedan,20000 to 29000,0,10673,2,400,1,more than 30,more than 30,1,5 years,31 to 35,No,No,External,more than 5,no change,1 vehicle,1995,Collision
3,3,7,Chevrolet,Urban,5,3,4,Male,Single,29,Policy Holder,Sedan - Collision,Sedan,20000 to 29000,0,10674,10,400,4,more than 30,more than 30,1,5 years,31 to 35,No,No,External,none,no change,1 vehicle,1995,Collision
3,3,3,Mazda,Urban,2,4,4,Female,Single,32,Policy Holder,Sedan - Liability,Sport,20000 to 29000,0,10675,6,400,2,more than 30,more than 30,2 to 4,4 years,31 to 35,No,No,External,3 to 5,no change,1 vehicle,1995,Liability
4,1,2,Honda,Urban,1,4,3,Male,Single,43,Policy Holder,Sedan - Collision,Sedan,20000 to 29000,0,10676,3,400,3,more than 30,more than 30,2 to 4,7 years,36 to 40,No,No,External,1 to 2,no change,1 vehicle,1995,Collision
4,2,3,Pontiac,Urban,3,4,3,Male,Married,52,Third Party,Sedan - All Perils,Sedan,30000 to 39000,0,10677,10,400,2,more than 30,more than 30,none,more than 7,41 to 50,No,No,External,more than 5,no change,1 vehicle,1995,All Perils
4,2,4,Honda,Urban,2,3,2,Male,Married,69,Policy Holder,Sedan - Liability,Sport,20000 to 29000,0,10678,8,400,3,more than 30,more than 30,2 to 4,more than 7,over 65,No,No,External,more than 5,no change,1 vehicle,1995,Liability
3,2,5,Pontiac,Rural,5,6,3,Male,Married,52,Third Party,Sedan - Collision,Sedan,20000 to 29000,0,10679,7,400,3,more than 30,more than 30,1,more than 7,41 to 50,No,No,External,1 to 2,no change,1 vehicle,1995,Collision
6,1,5,Pontiac,Urban,2,6,1,Male,Single,35,Policy Holder,Sedan - Collision,Sedan,20000 to 29000,0,10680,15,400,2,more than 30,more than 30,none,6 years,31 to 35,No,No,External,none,no change,1 vehicle,1995,Collision
6,3,3,Pontiac,Urban,6,7,3,Male,Married,43,Policy Holder,Sedan - Collision,Sedan,30000 to 39000,0,10681,12,400,2,more than 30,more than 30,1,7 years,36 to 40,No,No,External,none,no change,1 vehicle,1995,Collision
6,5,3,Chevrolet,Urban,2,7,1,Male,Single,21,Policy Holder,Sedan - Liability,Sport,20000 to 29000,0,10682,14,400,2,more than 30,more than 30,2 to 4,5 years,26 to 30,No,No,External,3 to 5,no change,1 vehicle,1995,Liability
6,5,5,Honda,Urban,2,7,1,Female,Married,30,Policy Holder,Sedan - Liability,Sport,20000 to 29000,0,10683,12,400,2,more than 30,more than 30,2 to 4,7 years,31 to 35,No,No,External,more than 5,no change,1 vehicle,1995,Liability
6,5,2,Toyota,Urban,2,7,1,Female,Married,40,Third Party,Sedan - Collision,Sedan,20000 to 29000,0,10684,9,400,1,more than 30,more than 30,2 to 4,6 years,36 to 40,No,No,External,none,no change,1 vehicle,1995,Collision
7,1,2,Chevrolet,Urban,4,7,1,Male,Married,54,Policy Holder,Sedan - Collision,Sedan,20000 to 29000,0,10685,15,400,4,more than 30,more than 30,2 to 4,more than 7,41 to 50,No,No,External,1 to 2,no change,1 vehicle,1995,Collision
7,3,1,Pontiac,Urban,1,9,3,Male,Married,33,Third Party,Sedan - Liability,Sport,20000 to 29000,0,10686,10,400,4,more than 30,more than 30,2 to 4,7 years,31 to 35,No,No,External,none,no change,1 vehicle,1995,Liability
9,2,5,Mazda,Urban,1,11,2,Male,Single,44,Policy Holder,Sedan - Liability,Sport,20000 to 29000,0,10687,15,400,3,more than 30,more than 30,none,7 years,36 to 40,No,No,External,3 to 5,no change,1 vehicle,1995,Liability
11,1,4,Honda,Urban,4,11,1,Male,Single,21,Policy Holder,Sedan - Liability,Sport,20000 to 29000,0,10688,3,400,1,more than 30,more than 30,2 to 4,5 years,26 to 30,No,No,External,more than 5,no change,1 vehicle,1995,Liability
11,2,6,Toyota,Urban,1,12,2,Female,Single,39,Policy Holder,Sedan - All Perils,Sedan,20000 to 29000,0,10689,4,400,3,more than 30,more than 30,1,6 years,36 to 40,No,No,External,3 to 5,no change,1 vehicle,1995,All Perils
11,3,5,Pontiac,Rural,1,11,1,Male,Married,36,Policy Holder,Sedan - Collision,Sedan,20000 to 29000,0,10690,5,400,1,more than 30,more than 30,none,7 years,36 to 40,No,No,External,none,4 to 8 years,2 vehicles,1995,Collision
11,3,4,Pontiac,Urban,1,7,3,Male,Married,29,Policy Holder,Sedan - Collision,Sedan,20000 to 29000,0,10691,6,400,2,more than 30,more than 30,1,6 years,31 to 35,No,No,External,none,no change,1 vehicle,1995,Collision
3,2,4,Honda,Urban,1,11,3,Male,Single,33,Policy Holder,Sedan - Collision,Sedan,20000 to 29000,1,10692,13,400,3,more than 30,more than 30,more than 4,5 years,31 to 35,No,No,External,none,no change,1 vehicle,1995,Collision
11,1,4,Chevrolet,Rural,4,3,1,Male,Married,41,Policy Holder,Sedan - All Perils,Sedan,more than 69000,0,10693,7,400,1,more than 30,more than 30,2 to 4,7 years,36 to 40,No,No,External,3 to 5,no change,1 vehicle,1995,All Perils
3,2,5,Mazda,Urban,3,8,2,Male,Married,44,Third Party,Sport - Collision,Sport,more than 69000,0,10694,4,400,3,more than 30,more than 30,none,7 years,36 to 40,No,No,External,more than 5,no change,1 vehicle,1995,Collision
8,2,2,Pontiac,Urban,3,8,5,Female,Single,33,Policy Holder,Sedan - Collision,Sedan,30000 to 39000,0,10695,2,400,2,more than 30,more than 30,1,7 years,31 to 35,No,No,External,1 to 2,no change,1 vehicle,1995,Collision
8,1,1,Pontiac,Urban,2,7,1,Male,Married,26,Policy Holder,Sedan - Liability,Sport,30000 to 39000,0,10696,13,700,4,more than 30,more than 30,more than 4,7 years,31 to 35,No,No,External,1 to 2,no change,1 vehicle,1995,Liability
7,4,4,Chevrolet,Rural,4,3,4,Female,Married,26,Policy Holder,Sedan - Liability,Sport,20000 to 29000,0,10697,13,400,4,more than 30,more than 30,more than 4,6 years,31 to 35,No,No,External,none,no change,1 vehicle,1995,Liability
3,2,4,Chevrolet,Rural,2,3,2,Male,Married,26,Third Party,Sedan - Collision,Sedan,20000 to 29000,0,10698,7,400,1,more than 30,more than 30,none,7 years,31 to 35,No,No,External,more than 5,no change,1 vehicle,1995,Collision
3,2,1,Pontiac,Urban,4,7,5,Female,Married,36,Policy Holder,Sedan - Collision,Sedan,30000 to 39000,1,10699,10,400,4,more than 30,more than 30,2 to 4,6 years,36 to 40,No,No,Internal,1 to 2,no change,1 vehicle,1995,Collision
7,3,3,Honda,Urban,3,7,3,Female,Married,33,Policy Holder,Sedan - Liability,Sport,20000 to 29000,0,10700,9,400,3,more than 30,more than 30,2 to 4,6 years,31 to 35,No,No,External,none,no change,1 vehicle,1995,Liability
7,2,1,Honda,Urban,2,9,2,Male,Married,34,Policy Holder,Sedan - Liability,Sport,20000 to 29000,0,10701,16,400,3,more than 30,more than 30,more than 4,6 years,31 to 35,No,No,External,3 to 5,no change,1 vehicle,1995,Liability
7,1,5,Dodge,Urban,1,3,2,Male,Married,31,Policy Holder,Sedan - Liability,Sport,30000 to 39000,0,10702,8,400,1,more than 30,more than 30,more than 4,7 years,31 to 35,No,No,External,1 to 2,no change,3 to 4,1995,Liability
3,2,5,Toyota,Urban,1,3,2,Male,Married,39,Policy Holder,Sedan - Collision,Sedan,20000 to 29000,1,10703,15,400,3,more than 30,more than 30,none,7 years,36 to 40,No,No,External,none,no change,1 vehicle,1995,Collision
3,2,6,Accura,Urban,1,7,2,Male,Married,46,Policy Holder,Sedan - All Perils,Sedan,more than 69000,1,10704,7,400,3,more than 30,more than 30,2 to 4,7 years,41 to 50,No,No,External,1 to 2,no change,1 vehicle,1995,All Perils
7,1,1,Mazda,Urban,1,6,1,Male,Married,36,Policy Holder,Sedan - Collision,Sedan,20000 to 29000,0,10705,8,400,2,more than 30,more than 30,2 to 4,7 years,36 to 40,No,No,External,3 to 5,no change,1 vehicle,1995,Collision
6,4,5,Toyota,Urban,2,6,4,Male,Married,77,Policy Holder,Sedan - Collision,Sedan,20000 to 29000,0,10706,6,400,4,more than 30,more than 30,2 to 4,more than 7,over 65,No,No,External,none,no change,1 vehicle,1995,Collision
6,4,6,Mazda,Urban,2,6,4,Male,Single,27,Policy Holder,Sedan - Liability,Sport,30000 to 39000,0,10707,6,400,3,more than 30,more than 30,2 to 4,6 years,31 to 35,No,No,External,none,no change,1 vehicle,1995,Liability
6,3,3,Honda,Urban,3,6,3,Male,Married,31,Third Party,Sedan - All Perils,Sedan,20000 to 29000,0,10708,4,400,2,more than 30,more than 30,2 to 4,7 years,31 to 35,No,No,External,more than 5,no change,1 vehicle,1995,All Perils
6,2,5,Mazda,Urban,1,3,2,Male,Single,36,Policy Holder,Sedan - Liability,Sport,20000 to 29000,0,10709,7,400,2,more than 30,more than 30,more than 4,more than 7,36 to 40,No,No,External,more than 5,no change,1 vehicle,1995,Liability
3,2,3,Honda,Urban,5,6,2,Female,Married,41,Third Party,Sedan - All Perils,Sedan,less than 20000,0,10710,13,400,3,more than 30,more than 30,none,7 years,36 to 40,Yes,No,External,none,no change,1 vehicle,1995,All Perils
5,5,6,Pontiac,Urban,1,5,1,Female,Single,31,Third Party,Sedan - Collision,Sedan,20000 to 29000,1,10711,7,500,4,more than 30,more than 30,none,6 years,31 to 35,No,No,External,none,2 to 3 years,2 vehicles,1995,Collision
5,2,3,Pontiac,Urban,4,5,3,Male,Married,44,Policy Holder,Sedan - All Perils,Sedan,40000 to 59000,0,10712,16,400,2,more than 30,more than 30,more than 4,more than 7,36 to 40,No,No,External,3 to 5,no change,1 vehicle,1995,All Perils
5,2,6,Pontiac,Urban,1,5,2,Male,Married,44,Policy Holder,Sedan - Collision,Sedan,20000 to 29000,0,10713,13,400,1,more than 30,more than 30,1,6 years,36 to 40,No,No,External,none,no change,1 vehicle,1995,Collision
5,1,3,Toyota,Urban,3,4,2,Male,Married,44,Policy Holder,Sedan - Liability,Sport,20000 to 29000,0,10714,16,400,3,more than 30,more than 30,2 to 4,7 years,36 to 40,No,No,External,none,no change,1 vehicle,1995,Liability
4,2,2,Pontiac,Urban,2,4,2,Male,Married,30,Policy Holder,Sedan - Collision,Sedan,20000 to 29000,0,10715,16,400,4,more than 30,more than 30,more than 4,6 years,31 to 35,Yes,No,External,none,no change,1 vehicle,1995,Collision
4,2,5,Mazda,Urban,2,4,3,Male,Married,50,Policy Holder,Sedan - Liability,Sport,30000 to 39000,0,10716,10,400,1,more than 30,more than 30,2 to 4,6 years,41 to 50,No,No,External,none,no change,1 vehicle,1995,Liability
4,2,5,Honda,Urban,4,4,3,Male,Married,56,Policy Holder,Sedan - Liability,Sport,20000 to 29000,0,10717,10,400,1,more than 30,more than 30,none,more than 7,51 to 65,No,No,External,none,no change,1 vehicle,1995,Liability
3,5,1,Pontiac,Urban,2,3,1,Male,Married,38,Third Party,Sedan - Collision,Sedan,30000 to 39000,0,10718,10,400,1,more than 30,more than 30,1,more than 7,36 to 40,No,No,External,more than 5,no change,1 vehicle,1995,Collision
3,4,1,Toyota,Urban,3,4,5,Male,Married,35,Third Party,Sedan - All Perils,Sedan,less than 20000,0,10719,16,400,1,more than 30,more than 30,1,7 years,31 to 35,No,No,External,more than 5,no change,1 vehicle,1995,All Perils
3,3,6,Honda,Urban,1,3,2,Male,Married,37,Policy Holder,Sedan - Liability,Sport,30000 to 39000,0,10720,12,400,3,more than 30,more than 30,1,more than 7,36 to 40,No,No,External,more than 5,no change,1 vehicle,1995,Liability
3,3,1,Accura,Urban,2,3,3,Male,Single,35,Policy Holder,Sedan - Collision,Sedan,30000 to 39000,0,10721,10,400,4,more than 30,more than 30,2 to 4,6 years,31 to 35,Yes,No,External,3 to 5,no change,1 vehicle,1995,Collision
3,3,6,Pontiac,Urban,2,3,4,Female,Single,43,Policy Holder,Sedan - Liability,Sport,30000 to 39000,0,10722,13,400,4,more than 30,more than 30,2 to 4,6 years,36 to 40,No,No,External,none,no change,1 vehicle,1995,Liability
3,2,7,Toyota,Urban,1,3,3,Male,Married,37,Third Party,Sedan - Collision,Sedan,20000 to 29000,0,10723,5,400,2,15 to 30,more than 30,none,7 years,36 to 40,No,No,External,none,no change,1 vehicle,1995,Collision
3,2,5,Toyota,Urban,4,3,3,Male,Married,54,Policy Holder,Sedan - Collision,Sedan,30000 to 39000,0,10724,3,400,2,more than 30,more than 30,more than 4,7 years,41 to 50,No,No,External,3 to 5,no change,1 vehicle,1995,Collision
3,2,4,Accura,Urban,1,3,5,Male,Married,46,Policy Holder,Sedan - Collision,Sedan,more than 69000,1,10725,9,400,3,more than 30,more than 30,2 to 4,more than 7,41 to 50,No,No,External,more than 5,no change,1 vehicle,1995,Collision
3,1,5,Pontiac,Urban,3,3,1,Male,Married,48,Policy Holder,Sedan - Liability,Sport,30000 to 39000,0,10726,15,400,1,more than 30,more than 30,2 to 4,7 years,41 to 50,No,No,External,none,no change,1 vehicle,1995,Liability
3,1,5,Toyota,Urban,7,3,3,Male,Married,26,Policy Holder,Sedan - Collision,Sedan,20000 to 29000,0,10727,16,400,1,more than 30,more than 30,2 to 4,4 years,31 to 35,No,No,External,none,no change,1 vehicle,1995,Collision
3,2,7,Honda,Urban,1,2,2,Male,Married,65,Third Party,Sedan - All Perils,Sedan,20000 to 29000,0,10728,14,400,3,more than 30,more than 30,none,7 years,51 to 65,No,No,External,none,no change,1 vehicle,1995,All Perils
2,3,5,Pontiac,Rural,2,2,3,Male,Married,33,Third Party,Sedan - Collision,Sedan,30000 to 39000,0,10729,11,400,1,more than 30,more than 30,1,7 years,31 to 35,No,No,External,more than 5,no change,1 vehicle,1995,Collision
2,3,5,Toyota,Urban,1,2,4,Female,Single,35,Policy Holder,Sedan - Liability,Sport,less than 20000,0,10730,6,400,1,more than 30,more than 30,more than 4,5 years,31 to 35,No,No,External,none,no change,1 vehicle,1995,Liability
2,1,3,Toyota,Urban,5,2,3,Female,Single,34,Policy Holder,Sedan - Liability,Sport,less than 20000,0,10731,2,400,2,more than 30,more than 30,more than 4,5 years,31 to 35,No,No,External,none,no change,1 vehicle,1995,Liability
2,1,6,Mazda,Urban,1,3,2,Male,Married,38,Policy Holder,Sedan - Collision,Sedan,30000 to 39000,0,10732,15,400,3,more than 30,more than 30,2 to 4,more than 7,36 to 40,No,No,External,1 to 2,4 to 8 years,2 vehicles,1995,Collision
3,2,6,Pontiac,Urban,3,11,4,Male,Single,26,Policy Holder,Sedan - Collision,Sedan,20000 to 29000,1,10733,6,400,2,more than 30,more than 30,2 to 4,6 years,31 to 35,Yes,No,External,1 to 2,no change,1 vehicle,1995,Collision
10,5,6,Chevrolet,Urban,1,10,1,Female,Married,53,Third Party,Sedan - Liability,Sport,20000 to 29000,0,10734,7,400,4,more than 30,more than 30,more than 4,more than 7,41 to 50,No,No,External,none,no change,1 vehicle,1995,Liability
10,5,5,Mazda,Urban,3,11,5,Male,Married,62,Policy Holder,Sedan - Liability,Sport,20000 to 29000,0,10735,13,400,3,more than 30,more than 30,none,more than 7,51 to 65,No,No,External,more than 5,no change,1 vehicle,1995,Liability
10,5,5,Toyota,Urban,2,10,1,Male,Single,32,Policy Holder,Sedan - All Perils,Sedan,more than 69000,0,10736,8,400,1,more than 30,more than 30,none,7 years,31 to 35,No,No,External,more than 5,no change,1 vehicle,1995,All Perils
10,4,6,Toyota,Urban,1,10,4,Male,Married,66,Policy Holder,Sedan - Collision,Sedan,30000 to 39000,0,10737,14,400,2,more than 30,more than 30,more than 4,more than 7,over 65,No,No,External,more than 5,no change,1 vehicle,1995,Collision
10,4,4,Pontiac,Urban,4,10,4,Male,Married,31,Third Party,Sedan - Collision,Sedan,20000 to 29000,0,10738,6,400,1,more than 30,more than 30,1,5 years,31 to 35,No,No,External,none,no change,1 vehicle,1995,Collision
10,2,3,Chevrolet,Urban,5,10,2,Male,Married,65,Policy Holder,Sedan - Liability,Sport,20000 to 29000,0,10739,16,400,2,more than 30,more than 30,more than 4,more than 7,51 to 65,No,No,External,3 to 5,1 year,1 vehicle,1995,Liability
10,2,1,Mercury,Urban,3,10,3,Male,Single,31,Policy Holder,Sedan - Liability,Sport,20000 to 29000,0,10740,8,400,4,more than 30,more than 30,2 to 4,7 years,31 to 35,No,No,External,none,no change,1 vehicle,1995,Liability
10,1,7,Mazda,Urban,1,9,1,Male,Married,33,Policy Holder,Sedan - Collision,Sedan,20000 to 29000,0,10741,13,400,4,more than 30,more than 30,2 to 4,7 years,31 to 35,No,No,External,1 to 2,no change,1 vehicle,1995,Collision
9,3,6,Toyota,Urban,5,10,4,Male,Married,53,Third Party,Sedan - All Perils,Sedan,less than 20000,0,10742,8,400,4,more than 30,more than 30,1,more than 7,41 to 50,No,No,External,1 to 2,no change,1 vehicle,1995,All Perils
9,3,2,Toyota,Urban,2,9,3,Male,Married,27,Third Party,Sedan - Collision,Sedan,20000 to 29000,0,10743,11,400,1,more than 30,more than 30,none,6 years,31 to 35,No,No,External,none,no change,3 to 4,1995,Collision
9,2,5,Toyota,Rural,2,9,2,Male,Married,36,Policy Holder,Sedan - Collision,Sedan,20000 to 29000,0,10744,1,400,4,more than 30,more than 30,none,7 years,36 to 40,No,No,External,1 to 2,no change,1 vehicle,1995,Collision
9,2,4,Accura,Urban,3,9,2,Male,Single,29,Policy Holder,Utility - All Perils,Utility,more than 69000,0,10745,12,400,4,more than 30,more than 30,none,6 years,31 to 35,No,No,External,none,no change,1 vehicle,1995,All Perils
9,1,6,Pontiac,Urban,4,3,2,Male,Married,65,Third Party,Sedan - Collision,Sedan,20000 to 29000,0,10746,10,400,3,more than 30,more than 30,none,more than 7,51 to 65,No,No,External,none,no change,1 vehicle,1995,Collision
3,2,5,Chevrolet,Urban,1,8,3,Male,Single,42,Third Party,Sedan - Collision,Sedan,more than 69000,0,10747,11,400,3,more than 30,more than 30,none,7 years,36 to 40,No,No,External,none,no change,1 vehicle,1995,Collision
7,2,6,Toyota,Urban,2,3,4,Male,Married,29,Policy Holder,Sedan - All Perils,Sedan,20000 to 29000,0,10748,1,400,3,more than 30,more than 30,2 to 4,6 years,31 to 35,No,No,External,none,no change,1 vehicle,1995,All Perils
3,2,2,Toyota,Urban,2,7,3,Male,Married,39,Policy Holder,Sedan - Collision,Sedan,20000 to 29000,1,10749,16,400,4,more than 30,more than 30,2 to 4,more than 7,36 to 40,No,No,External,none,no change,1 vehicle,1995,Collision
6,4,1,Toyota,Rural,3,7,1,Female,Married,43,Policy Holder,Sedan - All Perils,Sedan,less than 20000,0,10750,7,400,2,more than 30,more than 30,none,7 years,36 to 40,No,No,External,more than 5,no change,1 vehicle,1995,All Perils
6,3,7,Mazda,Urban,2,6,1,Male,Married,44,Policy Holder,Sedan - Liability,Sport,20000 to 29000,0,10751,1,400,4,more than 30,more than 30,2 to 4,more than 7,36 to 40,No,No,External,1 to 2,no change,1 vehicle,1995,Liability
6,3,5,Mazda,Urban,1,6,4,Female,Single,30,Third Party,Sedan - Liability,Sport,20000 to 29000,0,10752,16,400,1,more than 30,more than 30,2 to 4,6 years,31 to 35,No,No,External,none,no change,1 vehicle,1995,Liability
6,3,5,Honda,Urban,5,6,3,Male,Single,0,Third Party,Sedan - Collision,Sedan,more than 69000,0,10753,2,400,1,more than 30,more than 30,2 to 4,new,16 to 17,No,No,External,none,4 to 8 years,2 vehicles,1995,Collision
6,3,1,Mazda,Urban,2,7,3,Male,Married,41,Policy Holder,Sedan - Liability,Sport,20000 to 29000,0,10754,8,400,4,more than 30,more than 30,none,7 years,36 to 40,No,No,External,3 to 5,no change,1 vehicle,1995,Liability
6,2,3,Pontiac,Urban,4,6,3,Male,Married,38,Policy Holder,Sedan - All Perils,Sedan,less than 20000,0,10755,2,400,2,more than 30,more than 30,none,more than 7,36 to 40,No,No,External,none,no change,1 vehicle,1995,All Perils
6,2,3,Toyota,Urban,2,6,2,Male,Married,29,Third Party,Sedan - Liability,Sport,20000 to 29000,0,10756,4,400,4,more than 30,more than 30,2 to 4,6 years,31 to 35,No,No,External,none,no change,1 vehicle,1995,Liability
6,2,5,Pontiac,Urban,1,6,3,Female,Married,30,Policy Holder,Sedan - Collision,Sedan,20000 to 29000,0,10757,6,400,3,more than 30,more than 30,2 to 4,6 years,31 to 35,No,No,External,none,no change,1 vehicle,1995,Collision
5,2,5,Toyota,Urban,1,5,1,Male,Married,36,Policy Holder,Sedan - Liability,Sport,30000 to 39000,0,10758,16,700,1,more than 30,more than 30,2 to 4,7 years,36 to 40,No,No,External,none,no change,1 vehicle,1995,Liability
5,1,7,Pontiac,Rural,4,5,2,Female,Married,33,Policy Holder,Sedan - Collision,Sedan,20000 to 29000,0,10759,6,400,4,more than 30,more than 30,1,6 years,31 to 35,No,No,External,none,no change,1 vehicle,1995,Collision
5,2,5,Toyota,Rural,5,4,2,Male,Single,30,Policy Holder,Sedan - Liability,Sport,20000 to 29000,0,10760,14,400,4,more than 30,more than 30,none,6 years,31 to 35,No,No,External,1 to 2,no change,1 vehicle,1995,Liability
4,3,3,Pontiac,Urban,4,4,4,Male,Single,35,Third Party,Sedan - All Perils,Sedan,more than 69000,0,10761,6,400,2,more than 30,more than 30,1,7 years,31 to 35,No,No,External,more than 5,no change,1 vehicle,1995,All Perils
4,2,3,Chevrolet,Urban,3,4,3,Male,Married,60,Policy Holder,Sedan - Collision,Sedan,20000 to 29000,0,10762,14,500,3,more than 30,more than 30,none,7 years,51 to 65,No,No,External,none,2 to 3 years,1 vehicle,1995,Collision
4,2,5,Honda,Urban,1,4,3,Male,Single,0,Policy Holder,Sedan - Liability,Sport,more than 69000,0,10763,1,400,4,more than 30,more than 30,2 to 4,new,16 to 17,No,No,External,none,no change,1 vehicle,1995,Liability
4,2,6,Pontiac,Urban,1,4,2,Male,Married,21,Third Party,Sedan - All Perils,Sedan,20000 to 29000,0,10764,11,400,2,more than 30,more than 30,more than 4,5 years,26 to 30,No,No,External,1 to 2,no change,1 vehicle,1995,All Perils
4,2,4,Mazda,Urban,5,4,2,Male,Single,33,Policy Holder,Sedan - Collision,Sedan,20000 to 29000,0,10765,10,400,1,more than 30,more than 30,1,7 years,31 to 35,No,No,External,none,no change,1 vehicle,1995,Collision
4,2,1,Toyota,Urban,2,4,2,Male,Married,28,Policy Holder,Sedan - Liability,Sport,20000 to 29000,0,10766,4,400,3,more than 30,more than 30,2 to 4,7 years,31 to 35,No,No,External,none,no change,1 vehicle,1995,Liability
4,1,7,Pontiac,Urban,1,3,1,Male,Married,51,Policy Holder,Sedan - Collision,Sedan,20000 to 29000,0,10767,1,400,4,more than 30,more than 30,none,more than 7,41 to 50,No,No,External,1 to 2,no change,1 vehicle,1995,Collision
3,2,5,Toyota,Urban,4,4,2,Male,Married,32,Third Party,Sedan - Collision,Sedan,30000 to 39000,0,10768,7,400,2,more than 30,more than 30,1,6 years,31 to 35,No,No,External,none,no change,1 vehicle,1995,Collision
4,1,6,Pontiac,Urban,3,4,2,Male,Single,45,Policy Holder,Sedan - Collision,Sedan,20000 to 29000,0,10769,7,400,4,more than 30,more than 30,none,6 years,36 to 40,No,No,External,none,no change,1 vehicle,1995,Collision
3,4,5,Mazda,Urban,1,3,1,Female,Single,27,Policy Holder,Sedan - Liability,Sport,20000 to 29000,0,10770,3,400,2,8 to 15,more than 30,more than 4,6 years,31 to 35,No,No,External,none,no change,1 vehicle,1995,Liability
3,4,7,Toyota,Urban,3,3,5,Female,Married,35,Policy Holder,Sedan - Liability,Sport,20000 to 29000,0,10771,4,400,4,more than 30,more than 30,2 to 4,4 years,31 to 35,No,No,External,none,no change,1 vehicle,1995,Liability
3,2,7,Mazda,Urban,1,3,3,Male,Married,40,Policy Holder,Sedan - Collision,Sedan,more than 69000,1,10772,5,400,4,more than 30,more than 30,1,5 years,36 to 40,No,No,External,none,no change,1 vehicle,1995,Collision
3,3,4,Mazda,Urban,2,3,4,Male,Married,38,Policy Holder,Sedan - Collision,Sedan,30000 to 39000,0,10773,4,400,2,more than 30,more than 30,1,7 years,36 to 40,No,No,Internal,none,no change,1 vehicle,1995,Collision
3,3,3,Chevrolet,Rural,4,3,4,Male,Single,30,Policy Holder,Sedan - All Perils,Sedan,more than 69000,0,10774,4,400,4,more than 30,more than 30,1,6 years,31 to 35,No,No,External,none,4 to 8 years,2 vehicles,1995,All Perils
3,1,1,Mazda,Urban,1,3,1,Male,Single,32,Policy Holder,Sedan - Collision,Sedan,20000 to 29000,0,10775,12,400,2,more than 30,more than 30,1,6 years,31 to 35,No,No,External,more than 5,no change,1 vehicle,1995,Collision
2,5,1,Honda,Urban,1,3,2,Male,Married,34,Policy Holder,Sedan - Collision,Sedan,20000 to 29000,0,10776,12,400,2,more than 30,more than 30,1,7 years,31 to 35,No,No,External,none,no change,1 vehicle,1995,Collision
2,5,5,Pontiac,Urban,1,2,2,Male,Single,31,Policy Holder,Sedan - All Perils,Sedan,less than 20000,0,10777,5,400,3,more than 30,more than 30,2 to 4,6 years,31 to 35,No,No,External,none,no change,1 vehicle,1995,All Perils
2,3,6,Pontiac,Urban,7,2,4,Male,Married,43,Policy Holder,Sedan - Collision,Sedan,less than 20000,0,10778,13,400,2,more than 30,more than 30,none,7 years,36 to 40,No,No,External,1 to 2,no change,1 vehicle,1995,Collision
2,3,7,Pontiac,Urban,1,2,3,Male,Married,48,Third Party,Sedan - Liability,Sport,30000 to 39000,0,10779,15,400,3,more than 30,more than 30,1,more than 7,41 to 50,No,No,External,more than 5,no change,1 vehicle,1995,Liability
2,2,4,Toyota,Urban,5,2,3,Male,Married,64,Policy Holder,Sedan - Collision,Sedan,20000 to 29000,0,10780,15,400,4,more than 30,more than 30,none,more than 7,51 to 65,No,No,External,more than 5,no change,1 vehicle,1995,Collision
2,2,3,Chevrolet,Rural,1,1,2,Male,Married,31,Policy Holder,Sedan - All Perils,Sedan,more than 69000,0,10781,14,400,1,more than 30,more than 30,1,7 years,31 to 35,No,No,External,3 to 5,no change,1 vehicle,1995,All Perils
1,3,7,Pontiac,Urban,5,1,4,Male,Married,60,Policy Holder,Sedan - All Perils,Sedan,20000 to 29000,0,10782,15,400,3,more than 30,more than 30,1,7 years,51 to 65,No,No,External,3 to 5,no change,1 vehicle,1995,All Perils
12,4,6,Pontiac,Urban,3,12,2,Female,Widow,54,Policy Holder,Sedan - Liability,Sport,20000 to 29000,0,10783,7,400,1,more than 30,more than 30,2 to 4,7 years,41 to 50,No,No,External,none,no change,1 vehicle,1995,Liability
12,1,7,Toyota,Urban,4,12,3,Male,Married,61,Policy Holder,Sedan - Collision,Sedan,20000 to 29000,0,10784,1,400,3,more than 30,more than 30,1,more than 7,51 to 65,No,No,External,none,no change,3 to 4,1995,Collision
11,5,2,Honda,Urban,3,2,1,Male,Single,0,Third Party,Sedan - All Perils,Sedan,more than 69000,0,10785,7,400,2,more than 30,more than 30,1,new,16 to 17,No,Yes,External,none,no change,1 vehicle,1995,All Perils
6,4,1,Ford,Urban,3,12,2,Male,Married,54,Third Party,Sedan - Collision,Sedan,40000 to 59000,0,10786,6,400,1,more than 30,more than 30,more than 4,more than 7,41 to 50,Yes,No,External,3 to 5,no change,1 vehicle,1995,Collision
7,2,1,Honda,Urban,1,4,5,Male,Single,0,Policy Holder,Sedan - All Perils,Sedan,more than 69000,0,10787,14,400,1,more than 30,more than 30,none,new,16 to 17,No,No,External,none,no change,1 vehicle,1995,All Perils
4,4,2,Mazda,Urban,2,5,4,Female,Married,40,Policy Holder,Sedan - Liability,Sport,20000 to 29000,0,10788,10,400,2,more than 30,more than 30,2 to 4,6 years,36 to 40,No,No,External,1 to 2,no change,1 vehicle,1995,Liability
5,1,2,Mazda,Urban,2,5,1,Male,Married,45,Policy Holder,Sedan - Liability,Sport,30000 to 39000,0,10789,14,700,3,more than 30,more than 30,2 to 4,7 years,36 to 40,No,No,External,more than 5,no change,1 vehicle,1995,Liability
5,1,2,Pontiac,Urban,2,11,1,Male,Married,51,Policy Holder,Sedan - All Perils,Sedan,less than 20000,0,10790,10,400,4,more than 30,more than 30,2 to 4,more than 7,41 to 50,No,No,External,1 to 2,no change,1 vehicle,1995,All Perils
11,4,7,Honda,Urban,1,4,4,Male,Single,42,Policy Holder,Sedan - Collision,Sedan,20000 to 29000,0,10791,1,400,3,more than 30,more than 30,none,7 years,36 to 40,No,No,External,more than 5,no change,1 vehicle,1995,Collision
4,4,4,Mazda,Urban,5,9,4,Male,Married,30,Policy Holder,Sedan - Collision,Sedan,30000 to 39000,0,10792,6,400,3,more than 30,more than 30,none,6 years,31 to 35,No,No,External,none,no change,1 vehicle,1995,Collision
9,2,7,Toyota,Urban,1,6,2,Male,Single,26,Policy Holder,Sedan - Collision,Sedan,20000 to 29000,0,10793,7,400,4,more than 30,more than 30,1,5 years,31 to 35,No,No,External,3 to 5,no change,1 vehicle,1995,Collision
6,1,4,Pontiac,Urban,1,5,2,Male,Married,34,Third Party,Sedan - Liability,Sport,20000 to 29000,0,10794,12,400,1,more than 30,more than 30,2 to 4,6 years,31 to 35,No,No,External,more than 5,no change,1 vehicle,1995,Liability
5,4,2,Toyota,Rural,4,4,5,Male,Married,30,Policy Holder,Sedan - Collision,Sedan,30000 to 39000,0,10795,6,400,1,more than 30,more than 30,2 to 4,6 years,31 to 35,No,No,External,1 to 2,4 to 8 years,2 vehicles,1995,Collision
4,4,5,Mazda,Urban,5,9,5,Male,Single,26,Third Party,Sedan - Liability,Sport,30000 to 39000,0,10796,10,400,1,more than 30,more than 30,1,6 years,31 to 35,No,No,External,none,no change,1 vehicle,1995,Liability
8,4,6,Honda,Urban,1,12,1,Male,Married,51,Third Party,Sedan - All Perils,Sedan,30000 to 39000,0,10797,5,400,4,more than 30,more than 30,2 to 4,more than 7,41 to 50,No,No,External,3 to 5,no change,1 vehicle,1995,All Perils
12,1,7,Pontiac,Urban,5,12,1,Male,Married,47,Policy Holder,Sedan - All Perils,Sedan,less than 20000,0,10798,6,400,2,more than 30,more than 30,none,more than 7,41 to 50,No,No,External,none,no change,1 vehicle,1995,All Perils
11,3,3,Toyota,Urban,3,8,1,Male,Single,28,Policy Holder,Sedan - Liability,Sport,30000 to 39000,0,10799,1,400,2,more than 30,more than 30,2 to 4,5 years,31 to 35,No,No,External,none,no change,1 vehicle,1995,Liability
8,2,4,Toyota,Urban,4,7,2,Male,Married,47,Policy Holder,Sedan - Collision,Sedan,20000 to 29000,0,10800,12,400,2,more than 30,more than 30,none,more than 7,41 to 50,No,No,External,1 to 2,no change,1 vehicle,1995,Collision
7,3,4,VW,Urban,1,7,3,Male,Single,32,Policy Holder,Sedan - Liability,Sport,more than 69000,0,10801,10,400,2,more than 30,more than 30,1,6 years,31 to 35,No,No,External,more than 5,no change,1 vehicle,1995,Liability
7,3,7,Chevrolet,Urban,3,11,4,Male,Single,34,Policy Holder,Sedan - Collision,Sedan,30000 to 39000,0,10802,12,400,3,more than 30,more than 30,none,6 years,31 to 35,No,No,External,none,no change,1 vehicle,1995,Collision
10,2,3,Honda,Urban,3,8,2,Male,Single,34,Policy Holder,Sedan - Collision,Sedan,20000 to 29000,0,10803,14,400,3,more than 30,more than 30,1,7 years,31 to 35,No,No,External,more than 5,no change,1 vehicle,1995,Collision
8,2,2,Honda,Urban,5,8,3,Male,Single,35,Policy Holder,Sedan - Collision,Sedan,30000 to 39000,0,10804,4,400,2,more than 30,more than 30,none,6 years,31 to 35,No,No,External,none,no change,1 vehicle,1995,Collision
8,1,7,Mazda,Urban,3,10,3,Male,Married,37,Third Party,Sedan - Liability,Sport,20000 to 29000,0,10805,3,400,4,more than 30,more than 30,1,7 years,36 to 40,No,No,External,3 to 5,no change,1 vehicle,1995,Liability
9,4,3,Honda,Rural,4,4,1,Male,Married,39,Policy Holder,Sedan - All Perils,Sedan,40000 to 59000,0,10806,9,400,2,more than 30,more than 30,1,7 years,36 to 40,No,No,External,1 to 2,no change,1 vehicle,1995,All Perils
4,3,4,Mazda,Urban,5,11,3,Male,Married,44,Policy Holder,Sedan - Liability,Sport,20000 to 29000,0,10807,12,400,3,more than 30,more than 30,2 to 4,more than 7,36 to 40,No,No,External,1 to 2,no change,1 vehicle,1995,Liability
10,1,3,Pontiac,Urban,3,9,3,Female,Married,33,Third Party,Sedan - Collision,Sedan,20000 to 29000,0,10808,3,400,4,more than 30,more than 30,2 to 4,6 years,31 to 35,No,No,Internal,more than 5,no change,1 vehicle,1995,Collision
9,4,2,Pontiac,Urban,5,7,4,Female,Married,43,Policy Holder,Sedan - Liability,Sport,less than 20000,0,10809,14,400,3,more than 30,more than 30,2 to 4,7 years,36 to 40,No,No,External,1 to 2,no change,1 vehicle,1995,Liability
7,3,3,Chevrolet,Urban,2,11,4,Male,Single,33,Policy Holder,Sedan - All Perils,Sedan,20000 to 29000,0,10810,5,400,2,more than 30,more than 30,none,7 years,31 to 35,No,No,External,none,no change,1 vehicle,1995,All Perils
11,2,3,Ford,Urban,4,11,3,Male,Married,36,Policy Holder,Sedan - Collision,Sedan,30000 to 39000,0,10811,1,400,1,more than 30,more than 30,1,7 years,36 to 40,No,No,External,3 to 5,no change,1 vehicle,1995,Collision
11,2,2,Chevrolet,Rural,3,11,2,Male,Married,51,Policy Holder,Sedan - All Perils,Sedan,30000 to 39000,0,10812,11,400,2,more than 30,more than 30,2 to 4,more than 7,41 to 50,No,No,External,more than 5,no change,1 vehicle,1995,All Perils
11,2,7,Chevrolet,Urban,1,6,2,Male,Married,50,Policy Holder,Sedan - All Perils,Sedan,30000 to 39000,0,10813,1,500,3,more than 30,more than 30,1,more than 7,41 to 50,No,No,External,3 to 5,2 to 3 years,1 vehicle,1995,All Perils
6,1,1,Honda,Urban,2,6,1,Male,Single,52,Third Party,Sedan - Collision,Sedan,20000 to 29000,0,10814,4,400,4,more than 30,more than 30,2 to 4,more than 7,41 to 50,No,No,External,more than 5,no change,1 vehicle,1995,Collision
6,1,2,Pontiac,Urban,2,3,3,Female,Married,41,Policy Holder,Sedan - All Perils,Sedan,20000 to 29000,0,10815,13,400,3,more than 30,more than 30,1,more than 7,36 to 40,No,No,External,none,no change,1 vehicle,1995,All Perils
3,2,4,Mazda,Urban,5,3,2,Male,Married,57,Policy Holder,Sedan - Collision,Sedan,30000 to 39000,0,10816,2,400,2,more than 30,more than 30,1,more than 7,51 to 65,Yes,No,External,none,4 to 8 years,2 vehicles,1995,Collision
3,1,6,Honda,Urban,7,9,1,Female,Married,37,Policy Holder,Sedan - Liability,Sport,20000 to 29000,0,10817,5,400,3,more than 30,more than 30,more than 4,more than 7,36 to 40,No,No,External,none,no change,1 vehicle,1995,Liability
9,2,6,Pontiac,Urban,3,1,3,Male,Married,27,Policy Holder,Sedan - Collision,Sedan,20000 to 29000,0,10818,8,400,1,more than 30,more than 30,none,7 years,31 to 35,No,No,External,none,no change,1 vehicle,1995,Collision
1,3,3,Toyota,Rural,2,2,3,Male,Married,27,Policy Holder,Sedan - Collision,Sedan,20000 to 29000,0,10819,13,400,3,more than 30,more than 30,2 to 4,5 years,31 to 35,No,No,External,1 to 2,no change,1 vehicle,1995,Collision
2,3,6,Chevrolet,Urban,1,5,5,Male,Married,49,Third Party,Sedan - All Perils,Sedan,30000 to 39000,0,10820,5,700,4,more than 30,more than 30,2 to 4,more than 7,41 to 50,No,No,External,none,no change,1 vehicle,1995,All Perils
4,5,6,Mazda,Urban,5,10,2,Male,Single,35,Third Party,Sedan - All Perils,Sedan,30000 to 39000,0,10821,5,400,1,more than 30,more than 30,none,7 years,31 to 35,No,No,External,none,no change,1 vehicle,1995,All Perils
8,4,4,Honda,Urban,4,11,2,Male,Married,29,Policy Holder,Sedan - Liability,Sport,30000 to 39000,0,10822,9,400,2,more than 30,more than 30,2 to 4,6 years,31 to 35,No,No,External,more than 5,no change,1 vehicle,1995,Liability
6,4,5,Chevrolet,Urban,2,10,3,Male,Married,40,Policy Holder,Sedan - Liability,Sport,40000 to 59000,0,10823,8,400,2,more than 30,more than 30,2 to 4,more than 7,36 to 40,Yes,No,Internal,1 to 2,no change,1 vehicle,1995,Liability
10,2,3,Toyota,Urban,4,5,3,Male,Married,29,Policy Holder,Sedan - Liability,Sport,20000 to 29000,0,10824,14,400,3,more than 30,more than 30,none,7 years,31 to 35,No,No,External,none,no change,1 vehicle,1995,Liability
5,3,3,Honda,Urban,1,4,3,Male,Single,43,Policy Holder,Sedan - Liability,Sport,30000 to 39000,0,10825,14,400,2,more than 30,more than 30,2 to 4,more than 7,36 to 40,No,No,External,3 to 5,no change,3 to 4,1995,Liability
3,3,2,Pontiac,Urban,4,3,1,Female,Married,36,Policy Holder,Sedan - All Perils,Sedan,20000 to 29000,0,10826,4,400,2,more than 30,more than 30,2 to 4,7 years,36 to 40,No,No,External,3 to 5,no change,1 vehicle,1995,All Perils
3,2,2,Mazda,Urban,4,3,2,Female,Married,35,Policy Holder,Sedan - All Perils,Sedan,20000 to 29000,0,10827,5,400,4,more than 30,more than 30,1,6 years,31 to 35,No,No,External,1 to 2,no change,1 vehicle,1995,All Perils
3,2,7,Pontiac,Urban,2,3,2,Male,Married,45,Policy Holder,Sedan - Collision,Sedan,20000 to 29000,0,10828,15,400,2,more than 30,more than 30,1,more than 7,36 to 40,No,No,External,none,no change,1 vehicle,1995,Collision
3,1,4,Mazda,Rural,2,9,2,Male,Married,53,Policy Holder,Sedan - Collision,Sedan,30000 to 39000,0,10829,7,400,3,more than 30,more than 30,none,more than 7,41 to 50,No,No,External,3 to 5,no change,1 vehicle,1995,Collision
1,4,4,Mazda,Urban,4,3,4,Male,Married,52,Policy Holder,Sedan - All Perils,Sedan,20000 to 29000,0,10830,10,400,2,more than 30,more than 30,1,more than 7,41 to 50,No,No,External,1 to 2,1 year,1 vehicle,1995,All Perils
1,4,7,Mazda,Urban,3,7,1,Female,Married,28,Policy Holder,Sport - Collision,Sport,more than 69000,0,10831,6,400,3,more than 30,more than 30,none,6 years,31 to 35,No,No,External,none,no change,1 vehicle,1995,Collision
7,2,4,VW,Urban,4,3,2,Male,Married,39,Policy Holder,Sedan - Liability,Sport,40000 to 59000,0,10832,3,400,4,more than 30,more than 30,2 to 4,7 years,36 to 40,No,No,External,more than 5,no change,1 vehicle,1995,Liability
3,1,1,Mazda,Rural,4,10,1,Male,Single,32,Policy Holder,Sedan - Liability,Sport,20000 to 29000,0,10833,12,400,1,more than 30,more than 30,2 to 4,5 years,31 to 35,No,No,External,none,no change,1 vehicle,1995,Liability
2,2,3,Toyota,Urban,4,2,2,Male,Married,43,Third Party,Sedan - All Perils,Sedan,less than 20000,0,10834,13,400,4,more than 30,more than 30,none,7 years,36 to 40,No,No,External,none,no change,1 vehicle,1995,All Perils
2,2,5,Honda,Urban,3,2,2,Male,Single,0,Policy Holder,Sedan - Liability,Sport,more than 69000,0,10835,6,400,2,more than 30,more than 30,2 to 4,new,16 to 17,No,No,External,none,no change,1 vehicle,1995,Liability
1,5,1,Honda,Urban,2,1,1,Male,Married,54,Policy Holder,Sedan - Liability,Sport,30000 to 39000,0,10836,8,400,3,more than 30,more than 30,2 to 4,more than 7,41 to 50,No,No,External,1 to 2,no change,1 vehicle,1995,Liability
1,3,3,Chevrolet,Urban,3,3,3,Female,Married,26,Policy Holder,Sedan - Liability,Sport,30000 to 39000,0,10837,2,400,3,more than 30,more than 30,2 to 4,6 years,31 to 35,No,No,External,none,4 to 8 years,2 vehicles,1995,Liability
3,3,3,Honda,Urban,2,11,4,Male,Single,53,Policy Holder,Sedan - All Perils,Sedan,20000 to 29000,1,10838,2,400,1,more than 30,more than 30,1,more than 7,41 to 50,No,No,External,more than 5,no change,1 vehicle,1995,All Perils
8,4,6,Accura,Urban,3,10,3,Male,Married,51,Policy Holder,Sedan - All Perils,Sedan,30000 to 39000,0,10839,6,400,2,more than 30,more than 30,none,7 years,41 to 50,No,No,External,none,no change,1 vehicle,1995,All Perils
10,3,5,Pontiac,Rural,3,7,4,Female,Single,30,Policy Holder,Sedan - Collision,Sedan,20000 to 29000,0,10840,9,400,3,more than 30,more than 30,1,5 years,31 to 35,No,No,External,none,no change,1 vehicle,1995,Collision
7,2,2,Pontiac,Urban,3,7,2,Female,Single,26,Policy Holder,Sedan - Collision,Sedan,30000 to 39000,0,10841,1,400,3,more than 30,more than 30,2 to 4,6 years,31 to 35,No,No,External,none,no change,1 vehicle,1995,Collision
7,4,7,Honda,Urban,3,12,4,Male,Single,44,Policy Holder,Sedan - Collision,Sedan,30000 to 39000,0,10842,12,400,2,more than 30,more than 30,none,more than 7,36 to 40,No,No,External,none,no change,1 vehicle,1995,Collision
12,2,1,VW,Urban,1,12,4,Male,Married,51,Policy Holder,Sedan - Collision,Sedan,20000 to 29000,0,10843,6,400,1,more than 30,more than 30,2 to 4,7 years,41 to 50,No,No,External,none,no change,1 vehicle,1995,Collision
10,3,1,Toyota,Rural,1,10,1,Male,Married,45,Policy Holder,Sedan - Liability,Sport,30000 to 39000,0,10844,10,400,2,more than 30,more than 30,2 to 4,7 years,36 to 40,No,No,External,none,no change,1 vehicle,1995,Liability
10,3,3,Pontiac,Urban,3,3,3,Male,Married,61,Policy Holder,Utility - All Perils,Utility,more than 69000,0,10845,5,400,4,more than 30,more than 30,2 to 4,more than 7,51 to 65,No,No,External,more than 5,no change,1 vehicle,1995,All Perils
3,3,2,Honda,Urban,5,11,3,Male,Married,41,Policy Holder,Sedan - Collision,Sedan,20000 to 29000,1,10846,9,400,3,more than 30,more than 30,2 to 4,more than 7,36 to 40,No,No,External,none,no change,1 vehicle,1995,Collision
11,3,3,Pontiac,Urban,3,9,3,Male,Married,54,Policy Holder,Sedan - All Perils,Sedan,20000 to 29000,0,10847,9,400,4,more than 30,more than 30,none,6 years,41 to 50,No,No,External,more than 5,no change,1 vehicle,1995,All Perils
7,3,4,Chevrolet,Urban,5,11,3,Male,Married,34,Policy Holder,Sedan - Liability,Sport,20000 to 29000,0,10848,2,400,1,more than 30,more than 30,more than 4,7 years,31 to 35,No,No,External,more than 5,no change,1 vehicle,1995,Liability
10,4,3,Toyota,Urban,4,11,2,Female,Married,35,Third Party,Sedan - All Perils,Sedan,less than 20000,0,10849,11,400,2,more than 30,more than 30,none,6 years,31 to 35,No,No,External,3 to 5,no change,1 vehicle,1995,All Perils
10,4,4,Pontiac,Urban,1,3,1,Male,Single,43,Policy Holder,Sedan - Liability,Sport,20000 to 29000,0,10850,1,400,1,more than 30,more than 30,more than 4,7 years,36 to 40,No,No,External,none,no change,1 vehicle,1995,Liability
3,3,3,Chevrolet,Rural,4,7,3,Male,Married,28,Policy Holder,Sedan - Collision,Sedan,20000 to 29000,1,10851,14,700,1,more than 30,more than 30,2 to 4,7 years,31 to 35,No,No,External,none,no change,1 vehicle,1995,Collision
7,1,2,Pontiac,Urban,3,7,2,Male,Married,49,Third Party,Sedan - All Perils,Sedan,less than 20000,0,10852,1,400,1,more than 30,more than 30,2 to 4,more than 7,41 to 50,No,No,External,none,no change,1 vehicle,1995,All Perils
7,1,4,Pontiac,Urban,5,6,1,Male,Married,49,Policy Holder,Sedan - Liability,Sport,30000 to 39000,0,10853,11,400,1,more than 30,more than 30,1,more than 7,41 to 50,No,No,Internal,none,no change,1 vehicle,1995,Liability
6,4,1,Mazda,Urban,1,2,4,Male,Married,34,Policy Holder,Sport - Collision,Sport,more than 69000,0,10854,7,400,3,more than 30,more than 30,none,6 years,31 to 35,No,No,External,none,no change,1 vehicle,1995,Collision
2,2,3,Honda,Rural,3,2,2,Male,Single,0,Policy Holder,Sedan - Liability,Sport,more than 69000,0,10855,9,400,3,more than 30,more than 30,none,new,16 to 17,No,No,External,none,no change,1 vehicle,1995,Liability
2,2,4,Toyota,Urban,6,3,3,Female,Married,42,Policy Holder,Sedan - All Perils,Sedan,less than 20000,0,10856,13,400,2,more than 30,more than 30,1,7 years,36 to 40,No,No,External,none,no change,1 vehicle,1995,All Perils
3,2,7,Toyota,Urban,5,5,3,Male,Single,44,Policy Holder,Sedan - Liability,Sport,20000 to 29000,0,10857,9,400,2,more than 30,more than 30,2 to 4,7 years,36 to 40,No,No,External,none,no change,1 vehicle,1995,Liability
4,4,7,Honda,Urban,4,4,4,Male,Single,0,Policy Holder,Sedan - Liability,Sport,more than 69000,0,10858,8,400,3,more than 30,more than 30,more than 4,new,16 to 17,No,No,External,none,4 to 8 years,2 vehicles,1995,Liability
4,4,2,Toyota,Rural,1,5,5,Male,Single,21,Policy Holder,Sedan - All Perils,Sedan,20000 to 29000,0,10859,12,400,4,more than 30,more than 30,none,5 years,26 to 30,No,No,External,none,no change,1 vehicle,1995,All Perils
5,3,1,Honda,Urban,2,5,4,Male,Married,30,Third Party,Sedan - Collision,Sedan,30000 to 39000,0,10860,11,400,2,more than 30,more than 30,more than 4,6 years,31 to 35,No,No,External,more than 5,no change,1 vehicle,1995,Collision
5,3,7,Chevrolet,Urban,1,6,3,Male,Married,54,Third Party,Sedan - Collision,Sedan,30000 to 39000,0,10861,7,400,2,more than 30,more than 30,1,more than 7,41 to 50,Yes,No,External,more than 5,no change,1 vehicle,1995,Collision
5,4,3,Chevrolet,Urban,4,5,1,Male,Single,26,Third Party,Sedan - All Perils,Sedan,20000 to 29000,0,10862,11,400,3,more than 30,more than 30,1,7 years,31 to 35,No,No,External,none,no change,1 vehicle,1995,All Perils
5,4,4,Pontiac,Urban,5,5,4,Male,Married,36,Policy Holder,Sedan - Liability,Sport,30000 to 39000,0,10863,8,400,3,more than 30,more than 30,2 to 4,more than 7,36 to 40,No,No,External,more than 5,no change,1 vehicle,1995,Liability
5,4,3,Pontiac,Urban,4,6,4,Male,Single,23,Policy Holder,Sedan - Liability,Sport,20000 to 29000,0,10864,11,400,4,more than 30,more than 30,2 to 4,5 years,26 to 30,No,No,External,none,2 to 3 years,1 vehicle,1995,Liability
6,1,2,Pontiac,Urban,1,7,1,Female,Married,38,Policy Holder,Sedan - Liability,Sport,20000 to 29000,0,10865,9,400,4,more than 30,more than 30,2 to 4,7 years,36 to 40,No,No,External,none,no change,1 vehicle,1995,Liability
6,5,1,Mazda,Urban,2,7,1,Male,Single,29,Policy Holder,Sedan - Collision,Sedan,20000 to 29000,0,10866,2,400,3,more than 30,more than 30,1,7 years,31 to 35,No,No,External,none,no change,3 to 4,1995,Collision
7,1,2,Mazda,Urban,3,9,1,Male,Single,25,Third Party,Sedan - Collision,Sedan,20000 to 29000,0,10867,1,400,2,more than 30,more than 30,2 to 4,5 years,26 to 30,No,No,External,1 to 2,no change,1 vehicle,1995,Collision
9,1,1,Honda,Urban,1,9,2,Female,Single,54,Policy Holder,Sedan - Liability,Sport,20000 to 29000,0,10868,8,400,3,more than 30,more than 30,2 to 4,more than 7,41 to 50,No,No,External,none,no change,1 vehicle,1995,Liability
9,4,3,Toyota,Urban,5,11,4,Male,Married,48,Third Party,Sedan - All Perils,Sedan,20000 to 29000,0,10869,4,400,4,more than 30,more than 30,none,more than 7,41 to 50,No,No,External,none,no change,1 vehicle,1995,All Perils
9,5,7,Toyota,Urban,2,10,1,Male,Married,36,Policy Holder,Sedan - Collision,Sedan,20000 to 29000,0,10870,1,400,1,more than 30,more than 30,2 to 4,7 years,36 to 40,No,No,External,3 to 5,no change,1 vehicle,1995,Collision
10,3,3,Honda,Urban,4,10,3,Male,Married,46,Third Party,Sedan - Collision,Sedan,20000 to 29000,0,10871,14,400,4,more than 30,more than 30,none,more than 7,41 to 50,No,No,External,none,no change,1 vehicle,1995,Collision
10,4,5,Pontiac,Urban,2,11,4,Male,Single,27,Policy Holder,Sedan - Liability,Sport,30000 to 39000,0,10872,9,400,1,more than 30,more than 30,1,5 years,31 to 35,No,No,External,3 to 5,no change,1 vehicle,1995,Liability
11,1,5,Ford,Urban,2,3,2,Male,Married,40,Policy Holder,Sedan - All Perils,Sedan,30000 to 39000,0,10873,4,400,4,more than 30,more than 30,1,7 years,36 to 40,No,No,External,more than 5,no change,1 vehicle,1995,All Perils
3,3,1,Accura,Urban,1,3,4,Male,Married,36,Policy Holder,Sedan - Collision,Sedan,more than 69000,1,10874,14,400,1,more than 30,more than 30,2 to 4,7 years,36 to 40,No,No,External,none,no change,1 vehicle,1995,Collision
12,3,6,Honda,Urban,2,3,2,Male,Single,21,Policy Holder,Sport - Collision,Sport,more than 69000,0,10875,9,400,4,more than 30,more than 30,2 to 4,3 years,26 to 30,No,No,External,none,no change,1 vehicle,1995,Collision
2,4,5,Toyota,Urban,3,3,3,Male,Married,61,Policy Holder,Sedan - Collision,Sedan,20000 to 29000,0,10876,7,400,3,more than 30,more than 30,1,more than 7,51 to 65,No,No,External,more than 5,no change,1 vehicle,1995,Collision
3,3,5,Ford,Rural,1,3,4,Male,Married,55,Policy Holder,Utility - All Perils,Utility,more than 69000,1,10877,9,400,4,more than 30,more than 30,1,more than 7,41 to 50,No,No,External,more than 5,no change,1 vehicle,1995,All Perils
3,3,5,Toyota,Urban,3,3,3,Male,Single,51,Policy Holder,Sedan - Liability,Sport,20000 to 29000,0,10878,9,400,2,more than 30,more than 30,2 to 4,more than 7,41 to 50,No,No,Internal,more than 5,no change,1 vehicle,1995,Liability
3,3,3,Honda,Urban,1,5,4,Male,Married,35,Policy Holder,Sedan - Collision,Sedan,20000 to 29000,1,10879,5,400,1,more than 30,more than 30,1,6 years,31 to 35,No,No,External,none,4 to 8 years,2 vehicles,1995,Collision
5,1,4,Toyota,Urban,2,7,2,Male,Married,51,Third Party,Sedan - All Perils,Sedan,20000 to 29000,0,10880,8,400,4,more than 30,more than 30,1,7 years,41 to 50,No,No,External,none,no change,1 vehicle,1995,All Perils
7,1,1,Accura,Urban,5,7,2,Male,Married,44,Policy Holder,Sedan - Liability,Sport,40000 to 59000,0,10881,3,400,1,more than 30,more than 30,2 to 4,7 years,36 to 40,No,No,External,1 to 2,no change,1 vehicle,1995,Liability
7,2,6,Honda,Urban,1,7,3,Male,Single,34,Third Party,Sedan - Collision,Sedan,40000 to 59000,0,10882,2,400,1,more than 30,more than 30,1,6 years,31 to 35,No,No,Internal,none,no change,1 vehicle,1995,Collision
7,3,3,Honda,Rural,3,7,3,Male,Single,34,Third Party,Sedan - All Perils,Sedan,20000 to 29000,0,10883,1,400,2,more than 30,more than 30,none,4 years,31 to 35,No,No,External,none,no change,1 vehicle,1995,All Perils
7,3,4,Pontiac,Urban,4,10,3,Female,Married,30,Policy Holder,Sedan - Liability,Sport,30000 to 39000,0,10884,7,400,3,more than 30,more than 30,2 to 4,6 years,31 to 35,No,No,External,none,no change,1 vehicle,1995,Liability
8,1,3,Toyota,Rural,1,8,1,Male,Married,58,Third Party,Sedan - Liability,Sport,30000 to 39000,0,10885,3,400,2,more than 30,more than 30,1,more than 7,51 to 65,No,No,External,3 to 5,no change,1 vehicle,1995,Liability
8,3,5,Toyota,Urban,4,8,4,Female,Single,28,Policy Holder,Sedan - Liability,Sport,20000 to 29000,0,10886,13,400,2,more than 30,more than 30,2 to 4,7 years,31 to 35,No,No,External,3 to 5,no change,1 vehicle,1995,Liability
8,3,3,Honda,Rural,4,9,4,Male,Married,37,Policy Holder,Sedan - All Perils,Sedan,20000 to 29000,0,10887,7,400,1,more than 30,more than 30,none,7 years,36 to 40,Yes,No,External,none,no change,1 vehicle,1995,All Perils
9,3,3,Mazda,Urban,5,10,4,Male,Married,33,Policy Holder,Sedan - Liability,Sport,20000 to 29000,0,10888,6,400,3,more than 30,more than 30,2 to 4,6 years,31 to 35,No,No,External,none,no change,1 vehicle,1995,Liability
10,1,6,Toyota,Rural,2,4,3,Male,Married,30,Policy Holder,Sedan - Collision,Sedan,20000 to 29000,0,10889,9,400,1,more than 30,more than 30,1,7 years,31 to 35,Yes,No,External,more than 5,no change,1 vehicle,1995,Collision
3,3,7,Mazda,Urban,1,11,2,Male,Single,51,Policy Holder,Sedan - All Perils,Sedan,more than 69000,1,10890,1,400,1,more than 30,more than 30,1,6 years,41 to 50,No,No,External,3 to 5,no change,1 vehicle,1995,All Perils
11,2,7,Toyota,Urban,1,11,2,Male,Married,54,Third Party,Sedan - All Perils,Sedan,20000 to 29000,0,10891,9,400,2,more than 30,more than 30,none,more than 7,41 to 50,No,No,External,none,no change,1 vehicle,1995,All Perils
11,2,3,Mazda,Urban,2,10,2,Male,Single,27,Policy Holder,Sedan - Collision,Sedan,20000 to 29000,0,10892,2,400,1,more than 30,more than 30,2 to 4,6 years,31 to 35,No,No,External,3 to 5,no change,1 vehicle,1995,Collision
10,2,7,Pontiac,Rural,3,10,3,Female,Single,43,Policy Holder,Sedan - Liability,Sport,20000 to 29000,0,10893,13,400,3,more than 30,more than 30,2 to 4,7 years,36 to 40,No,No,External,more than 5,no change,1 vehicle,1995,Liability
10,2,2,Jaguar,Rural,4,10,2,Male,Married,28,Third Party,Sedan - Collision,Sedan,30000 to 39000,0,10894,13,400,4,more than 30,more than 30,1,7 years,31 to 35,No,No,External,3 to 5,no change,1 vehicle,1995,Collision
10,1,7,Pontiac,Urban,1,3,1,Male,Married,53,Policy Holder,Sedan - Collision,Sedan,20000 to 29000,0,10895,16,400,2,more than 30,more than 30,1,7 years,41 to 50,No,No,External,none,no change,1 vehicle,1995,Collision
3,3,3,Pontiac,Urban,2,9,4,Male,Married,53,Policy Holder,Sedan - All Perils,Sedan,more than 69000,1,10896,4,400,1,more than 30,more than 30,more than 4,more than 7,41 to 50,No,No,External,none,no change,1 vehicle,1995,All Perils
9,3,6,Toyota,Urban,1,9,4,Female,Married,59,Policy Holder,Sedan - Liability,Sport,30000 to 39000,0,10897,15,400,1,more than 30,more than 30,none,more than 7,51 to 65,No,No,External,none,no change,1 vehicle,1995,Liability
9,2,5,Toyota,Urban,5,8,3,Male,Single,30,Third Party,Sedan - All Perils,Sedan,20000 to 29000,0,10898,2,400,1,more than 30,more than 30,none,6 years,31 to 35,No,No,External,none,no change,1 vehicle,1995,All Perils
8,3,7,Pontiac,Urban,1,3,3,Male,Married,49,Policy Holder,Sedan - Liability,Sport,30000 to 39000,0,10899,10,400,2,more than 30,more than 30,2 to 4,more than 7,41 to 50,No,No,External,none,no change,1 vehicle,1995,Liability
3,3,3,Accura,Urban,3,8,3,Male,Married,26,Policy Holder,Utility - All Perils,Utility,more than 69000,1,10900,13,400,3,more than 30,more than 30,none,7 years,31 to 35,No,No,External,none,4 to 8 years,2 vehicles,1995,All Perils
8,1,6,Dodge,Urban,4,8,1,Female,Single,32,Policy Holder,Sedan - Liability,Sport,30000 to 39000,0,10901,13,400,1,more than 30,more than 30,1,7 years,31 to 35,No,No,External,1 to 2,no change,1 vehicle,1995,Liability
7,5,7,Accura,Urban,1,7,1,Male,Single,30,Policy Holder,Sedan - Liability,Sport,30000 to 39000,0,10902,11,400,1,more than 30,more than 30,2 to 4,6 years,31 to 35,No,No,External,none,no change,1 vehicle,1995,Liability
7,5,1,Pontiac,Urban,2,3,5,Male,Married,65,Policy Holder,Sedan - Liability,Sport,20000 to 29000,0,10903,6,400,2,more than 30,more than 30,2 to 4,7 years,51 to 65,No,No,External,3 to 5,no change,1 vehicle,1995,Liability
3,3,4,Mazda,Urban,2,8,4,Male,Married,36,Policy Holder,Sedan - Collision,Sedan,30000 to 39000,1,10904,13,400,3,more than 30,more than 30,1,more than 7,36 to 40,No,No,External,none,no change,1 vehicle,1995,Collision
7,4,1,Pontiac,Urban,1,3,1,Male,Married,26,Policy Holder,Sedan - All Perils,Sedan,less than 20000,0,10905,10,400,4,more than 30,more than 30,none,6 years,31 to 35,No,No,External,none,no change,1 vehicle,1995,All Perils
3,3,6,Honda,Urban,4,7,4,Male,Single,22,Third Party,Sedan - All Perils,Sedan,less than 20000,0,10906,15,400,3,more than 30,more than 30,2 to 4,4 years,26 to 30,No,No,External,none,no change,1 vehicle,1995,All Perils
7,3,7,Honda,Urban,2,7,4,Male,Single,48,Policy Holder,Sedan - Liability,Sport,20000 to 29000,0,10907,4,400,2,more than 30,more than 30,2 to 4,7 years,41 to 50,No,No,External,none,no change,3 to 4,1995,Liability
7,2,4,Toyota,Rural,1,7,3,Female,Married,41,Third Party,Sedan - Liability,Sport,20000 to 29000,0,10908,2,400,1,more than 30,more than 30,1,more than 7,36 to 40,No,No,External,more than 5,no change,1 vehicle,1995,Liability
7,1,4,Mazda,Urban,2,6,3,Male,Married,40,Policy Holder,Sedan - Collision,Sedan,20000 to 29000,0,10909,9,400,2,more than 30,more than 30,1,7 years,36 to 40,No,No,External,more than 5,no change,1 vehicle,1995,Collision
6,2,1,Pontiac,Urban,4,6,2,Male,Single,26,Policy Holder,Sedan - Collision,Sedan,30000 to 39000,0,10910,15,400,3,more than 30,more than 30,1,6 years,31 to 35,No,No,External,none,no change,1 vehicle,1995,Collision
6,1,4,Honda,Urban,3,7,3,Male,Single,32,Policy Holder,Sedan - Liability,Sport,30000 to 39000,0,10911,2,400,3,more than 30,more than 30,2 to 4,6 years,31 to 35,No,No,External,none,no change,1 vehicle,1995,Liability
5,4,1,Toyota,Urban,2,5,4,Male,Single,31,Policy Holder,Sedan - Liability,Sport,more than 69000,0,10912,14,400,2,more than 30,more than 30,more than 4,5 years,31 to 35,No,No,External,1 to 2,no change,1 vehicle,1995,Liability
5,4,2,Toyota,Urban,2,5,5,Male,Married,33,Third Party,Sedan - Liability,Sport,20000 to 29000,0,10913,15,400,3,more than 30,more than 30,1,6 years,31 to 35,No,No,External,3 to 5,no change,1 vehicle,1995,Liability
5,2,2,Pontiac,Urban,5,5,2,Female,Single,43,Policy Holder,Sedan - Liability,Sport,30000 to 39000,0,10914,4,400,2,more than 30,more than 30,2 to 4,6 years,36 to 40,No,No,External,none,no change,1 vehicle,1995,Liability
5,1,1,Mazda,Urban,5,5,2,Female,Single,42,Policy Holder,Sedan - Liability,Sport,30000 to 39000,0,10915,12,500,1,more than 30,more than 30,1,7 years,36 to 40,No,No,External,more than 5,2 to 3 years,1 vehicle,1995,Liability
5,1,1,VW,Urban,5,3,2,Male,Married,33,Policy Holder,Sedan - Liability,Sport,more than 69000,0,10916,14,400,4,more than 30,more than 30,more than 4,6 years,31 to 35,No,No,External,none,no change,1 vehicle,1995,Liability
3,3,7,Honda,Rural,4,7,4,Male,Married,51,Policy Holder,Sedan - All Perils,Sedan,30000 to 39000,1,10917,2,400,1,more than 30,more than 30,none,3 years,41 to 50,No,No,External,none,no change,1 vehicle,1995,All Perils
4,1,6,Toyota,Urban,1,3,1,Male,Married,80,Policy Holder,Sedan - All Perils,Sedan,less than 20000,0,10918,1,400,1,more than 30,more than 30,1,more than 7,over 65,No,No,External,1 to 2,no change,1 vehicle,1995,All Perils
3,1,3,Ford,Urban,5,12,1,Male,Married,52,Policy Holder,Sedan - All Perils,Sedan,40000 to 59000,0,10919,7,400,1,more than 30,more than 30,1,more than 7,41 to 50,No,No,External,3 to 5,no change,1 vehicle,1995,All Perils
12,4,4,Pontiac,Urban,5,11,4,Male,Married,33,Policy Holder,Sedan - All Perils,Sedan,more than 69000,0,10920,11,400,4,more than 30,more than 30,1,7 years,31 to 35,Yes,No,External,1 to 2,no change,1 vehicle,1995,All Perils
11,2,4,Accura,Urban,2,11,2,Male,Single,27,Policy Holder,Sedan - Collision,Sedan,20000 to 29000,0,10921,1,400,3,more than 30,more than 30,2 to 4,7 years,31 to 35,No,No,External,none,1 year,2 vehicles,1995,Collision
11,2,2,Pontiac,Rural,4,11,3,Male,Single,35,Policy Holder,Sedan - Liability,Sport,20000 to 29000,0,10922,11,400,3,more than 30,more than 30,none,7 years,31 to 35,No,No,External,more than 5,no change,1 vehicle,1995,Liability
11,2,1,Pontiac,Urban,3,11,2,Male,Married,45,Policy Holder,Sedan - Collision,Sedan,30000 to 39000,0,10923,14,400,2,more than 30,more than 30,1,more than 7,36 to 40,No,No,External,1 to 2,no change,1 vehicle,1995,Collision
10,5,3,Chevrolet,Urban,1,11,4,Male,Married,33,Policy Holder,Sedan - Liability,Sport,20000 to 29000,0,10924,6,400,2,more than 30,more than 30,more than 4,5 years,31 to 35,No,No,External,none,no change,1 vehicle,1995,Liability
11,1,1,Toyota,Urban,1,10,2,Female,Married,35,Policy Holder,Sedan - Collision,Sedan,30000 to 39000,0,10925,8,400,3,more than 30,more than 30,2 to 4,6 years,31 to 35,No,No,External,none,no change,1 vehicle,1995,Collision
10,3,1,Chevrolet,Urban,3,3,3,Male,Single,32,Policy Holder,Sedan - Liability,Sport,more than 69000,0,10926,16,400,4,more than 30,more than 30,none,6 years,31 to 35,No,No,External,more than 5,no change,1 vehicle,1995,Liability
3,3,1,Pontiac,Urban,2,3,4,Male,Married,37,Third Party,Sedan - Collision,Sedan,20000 to 29000,0,10927,11,400,2,more than 30,more than 30,1,7 years,36 to 40,No,No,External,3 to 5,no change,1 vehicle,1995,Collision
3,3,3,Mazda,Urban,3,10,4,Male,Married,27,Policy Holder,Sedan - Collision,Sedan,20000 to 29000,1,10928,15,400,3,more than 30,more than 30,2 to 4,5 years,31 to 35,No,No,External,more than 5,no change,1 vehicle,1995,Collision
9,4,5,Honda,Urban,5,9,1,Male,Married,35,Third Party,Sedan - All Perils,Sedan,20000 to 29000,0,10929,6,400,1,more than 30,more than 30,2 to 4,6 years,31 to 35,No,No,External,none,no change,1 vehicle,1995,All Perils
9,4,2,Toyota,Rural,4,3,4,Male,Married,37,Policy Holder,Sedan - Collision,Sedan,20000 to 29000,0,10930,7,400,4,more than 30,more than 30,2 to 4,7 years,36 to 40,No,No,External,none,no change,1 vehicle,1995,Collision
3,4,7,Toyota,Urban,3,7,4,Male,Married,60,Policy Holder,Sedan - Collision,Sedan,30000 to 39000,1,10931,10,400,4,more than 30,more than 30,1,6 years,51 to 65,No,No,External,more than 5,no change,1 vehicle,1995,Collision
7,1,2,Pontiac,Urban,3,3,1,Male,Married,46,Policy Holder,Sedan - Liability,Sport,30000 to 39000,0,10932,10,400,3,more than 30,more than 30,1,7 years,41 to 50,No,No,External,none,no change,1 vehicle,1995,Liability
3,4,3,Mazda,Urban,5,7,4,Male,Married,58,Policy Holder,Sedan - Collision,Sedan,20000 to 29000,1,10933,8,400,3,more than 30,more than 30,none,7 years,51 to 65,No,No,External,none,no change,1 vehicle,1995,Collision
6,5,7,Honda,Urban,1,6,1,Male,Married,27,Policy Holder,Sedan - Collision,Sedan,20000 to 29000,0,10934,4,400,2,more than 30,more than 30,1,6 years,31 to 35,No,No,External,none,no change,1 vehicle,1995,Collision
6,1,5,Chevrolet,Urban,5,6,1,Male,Single,27,Third Party,Sedan - Liability,Sport,20000 to 29000,0,10935,5,400,3,more than 30,more than 30,2 to 4,7 years,31 to 35,No,No,External,1 to 2,no change,1 vehicle,1995,Liability
6,1,6,Accura,Urban,1,6,1,Male,Married,52,Policy Holder,Sedan - Liability,Sport,20000 to 29000,0,10936,3,400,4,more than 30,more than 30,2 to 4,7 years,41 to 50,No,No,External,more than 5,no change,1 vehicle,1995,Liability
5,5,2,Pontiac,Urban,4,5,2,Male,Single,39,Policy Holder,Sedan - Liability,Sport,30000 to 39000,0,10937,2,400,2,more than 30,more than 30,none,7 years,36 to 40,No,No,External,more than 5,no change,1 vehicle,1995,Liability
5,4,1,Toyota,Urban,2,6,4,Male,Married,40,Third Party,Sedan - All Perils,Sedan,30000 to 39000,0,10938,14,400,1,more than 30,more than 30,1,7 years,36 to 40,No,No,External,none,no change,1 vehicle,1995,All Perils
5,4,3,Pontiac,Urban,3,5,2,Male,Single,33,Policy Holder,Sedan - Liability,Sport,20000 to 29000,0,10939,9,400,4,more than 30,more than 30,more than 4,6 years,31 to 35,No,No,External,none,no change,1 vehicle,1995,Liability
5,3,1,Toyota,Urban,1,5,3,Male,Married,26,Third Party,Sedan - Liability,Sport,less than 20000,0,10940,14,400,1,more than 30,more than 30,2 to 4,6 years,31 to 35,No,No,External,more than 5,no change,1 vehicle,1995,Liability
5,3,5,Mazda,Urban,1,6,3,Male,Married,44,Policy Holder,Sedan - Liability,Sport,30000 to 39000,0,10941,11,400,4,more than 30,more than 30,more than 4,more than 7,36 to 40,No,No,External,3 to 5,no change,1 vehicle,1995,Liability
5,2,4,Mazda,Urban,5,4,2,Male,Married,48,Policy Holder,Sedan - Collision,Sedan,30000 to 39000,0,10942,8,400,3,more than 30,more than 30,more than 4,7 years,41 to 50,No,No,External,3 to 5,4 to 8 years,2 vehicles,1995,Collision
4,5,4,Mazda,Urban,3,5,5,Female,Married,55,Third Party,Sedan - All Perils,Sedan,30000 to 39000,0,10943,16,400,2,more than 30,more than 30,1,more than 7,41 to 50,No,No,External,none,no change,1 vehicle,1995,All Perils
4,5,7,Honda,Urban,4,7,1,Male,Single,64,Third Party,Sedan - All Perils,Sedan,more than 69000,0,10944,8,700,1,more than 30,more than 30,none,more than 7,51 to 65,No,No,External,more than 5,no change,1 vehicle,1995,All Perils
4,4,5,Ford,Urban,1,3,5,Male,Married,44,Policy Holder,Sedan - All Perils,Sedan,20000 to 29000,0,10945,15,400,4,more than 30,more than 30,2 to 4,7 years,36 to 40,No,No,External,1 to 2,no change,1 vehicle,1995,All Perils
3,2,7,Pontiac,Urban,2,11,3,Male,Married,55,Third Party,Sedan - Liability,Sport,30000 to 39000,0,10946,15,400,3,more than 30,more than 30,1,more than 7,41 to 50,No,No,External,none,no change,1 vehicle,1995,Liability
3,1,1,Pontiac,Urban,1,2,3,Male,Married,52,Policy Holder,Sedan - Collision,Sedan,less than 20000,0,10947,5,400,3,more than 30,more than 30,1,more than 7,41 to 50,No,No,External,none,no change,1 vehicle,1995,Collision
2,4,5,Chevrolet,Urban,2,2,4,Male,Married,30,Policy Holder,Sedan - Liability,Sport,20000 to 29000,0,10948,11,400,3,more than 30,more than 30,more than 4,7 years,31 to 35,No,No,External,1 to 2,no change,3 to 4,1995,Liability
1,3,6,Pontiac,Urban,4,3,2,Male,Married,40,Policy Holder,Sedan - All Perils,Sedan,less than 20000,0,10949,9,400,3,more than 30,more than 30,2 to 4,more than 7,36 to 40,Yes,No,External,more than 5,no change,1 vehicle,1995,All Perils
1,2,2,Pontiac,Urban,4,8,1,Male,Married,62,Policy Holder,Utility - All Perils,Utility,more than 69000,0,10950,3,400,3,more than 30,more than 30,more than 4,more than 7,51 to 65,No,No,External,more than 5,no change,1 vehicle,1995,All Perils
8,2,5,Toyota,Rural,3,8,2,Male,Single,29,Third Party,Sedan - All Perils,Sedan,20000 to 29000,0,10951,2,400,4,more than 30,more than 30,1,7 years,31 to 35,No,No,External,none,no change,1 vehicle,1995,All Perils
8,1,2,Toyota,Urban,5,8,2,Male,Single,46,Policy Holder,Sedan - All Perils,Sedan,less than 20000,0,10952,6,400,1,more than 30,more than 30,none,more than 7,41 to 50,No,No,External,1 to 2,no change,1 vehicle,1995,All Perils
8,1,4,Pontiac,Urban,1,11,1,Male,Married,52,Third Party,Sedan - All Perils,Sedan,20000 to 29000,0,10953,8,400,2,more than 30,more than 30,1,more than 7,41 to 50,No,No,External,more than 5,no change,1 vehicle,1995,All Perils
11,3,4,Pontiac,Rural,1,11,5,Male,Married,31,Policy Holder,Sedan - All Perils,Sedan,20000 to 29000,0,10954,13,400,3,more than 30,more than 30,2 to 4,6 years,31 to 35,No,No,External,none,no change,1 vehicle,1995,All Perils
11,3,6,Mazda,Urban,2,10,4,Male,Married,43,Policy Holder,Sedan - Liability,Sport,30000 to 39000,0,10955,3,400,3,more than 30,more than 30,2 to 4,6 years,36 to 40,No,No,External,1 to 2,no change,1 vehicle,1995,Liability
10,2,3,Pontiac,Urban,1,1,2,Male,Married,33,Policy Holder,Sedan - All Perils,Sedan,20000 to 29000,0,10956,4,400,4,more than 30,more than 30,none,5 years,31 to 35,No,No,External,none,no change,1 vehicle,1995,All Perils
1,2,7,Toyota,Urban,1,7,3,Male,Married,36,Policy Holder,Sedan - All Perils,Sedan,20000 to 29000,0,10957,16,400,2,more than 30,more than 30,none,7 years,36 to 40,No,No,External,more than 5,no change,1 vehicle,1995,All Perils
7,3,6,Pontiac,Urban,1,8,3,Male,Single,30,Third Party,Sedan - Liability,Sport,20000 to 29000,0,10958,14,400,3,more than 30,more than 30,2 to 4,6 years,31 to 35,No,No,External,none,no change,1 vehicle,1995,Liability
8,1,3,Toyota,Urban,4,10,2,Male,Married,49,Policy Holder,Sedan - Liability,Sport,20000 to 29000,0,10959,8,400,1,more than 30,more than 30,2 to 4,7 years,41 to 50,No,No,External,none,no change,1 vehicle,1995,Liability
10,3,4,Toyota,Urban,5,10,3,Male,Married,52,Policy Holder,Sedan - Liability,Sport,30000 to 39000,0,10960,5,400,3,more than 30,more than 30,1,7 years,41 to 50,No,No,External,none,no change,1 vehicle,1995,Liability
10,3,5,Ford,Urban,2,12,3,Male,Married,48,Policy Holder,Sedan - Liability,Sport,40000 to 59000,0,10961,2,400,3,more than 30,more than 30,2 to 4,more than 7,41 to 50,No,No,External,1 to 2,no change,1 vehicle,1995,Liability
12,3,5,Honda,Urban,1,12,3,Male,Married,39,Policy Holder,Sedan - Liability,Sport,30000 to 39000,0,10962,13,400,2,more than 30,more than 30,none,7 years,36 to 40,No,No,External,1 to 2,no change,1 vehicle,1995,Liability
12,1,3,Dodge,Urban,2,12,2,Male,Married,58,Policy Holder,Sedan - Liability,Sport,30000 to 39000,0,10963,7,400,3,more than 30,more than 30,1,more than 7,51 to 65,No,No,External,more than 5,4 to 8 years,2 vehicles,1995,Liability
12,3,5,Pontiac,Urban,4,12,3,Female,Married,27,Policy Holder,Sedan - All Perils,Sedan,less than 20000,0,10964,16,400,3,more than 30,more than 30,none,4 years,31 to 35,No,No,External,none,no change,1 vehicle,1995,All Perils
12,4,6,Mazda,Rural,2,1,5,Male,Married,59,Policy Holder,Sedan - Liability,Sport,30000 to 39000,0,10965,16,400,2,more than 30,more than 30,2 to 4,more than 7,51 to 65,No,No,External,more than 5,no change,1 vehicle,1995,Liability
1,3,4,Toyota,Urban,3,1,5,Female,Divorced,31,Policy Holder,Sedan - Liability,Sport,20000 to 29000,0,10966,4,500,2,more than 30,more than 30,2 to 4,6 years,31 to 35,No,No,External,none,2 to 3 years,1 vehicle,1995,Liability
1,1,3,Toyota,Urban,4,11,2,Male,Married,59,Policy Holder,Sedan - Liability,Sport,20000 to 29000,0,10967,10,400,2,more than 30,more than 30,2 to 4,more than 7,51 to 65,No,No,External,none,no change,1 vehicle,1995,Liability
6,4,5,Mazda,Urban,5,5,1,Female,Single,36,Policy Holder,Sedan - Liability,Sport,20000 to 29000,0,10968,4,400,4,more than 30,more than 30,2 to 4,7 years,36 to 40,No,No,External,1 to 2,no change,1 vehicle,1995,Liability
5,3,2,Honda,Urban,2,11,3,Male,Single,28,Policy Holder,Sedan - Collision,Sedan,20000 to 29000,0,10969,7,400,4,more than 30,more than 30,none,6 years,31 to 35,No,No,External,none,no change,1 vehicle,1995,Collision
11,4,1,Mazda,Urban,2,11,4,Female,Married,27,Policy Holder,Sedan - Liability,Sport,30000 to 39000,0,10970,10,400,4,more than 30,more than 30,2 to 4,6 years,31 to 35,Yes,No,External,none,no change,1 vehicle,1995,Liability
11,3,1,Mazda,Urban,2,11,5,Male,Married,35,Third Party,Sedan - Liability,Sport,20000 to 29000,0,10971,4,400,2,more than 30,more than 30,more than 4,6 years,31 to 35,No,No,External,none,no change,1 vehicle,1995,Liability
11,3,6,Ford,Urban,1,10,4,Male,Married,54,Policy Holder,Utility - All Perils,Utility,more than 69000,0,10972,7,400,2,more than 30,more than 30,more than 4,7 years,41 to 50,No,No,External,more than 5,no change,1 vehicle,1995,All Perils
10,5,5,Pontiac,Urban,1,11,5,Male,Single,23,Policy Holder,Sedan - Collision,Sedan,more than 69000,0,10973,13,400,4,more than 30,more than 30,2 to 4,4 years,26 to 30,No,No,External,1 to 2,no change,1 vehicle,1995,Collision
11,3,3,Pontiac,Urban,4,10,4,Male,Single,32,Policy Holder,Sedan - All Perils,Sedan,30000 to 39000,0,10974,6,400,4,more than 30,more than 30,1,6 years,31 to 35,No,No,External,more than 5,no change,1 vehicle,1995,All Perils
8,2,3,Chevrolet,Urban,4,3,4,Male,Married,45,Policy Holder,Sedan - Liability,Sport,20000 to 29000,0,10975,3,700,4,more than 30,more than 30,2 to 4,more than 7,36 to 40,No,No,External,more than 5,no change,1 vehicle,1995,Liability
3,4,3,Pontiac,Urban,4,3,4,Male,Married,55,Third Party,Sedan - All Perils,Sedan,20000 to 29000,0,10976,11,400,3,more than 30,more than 30,1,more than 7,41 to 50,No,No,External,none,no change,1 vehicle,1995,All Perils
3,3,6,Pontiac,Urban,3,3,3,Male,Married,35,Third Party,Sedan - All Perils,Sedan,20000 to 29000,0,10977,3,400,3,more than 30,more than 30,2 to 4,7 years,31 to 35,No,No,External,none,no change,1 vehicle,1995,All Perils
2,4,1,Pontiac,Urban,2,5,1,Female,Single,32,Policy Holder,Sedan - Collision,Sedan,30000 to 39000,0,10978,12,400,4,more than 30,more than 30,none,6 years,31 to 35,No,No,External,more than 5,no change,1 vehicle,1995,Collision
4,1,7,Chevrolet,Urban,1,5,1,Male,Married,46,Policy Holder,Sedan - Liability,Sport,30000 to 39000,0,10979,3,400,3,more than 30,more than 30,more than 4,more than 7,41 to 50,No,No,External,more than 5,no change,1 vehicle,1995,Liability
5,5,4,Pontiac,Urban,3,5,5,Male,Married,41,Policy Holder,Sedan - Liability,Sport,30000 to 39000,0,10980,2,400,1,more than 30,more than 30,2 to 4,7 years,36 to 40,Yes,No,External,none,no change,1 vehicle,1995,Liability
5,2,1,Mazda,Urban,3,5,3,Male,Single,30,Third Party,Sport - Collision,Sport,more than 69000,0,10981,7,400,3,more than 30,more than 30,none,6 years,31 to 35,No,Yes,External,none,no change,1 vehicle,1995,Collision
5,2,7,Honda,Urban,2,5,2,Male,Married,65,Third Party,Sedan - Collision,Sedan,30000 to 39000,0,10982,6,400,1,more than 30,more than 30,more than 4,more than 7,51 to 65,No,No,External,more than 5,no change,1 vehicle,1995,Collision
5,2,7,Mazda,Urban,1,6,2,Male,Married,35,Third Party,Sedan - Liability,Sport,20000 to 29000,0,10983,2,400,3,more than 30,more than 30,2 to 4,7 years,31 to 35,No,No,External,more than 5,no change,1 vehicle,1995,Liability
6,3,5,Ford,Urban,2,6,3,Male,Single,19,Policy Holder,Sedan - All Perils,Sedan,less than 20000,0,10984,8,400,4,more than 30,more than 30,2 to 4,3 years,21 to 25,No,No,External,none,4 to 8 years,2 vehicles,1995,All Perils
6,3,1,Honda,Urban,1,6,4,Male,Married,39,Third Party,Sedan - All Perils,Sedan,20000 to 29000,0,10985,15,400,4,more than 30,more than 30,2 to 4,7 years,36 to 40,No,No,External,none,no change,1 vehicle,1995,All Perils
6,2,5,VW,Urban,2,8,2,Male,Single,31,Policy Holder,Sedan - Liability,Sport,40000 to 59000,0,10986,2,400,1,more than 30,more than 30,more than 4,7 years,31 to 35,No,No,External,none,no change,1 vehicle,1995,Liability
7,5,5,Toyota,Urban,2,7,1,Female,Single,46,Third Party,Sedan - All Perils,Sedan,20000 to 29000,0,10987,15,400,4,more than 30,more than 30,1,7 years,41 to 50,No,No,External,more than 5,no change,1 vehicle,1995,All Perils
7,1,7,Honda,Rural,1,8,1,Male,Single,0,Policy Holder,Sedan - Liability,Sport,more than 69000,0,10988,13,400,4,more than 30,more than 30,2 to 4,new,16 to 17,No,No,External,none,no change,1 vehicle,1995,Liability
8,4,1,Toyota,Urban,4,9,4,Male,Married,43,Policy Holder,Sedan - All Perils,Sedan,20000 to 29000,0,10989,4,400,4,more than 30,more than 30,1,7 years,36 to 40,No,No,External,1 to 2,no change,3 to 4,1995,All Perils
9,3,1,Toyota,Urban,5,10,4,Female,Married,44,Policy Holder,Sedan - All Perils,Sedan,20000 to 29000,0,10990,14,400,4,more than 30,more than 30,1,6 years,36 to 40,No,No,External,none,no change,1 vehicle,1995,All Perils
10,4,3,Pontiac,Urban,4,3,5,Male,Single,31,Policy Holder,Sedan - Liability,Sport,20000 to 29000,0,10991,8,400,1,more than 30,more than 30,2 to 4,6 years,31 to 35,No,No,External,1 to 2,no change,1 vehicle,1995,Liability
3,4,7,Honda,Urban,3,11,5,Male,Single,34,Third Party,Sedan - Collision,Sedan,20000 to 29000,0,10992,1,400,1,more than 30,more than 30,2 to 4,6 years,31 to 35,No,No,External,1 to 2,no change,1 vehicle,1995,Collision
11,1,6,Pontiac,Urban,2,11,3,Male,Married,65,Policy Holder,Sedan - Liability,Sport,20000 to 29000,0,10993,1,400,3,more than 30,more than 30,more than 4,more than 7,51 to 65,No,No,External,none,no change,1 vehicle,1995,Liability
11,1,7,Pontiac,Urban,2,2,2,Male,Married,42,Third Party,Sedan - All Perils,Sedan,20000 to 29000,0,10994,8,400,4,more than 30,more than 30,none,7 years,36 to 40,No,No,External,3 to 5,no change,1 vehicle,1995,All Perils
2,2,4,Mazda,Urban,4,3,3,Male,Married,52,Third Party,Sport - Collision,Sport,more than 69000,0,10995,5,400,4,more than 30,more than 30,none,more than 7,41 to 50,No,No,External,none,no change,1 vehicle,1995,Collision
3,4,6,Mazda,Urban,1,3,4,Female,Single,24,Policy Holder,Sedan - Liability,Sport,20000 to 29000,0,10996,7,400,3,more than 30,more than 30,none,5 years,26 to 30,No,No,External,more than 5,no change,1 vehicle,1995,Liability
3,3,6,Mazda,Urban,3,4,3,Male,Married,29,Policy Holder,Sedan - Collision,Sedan,30000 to 39000,0,10997,11,400,3,more than 30,more than 30,none,7 years,31 to 35,Yes,No,External,1 to 2,no change,1 vehicle,1995,Collision
4,2,7,Toyota,Urban,4,6,2,Female,Married,44,Policy Holder,Sedan - Collision,Sedan,20000 to 29000,0,10998,6,400,1,more than 30,more than 30,2 to 4,more than 7,36 to 40,No,No,External,1 to 2,no change,1 vehicle,1995,Collision
5,5,2,Saab,Rural,3,6,1,Male,Single,34,Policy Holder,Sedan - Collision,Sedan,30000 to 39000,0,10999,7,400,1,more than 30,more than 30,none,6 years,31 to 35,No,No,External,none,no change,1 vehicle,1995,Collision
5,4,3,Toyota,Urban,4,3,4,Male,Married,41,Policy Holder,Sedan - Liability,Sport,less than 20000,0,11000,1,400,2,more than 30,more than 30,more than 4,7 years,36 to 40,No,No,External,none,no change,1 vehicle,1995,Liability
3,4,2,Honda,Urban,5,7,5,Male,Single,25,Policy Holder,Sport - Collision,Sport,more than 69000,1,11001,2,400,3,more than 30,more than 30,1,5 years,26 to 30,No,No,External,none,no change,1 vehicle,1995,Collision
7,1,5,Mazda,Urban,4,9,2,Female,Married,50,Third Party,Sedan - Collision,Sedan,more than 69000,0,11002,4,400,1,more than 30,more than 30,2 to 4,more than 7,41 to 50,Yes,No,External,3 to 5,no change,1 vehicle,1995,Collision
8,2,4,Pontiac,Urban,4,8,3,Male,Married,38,Policy Holder,Sedan - Collision,Sedan,20000 to 29000,0,11003,11,400,1,more than 30,more than 30,none,7 years,36 to 40,No,No,External,none,no change,1 vehicle,1995,Collision
8,2,3,Toyota,Urban,2,11,2,Male,Married,56,Policy Holder,Sedan - Collision,Sedan,30000 to 39000,0,11004,13,400,3,more than 30,more than 30,1,more than 7,51 to 65,No,No,External,1 to 2,no change,1 vehicle,1995,Collision
11,3,5,Pontiac,Urban,3,11,4,Male,Single,25,Policy Holder,Sedan - Liability,Sport,20000 to 29000,0,11005,13,400,1,more than 30,more than 30,2 to 4,5 years,26 to 30,No,No,External,none,4 to 8 years,2 vehicles,1995,Liability
11,2,3,Toyota,Urban,3,11,4,Male,Single,27,Policy Holder,Sedan - Liability,Sport,20000 to 29000,0,11006,13,700,4,more than 30,more than 30,more than 4,7 years,31 to 35,Yes,No,External,none,no change,1 vehicle,1995,Liability
11,5,3,Pontiac,Urban,5,12,5,Male,Married,51,Policy Holder,Sedan - Liability,Sport,20000 to 29000,0,11007,12,400,2,more than 30,more than 30,2 to 4,7 years,41 to 50,Yes,No,External,more than 5,no change,1 vehicle,1995,Liability
11,5,5,Accura,Urban,2,11,1,Male,Married,27,Policy Holder,Sedan - All Perils,Sedan,30000 to 39000,0,11008,10,400,1,more than 30,more than 30,1,7 years,31 to 35,No,No,External,more than 5,no change,1 vehicle,1995,All Perils
11,1,5,Pontiac,Rural,1,10,2,Female,Single,23,Third Party,Sedan - All Perils,Sedan,20000 to 29000,0,11009,9,400,1,more than 30,more than 30,none,5 years,26 to 30,No,No,External,3 to 5,no change,1 vehicle,1995,All Perils
10,3,6,Mazda,Rural,1,11,4,Male,Married,59,Third Party,Sedan - Liability,Sport,20000 to 29000,0,11010,10,400,2,more than 30,more than 30,2 to 4,more than 7,51 to 65,No,No,External,more than 5,no change,1 vehicle,1995,Liability
10,4,1,Ford,Urban,4,7,4,Male,Married,33,Policy Holder,Sedan - Collision,Sedan,20000 to 29000,0,11011,1,400,4,more than 30,more than 30,none,7 years,31 to 35,Yes,No,External,none,no change,1 vehicle,1995,Collision
7,4,5,Mazda,Urban,5,7,4,Male,Single,29,Policy Holder,Sedan - Collision,Sedan,20000 to 29000,0,11012,4,400,4,more than 30,more than 30,1,6 years,31 to 35,No,No,External,none,1 year,1 vehicle,1995,Collision
7,4,4,Pontiac,Urban,5,3,5,Male,Married,34,Policy Holder,Sedan - Collision,Sedan,20000 to 29000,0,11013,9,400,3,more than 30,more than 30,1,7 years,31 to 35,No,No,External,none,no change,1 vehicle,1995,Collision
3,4,4,Chevrolet,Urban,5,3,4,Male,Single,45,Policy Holder,Sedan - Collision,Sedan,30000 to 39000,1,11014,14,400,2,more than 30,more than 30,2 to 4,7 years,36 to 40,No,No,External,more than 5,no change,1 vehicle,1995,Collision
3,4,6,VW,Urban,1,7,5,Female,Divorced,45,Third Party,Sedan - All Perils,Sedan,30000 to 39000,0,11015,7,400,1,1 to 7,15 to 30,none,more than 7,36 to 40,No,No,External,none,no change,1 vehicle,1995,All Perils
7,1,6,Saab,Urban,1,6,2,Male,Married,29,Policy Holder,Sedan - All Perils,Sedan,30000 to 39000,0,11016,15,400,2,more than 30,more than 30,2 to 4,7 years,31 to 35,No,No,External,none,no change,1 vehicle,1995,All Perils
6,3,2,Toyota,Urban,3,6,3,Male,Married,42,Policy Holder,Sedan - All Perils,Sedan,less than 20000,0,11017,3,500,3,more than 30,more than 30,1,more than 7,36 to 40,No,No,External,none,2 to 3 years,1 vehicle,1995,All Perils
6,1,5,Pontiac,Urban,5,6,2,Male,Married,47,Policy Holder,Sedan - Liability,Sport,20000 to 29000,0,11018,11,400,3,more than 30,more than 30,more than 4,more than 7,41 to 50,No,No,External,1 to 2,no change,1 vehicle,1995,Liability
6,1,2,Mazda,Urban,3,5,1,Male,Married,50,Policy Holder,Sedan - Liability,Sport,20000 to 29000,0,11019,16,400,4,more than 30,more than 30,2 to 4,7 years,41 to 50,No,No,External,none,no change,1 vehicle,1995,Liability
5,5,7,Pontiac,Urban,4,5,5,Male,Married,55,Third Party,Sedan - Liability,Sport,30000 to 39000,0,11020,9,400,2,more than 30,more than 30,none,more than 7,41 to 50,Yes,No,External,more than 5,no change,1 vehicle,1995,Liability
5,3,5,Pontiac,Urban,4,5,4,Female,Married,45,Policy Holder,Sedan - Liability,Sport,30000 to 39000,0,11021,15,400,3,more than 30,more than 30,2 to 4,7 years,36 to 40,No,No,External,none,no change,1 vehicle,1995,Liability
5,2,4,Pontiac,Urban,3,4,3,Female,Married,55,Third Party,Sedan - All Perils,Sedan,20000 to 29000,0,11022,10,400,1,more than 30,more than 30,more than 4,7 years,41 to 50,No,No,External,none,no change,1 vehicle,1995,All Perils
3,4,4,Chevrolet,Urban,2,5,1,Male,Married,31,Policy Holder,Sedan - All Perils,Sedan,20000 to 29000,1,11023,14,400,4,more than 30,more than 30,1,6 years,31 to 35,No,No,External,none,no change,1 vehicle,1995,All Perils
4,4,7,Mazda,Urban,1,3,1,Male,Single,32,Policy Holder,Sedan - Liability,Sport,20000 to 29000,0,11024,13,400,1,more than 30,more than 30,2 to 4,7 years,31 to 35,No,No,External,none,no change,1 vehicle,1995,Liability
3,4,3,Toyota,Urban,5,3,4,Male,Single,24,Policy Holder,Sedan - Collision,Sedan,20000 to 29000,0,11025,6,400,3,more than 30,more than 30,1,5 years,26 to 30,No,No,External,1 to 2,no change,1 vehicle,1995,Collision
3,3,5,Mazda,Urban,2,3,4,Male,Married,54,Policy Holder,Sedan - Liability,Sport,40000 to 59000,0,11026,8,400,4,more than 30,more than 30,2 to 4,more than 7,41 to 50,No,No,External,none,4 to 8 years,2 vehicles,1995,Liability
3,3,5,Pontiac,Urban,1,3,4,Female,Married,27,Third Party,Sedan - Collision,Sedan,30000 to 39000,0,11027,10,400,2,more than 30,more than 30,1,6 years,31 to 35,No,No,External,more than 5,no change,1 vehicle,1995,Collision
3,1,3,Pontiac,Urban,1,3,1,Female,Married,27,Third Party,Sedan - Collision,Sedan,20000 to 29000,0,11028,8,400,4,more than 30,more than 30,none,6 years,31 to 35,No,No,External,1 to 2,no change,1 vehicle,1995,Collision
3,1,4,Mazda,Urban,5,10,4,Male,Married,36,Policy Holder,Sedan - Collision,Sedan,20000 to 29000,0,11029,3,400,2,more than 30,more than 30,none,more than 7,36 to 40,No,No,External,more than 5,no change,1 vehicle,1995,Collision
10,3,2,Pontiac,Urban,4,10,4,Male,Single,22,Policy Holder,Sedan - All Perils,Sedan,20000 to 29000,0,11030,15,400,3,more than 30,more than 30,1,5 years,26 to 30,No,No,External,none,no change,3 to 4,1995,All Perils
10,1,6,Chevrolet,Urban,1,9,1,Male,Married,37,Third Party,Sedan - All Perils,Sedan,30000 to 39000,0,11031,4,400,3,more than 30,more than 30,none,7 years,36 to 40,No,No,External,more than 5,no change,1 vehicle,1995,All Perils
9,4,2,Mazda,Urban,3,9,4,Male,Married,61,Policy Holder,Sedan - Collision,Sedan,30000 to 39000,0,11032,10,400,3,more than 30,more than 30,1,more than 7,51 to 65,No,No,External,3 to 5,no change,1 vehicle,1995,Collision
9,2,5,Chevrolet,Urban,4,3,4,Male,Single,32,Third Party,Sedan - All Perils,Sedan,20000 to 29000,0,11033,10,400,4,more than 30,more than 30,1,6 years,31 to 35,No,No,External,none,no change,1 vehicle,1995,All Perils
3,4,6,Pontiac,Urban,1,8,5,Male,Married,64,Policy Holder,Utility - Collision,Utility,more than 69000,1,11034,8,400,4,more than 30,more than 30,2 to 4,more than 7,51 to 65,No,No,External,more than 5,no change,1 vehicle,1995,Collision
7,5,7,Honda,Urban,3,6,1,Male,Single,0,Policy Holder,Sedan - Liability,Sport,more than 69000,0,11035,10,400,4,more than 30,more than 30,2 to 4,new,16 to 17,No,No,External,none,no change,1 vehicle,1995,Liability
6,2,5,Pontiac,Urban,3,6,4,Male,Married,39,Policy Holder,Sedan - Liability,Sport,30000 to 39000,0,11036,16,400,2,more than 30,more than 30,more than 4,7 years,36 to 40,No,No,External,none,no change,1 vehicle,1995,Liability
6,2,5,Pontiac,Urban,5,5,4,Male,Married,57,Policy Holder,Sedan - Liability,Sport,20000 to 29000,0,11037,13,700,1,more than 30,more than 30,more than 4,7 years,51 to 65,No,No,External,none,no change,1 vehicle,1995,Liability
5,1,7,Toyota,Urban,1,6,1,Male,Single,36,Third Party,Sedan - Collision,Sedan,more than 69000,0,11038,13,400,1,more than 30,more than 30,none,more than 7,36 to 40,No,No,External,more than 5,no change,1 vehicle,1995,Collision
5,1,6,Honda,Urban,1,4,1,Male,Married,59,Policy Holder,Sedan - Liability,Sport,20000 to 29000,0,11039,3,400,4,more than 30,more than 30,2 to 4,more than 7,51 to 65,No,No,External,3 to 5,no change,1 vehicle,1995,Liability
4,3,5,Mazda,Urban,1,3,3,Male,Single,31,Policy Holder,Sedan - Collision,Sedan,20000 to 29000,0,11040,6,400,3,more than 30,more than 30,more than 4,6 years,31 to 35,No,No,External,1 to 2,no change,1 vehicle,1995,Collision
3,4,4,Pontiac,Urban,2,4,4,Male,Married,35,Third Party,Sedan - All Perils,Sedan,20000 to 29000,0,11041,8,400,3,more than 30,more than 30,1,5 years,31 to 35,No,No,External,more than 5,no change,1 vehicle,1995,All Perils
3,5,5,Pontiac,Rural,4,4,4,Male,Married,40,Policy Holder,Sedan - Collision,Sedan,20000 to 29000,0,11042,1,400,2,more than 30,more than 30,1,more than 7,36 to 40,No,No,External,3 to 5,no change,1 vehicle,1995,Collision
4,1,5,Mazda,Urban,1,3,2,Male,Single,37,Policy Holder,Sedan - Collision,Sedan,20000 to 29000,0,11043,8,400,3,more than 30,more than 30,none,7 years,36 to 40,No,No,External,1 to 2,no change,1 vehicle,1995,Collision
3,4,7,Mazda,Urban,3,3,5,Male,Married,51,Policy Holder,Sedan - All Perils,Sedan,30000 to 39000,0,11044,1,400,1,more than 30,more than 30,2 to 4,more than 7,41 to 50,No,No,External,more than 5,no change,1 vehicle,1995,All Perils
2,4,3,Toyota,Urban,3,2,1,Male,Single,35,Third Party,Sedan - All Perils,Sedan,20000 to 29000,0,11045,16,400,2,more than 30,more than 30,1,6 years,31 to 35,No,No,External,3 to 5,no change,1 vehicle,1995,All Perils
2,4,4,Honda,Urban,2,2,4,Male,Single,0,Policy Holder,Sedan - Collision,Sedan,more than 69000,0,11046,14,400,3,more than 30,more than 30,1,new,16 to 17,No,No,External,none,no change,1 vehicle,1995,Collision
2,2,6,Pontiac,Urban,6,3,4,Male,Married,61,Policy Holder,Sedan - Collision,Sedan,20000 to 29000,0,11047,10,400,4,more than 30,more than 30,1,more than 7,51 to 65,No,No,External,none,4 to 8 years,2 vehicles,1995,Collision
3,4,1,Ford,Urban,2,2,4,Male,Married,44,Third Party,Sedan - Collision,Sedan,40000 to 59000,0,11048,11,400,4,more than 30,more than 30,1,more than 7,36 to 40,Yes,Yes,External,none,no change,1 vehicle,1995,Collision
1,5,7,Pontiac,Urban,1,11,1,Male,Single,28,Policy Holder,Sedan - Liability,Sport,20000 to 29000,0,11049,9,400,4,more than 30,more than 30,2 to 4,6 years,31 to 35,No,No,External,none,no change,1 vehicle,1995,Liability
11,4,5,Chevrolet,Urban,1,8,4,Male,Married,39,Policy Holder,Sedan - Liability,Sport,40000 to 59000,0,11050,3,400,4,more than 30,more than 30,1,7 years,36 to 40,No,No,External,more than 5,no change,1 vehicle,1995,Liability
8,4,4,Mazda,Rural,4,8,5,Male,Single,44,Policy Holder,Sedan - Collision,Sedan,20000 to 29000,0,11051,1,400,4,more than 30,more than 30,1,7 years,36 to 40,No,No,External,3 to 5,no change,1 vehicle,1995,Collision
8,5,2,Chevrolet,Urban,2,9,5,Male,Single,35,Policy Holder,Sedan - Liability,Sport,40000 to 59000,0,11052,2,400,4,more than 30,more than 30,1,7 years,31 to 35,No,No,External,more than 5,no change,1 vehicle,1995,Liability
9,4,2,Mazda,Urban,2,10,4,Male,Married,58,Policy Holder,Sedan - Collision,Sedan,20000 to 29000,0,11053,14,400,2,more than 30,more than 30,2 to 4,more than 7,51 to 65,No,No,External,more than 5,no change,1 vehicle,1995,Collision
9,4,7,Chevrolet,Urban,2,11,4,Female,Married,35,Policy Holder,Sedan - Collision,Sedan,20000 to 29000,0,11054,13,400,1,more than 30,more than 30,none,6 years,31 to 35,No,No,External,1 to 2,no change,1 vehicle,1995,Collision
10,3,7,Chevrolet,Urban,1,3,4,Male,Single,41,Policy Holder,Sedan - Collision,Sedan,more than 69000,0,11055,13,400,2,more than 30,more than 30,more than 4,7 years,36 to 40,No,No,External,1 to 2,no change,1 vehicle,1995,Collision
12,4,5,VW,Urban,1,10,3,Male,Married,44,Policy Holder,Sedan - Liability,Sport,40000 to 59000,0,11056,5,400,1,more than 30,more than 30,2 to 4,more than 7,36 to 40,No,No,External,none,no change,1 vehicle,1995,Liability
9,5,1,Mazda,Rural,1,8,2,Male,Single,30,Policy Holder,Sedan - Collision,Sedan,20000 to 29000,0,11057,6,400,2,more than 30,more than 30,none,6 years,31 to 35,No,No,External,none,no change,1 vehicle,1995,Collision
8,4,6,Mazda,Urban,2,4,4,Male,Married,30,Policy Holder,Sedan - Liability,Sport,30000 to 39000,0,11058,15,400,2,more than 30,more than 30,more than 4,6 years,31 to 35,No,No,External,3 to 5,no change,1 vehicle,1995,Liability
3,4,7,Toyota,Urban,1,7,1,Male,Married,61,Third Party,Sedan - All Perils,Sedan,20000 to 29000,0,11059,14,400,2,more than 30,more than 30,2 to 4,more than 7,51 to 65,No,No,External,3 to 5,no change,1 vehicle,1995,All Perils
7,2,6,Toyota,Urban,2,3,2,Female,Single,27,Policy Holder,Sedan - Liability,Sport,less than 20000,0,11060,14,400,4,more than 30,more than 30,more than 4,5 years,31 to 35,No,No,External,none,no change,1 vehicle,1995,Liability
3,4,1,Pontiac,Rural,1,1,5,Male,Married,22,Third Party,Sedan - Collision,Sedan,30000 to 39000,0,11061,16,400,4,more than 30,more than 30,none,5 years,26 to 30,No,No,External,more than 5,no change,1 vehicle,1995,Collision
1,3,1,Honda,Urban,2,3,5,Male,Single,0,Policy Holder,Sedan - Liability,Sport,more than 69000,0,11062,12,400,3,more than 30,more than 30,2 to 4,new,16 to 17,No,No,External,none,no change,1 vehicle,1995,Liability
2,5,1,Honda,Urban,4,4,1,Male,Married,27,Policy Holder,Sedan - Liability,Sport,30000 to 39000,0,11063,4,400,1,more than 30,more than 30,more than 4,7 years,31 to 35,No,No,External,1 to 2,no change,1 vehicle,1995,Liability
4,4,6,Chevrolet,Urban,2,5,5,Female,Single,36,Policy Holder,Sedan - Collision,Sedan,20000 to 29000,0,11064,5,400,2,more than 30,more than 30,none,7 years,36 to 40,No,No,External,more than 5,no change,1 vehicle,1995,Collision
3,4,2,Toyota,Urban,2,5,1,Male,Married,39,Third Party,Sedan - Collision,Sedan,30000 to 39000,0,11065,12,400,2,more than 30,more than 30,none,7 years,36 to 40,No,No,External,none,no change,1 vehicle,1995,Collision
5,1,2,Pontiac,Urban,2,8,1,Male,Single,45,Policy Holder,Sedan - Liability,Sport,20000 to 29000,0,11066,9,400,2,more than 30,more than 30,more than 4,7 years,36 to 40,No,No,External,none,no change,1 vehicle,1995,Liability
8,1,4,Pontiac,Urban,2,8,1,Male,Single,32,Third Party,Sedan - Collision,Sedan,20000 to 29000,0,11067,3,400,1,more than 30,more than 30,1,6 years,31 to 35,No,No,External,1 to 2,no change,1 vehicle,1995,Collision
8,2,1,Pontiac,Rural,1,10,3,Male,Married,54,Policy Holder,Sedan - Collision,Sedan,20000 to 29000,0,11068,3,700,2,more than 30,more than 30,2 to 4,7 years,41 to 50,Yes,No,External,3 to 5,4 to 8 years,2 vehicles,1995,Collision
10,2,7,Pontiac,Urban,3,4,3,Male,Married,50,Policy Holder,Sedan - Liability,Sport,20000 to 29000,0,11069,1,400,3,more than 30,more than 30,more than 4,7 years,41 to 50,No,No,External,none,no change,1 vehicle,1995,Liability
3,4,3,Chevrolet,Urban,1,11,1,Male,Single,32,Policy Holder,Sedan - All Perils,Sedan,40000 to 59000,1,11070,8,400,1,8 to 15,15 to 30,1,6 years,31 to 35,No,No,External,none,no change,1 vehicle,1995,All Perils
11,3,6,Mazda,Urban,5,12,4,Male,Married,35,Third Party,Sedan - All Perils,Sedan,more than 69000,0,11071,12,400,4,more than 30,more than 30,none,7 years,31 to 35,No,No,External,none,no change,3 to 4,1995,All Perils
12,1,1,Mercury,Urban,3,3,3,Male,Married,46,Policy Holder,Utility - All Perils,Utility,more than 69000,0,11072,13,400,2,more than 30,more than 30,none,7 years,41 to 50,No,No,External,none,no change,1 vehicle,1995,All Perils
2,4,5,Mercury,Urban,1,3,4,Male,Married,37,Policy Holder,Sedan - Collision,Sedan,20000 to 29000,0,11073,6,400,2,more than 30,more than 30,more than 4,7 years,36 to 40,No,No,External,1 to 2,no change,1 vehicle,1995,Collision
3,1,2,Honda,Urban,2,3,1,Male,Married,57,Policy Holder,Sedan - Liability,Sport,20000 to 29000,0,11074,8,400,4,more than 30,more than 30,1,more than 7,51 to 65,No,No,External,more than 5,no change,1 vehicle,1995,Liability
3,3,7,Pontiac,Urban,2,3,5,Male,Married,57,Policy Holder,Sedan - Liability,Sport,more than 69000,0,11075,8,400,4,more than 30,more than 30,more than 4,more than 7,51 to 65,No,No,External,1 to 2,no change,1 vehicle,1995,Liability
3,3,1,Mazda,Urban,5,3,4,Male,Married,41,Third Party,Sedan - Collision,Sedan,20000 to 29000,0,11076,3,400,1,more than 30,more than 30,none,more than 7,36 to 40,No,No,External,3 to 5,no change,1 vehicle,1995,Collision
3,3,3,Toyota,Urban,4,4,4,Female,Married,43,Policy Holder,Sedan - Liability,Sport,20000 to 29000,0,11077,6,400,1,more than 30,more than 30,2 to 4,6 years,36 to 40,No,No,External,1 to 2,no change,1 vehicle,1995,Liability
4,3,7,Chevrolet,Urban,3,4,3,Male,Married,54,Policy Holder,Sedan - Liability,Sport,more than 69000,0,11078,6,400,1,more than 30,more than 30,2 to 4,7 years,41 to 50,No,No,External,more than 5,no change,1 vehicle,1995,Liability
3,4,2,Mazda,Urban,3,12,4,Male,Married,28,Policy Holder,Sedan - All Perils,Sedan,20000 to 29000,1,11079,6,400,4,more than 30,more than 30,2 to 4,6 years,31 to 35,No,No,External,1 to 2,no change,1 vehicle,1995,All Perils
12,1,1,Mercury,Urban,1,12,3,Male,Single,34,Policy Holder,Sedan - Liability,Sport,20000 to 29000,0,11080,12,400,1,more than 30,more than 30,2 to 4,6 years,31 to 35,No,No,External,more than 5,no change,1 vehicle,1995,Liability
12,2,2,Pontiac,Urban,4,12,2,Male,Married,28,Policy Holder,Sedan - Collision,Sedan,20000 to 29000,0,11081,5,400,3,more than 30,more than 30,none,6 years,31 to 35,No,No,External,1 to 2,no change,1 vehicle,1995,Collision
12,1,7,Pontiac,Urban,5,12,2,Male,Married,63,Third Party,Sedan - Collision,Sedan,20000 to 29000,0,11082,2,400,3,more than 30,more than 30,none,more than 7,51 to 65,No,No,External,more than 5,no change,1 vehicle,1995,Collision
11,4,6,Toyota,Urban,2,11,1,Male,Married,62,Policy Holder,Sedan - Liability,Sport,20000 to 29000,0,11083,15,400,4,more than 30,more than 30,1,more than 7,51 to 65,No,No,External,3 to 5,no change,1 vehicle,1995,Liability
11,4,6,Mazda,Urban,1,11,5,Male,Married,26,Third Party,Sedan - Collision,Sedan,20000 to 29000,0,11084,10,400,1,more than 30,more than 30,more than 4,7 years,31 to 35,No,No,External,3 to 5,no change,1 vehicle,1995,Collision
11,4,2,Toyota,Urban,2,11,4,Female,Single,25,Third Party,Sedan - Collision,Sedan,30000 to 39000,0,11085,3,400,1,more than 30,more than 30,none,5 years,26 to 30,No,No,External,more than 5,no change,1 vehicle,1995,Collision
11,2,7,Dodge,Urban,3,3,2,Male,Married,30,Policy Holder,Sedan - Collision,Sedan,30000 to 39000,0,11086,14,400,3,more than 30,more than 30,1,6 years,31 to 35,No,No,External,none,no change,1 vehicle,1995,Collision
3,4,5,Accura,Urban,4,9,5,Male,Married,49,Policy Holder,Sedan - Collision,Sedan,30000 to 39000,1,11087,9,400,1,more than 30,more than 30,more than 4,more than 7,41 to 50,No,No,External,none,no change,1 vehicle,1995,Collision
9,1,1,Mazda,Urban,2,8,2,Male,Married,46,Policy Holder,Sedan - Collision,Sedan,20000 to 29000,0,11088,14,400,4,more than 30,more than 30,1,more than 7,41 to 50,No,No,External,1 to 2,no change,1 vehicle,1995,Collision
8,2,3,Honda,Urban,4,8,2,Female,Married,40,Policy Holder,Sedan - Collision,Sedan,20000 to 29000,0,11089,1,400,2,more than 30,more than 30,none,7 years,36 to 40,No,No,External,none,4 to 8 years,2 vehicles,1995,Collision
8,2,7,Honda,Urban,1,4,3,Male,Married,33,Third Party,Sedan - Collision,Sedan,20000 to 29000,0,11090,12,400,4,more than 30,more than 30,more than 4,7 years,31 to 35,No,No,External,1 to 2,no change,1 vehicle,1995,Collision
3,3,6,Honda,Urban,5,4,1,Male,Married,55,Third Party,Sedan - All Perils,Sedan,30000 to 39000,0,11091,10,400,2,more than 30,more than 30,1,more than 7,41 to 50,No,No,External,none,no change,1 vehicle,1995,All Perils
3,3,1,Chevrolet,Urban,3,5,2,Female,Single,27,Third Party,Sedan - All Perils,Sedan,20000 to 29000,0,11092,1,400,3,more than 30,more than 30,1,7 years,31 to 35,No,No,External,1 to 2,no change,1 vehicle,1995,All Perils
3,2,6,Toyota,Urban,3,12,1,Male,Married,59,Third Party,Sedan - All Perils,Sedan,30000 to 39000,0,11093,4,400,2,more than 30,more than 30,none,more than 7,51 to 65,No,No,External,none,no change,1 vehicle,1995,All Perils
12,3,4,Toyota,Rural,2,1,4,Male,Married,33,Third Party,Sedan - Collision,Sedan,30000 to 39000,0,11094,3,400,4,more than 30,more than 30,1,7 years,31 to 35,No,No,External,more than 5,no change,1 vehicle,1995,Collision
12,3,7,Chevrolet,Urban,1,12,3,Male,Single,35,Third Party,Sedan - Collision,Sedan,20000 to 29000,0,11095,10,400,3,more than 30,more than 30,1,5 years,31 to 35,No,No,External,none,no change,1 vehicle,1995,Collision
12,1,5,Toyota,Urban,2,12,1,Male,Married,27,Policy Holder,Sedan - Collision,Sedan,30000 to 39000,0,11096,16,400,1,more than 30,more than 30,1,7 years,31 to 35,No,No,External,more than 5,no change,1 vehicle,1995,Collision
12,1,6,Honda,Urban,2,11,2,Female,Single,28,Third Party,Sedan - Collision,Sedan,20000 to 29000,0,11097,9,400,3,more than 30,more than 30,1,6 years,31 to 35,No,No,External,none,no change,1 vehicle,1995,Collision
11,3,5,Chevrolet,Urban,4,12,4,Male,Married,50,Policy Holder,Sedan - All Perils,Sedan,30000 to 39000,0,11098,9,400,3,more than 30,more than 30,1,more than 7,41 to 50,No,No,External,none,no change,1 vehicle,1995,All Perils
11,3,7,Honda,Urban,1,11,1,Male,Married,43,Policy Holder,Sedan - Liability,Sport,30000 to 39000,0,11099,4,700,3,more than 30,more than 30,1,7 years,36 to 40,No,No,External,none,no change,1 vehicle,1995,Liability
11,2,7,Chevrolet,Urban,1,10,3,Male,Single,33,Policy Holder,Sedan - Collision,Sedan,20000 to 29000,0,11100,16,400,4,more than 30,more than 30,none,5 years,31 to 35,No,No,External,none,no change,1 vehicle,1995,Collision
10,2,7,Toyota,Urban,1,9,2,Male,Married,43,Third Party,Sedan - Liability,Sport,20000 to 29000,0,11101,6,400,2,more than 30,more than 30,none,more than 7,36 to 40,No,No,External,more than 5,no change,1 vehicle,1995,Liability
9,1,5,Pontiac,Urban,4,10,2,Male,Single,27,Policy Holder,Sedan - Liability,Sport,20000 to 29000,0,11102,2,400,3,more than 30,more than 30,1,6 years,31 to 35,No,No,External,more than 5,no change,1 vehicle,1995,Liability
9,1,2,Toyota,Urban,4,8,4,Male,Single,19,Policy Holder,Sedan - Collision,Sedan,20000 to 29000,0,11103,12,400,1,more than 30,more than 30,1,2 years,21 to 25,No,No,External,none,1 year,1 vehicle,1995,Collision
8,2,1,Pontiac,Urban,2,3,2,Male,Single,38,Policy Holder,Sedan - Collision,Sedan,20000 to 29000,0,11104,5,400,4,more than 30,more than 30,none,6 years,36 to 40,No,No,External,1 to 2,no change,1 vehicle,1995,Collision
3,4,4,Mazda,Urban,5,8,5,Male,Single,25,Policy Holder,Sedan - Collision,Sedan,20000 to 29000,1,11105,13,400,4,more than 30,more than 30,none,5 years,26 to 30,No,No,External,none,no change,1 vehicle,1995,Collision
8,1,7,Pontiac,Urban,1,7,1,Male,Single,38,Policy Holder,Sedan - All Perils,Sedan,less than 20000,0,11106,14,400,3,more than 30,more than 30,1,7 years,36 to 40,No,No,External,1 to 2,no change,1 vehicle,1995,All Perils
7,4,1,Toyota,Urban,5,4,4,Male,Married,28,Policy Holder,Sedan - Collision,Sedan,20000 to 29000,0,11107,3,400,4,more than 30,more than 30,more than 4,7 years,31 to 35,No,No,External,none,no change,1 vehicle,1995,Collision
3,4,1,Mazda,Urban,4,8,2,Male,Single,42,Third Party,Sedan - Collision,Sedan,20000 to 29000,0,11108,1,400,2,more than 30,more than 30,1,7 years,36 to 40,No,No,External,none,no change,1 vehicle,1995,Collision
7,3,3,VW,Urban,4,7,2,Male,Single,22,Third Party,Sedan - All Perils,Sedan,more than 69000,0,11109,13,400,3,more than 30,more than 30,more than 4,5 years,26 to 30,No,No,External,more than 5,no change,1 vehicle,1995,All Perils
7,2,4,Honda,Urban,5,5,3,Male,Married,53,Policy Holder,Sedan - All Perils,Sedan,30000 to 39000,0,11110,15,400,2,more than 30,more than 30,1,more than 7,41 to 50,No,No,External,none,4 to 8 years,2 vehicles,1995,All Perils
5,1,6,Mazda,Urban,1,3,1,Male,Married,61,Policy Holder,Sedan - Collision,Sedan,30000 to 39000,0,11111,6,400,2,more than 30,more than 30,2 to 4,more than 7,51 to 65,No,No,External,more than 5,no change,1 vehicle,1995,Collision
3,4,6,Saab,Urban,4,3,5,Male,Married,40,Policy Holder,Sedan - All Perils,Sedan,30000 to 39000,0,11112,16,400,1,more than 30,more than 30,1,7 years,36 to 40,No,No,External,none,no change,3 to 4,1995,All Perils
3,1,2,Toyota,Urban,3,4,4,Male,Married,46,Third Party,Sedan - Liability,Sport,more than 69000,0,11113,1,400,2,more than 30,more than 30,more than 4,more than 7,41 to 50,No,No,External,more than 5,no change,1 vehicle,1995,Liability
3,5,2,Accura,Urban,4,4,1,Male,Married,34,Policy Holder,Utility - All Perils,Utility,more than 69000,1,11114,4,400,2,more than 30,more than 30,none,5 years,31 to 35,No,No,External,none,no change,1 vehicle,1995,All Perils
3,1,2,Accura,Urban,1,2,2,Male,Married,33,Policy Holder,Sedan - Collision,Sedan,20000 to 29000,0,11115,1,400,4,more than 30,more than 30,2 to 4,7 years,31 to 35,No,No,External,none,no change,1 vehicle,1995,Collision
2,3,4,Toyota,Urban,4,2,4,Male,Married,39,Policy Holder,Sedan - Liability,Sport,20000 to 29000,0,11116,14,400,2,more than 30,more than 30,1,7 years,36 to 40,No,No,External,none,no change,1 vehicle,1995,Liability
12,5,1,Pontiac,Urban,1,8,1,Male,Married,43,Policy Holder,Sedan - Liability,Sport,20000 to 29000,0,11117,15,400,4,more than 30,more than 30,more than 4,7 years,36 to 40,No,No,External,1 to 2,no change,1 vehicle,1995,Liability
8,4,2,Dodge,Urban,3,12,5,Male,Married,39,Policy Holder,Sedan - Liability,Sport,more than 69000,0,11118,4,400,2,more than 30,more than 30,1,7 years,36 to 40,No,No,External,more than 5,no change,1 vehicle,1995,Liability
12,4,4,Chevrolet,Rural,5,12,5,Female,Single,33,Third Party,Sedan - All Perils,Sedan,more than 69000,1,11119,1,500,3,more than 30,more than 30,none,7 years,31 to 35,No,No,External,1 to 2,2 to 3 years,1 vehicle,1995,All Perils
12,4,3,Toyota,Urban,4,6,4,Female,Married,32,Policy Holder,Sedan - All Perils,Sedan,20000 to 29000,0,11120,8,400,3,more than 30,more than 30,none,3 years,31 to 35,No,No,External,1 to 2,no change,1 vehicle,1995,All Perils
6,4,3,Mazda,Urban,2,6,5,Male,Single,45,Third Party,Sedan - All Perils,Sedan,20000 to 29000,0,11121,6,400,4,more than 30,more than 30,2 to 4,7 years,36 to 40,No,No,External,none,no change,1 vehicle,1995,All Perils
3,5,6,Pontiac,Urban,1,9,2,Male,Single,41,Policy Holder,Sedan - All Perils,Sedan,20000 to 29000,1,11122,6,400,1,more than 30,more than 30,2 to 4,7 years,36 to 40,No,No,External,none,no change,1 vehicle,1995,All Perils
9,4,3,Mazda,Urban,3,4,4,Male,Married,49,Policy Holder,Sedan - All Perils,Sedan,20000 to 29000,0,11123,5,400,4,more than 30,more than 30,none,7 years,41 to 50,No,No,External,3 to 5,no change,1 vehicle,1995,All Perils
3,5,5,Pontiac,Urban,1,11,1,Female,Single,37,Policy Holder,Sedan - All Perils,Sedan,less than 20000,1,11124,11,400,4,more than 30,more than 30,none,7 years,36 to 40,No,No,External,1 to 2,no change,1 vehicle,1995,All Perils
11,1,3,Chevrolet,Urban,4,4,2,Male,Married,46,Policy Holder,Sedan - Liability,Sport,30000 to 39000,0,11125,12,400,4,more than 30,more than 30,more than 4,7 years,41 to 50,No,No,External,more than 5,no change,1 vehicle,1995,Liability
10,3,3,Honda,Rural,4,4,3,Male,Single,0,Policy Holder,Sedan - Collision,Sedan,more than 69000,0,11126,5,400,3,more than 30,more than 30,none,new,16 to 17,No,No,External,none,no change,1 vehicle,1995,Collision
4,1,2,Honda,Urban,4,4,2,Male,Married,61,Policy Holder,Sedan - Liability,Sport,less than 20000,0,11127,8,400,2,more than 30,more than 30,1,7 years,51 to 65,No,No,External,none,no change,1 vehicle,1995,Liability
4,1,2,Pontiac,Urban,5,6,2,Male,Married,41,Policy Holder,Sedan - Liability,Sport,20000 to 29000,0,11128,13,400,1,more than 30,more than 30,2 to 4,4 years,36 to 40,No,No,External,more than 5,no change,1 vehicle,1995,Liability
6,3,3,Pontiac,Urban,6,6,3,Male,Married,55,Third Party,Sedan - Liability,Sport,30000 to 39000,0,11129,8,400,2,more than 30,more than 30,1,more than 7,41 to 50,No,No,External,1 to 2,no change,1 vehicle,1995,Liability
6,2,6,Pontiac,Urban,2,7,2,Male,Married,50,Policy Holder,Sedan - All Perils,Sedan,20000 to 29000,0,11130,1,700,1,more than 30,more than 30,1,more than 7,41 to 50,Yes,Yes,External,1 to 2,no change,1 vehicle,1995,All Perils
7,1,1,Honda,Urban,2,8,1,Male,Married,36,Policy Holder,Sedan - Liability,Sport,more than 69000,0,11131,13,400,4,more than 30,more than 30,1,7 years,36 to 40,No,No,External,more than 5,4 to 8 years,2 vehicles,1995,Liability
8,3,6,Pontiac,Urban,4,9,3,Female,Married,54,Third Party,Sedan - All Perils,Sedan,less than 20000,0,11132,13,400,2,more than 30,more than 30,none,7 years,41 to 50,No,No,External,none,no change,1 vehicle,1995,All Perils
9,3,4,Pontiac,Urban,4,10,4,Male,Single,23,Third Party,Sedan - Collision,Sedan,20000 to 29000,0,11133,3,400,3,more than 30,more than 30,1,4 years,26 to 30,No,No,External,more than 5,no change,1 vehicle,1995,Collision
10,3,2,Toyota,Urban,3,10,3,Male,Single,30,Policy Holder,Sedan - Liability,Sport,20000 to 29000,0,11134,13,400,2,more than 30,more than 30,2 to 4,6 years,31 to 35,No,No,External,none,no change,1 vehicle,1995,Liability
10,2,5,Pontiac,Urban,1,11,2,Male,Married,40,Third Party,Sedan - Collision,Sedan,20000 to 29000,0,11135,7,400,3,more than 30,more than 30,2 to 4,7 years,36 to 40,No,No,External,3 to 5,no change,1 vehicle,1995,Collision
11,4,6,Pontiac,Urban,4,12,5,Male,Married,51,Policy Holder,Sedan - All Perils,Sedan,30000 to 39000,0,11136,13,400,1,more than 30,more than 30,more than 4,6 years,41 to 50,No,No,External,more than 5,no change,1 vehicle,1995,All Perils
11,4,6,Honda,Urban,5,11,1,Male,Single,36,Policy Holder,Sedan - All Perils,Sedan,less than 20000,0,11137,16,400,1,more than 30,more than 30,1,more than 7,36 to 40,No,No,External,none,no change,1 vehicle,1995,All Perils
11,1,7,Mazda,Rural,1,10,2,Female,Single,27,Policy Holder,Sedan - Collision,Sedan,20000 to 29000,0,11138,2,400,2,more than 30,more than 30,2 to 4,7 years,31 to 35,No,No,External,3 to 5,no change,1 vehicle,1995,Collision
10,5,3,Honda,Urban,4,3,5,Male,Married,28,Policy Holder,Sedan - Collision,Sedan,20000 to 29000,0,11139,13,400,2,more than 30,more than 30,none,7 years,31 to 35,No,No,External,none,no change,1 vehicle,1995,Collision
3,5,3,Pontiac,Urban,3,4,5,Male,Married,39,Policy Holder,Sedan - Collision,Sedan,20000 to 29000,1,11140,5,400,3,more than 30,more than 30,more than 4,more than 7,36 to 40,No,No,External,more than 5,no change,1 vehicle,1995,Collision
4,1,2,Toyota,Urban,1,4,1,Male,Married,54,Policy Holder,Sedan - Liability,Sport,20000 to 29000,0,11141,9,400,4,more than 30,more than 30,2 to 4,7 years,41 to 50,No,No,External,none,no change,1 vehicle,1995,Liability
4,1,5,Honda,Urban,6,4,2,Male,Single,22,Policy Holder,Sedan - Liability,Sport,30000 to 39000,0,11142,4,400,1,more than 30,more than 30,more than 4,6 years,26 to 30,No,No,External,none,no change,1 vehicle,1995,Liability
3,5,2,Toyota,Urban,2,6,1,Male,Married,54,Policy Holder,Sedan - Collision,Sedan,20000 to 29000,0,11143,6,400,3,more than 30,more than 30,1,7 years,41 to 50,No,No,External,1 to 2,no change,1 vehicle,1995,Collision
6,1,3,Mazda,Rural,4,3,4,Male,Married,54,Policy Holder,Sport - Collision,Sport,more than 69000,0,11144,3,400,2,more than 30,more than 30,1,7 years,41 to 50,No,No,External,none,no change,1 vehicle,1995,Collision
3,5,6,Mazda,Urban,1,5,5,Male,Single,30,Third Party,Sedan - Collision,Sedan,30000 to 39000,0,11145,4,400,2,more than 30,more than 30,2 to 4,6 years,31 to 35,No,No,External,more than 5,no change,1 vehicle,1995,Collision
5,4,7,Nisson,Urban,1,7,5,Female,Married,36,Policy Holder,Sedan - All Perils,Sedan,30000 to 39000,0,11146,14,400,1,more than 30,more than 30,none,more than 7,36 to 40,No,No,External,3 to 5,no change,1 vehicle,1995,All Perils
7,1,5,Pontiac,Rural,1,8,1,Male,Married,45,Third Party,Sedan - Collision,Sedan,30000 to 39000,0,11147,6,400,4,more than 30,more than 30,1,7 years,36 to 40,No,No,External,1 to 2,no change,1 vehicle,1995,Collision
8,2,3,Mazda,Urban,4,11,3,Male,Married,51,Third Party,Sedan - Collision,Sedan,30000 to 39000,0,11148,10,400,1,more than 30,more than 30,none,more than 7,41 to 50,No,No,External,more than 5,no change,1 vehicle,1995,Collision
11,1,6,Toyota,Rural,4,12,1,Male,Married,52,Third Party,Sedan - All Perils,Sedan,less than 20000,0,11149,6,400,1,more than 30,more than 30,none,more than 7,41 to 50,No,No,External,1 to 2,no change,1 vehicle,1995,All Perils
12,1,6,Pontiac,Urban,1,12,2,Male,Married,55,Policy Holder,Sedan - Liability,Sport,20000 to 29000,0,11150,11,400,2,more than 30,more than 30,1,7 years,41 to 50,No,No,Internal,3 to 5,no change,1 vehicle,1995,Liability
12,1,3,Ford,Urban,3,11,1,Female,Married,40,Policy Holder,Sedan - Collision,Sedan,40000 to 59000,0,11151,3,400,3,more than 30,more than 30,none,5 years,36 to 40,No,No,External,none,no change,1 vehicle,1995,Collision
11,5,4,Toyota,Rural,2,1,5,Male,Married,60,Policy Holder,Sedan - Collision,Sedan,20000 to 29000,0,11152,13,400,3,more than 30,more than 30,none,more than 7,51 to 65,No,No,External,none,4 to 8 years,2 vehicles,1995,Collision
1,3,1,Honda,Urban,2,4,4,Male,Married,27,Policy Holder,Sedan - Liability,Sport,30000 to 39000,0,11153,6,400,3,more than 30,more than 30,2 to 4,7 years,31 to 35,No,No,External,1 to 2,no change,3 to 4,1995,Liability
1,2,1,Chevrolet,Urban,2,5,2,Male,Married,30,Policy Holder,Utility - All Perils,Utility,more than 69000,0,11154,15,400,3,more than 30,more than 30,more than 4,7 years,31 to 35,No,No,External,1 to 2,no change,1 vehicle,1995,All Perils
3,5,1,VW,Urban,3,3,1,Male,Single,32,Policy Holder,Sedan - Collision,Sedan,40000 to 59000,0,11155,7,400,3,more than 30,more than 30,1,7 years,31 to 35,No,No,External,none,no change,1 vehicle,1995,Collision
3,3,5,Accura,Urban,2,5,3,Male,Single,28,Policy Holder,Sedan - Liability,Sport,30000 to 39000,0,11156,2,400,1,more than 30,more than 30,2 to 4,5 years,31 to 35,No,No,External,3 to 5,no change,1 vehicle,1995,Liability
5,2,5,Mazda,Urban,1,6,3,Male,Single,43,Policy Holder,Sedan - Liability,Sport,30000 to 39000,0,11157,4,400,4,more than 30,more than 30,more than 4,more than 7,36 to 40,No,No,External,more than 5,no change,1 vehicle,1995,Liability
6,4,4,Pontiac,Rural,1,4,4,Male,Single,35,Policy Holder,Sedan - Collision,Sedan,20000 to 29000,0,11158,7,400,3,more than 30,more than 30,2 to 4,7 years,31 to 35,No,No,External,none,no change,1 vehicle,1995,Collision
3,5,5,Mazda,Rural,4,4,1,Male,Married,50,Third Party,Sedan - All Perils,Sedan,30000 to 39000,0,11159,15,400,1,more than 30,more than 30,none,more than 7,41 to 50,No,No,External,more than 5,no change,1 vehicle,1995,All Perils
3,5,2,Honda,Urban,1,8,1,Male,Single,34,Third Party,Sedan - Liability,Sport,30000 to 39000,0,11160,4,400,1,more than 30,more than 30,2 to 4,6 years,31 to 35,No,No,External,none,no change,1 vehicle,1995,Liability
7,4,1,Honda,Urban,3,7,1,Male,Married,26,Policy Holder,Sedan - Liability,Sport,30000 to 39000,0,11161,10,700,3,more than 30,more than 30,2 to 4,7 years,31 to 35,No,No,External,1 to 2,no change,1 vehicle,1995,Liability
7,1,3,Mazda,Urban,2,7,1,Female,Single,26,Third Party,Sedan - Collision,Sedan,20000 to 29000,0,11162,13,400,4,more than 30,more than 30,2 to 4,6 years,31 to 35,No,No,External,none,no change,1 vehicle,1995,Collision
6,5,4,Saab,Rural,1,10,2,Female,Single,28,Third Party,Sedan - All Perils,Sedan,30000 to 39000,0,11163,2,400,4,more than 30,more than 30,2 to 4,5 years,31 to 35,No,No,External,1 to 2,no change,1 vehicle,1995,All Perils
10,4,2,Pontiac,Urban,2,12,5,Female,Single,29,Policy Holder,Sedan - Liability,Sport,20000 to 29000,0,11164,12,400,4,more than 30,more than 30,2 to 4,6 years,31 to 35,No,No,External,none,no change,1 vehicle,1995,Liability
11,5,7,Toyota,Urban,1,11,4,Male,Single,31,Policy Holder,Sedan - All Perils,Sedan,less than 20000,0,11165,8,400,3,more than 30,more than 30,1,6 years,31 to 35,No,No,External,none,no change,1 vehicle,1995,All Perils
11,4,7,Chevrolet,Urban,1,11,5,Male,Single,26,Policy Holder,Sedan - Liability,Sport,30000 to 39000,0,11166,10,400,1,more than 30,more than 30,2 to 4,6 years,31 to 35,No,No,External,more than 5,no change,1 vehicle,1995,Liability
11,4,1,Honda,Urban,1,12,5,Male,Single,32,Policy Holder,Sedan - Liability,Sport,more than 69000,0,11167,9,400,3,more than 30,more than 30,none,6 years,31 to 35,Yes,No,External,more than 5,no change,1 vehicle,1995,Liability
12,3,6,Chevrolet,Urban,2,12,3,Male,Married,50,Policy Holder,Sedan - Collision,Sedan,30000 to 39000,0,11168,3,400,1,more than 30,more than 30,1,more than 7,41 to 50,No,No,External,none,no change,1 vehicle,1995,Collision
12,2,4,Toyota,Urban,3,6,2,Female,Married,34,Policy Holder,Sedan - Collision,Sedan,20000 to 29000,0,11169,6,400,2,more than 30,more than 30,none,6 years,31 to 35,No,No,External,none,no change,1 vehicle,1995,Collision
5,4,7,Toyota,Urban,3,8,5,Male,Divorced,50,Third Party,Sedan - All Perils,Sedan,20000 to 29000,0,11170,6,500,4,more than 30,more than 30,none,6 years,41 to 50,No,No,External,none,2 to 3 years,1 vehicle,1995,All Perils
7,2,4,Pontiac,Urban,4,8,2,Male,Single,23,Policy Holder,Sedan - All Perils,Sedan,30000 to 39000,0,11171,12,400,3,more than 30,more than 30,2 to 4,5 years,26 to 30,No,No,External,none,no change,1 vehicle,1995,All Perils
8,3,2,Toyota,Urban,1,8,3,Male,Married,41,Policy Holder,Sedan - Collision,Sedan,30000 to 39000,0,11172,8,400,4,more than 30,more than 30,2 to 4,more than 7,36 to 40,No,No,Internal,more than 5,no change,1 vehicle,1995,Collision
8,3,5,Mazda,Urban,3,9,4,Male,Married,31,Policy Holder,Sedan - Collision,Sedan,20000 to 29000,0,11173,8,400,4,more than 30,more than 30,none,7 years,31 to 35,No,No,External,none,4 to 8 years,2 vehicles,1995,Collision
9,2,6,Honda,Urban,2,11,3,Male,Single,63,Policy Holder,Sedan - All Perils,Sedan,20000 to 29000,0,11174,2,400,2,more than 30,more than 30,none,more than 7,51 to 65,No,No,External,1 to 2,no change,1 vehicle,1995,All Perils
10,2,1,Honda,Urban,1,10,2,Male,Married,54,Third Party,Sedan - All Perils,Sedan,20000 to 29000,0,11175,4,400,1,more than 30,more than 30,2 to 4,more than 7,41 to 50,No,No,External,more than 5,no change,1 vehicle,1995,All Perils
10,1,6,Mazda,Urban,1,4,1,Male,Married,37,Policy Holder,Sedan - Collision,Sedan,20000 to 29000,0,11176,1,400,3,more than 30,more than 30,more than 4,7 years,36 to 40,No,No,External,more than 5,no change,1 vehicle,1995,Collision
4,1,6,Mazda,Urban,3,4,2,Male,Married,62,Policy Holder,Sedan - Collision,Sedan,20000 to 29000,1,11177,13,400,1,more than 30,more than 30,1,7 years,51 to 65,No,No,External,more than 5,no change,1 vehicle,1995,Collision
4,1,4,Mazda,Rural,4,9,1,Male,Married,33,Third Party,Sedan - All Perils,Sedan,less than 20000,0,11178,2,400,1,more than 30,more than 30,2 to 4,6 years,31 to 35,No,No,External,none,no change,1 vehicle,1995,All Perils
9,5,5,Ford,Urban,5,9,5,Male,Married,63,Policy Holder,Sedan - Liability,Sport,60000 to 69000,0,11179,1,400,3,more than 30,more than 30,1,more than 7,51 to 65,No,No,External,1 to 2,no change,1 vehicle,1995,Liability
9,1,2,Mazda,Urban,2,8,1,Male,Married,54,Policy Holder,Sedan - Liability,Sport,30000 to 39000,0,11180,1,400,1,more than 30,more than 30,1,more than 7,41 to 50,No,No,External,none,no change,1 vehicle,1995,Liability
8,4,7,Mazda,Urban,3,9,4,Male,Married,59,Third Party,Sedan - Collision,Sedan,30000 to 39000,0,11181,2,400,1,more than 30,more than 30,2 to 4,more than 7,51 to 65,No,No,External,1 to 2,no change,1 vehicle,1995,Collision
8,2,3,Pontiac,Urban,5,8,2,Female,Single,35,Policy Holder,Sedan - Collision,Sedan,20000 to 29000,0,11182,7,400,1,more than 30,more than 30,none,7 years,31 to 35,No,No,External,more than 5,no change,1 vehicle,1995,Collision
8,1,3,Pontiac,Urban,1,8,1,Male,Married,73,Policy Holder,Sedan - Collision,Sedan,30000 to 39000,0,11183,5,400,1,more than 30,more than 30,none,more than 7,over 65,No,No,External,more than 5,no change,1 vehicle,1995,Collision
8,1,5,Honda,Urban,3,8,2,Male,Married,30,Third Party,Sedan - Liability,Sport,more than 69000,0,11184,7,400,1,more than 30,more than 30,none,6 years,31 to 35,No,No,External,none,no change,1 vehicle,1995,Liability
7,5,6,Mazda,Urban,3,4,1,Male,Married,61,Policy Holder,Sedan - Liability,Sport,20000 to 29000,0,11185,9,400,3,more than 30,more than 30,2 to 4,more than 7,51 to 65,Yes,No,External,none,no change,1 vehicle,1995,Liability
4,1,4,Pontiac,Urban,2,7,1,Male,Married,28,Policy Holder,Sedan - All Perils,Sedan,20000 to 29000,1,11186,14,400,3,more than 30,more than 30,none,7 years,31 to 35,No,No,External,more than 5,no change,1 vehicle,1995,All Perils
7,3,1,Mazda,Urban,4,8,4,Male,Single,28,Policy Holder,Sedan - Collision,Sedan,30000 to 39000,0,11187,2,400,4,more than 30,more than 30,more than 4,6 years,31 to 35,No,No,External,more than 5,no change,1 vehicle,1995,Collision
6,2,6,Ford,Rural,1,5,1,Male,Married,65,Policy Holder,Sedan - Liability,Sport,60000 to 69000,0,11188,16,400,4,more than 30,more than 30,1,more than 7,51 to 65,No,No,Internal,more than 5,no change,1 vehicle,1995,Liability
4,1,6,Toyota,Urban,1,5,2,Male,Married,50,Policy Holder,Sedan - All Perils,Sedan,less than 20000,1,11189,5,400,2,more than 30,more than 30,none,more than 7,41 to 50,No,No,External,1 to 2,no change,1 vehicle,1995,All Perils
5,3,7,Honda,Urban,2,4,4,Male,Married,65,Policy Holder,Sedan - Collision,Sedan,30000 to 39000,0,11190,14,400,4,more than 30,more than 30,1,more than 7,51 to 65,No,No,External,more than 5,no change,1 vehicle,1995,Collision
4,1,1,Toyota,Urban,2,3,1,Male,Married,65,Policy Holder,Sedan - Collision,Sedan,less than 20000,0,11191,10,400,3,more than 30,more than 30,1,more than 7,51 to 65,No,No,External,3 to 5,no change,1 vehicle,1995,Collision
3,1,3,Pontiac,Rural,1,12,2,Male,Married,43,Policy Holder,Sedan - Liability,Sport,30000 to 39000,0,11192,7,700,2,more than 30,more than 30,2 to 4,7 years,36 to 40,Yes,Yes,External,1 to 2,no change,1 vehicle,1995,Liability
11,5,3,Chevrolet,Urban,3,11,1,Male,Married,27,Policy Holder,Sedan - All Perils,Sedan,more than 69000,0,11193,1,400,4,more than 30,more than 30,none,7 years,31 to 35,No,No,External,none,no change,1 vehicle,1995,All Perils
11,5,6,Toyota,Rural,1,4,5,Male,Single,32,Policy Holder,Sedan - Liability,Sport,30000 to 39000,0,11194,13,400,4,more than 30,more than 30,2 to 4,7 years,31 to 35,No,No,External,more than 5,1 year,3 to 4,1995,Liability
4,1,4,Honda,Urban,5,11,3,Male,Married,31,Third Party,Sedan - Collision,Sedan,20000 to 29000,0,11195,12,400,2,more than 30,more than 30,1,6 years,31 to 35,No,No,External,more than 5,no change,1 vehicle,1995,Collision
11,2,2,Chevrolet,Rural,2,11,2,Male,Single,29,Third Party,Sedan - Collision,Sedan,20000 to 29000,0,11196,1,400,3,more than 30,more than 30,more than 4,6 years,31 to 35,No,No,External,more than 5,no change,1 vehicle,1995,Collision
11,2,1,Mazda,Urban,1,11,3,Male,Married,43,Third Party,Sedan - Collision,Sedan,20000 to 29000,0,11197,16,400,3,more than 30,more than 30,2 to 4,7 years,36 to 40,No,No,External,none,no change,1 vehicle,1995,Collision
11,2,2,Pontiac,Urban,4,11,2,Male,Single,31,Policy Holder,Sedan - Liability,Sport,30000 to 39000,0,11198,1,400,2,more than 30,more than 30,2 to 4,6 years,31 to 35,No,No,External,more than 5,no change,1 vehicle,1995,Liability
11,1,4,Honda,Urban,1,10,1,Male,Single,25,Third Party,Sedan - All Perils,Sedan,20000 to 29000,0,11199,4,400,1,more than 30,more than 30,2 to 4,5 years,26 to 30,No,No,External,none,no change,1 vehicle,1995,All Perils
10,1,3,Pontiac,Urban,3,10,2,Male,Single,28,Third Party,Sedan - All Perils,Sedan,20000 to 29000,0,11200,8,400,2,more than 30,more than 30,none,7 years,31 to 35,No,No,External,more than 5,no change,1 vehicle,1995,All Perils
9,5,1,Chevrolet,Urban,5,9,1,Male,Single,34,Third Party,Sedan - All Perils,Sedan,more than 69000,0,11201,8,400,2,more than 30,more than 30,1,7 years,31 to 35,No,No,External,3 to 5,no change,1 vehicle,1995,All Perils
9,4,1,Pontiac,Urban,4,7,5,Male,Married,43,Third Party,Sedan - Liability,Sport,more than 69000,0,11202,10,400,3,more than 30,more than 30,2 to 4,6 years,36 to 40,No,No,External,more than 5,no change,1 vehicle,1995,Liability
6,4,3,Pontiac,Urban,5,6,2,Male,Married,64,Policy Holder,Sedan - All Perils,Sedan,20000 to 29000,0,11203,2,400,4,more than 30,more than 30,none,more than 7,51 to 65,No,No,External,none,no change,1 vehicle,1995,All Perils
6,1,4,Porche,Urban,1,6,3,Male,Married,61,Policy Holder,Utility - Collision,Utility,more than 69000,0,11204,15,400,2,more than 30,more than 30,none,more than 7,51 to 65,No,No,External,none,no change,1 vehicle,1995,Collision
5,4,1,Honda,Urban,1,7,1,Male,Single,50,Policy Holder,Sedan - Collision,Sedan,20000 to 29000,0,11205,12,400,2,more than 30,more than 30,2 to 4,6 years,41 to 50,No,No,External,none,no change,1 vehicle,1995,Collision
5,4,6,Honda,Urban,4,4,2,Male,Married,35,Policy Holder,Sedan - Collision,Sedan,20000 to 29000,0,11206,5,400,1,more than 30,more than 30,2 to 4,6 years,31 to 35,No,No,External,none,no change,1 vehicle,1995,Collision
4,4,6,Pontiac,Urban,4,5,5,Male,Married,31,Policy Holder,Sedan - All Perils,Sedan,20000 to 29000,0,11207,6,400,2,more than 30,more than 30,2 to 4,7 years,31 to 35,No,No,External,none,no change,1 vehicle,1995,All Perils
4,4,5,Honda,Rural,5,3,1,Male,Single,28,Third Party,Sedan - All Perils,Sedan,less than 20000,0,11208,7,400,4,more than 30,more than 30,more than 4,6 years,31 to 35,No,No,External,1 to 2,no change,1 vehicle,1995,All Perils
3,2,6,Mazda,Urban,3,2,2,Male,Single,30,Policy Holder,Sedan - Liability,Sport,more than 69000,0,11209,9,400,2,more than 30,more than 30,more than 4,6 years,31 to 35,No,No,External,none,no change,1 vehicle,1995,Liability
2,1,7,Toyota,Urban,1,4,2,Male,Single,23,Policy Holder,Sedan - Collision,Sedan,less than 20000,0,11210,5,400,3,more than 30,more than 30,1,6 years,26 to 30,No,No,External,none,no change,1 vehicle,1995,Collision
4,1,4,Honda,Rural,2,2,3,Male,Single,28,Policy Holder,Sedan - Collision,Sedan,20000 to 29000,1,11211,8,400,1,more than 30,more than 30,none,7 years,31 to 35,No,No,External,none,no change,1 vehicle,1995,Collision
1,1,7,Chevrolet,Urban,2,4,2,Female,Married,48,Policy Holder,Sedan - All Perils,Sedan,20000 to 29000,0,11212,4,400,3,more than 30,more than 30,more than 4,7 years,41 to 50,No,No,External,none,no change,1 vehicle,1995,All Perils
4,1,4,Honda,Urban,4,12,1,Male,Married,28,Third Party,Sedan - Collision,Sedan,20000 to 29000,0,11213,4,400,4,more than 30,more than 30,none,6 years,31 to 35,No,No,External,none,no change,1 vehicle,1995,Collision
11,5,3,Toyota,Urban,1,11,2,Male,Married,56,Third Party,Sedan - Liability,Sport,30000 to 39000,0,11214,1,400,2,more than 30,more than 30,none,more than 7,51 to 65,No,No,External,none,no change,1 vehicle,1995,Liability
11,1,7,Toyota,Urban,5,4,4,Male,Married,59,Policy Holder,Sedan - Liability,Sport,30000 to 39000,0,11215,13,400,1,more than 30,more than 30,2 to 4,more than 7,51 to 65,No,No,External,none,4 to 8 years,2 vehicles,1995,Liability
4,1,7,Chevrolet,Urban,1,10,2,Male,Married,41,Third Party,Sedan - All Perils,Sedan,20000 to 29000,0,11216,1,400,3,more than 30,more than 30,none,7 years,36 to 40,No,No,External,1 to 2,no change,1 vehicle,1995,All Perils
10,4,1,Pontiac,Urban,3,7,4,Female,Single,32,Third Party,Sedan - All Perils,Sedan,20000 to 29000,0,11217,8,400,4,more than 30,more than 30,1,6 years,31 to 35,No,No,External,1 to 2,no change,1 vehicle,1995,All Perils
7,4,2,Mazda,Rural,2,7,4,Male,Married,56,Policy Holder,Sedan - Liability,Sport,more than 69000,0,11218,8,400,3,more than 30,more than 30,more than 4,more than 7,51 to 65,No,No,External,1 to 2,no change,1 vehicle,1995,Liability
7,4,1,Mazda,Urban,1,7,4,Male,Married,33,Policy Holder,Sedan - Liability,Sport,20000 to 29000,0,11219,6,400,3,more than 30,more than 30,1,6 years,31 to 35,No,No,External,none,no change,1 vehicle,1995,Liability
7,3,5,Pontiac,Urban,2,7,3,Male,Married,32,Policy Holder,Sedan - Collision,Sedan,20000 to 29000,0,11220,9,400,4,more than 30,more than 30,none,6 years,31 to 35,No,No,External,none,no change,1 vehicle,1995,Collision
6,4,1,Toyota,Urban,3,6,1,Male,Single,32,Policy Holder,Sedan - All Perils,Sedan,20000 to 29000,0,11221,7,500,1,more than 30,more than 30,none,6 years,31 to 35,No,No,External,none,2 to 3 years,1 vehicle,1995,All Perils
6,3,6,Saturn,Rural,1,4,5,Male,Married,31,Policy Holder,Sedan - Collision,Sedan,30000 to 39000,0,11222,14,400,1,more than 30,more than 30,none,7 years,31 to 35,No,No,External,more than 5,no change,1 vehicle,1995,Collision
4,2,4,Pontiac,Urban,6,4,2,Female,Married,42,Third Party,Sedan - All Perils,Sedan,20000 to 29000,0,11223,10,400,3,more than 30,more than 30,2 to 4,6 years,36 to 40,No,No,External,more than 5,no change,1 vehicle,1995,All Perils
3,5,1,Toyota,Urban,1,3,1,Female,Single,30,Policy Holder,Sedan - Collision,Sedan,20000 to 29000,0,11224,12,400,1,more than 30,more than 30,2 to 4,5 years,31 to 35,No,No,External,3 to 5,no change,1 vehicle,1995,Collision
3,4,4,Pontiac,Urban,5,3,4,Male,Single,26,Policy Holder,Sedan - Liability,Sport,30000 to 39000,0,11225,8,400,2,more than 30,more than 30,2 to 4,7 years,31 to 35,No,No,External,more than 5,no change,1 vehicle,1995,Liability
3,4,3,Chevrolet,Urban,1,2,4,Female,Single,32,Policy Holder,Sedan - Liability,Sport,20000 to 29000,0,11226,9,400,4,more than 30,more than 30,2 to 4,7 years,31 to 35,No,No,External,more than 5,no change,1 vehicle,1995,Liability
2,1,5,Toyota,Urban,1,10,1,Female,Single,29,Policy Holder,Sedan - Liability,Sport,20000 to 29000,0,11227,1,400,2,more than 30,more than 30,2 to 4,7 years,31 to 35,No,No,External,none,no change,1 vehicle,1995,Liability
10,4,3,Honda,Urban,5,10,5,Male,Married,32,Third Party,Sport - Collision,Sport,more than 69000,0,11228,9,400,4,more than 30,more than 30,none,7 years,31 to 35,No,No,External,3 to 5,no change,1 vehicle,1995,Collision
10,1,7,Mazda,Urban,1,10,2,Female,Married,54,Third Party,Sedan - All Perils,Sedan,30000 to 39000,0,11229,7,400,3,8 to 15,15 to 30,2 to 4,5 years,41 to 50,No,No,External,none,no change,1 vehicle,1995,All Perils
9,4,4,Toyota,Rural,4,9,2,Male,Married,66,Third Party,Sedan - All Perils,Sedan,20000 to 29000,0,11230,4,400,4,more than 30,more than 30,1,more than 7,over 65,No,No,External,more than 5,no change,1 vehicle,1995,All Perils
9,3,6,Chevrolet,Urban,2,6,5,Male,Married,29,Policy Holder,Sedan - Collision,Sedan,30000 to 39000,0,11231,7,400,3,more than 30,more than 30,2 to 4,6 years,31 to 35,No,No,External,none,no change,1 vehicle,1995,Collision
6,3,6,Chevrolet,Urban,1,6,4,Male,Married,59,Policy Holder,Utility - All Perils,Utility,more than 69000,0,11232,13,400,3,more than 30,more than 30,more than 4,more than 7,51 to 65,No,No,External,none,no change,1 vehicle,1995,All Perils
6,3,7,Chevrolet,Urban,1,4,3,Female,Married,47,Policy Holder,Sedan - Liability,Sport,20000 to 29000,0,11233,1,400,2,more than 30,more than 30,more than 4,more than 7,41 to 50,No,No,External,none,no change,1 vehicle,1995,Liability
4,3,7,Mazda,Urban,2,4,3,Male,Married,51,Policy Holder,Sedan - Collision,Sedan,20000 to 29000,0,11234,7,400,1,more than 30,more than 30,none,7 years,41 to 50,No,No,External,none,no change,1 vehicle,1995,Collision
4,2,4,Toyota,Urban,2,4,2,Male,Single,33,Third Party,Sedan - Liability,Sport,20000 to 29000,0,11235,7,400,4,more than 30,more than 30,2 to 4,6 years,31 to 35,No,No,External,1 to 2,no change,3 to 4,1995,Liability
3,5,1,Honda,Urban,3,11,1,Male,Single,0,Policy Holder,Sedan - Liability,Sport,more than 69000,0,11236,3,400,4,more than 30,more than 30,2 to 4,new,16 to 17,No,No,External,none,4 to 8 years,2 vehicles,1995,Liability
4,4,2,Honda,Urban,3,11,5,Male,Single,0,Policy Holder,Sport - All Perils,Sport,more than 69000,0,11237,10,400,2,more than 30,more than 30,none,new,16 to 17,No,No,External,none,no change,1 vehicle,1995,All Perils
3,4,5,Honda,Rural,2,8,5,Male,Single,0,Policy Holder,Sedan - All Perils,Sedan,more than 69000,0,11238,16,400,3,more than 30,more than 30,none,new,16 to 17,No,No,External,none,no change,1 vehicle,1995,All Perils
8,4,7,Chevrolet,Urban,5,4,5,Male,Married,62,Policy Holder,Sedan - Liability,Sport,30000 to 39000,0,11239,10,400,4,more than 30,more than 30,none,more than 7,51 to 65,No,No,External,more than 5,no change,1 vehicle,1995,Liability
2,4,1,Chevrolet,Urban,1,3,5,Male,Married,22,Policy Holder,Sedan - Liability,Sport,20000 to 29000,0,11240,9,400,1,more than 30,more than 30,2 to 4,5 years,26 to 30,No,No,External,none,no change,1 vehicle,1995,Liability
2,5,6,Lexus,Urban,5,4,2,Male,Married,51,Policy Holder,Sedan - Collision,Sedan,more than 69000,0,11241,3,400,2,more than 30,more than 30,1,more than 7,41 to 50,No,No,External,1 to 2,no change,1 vehicle,1995,Collision
4,2,6,Toyota,Urban,5,8,3,Male,Married,54,Policy Holder,Sedan - All Perils,Sedan,less than 20000,0,11242,11,400,2,more than 30,more than 30,none,7 years,41 to 50,No,No,External,none,no change,1 vehicle,1995,All Perils
8,1,5,Toyota,Urban,5,3,2,Male,Married,51,Policy Holder,Sedan - Liability,Sport,30000 to 39000,0,11243,6,400,1,more than 30,more than 30,1,more than 7,41 to 50,No,No,External,none,no change,1 vehicle,1995,Liability
3,3,4,Chevrolet,Urban,6,7,5,Male,Married,67,Policy Holder,Sedan - Collision,Sedan,20000 to 29000,0,11244,13,400,3,more than 30,more than 30,none,more than 7,over 65,No,No,External,none,no change,1 vehicle,1995,Collision
6,5,7,Honda,Urban,2,8,1,Male,Married,55,Policy Holder,Sedan - Liability,Sport,more than 69000,0,11245,2,400,1,more than 30,more than 30,2 to 4,more than 7,41 to 50,No,No,External,more than 5,no change,1 vehicle,1995,Liability
8,1,6,Toyota,Rural,4,8,2,Male,Married,35,Policy Holder,Sedan - All Perils,Sedan,20000 to 29000,0,11246,14,400,3,more than 30,more than 30,none,5 years,31 to 35,No,No,External,none,no change,1 vehicle,1995,All Perils
8,1,1,Honda,Urban,1,10,2,Male,Married,55,Third Party,Sedan - Liability,Sport,30000 to 39000,0,11247,4,400,1,more than 30,more than 30,1,more than 7,41 to 50,No,No,External,more than 5,no change,1 vehicle,1995,Liability
9,4,1,Toyota,Urban,4,11,1,Male,Married,72,Third Party,Sedan - All Perils,Sedan,20000 to 29000,0,11248,16,400,2,more than 30,more than 30,1,more than 7,over 65,No,No,External,none,no change,1 vehicle,1995,All Perils
11,2,2,Toyota,Urban,3,11,3,Male,Married,43,Policy Holder,Sedan - Liability,Sport,30000 to 39000,0,11249,6,400,2,more than 30,more than 30,2 to 4,7 years,36 to 40,No,No,External,more than 5,no change,1 vehicle,1995,Liability
11,4,1,Mazda,Urban,4,11,4,Male,Married,65,Policy Holder,Sedan - Collision,Sedan,30000 to 39000,0,11250,6,400,2,more than 30,more than 30,1,more than 7,51 to 65,Yes,No,External,none,no change,1 vehicle,1995,Collision
11,3,6,Pontiac,Rural,1,11,4,Male,Married,63,Policy Holder,Sedan - All Perils,Sedan,20000 to 29000,0,11251,15,400,2,more than 30,more than 30,2 to 4,more than 7,51 to 65,No,No,External,more than 5,no change,1 vehicle,1995,All Perils
11,3,6,Pontiac,Urban,6,11,3,Male,Married,48,Third Party,Sedan - All Perils,Sedan,less than 20000,0,11252,7,400,1,more than 30,more than 30,1,7 years,41 to 50,No,No,External,more than 5,no change,1 vehicle,1995,All Perils
10,5,1,Honda,Urban,2,8,1,Male,Married,49,Policy Holder,Sedan - Liability,Sport,30000 to 39000,0,11253,15,400,1,more than 30,more than 30,none,7 years,41 to 50,No,No,External,none,no change,1 vehicle,1995,Liability
7,5,2,Honda,Urban,3,7,1,Male,Married,39,Policy Holder,Sedan - Liability,Sport,30000 to 39000,0,11254,5,700,4,more than 30,more than 30,1,7 years,36 to 40,No,No,External,none,no change,1 vehicle,1995,Liability
7,4,2,Mazda,Urban,2,7,4,Female,Married,35,Policy Holder,Sedan - Collision,Sedan,20000 to 29000,0,11255,4,400,4,more than 30,more than 30,none,6 years,31 to 35,No,No,External,none,no change,1 vehicle,1995,Collision
6,4,5,Chevrolet,Urban,2,3,1,Male,Married,58,Policy Holder,Sedan - Liability,Sport,20000 to 29000,0,11256,7,400,1,more than 30,more than 30,2 to 4,6 years,51 to 65,No,No,External,none,no change,1 vehicle,1995,Liability
3,2,6,Honda,Urban,2,3,4,Female,Single,44,Third Party,Sedan - Collision,Sedan,20000 to 29000,0,11257,14,400,4,more than 30,more than 30,none,7 years,36 to 40,No,No,External,none,4 to 8 years,2 vehicles,1995,Collision
3,2,4,Mazda,Rural,1,2,3,Male,Married,40,Third Party,Sedan - All Perils,Sedan,20000 to 29000,0,11258,1,400,1,more than 30,more than 30,none,more than 7,36 to 40,No,No,External,3 to 5,no change,1 vehicle,1995,All Perils
1,2,1,Mazda,Urban,2,1,4,Male,Married,39,Policy Holder,Sedan - Liability,Sport,30000 to 39000,0,11259,16,400,4,more than 30,more than 30,2 to 4,7 years,36 to 40,No,No,External,more than 5,no change,1 vehicle,1995,Liability
1,2,6,Honda,Urban,3,7,2,Male,Married,41,Policy Holder,Sedan - Collision,Sedan,20000 to 29000,0,11260,11,400,3,more than 30,more than 30,1,7 years,36 to 40,No,No,External,none,no change,1 vehicle,1995,Collision
7,3,1,Chevrolet,Urban,2,4,3,Male,Single,38,Policy Holder,Sedan - Liability,Sport,30000 to 39000,0,11261,3,400,4,more than 30,more than 30,none,7 years,36 to 40,No,No,Internal,3 to 5,no change,1 vehicle,1995,Liability
4,1,6,Toyota,Urban,4,7,1,Male,Married,72,Policy Holder,Sedan - All Perils,Sedan,20000 to 29000,1,11262,7,400,1,more than 30,more than 30,2 to 4,more than 7,over 65,No,No,External,more than 5,no change,1 vehicle,1995,All Perils
6,2,1,Chevrolet,Urban,3,5,3,Female,Married,55,Policy Holder,Sedan - All Perils,Sedan,30000 to 39000,0,11263,16,400,3,more than 30,more than 30,2 to 4,more than 7,41 to 50,No,No,External,more than 5,no change,1 vehicle,1995,All Perils
5,2,6,Chevrolet,Urban,3,4,4,Female,Married,48,Policy Holder,Sedan - Liability,Sport,20000 to 29000,0,11264,7,400,4,more than 30,more than 30,more than 4,7 years,41 to 50,No,No,External,none,no change,1 vehicle,1995,Liability
4,2,1,Pontiac,Urban,2,4,2,Male,Married,32,Policy Holder,Sedan - All Perils,Sedan,less than 20000,0,11265,14,400,4,more than 30,more than 30,none,6 years,31 to 35,No,No,External,none,no change,1 vehicle,1995,All Perils
4,1,1,Toyota,Urban,1,4,1,Male,Married,75,Policy Holder,Sedan - Collision,Sedan,20000 to 29000,0,11266,12,400,4,more than 30,more than 30,none,more than 7,over 65,No,No,External,none,no change,1 vehicle,1995,Collision
4,1,4,Ford,Urban,3,12,1,Male,Single,40,Policy Holder,Sedan - All Perils,Sedan,40000 to 59000,1,11267,14,400,1,more than 30,more than 30,none,7 years,36 to 40,No,No,External,more than 5,no change,1 vehicle,1995,All Perils
12,4,1,Pontiac,Urban,1,2,5,Male,Married,62,Policy Holder,Sedan - Liability,Sport,20000 to 29000,0,11268,7,400,4,more than 30,more than 30,more than 4,more than 7,51 to 65,No,No,External,none,no change,1 vehicle,1995,Liability
1,1,6,Pontiac,Urban,3,1,2,Male,Single,41,Policy Holder,Sedan - Liability,Sport,20000 to 29000,0,11269,8,400,4,more than 30,more than 30,1,7 years,36 to 40,No,No,External,1 to 2,no change,1 vehicle,1995,Liability
1,4,5,Honda,Urban,1,8,4,Male,Single,27,Policy Holder,Sedan - Liability,Sport,20000 to 29000,0,11270,2,400,2,more than 30,more than 30,1,6 years,31 to 35,No,No,External,none,no change,1 vehicle,1995,Liability
8,4,6,Pontiac,Urban,1,8,5,Female,Single,44,Policy Holder,Sedan - All Perils,Sedan,20000 to 29000,0,11271,15,400,3,more than 30,more than 30,none,6 years,36 to 40,No,No,External,none,no change,1 vehicle,1995,All Perils
8,4,1,Toyota,Urban,4,12,5,Male,Married,37,Policy Holder,Sedan - Collision,Sedan,20000 to 29000,0,11272,8,500,4,more than 30,more than 30,2 to 4,7 years,36 to 40,No,No,External,none,2 to 3 years,1 vehicle,1995,Collision
6,2,2,Pontiac,Urban,4,1,2,Female,Married,34,Third Party,Sedan - Liability,Sport,more than 69000,0,11273,7,400,3,more than 30,more than 30,none,2 years,31 to 35,No,No,External,more than 5,no change,1 vehicle,1995,Liability
1,1,3,Mazda,Urban,3,4,2,Male,Married,36,Policy Holder,Sedan - Collision,Sedan,less than 20000,0,11274,7,400,4,more than 30,more than 30,2 to 4,7 years,36 to 40,No,No,External,more than 5,no change,1 vehicle,1995,Collision
3,5,1,Mazda,Urban,2,5,1,Male,Married,29,Third Party,Sedan - Collision,Sedan,20000 to 29000,0,11275,16,400,4,more than 30,more than 30,1,5 years,31 to 35,No,No,External,more than 5,no change,1 vehicle,1995,Collision
3,4,7,Mazda,Urban,3,4,1,Male,Single,26,Third Party,Sedan - All Perils,Sedan,20000 to 29000,0,11276,11,400,1,more than 30,more than 30,1,7 years,31 to 35,No,No,External,3 to 5,no change,3 to 4,1995,All Perils
4,3,1,Mercury,Urban,3,6,3,Male,Single,25,Policy Holder,Sedan - All Perils,Sedan,20000 to 29000,0,11277,15,400,4,more than 30,more than 30,more than 4,4 years,26 to 30,No,No,External,more than 5,no change,1 vehicle,1995,All Perils
5,5,1,Honda,Urban,3,8,1,Female,Single,27,Policy Holder,Sedan - Collision,Sedan,more than 69000,0,11278,11,400,3,more than 30,more than 30,2 to 4,new,31 to 35,No,No,External,none,4 to 8 years,2 vehicles,1995,Collision
6,3,2,Saturn,Urban,4,6,4,Male,Married,40,Policy Holder,Sedan - Liability,Sport,60000 to 69000,0,11279,1,400,4,more than 30,more than 30,2 to 4,7 years,36 to 40,No,No,External,none,no change,1 vehicle,1995,Liability
6,3,5,Toyota,Urban,1,8,3,Male,Married,59,Policy Holder,Sedan - All Perils,Sedan,less than 20000,0,11280,1,400,2,more than 30,more than 30,1,more than 7,51 to 65,No,No,External,more than 5,no change,1 vehicle,1995,All Perils
7,5,3,Honda,Urban,3,9,1,Female,Single,31,Third Party,Sedan - Collision,Sedan,20000 to 29000,0,11281,10,400,3,more than 30,more than 30,1,6 years,31 to 35,No,No,External,3 to 5,no change,1 vehicle,1995,Collision
9,3,6,Pontiac,Urban,4,9,3,Male,Married,60,Policy Holder,Sedan - Collision,Sedan,less than 20000,0,11282,5,400,4,more than 30,more than 30,1,more than 7,51 to 65,No,No,External,more than 5,no change,1 vehicle,1995,Collision
9,2,3,Chevrolet,Urban,3,10,3,Male,Married,62,Policy Holder,Utility - All Perils,Utility,more than 69000,0,11283,10,400,4,more than 30,more than 30,2 to 4,more than 7,51 to 65,No,No,External,none,no change,1 vehicle,1995,All Perils
10,1,7,Ford,Rural,1,10,1,Male,Married,63,Third Party,Sedan - All Perils,Sedan,40000 to 59000,0,11284,15,400,4,more than 30,more than 30,1,more than 7,51 to 65,No,No,External,more than 5,no change,1 vehicle,1995,All Perils
10,5,4,Mazda,Urban,4,11,5,Female,Married,26,Policy Holder,Sedan - Collision,Sedan,20000 to 29000,0,11285,7,400,3,more than 30,more than 30,none,5 years,31 to 35,No,No,External,none,1 year,1 vehicle,1995,Collision
11,4,4,Chevrolet,Rural,3,4,4,Male,Single,27,Policy Holder,Sedan - Collision,Sedan,20000 to 29000,0,11286,3,400,3,more than 30,more than 30,none,6 years,31 to 35,No,No,External,none,no change,1 vehicle,1995,Collision
4,1,1,Toyota,Urban,1,7,3,Male,Married,47,Third Party,Sedan - Liability,Sport,30000 to 39000,0,11287,5,400,3,more than 30,more than 30,2 to 4,more than 7,41 to 50,No,No,External,none,no change,1 vehicle,1995,Liability
6,4,5,Toyota,Urban,1,12,1,Male,Married,39,Policy Holder,Sedan - Collision,Sedan,20000 to 29000,0,11288,5,400,4,more than 30,more than 30,more than 4,more than 7,36 to 40,No,No,External,3 to 5,no change,1 vehicle,1995,Collision
12,1,2,Chevrolet,Urban,4,4,1,Female,Single,30,Policy Holder,Sedan - Collision,Sedan,more than 69000,0,11289,10,400,4,more than 30,more than 30,1,6 years,31 to 35,No,No,External,3 to 5,no change,1 vehicle,1995,Collision
4,1,7,Pontiac,Urban,2,12,1,Male,Married,48,Policy Holder,Utility - All Perils,Utility,more than 69000,1,11290,6,400,1,more than 30,more than 30,1,7 years,41 to 50,No,No,External,none,no change,1 vehicle,1995,All Perils
12,1,2,Mazda,Urban,4,4,1,Male,Married,65,Policy Holder,Sedan - Collision,Sedan,less than 20000,0,11291,8,400,1,more than 30,more than 30,1,7 years,51 to 65,No,No,External,1 to 2,no change,1 vehicle,1995,Collision
3,3,4,Mazda,Urban,5,5,2,Male,Single,28,Policy Holder,Sedan - Collision,Sedan,30000 to 39000,0,11292,12,400,2,more than 30,more than 30,1,6 years,31 to 35,No,No,External,none,no change,1 vehicle,1995,Collision
5,3,2,Toyota,Urban,3,5,4,Male,Single,45,Third Party,Sedan - Collision,Sedan,20000 to 29000,0,11293,3,400,4,more than 30,more than 30,more than 4,7 years,36 to 40,No,No,External,more than 5,no change,1 vehicle,1995,Collision
5,3,7,Honda,Rural,3,6,3,Male,Single,28,Policy Holder,Sedan - Liability,Sport,20000 to 29000,0,11294,5,400,2,more than 30,more than 30,more than 4,5 years,31 to 35,No,No,External,more than 5,no change,1 vehicle,1995,Liability
6,1,2,Mazda,Urban,1,9,3,Male,Single,22,Third Party,Sedan - All Perils,Sedan,20000 to 29000,0,11295,8,400,2,more than 30,more than 30,1,4 years,26 to 30,No,No,External,none,no change,1 vehicle,1995,All Perils
7,4,3,Chevrolet,Rural,3,5,1,Male,Married,36,Policy Holder,Sedan - Liability,Sport,20000 to 29000,0,11296,5,400,1,more than 30,more than 30,2 to 4,5 years,36 to 40,No,No,External,none,no change,1 vehicle,1995,Liability
4,1,7,Chevrolet,Rural,1,10,1,Male,Married,54,Policy Holder,Sedan - Collision,Sedan,more than 69000,1,11297,12,400,2,more than 30,more than 30,1,more than 7,41 to 50,No,No,External,1 to 2,no change,1 vehicle,1995,Collision
10,3,1,Pontiac,Urban,3,11,3,Male,Married,46,Policy Holder,Sedan - Liability,Sport,less than 20000,0,11298,9,400,2,more than 30,more than 30,1,more than 7,41 to 50,No,No,External,1 to 2,no change,1 vehicle,1995,Liability
11,2,2,Pontiac,Urban,3,12,3,Male,Married,48,Third Party,Sedan - Collision,Sedan,20000 to 29000,0,11299,1,400,3,more than 30,more than 30,2 to 4,more than 7,41 to 50,No,No,External,none,4 to 8 years,2 vehicles,1995,Collision
12,3,1,Toyota,Urban,1,1,4,Male,Married,34,Policy Holder,Sedan - All Perils,Sedan,less than 20000,0,11300,10,400,4,more than 30,more than 30,none,4 years,31 to 35,No,No,External,none,no change,1 vehicle,1995,All Perils
12,3,5,Pontiac,Rural,5,4,5,Male,Single,31,Third Party,Sedan - All Perils,Sedan,20000 to 29000,0,11301,9,400,2,more than 30,more than 30,more than 4,6 years,31 to 35,No,No,External,more than 5,no change,1 vehicle,1995,All Perils
4,4,7,Chevrolet,Urban,2,4,4,Male,Married,45,Policy Holder,Sedan - Collision,Sedan,20000 to 29000,0,11302,12,400,1,more than 30,more than 30,2 to 4,7 years,36 to 40,No,No,External,more than 5,no change,1 vehicle,1995,Collision
4,4,2,Pontiac,Urban,4,5,4,Male,Single,35,Policy Holder,Sedan - Liability,Sport,20000 to 29000,0,11303,11,400,4,more than 30,more than 30,none,6 years,31 to 35,No,No,External,1 to 2,no change,1 vehicle,1995,Liability
5,2,5,Pontiac,Urban,5,6,2,Male,Married,26,Third Party,Sedan - All Perils,Sedan,less than 20000,0,11304,8,400,2,more than 30,more than 30,2 to 4,6 years,31 to 35,No,No,External,none,no change,1 vehicle,1995,All Perils
6,2,3,Chevrolet,Urban,5,4,3,Male,Married,58,Policy Holder,Sedan - Liability,Sport,40000 to 59000,0,11305,16,400,1,more than 30,more than 30,2 to 4,more than 7,51 to 65,No,No,External,none,no change,1 vehicle,1995,Liability
4,1,4,Accura,Urban,1,10,5,Male,Married,28,Third Party,Sedan - All Perils,Sedan,30000 to 39000,0,11306,12,400,3,more than 30,more than 30,2 to 4,7 years,31 to 35,No,No,External,none,no change,1 vehicle,1995,All Perils
9,2,4,Pontiac,Urban,4,9,1,Male,Married,48,Policy Holder,Sedan - Liability,Sport,30000 to 39000,0,11307,7,400,2,more than 30,more than 30,2 to 4,more than 7,41 to 50,No,No,Internal,1 to 2,no change,1 vehicle,1995,Liability
9,2,5,Chevrolet,Urban,2,10,2,Male,Married,35,Policy Holder,Sedan - Liability,Sport,30000 to 39000,0,11308,7,400,4,more than 30,more than 30,more than 4,6 years,31 to 35,No,No,External,none,no change,1 vehicle,1995,Liability
9,5,2,Toyota,Urban,2,10,1,Female,Married,63,Third Party,Sedan - Liability,Sport,20000 to 29000,0,11309,3,400,4,more than 30,more than 30,more than 4,more than 7,51 to 65,No,No,External,3 to 5,no change,1 vehicle,1995,Liability
10,2,7,Mazda,Urban,1,10,2,Male,Married,31,Policy Holder,Sedan - Collision,Sedan,20000 to 29000,0,11310,1,400,1,more than 30,more than 30,none,7 years,31 to 35,No,No,External,none,no change,1 vehicle,1995,Collision
10,3,3,Honda,Urban,2,4,3,Male,Married,62,Third Party,Sedan - Collision,Sedan,20000 to 29000,0,11311,7,400,1,more than 30,more than 30,none,7 years,51 to 65,No,No,External,1 to 2,no change,1 vehicle,1995,Collision
4,1,3,Chevrolet,Urban,4,4,2,Male,Married,49,Third Party,Sedan - Collision,Sedan,more than 69000,0,11312,3,400,2,more than 30,more than 30,1,more than 7,41 to 50,No,No,External,none,no change,1 vehicle,1995,Collision
4,1,6,Chevrolet,Urban,1,5,1,Male,Married,33,Policy Holder,Sedan - All Perils,Sedan,more than 69000,1,11313,1,400,3,more than 30,more than 30,1,7 years,31 to 35,No,No,External,none,no change,1 vehicle,1995,All Perils
3,4,7,Toyota,Urban,2,3,4,Male,Single,37,Third Party,Sedan - All Perils,Sedan,less than 20000,0,11314,11,400,1,more than 30,more than 30,1,7 years,36 to 40,No,No,External,none,no change,1 vehicle,1995,All Perils
3,3,4,Pontiac,Urban,5,3,4,Male,Married,50,Policy Holder,Sedan - All Perils,Sedan,20000 to 29000,0,11315,1,400,3,more than 30,more than 30,none,more than 7,41 to 50,No,No,External,more than 5,no change,1 vehicle,1995,All Perils
3,1,3,Pontiac,Urban,3,7,1,Female,Married,50,Policy Holder,Sedan - Liability,Sport,20000 to 29000,0,11316,3,400,3,more than 30,more than 30,2 to 4,6 years,41 to 50,No,No,External,none,no change,1 vehicle,1995,Liability
7,1,7,Honda,Urban,1,8,1,Male,Married,22,Policy Holder,Sport - Collision,Sport,more than 69000,0,11317,10,400,2,more than 30,more than 30,none,5 years,26 to 30,No,No,External,none,no change,3 to 4,1995,Collision
8,2,1,Honda,Urban,1,7,2,Male,Married,39,Policy Holder,Sedan - Liability,Sport,20000 to 29000,0,11318,15,400,2,more than 30,more than 30,more than 4,7 years,36 to 40,No,No,External,none,no change,1 vehicle,1995,Liability
7,4,4,Honda,Urban,5,12,4,Male,Married,28,Third Party,Sedan - All Perils,Sedan,20000 to 29000,0,11319,14,400,2,more than 30,more than 30,1,6 years,31 to 35,No,No,External,none,no change,1 vehicle,1995,All Perils
12,3,5,VW,Urban,1,12,3,Male,Single,49,Policy Holder,Sedan - All Perils,Sedan,more than 69000,0,11320,11,400,3,more than 30,more than 30,1,more than 7,41 to 50,No,No,External,3 to 5,4 to 8 years,2 vehicles,1995,All Perils
12,3,4,Honda,Urban,1,3,3,Male,Single,23,Policy Holder,Sedan - Liability,Sport,20000 to 29000,0,11321,2,400,4,more than 30,more than 30,2 to 4,3 years,26 to 30,No,No,External,more than 5,no change,1 vehicle,1995,Liability
3,1,3,Pontiac,Urban,3,8,1,Male,Married,65,Policy Holder,Sedan - All Perils,Sedan,less than 20000,0,11322,5,400,2,more than 30,more than 30,none,6 years,51 to 65,No,No,External,none,no change,1 vehicle,1995,All Perils
8,5,5,Chevrolet,Urban,5,9,5,Male,Married,39,Policy Holder,Utility - All Perils,Utility,more than 69000,0,11323,12,500,4,more than 30,more than 30,1,7 years,36 to 40,No,No,External,1 to 2,2 to 3 years,1 vehicle,1995,All Perils
9,1,3,Toyota,Urban,2,11,1,Female,Married,39,Policy Holder,Sedan - Liability,Sport,30000 to 39000,0,11324,9,400,2,more than 30,more than 30,more than 4,7 years,36 to 40,No,No,External,more than 5,no change,1 vehicle,1995,Liability
11,4,4,Toyota,Urban,4,11,5,Male,Married,74,Policy Holder,Sedan - All Perils,Sedan,less than 20000,0,11325,15,400,2,more than 30,more than 30,none,more than 7,over 65,No,No,External,none,no change,1 vehicle,1995,All Perils
11,2,5,Chevrolet,Urban,3,12,2,Male,Married,45,Third Party,Sedan - Collision,Sedan,30000 to 39000,0,11326,10,400,1,more than 30,more than 30,2 to 4,7 years,36 to 40,No,No,External,more than 5,no change,1 vehicle,1995,Collision
12,3,2,Honda,Urban,2,12,3,Male,Single,23,Third Party,Sedan - All Perils,Sedan,20000 to 29000,0,11327,5,400,2,more than 30,more than 30,none,6 years,26 to 30,No,No,External,none,no change,1 vehicle,1995,All Perils
12,2,2,Honda,Urban,3,12,2,Female,Single,34,Policy Holder,Sedan - Liability,Sport,20000 to 29000,0,11328,7,400,1,more than 30,more than 30,2 to 4,6 years,31 to 35,No,No,External,none,no change,1 vehicle,1995,Liability
12,2,7,Chevrolet,Urban,1,12,2,Male,Married,36,Policy Holder,Sedan - Liability,Sport,20000 to 29000,0,11329,15,400,1,more than 30,more than 30,more than 4,7 years,36 to 40,No,No,External,more than 5,no change,1 vehicle,1995,Liability
12,2,3,Toyota,Urban,4,4,2,Male,Married,38,Policy Holder,Sedan - Collision,Sedan,30000 to 39000,0,11330,12,400,3,more than 30,more than 30,1,more than 7,36 to 40,No,No,External,3 to 5,no change,1 vehicle,1995,Collision
4,1,1,Honda,Urban,3,12,1,Male,Single,16,Policy Holder,Sport - Collision,Sport,more than 69000,1,11331,1,400,2,more than 30,more than 30,2 to 4,4 years,18 to 20,No,No,External,none,no change,1 vehicle,1995,Collision
12,1,2,Chevrolet,Rural,5,12,1,Male,Married,60,Third Party,Sedan - All Perils,Sedan,30000 to 39000,0,11332,9,400,4,more than 30,more than 30,none,more than 7,51 to 65,No,No,External,more than 5,no change,1 vehicle,1995,All Perils
11,5,5,Pontiac,Urban,5,12,3,Male,Married,54,Policy Holder,Sedan - Collision,Sedan,20000 to 29000,0,11333,5,400,4,more than 30,more than 30,none,more than 7,41 to 50,No,No,External,1 to 2,no change,1 vehicle,1995,Collision
11,4,2,Honda,Urban,3,9,1,Male,Single,24,Third Party,Sedan - All Perils,Sedan,20000 to 29000,0,11334,14,400,2,more than 30,more than 30,none,5 years,26 to 30,No,No,External,more than 5,no change,1 vehicle,1995,All Perils
9,4,2,Toyota,Urban,2,4,4,Male,Married,57,Policy Holder,Sedan - Collision,Sedan,20000 to 29000,0,11335,6,400,2,more than 30,more than 30,2 to 4,7 years,51 to 65,No,No,External,more than 5,no change,1 vehicle,1995,Collision
4,3,1,Pontiac,Urban,3,12,3,Male,Married,69,Policy Holder,Sedan - Liability,Sport,30000 to 39000,0,11336,4,400,4,more than 30,more than 30,2 to 4,more than 7,over 65,No,No,External,3 to 5,no change,1 vehicle,1995,Liability
12,2,3,Accura,Urban,1,12,3,Male,Married,50,Policy Holder,Sedan - All Perils,Sedan,20000 to 29000,0,11337,6,400,3,more than 30,more than 30,2 to 4,more than 7,41 to 50,No,No,External,1 to 2,no change,1 vehicle,1995,All Perils
12,3,5,VW,Urban,5,12,3,Male,Married,52,Policy Holder,Sedan - All Perils,Sedan,20000 to 29000,0,11338,11,400,4,more than 30,more than 30,none,more than 7,41 to 50,No,No,External,none,no change,1 vehicle,1996,All Perils
12,1,5,Pontiac,Urban,1,12,2,Male,Married,63,Policy Holder,Utility - All Perils,Utility,40000 to 59000,0,11339,10,400,1,more than 30,more than 30,more than 4,more than 7,51 to 65,No,No,External,more than 5,no change,1 vehicle,1996,All Perils
12,1,7,Honda,Urban,2,9,3,Male,Married,37,Third Party,Sedan - All Perils,Sedan,20000 to 29000,0,11340,12,400,4,more than 30,more than 30,1,7 years,36 to 40,No,No,External,none,no change,1 vehicle,1996,All Perils
9,1,4,Toyota,Urban,3,7,1,Male,Married,62,Policy Holder,Sedan - Collision,Sedan,20000 to 29000,0,11341,11,400,3,more than 30,more than 30,none,7 years,51 to 65,No,No,External,none,4 to 8 years,2 vehicles,1996,Collision
7,4,4,Toyota,Urban,1,4,4,Female,Married,40,Policy Holder,Sedan - Liability,Sport,more than 69000,0,11342,4,400,2,more than 30,more than 30,more than 4,6 years,36 to 40,No,No,External,none,no change,1 vehicle,1996,Liability
4,1,3,Toyota,Urban,5,5,2,Male,Single,32,Third Party,Sedan - Collision,Sedan,20000 to 29000,0,11343,9,400,2,more than 30,more than 30,2 to 4,6 years,31 to 35,No,No,External,3 to 5,no change,1 vehicle,1996,Collision
5,1,4,Chevrolet,Rural,2,4,2,Male,Married,62,Policy Holder,Utility - Collision,Utility,more than 69000,0,11344,16,400,3,more than 30,more than 30,none,more than 7,51 to 65,No,No,External,more than 5,no change,1 vehicle,1996,Collision
4,1,3,Pontiac,Urban,5,3,2,Male,Married,43,Policy Holder,Sedan - Collision,Sedan,30000 to 39000,1,11345,7,400,1,more than 30,more than 30,none,more than 7,36 to 40,No,No,External,more than 5,no change,1 vehicle,1996,Collision
12,5,2,Honda,Urban,2,10,1,Female,Married,39,Policy Holder,Sedan - All Perils,Sedan,less than 20000,0,11346,3,400,4,more than 30,more than 30,2 to 4,6 years,36 to 40,No,No,External,1 to 2,no change,1 vehicle,1996,All Perils
9,3,1,Mazda,Rural,2,9,1,Male,Married,27,Policy Holder,Sedan - Liability,Sport,30000 to 39000,0,11347,11,400,1,more than 30,more than 30,2 to 4,6 years,31 to 35,No,No,External,more than 5,no change,1 vehicle,1996,Liability
9,1,4,Mazda,Urban,5,4,3,Female,Single,33,Policy Holder,Sedan - Collision,Sedan,20000 to 29000,0,11348,2,400,2,more than 30,more than 30,1,7 years,31 to 35,No,No,External,none,no change,1 vehicle,1996,Collision
4,1,1,Toyota,Urban,2,8,2,Male,Married,48,Policy Holder,Sedan - Collision,Sedan,20000 to 29000,1,11349,11,400,4,more than 30,more than 30,none,7 years,41 to 50,No,No,External,none,no change,1 vehicle,1996,Collision
8,4,1,Pontiac,Urban,2,8,4,Male,Married,58,Third Party,Sedan - Collision,Sedan,20000 to 29000,0,11350,10,400,3,more than 30,more than 30,2 to 4,more than 7,51 to 65,No,No,External,more than 5,no change,1 vehicle,1996,Collision
8,4,5,Chevrolet,Urban,5,8,5,Male,Married,52,Policy Holder,Sedan - Liability,Sport,more than 69000,0,11351,2,400,3,more than 30,more than 30,1,7 years,41 to 50,No,No,External,none,no change,1 vehicle,1996,Liability
8,3,7,Toyota,Urban,1,7,3,Male,Married,45,Policy Holder,Sedan - Liability,Sport,20000 to 29000,0,11352,7,400,1,more than 30,more than 30,2 to 4,more than 7,36 to 40,No,No,External,more than 5,no change,1 vehicle,1996,Liability
7,2,1,Honda,Urban,2,5,2,Male,Single,22,Policy Holder,Sedan - Liability,Sport,20000 to 29000,0,11353,14,400,4,more than 30,more than 30,1,6 years,26 to 30,No,No,External,1 to 2,no change,1 vehicle,1996,Liability
5,1,7,Chevrolet,Urban,1,4,3,Male,Single,27,Policy Holder,Sedan - Liability,Sport,more than 69000,0,11354,10,400,3,more than 30,more than 30,more than 4,6 years,31 to 35,No,No,External,3 to 5,no change,1 vehicle,1996,Liability
4,3,3,Chevrolet,Urban,3,2,3,Male,Married,57,Policy Holder,Sedan - Liability,Sport,40000 to 59000,0,11355,6,400,4,more than 30,more than 30,2 to 4,more than 7,51 to 65,No,No,External,more than 5,no change,1 vehicle,1996,Liability
2,4,4,Toyota,Rural,2,2,4,Male,Single,40,Third Party,Sedan - Collision,Sedan,more than 69000,0,11356,4,400,4,more than 30,more than 30,none,6 years,36 to 40,No,No,External,3 to 5,no change,1 vehicle,1996,Collision
2,4,4,Toyota,Rural,2,12,5,Female,Married,38,Third Party,Sedan - Liability,Sport,20000 to 29000,0,11357,11,400,1,more than 30,more than 30,more than 4,7 years,36 to 40,No,No,External,more than 5,no change,1 vehicle,1996,Liability
12,2,3,Chevrolet,Urban,5,12,2,Female,Single,35,Policy Holder,Sedan - Collision,Sedan,20000 to 29000,0,11358,7,400,4,more than 30,more than 30,none,6 years,31 to 35,No,No,External,1 to 2,no change,3 to 4,1996,Collision
12,2,4,Nisson,Urban,1,4,3,Male,Married,52,Policy Holder,Sedan - All Perils,Sedan,30000 to 39000,0,11359,12,400,3,more than 30,more than 30,1,more than 7,41 to 50,No,No,External,none,no change,1 vehicle,1996,All Perils
4,1,1,Honda,Urban,3,12,2,Male,Married,41,Third Party,Sedan - Liability,Sport,20000 to 29000,0,11360,14,400,3,more than 30,more than 30,2 to 4,7 years,36 to 40,No,No,Internal,none,no change,1 vehicle,1996,Liability
12,1,2,Honda,Urban,5,12,2,Male,Single,33,Third Party,Sedan - Liability,Sport,30000 to 39000,0,11361,7,400,1,more than 30,more than 30,2 to 4,7 years,31 to 35,Yes,No,External,none,no change,1 vehicle,1996,Liability
11,5,5,Chevrolet,Urban,3,5,2,Male,Married,63,Policy Holder,Sedan - Liability,Sport,more than 69000,0,11362,8,400,1,more than 30,more than 30,2 to 4,more than 7,51 to 65,No,No,External,none,4 to 8 years,2 vehicles,1996,Liability
4,2,3,Chevrolet,Urban,4,10,1,Male,Married,64,Policy Holder,Sedan - Liability,Sport,20000 to 29000,1,11363,13,400,2,more than 30,more than 30,more than 4,more than 7,51 to 65,No,No,External,1 to 2,no change,1 vehicle,1996,Liability
10,4,5,Mazda,Urban,1,12,4,Male,Married,36,Third Party,Sedan - Collision,Sedan,30000 to 39000,0,11364,3,400,3,more than 30,more than 30,none,more than 7,36 to 40,No,No,External,none,no change,1 vehicle,1996,Collision
10,2,7,Pontiac,Urban,3,6,1,Male,Single,23,Policy Holder,Sedan - All Perils,Sedan,20000 to 29000,0,11365,15,400,2,more than 30,more than 30,2 to 4,2 years,26 to 30,No,No,External,none,no change,1 vehicle,1996,All Perils
6,4,5,Toyota,Urban,5,6,5,Male,Married,57,Policy Holder,Sedan - All Perils,Sedan,20000 to 29000,0,11366,12,400,1,more than 30,more than 30,2 to 4,7 years,51 to 65,No,No,External,none,no change,1 vehicle,1996,All Perils
6,4,6,Pontiac,Urban,1,5,4,Male,Married,44,Policy Holder,Sedan - Liability,Sport,less than 20000,0,11367,1,400,4,more than 30,more than 30,2 to 4,more than 7,36 to 40,No,No,External,more than 5,no change,1 vehicle,1996,Liability
5,5,5,Pontiac,Urban,1,4,5,Male,Married,72,Policy Holder,Sedan - Collision,Sedan,20000 to 29000,0,11368,4,400,4,more than 30,more than 30,2 to 4,more than 7,over 65,No,No,External,1 to 2,no change,1 vehicle,1996,Collision
4,2,7,Honda,Urban,1,5,2,Female,Single,35,Third Party,Sedan - All Perils,Sedan,more than 69000,0,11369,7,400,4,more than 30,more than 30,1,new,31 to 35,No,No,External,none,no change,1 vehicle,1996,All Perils
5,3,5,Accura,Rural,1,5,3,Male,Married,39,Policy Holder,Sedan - All Perils,Sedan,30000 to 39000,0,11370,1,400,1,more than 30,more than 30,2 to 4,more than 7,36 to 40,No,No,External,1 to 2,no change,1 vehicle,1996,All Perils
4,5,3,Mazda,Urban,5,4,1,Male,Married,52,Third Party,Sedan - Collision,Sedan,20000 to 29000,0,11371,5,400,2,more than 30,more than 30,1,7 years,41 to 50,No,No,External,none,no change,1 vehicle,1996,Collision
4,3,3,Pontiac,Urban,2,4,4,Male,Married,36,Policy Holder,Sedan - All Perils,Sedan,20000 to 29000,0,11372,13,400,1,more than 30,more than 30,1,7 years,36 to 40,No,No,External,none,no change,1 vehicle,1996,All Perils
3,5,6,Toyota,Urban,1,3,2,Female,Single,33,Policy Holder,Sedan - All Perils,Sedan,20000 to 29000,0,11373,3,400,1,more than 30,more than 30,1,7 years,31 to 35,No,No,External,none,no change,1 vehicle,1996,All Perils
3,2,7,Honda,Urban,3,2,3,Male,Married,41,Third Party,Sport - Collision,Sport,more than 69000,1,11374,2,500,1,more than 30,more than 30,2 to 4,7 years,36 to 40,No,No,External,none,2 to 3 years,1 vehicle,1996,Collision
1,3,1,Pontiac,Urban,3,9,1,Female,Single,40,Policy Holder,Sedan - All Perils,Sedan,20000 to 29000,0,11375,2,400,1,more than 30,more than 30,none,5 years,36 to 40,No,No,External,3 to 5,no change,1 vehicle,1996,All Perils
9,3,5,Honda,Urban,5,4,3,Male,Married,46,Policy Holder,Sedan - Collision,Sedan,20000 to 29000,0,11376,9,400,3,more than 30,more than 30,none,6 years,41 to 50,No,No,External,none,1 year,1 vehicle,1996,Collision
4,2,3,Mazda,Urban,4,9,2,Male,Married,51,Third Party,Sedan - Collision,Sedan,20000 to 29000,0,11377,5,400,1,more than 30,more than 30,1,more than 7,41 to 50,No,No,External,none,no change,1 vehicle,1996,Collision
8,5,7,Toyota,Urban,1,8,1,Female,Married,27,Policy Holder,Sedan - Liability,Sport,more than 69000,0,11378,12,400,4,more than 30,more than 30,2 to 4,5 years,31 to 35,No,No,External,more than 5,no change,1 vehicle,1996,Liability
8,4,3,Chevrolet,Urban,3,8,5,Male,Married,46,Policy Holder,Sedan - Liability,Sport,30000 to 39000,0,11379,6,400,3,more than 30,more than 30,more than 4,more than 7,41 to 50,No,No,External,more than 5,no change,1 vehicle,1996,Liability
8,3,3,Dodge,Urban,4,3,3,Male,Single,30,Policy Holder,Sedan - Liability,Sport,30000 to 39000,0,11380,1,400,3,more than 30,more than 30,1,6 years,31 to 35,No,No,External,3 to 5,no change,1 vehicle,1996,Liability
3,3,2,Toyota,Urban,5,4,4,Male,Married,45,Third Party,Sedan - All Perils,Sedan,20000 to 29000,0,11381,16,400,2,more than 30,more than 30,1,7 years,36 to 40,No,No,External,none,no change,1 vehicle,1996,All Perils
3,4,1,Pontiac,Urban,1,4,1,Male,Single,31,Policy Holder,Sedan - Collision,Sedan,30000 to 39000,0,11382,4,400,3,more than 30,more than 30,2 to 4,7 years,31 to 35,No,No,External,none,no change,1 vehicle,1996,Collision
4,4,1,Toyota,Urban,1,5,4,Male,Married,68,Policy Holder,Sedan - Liability,Sport,20000 to 29000,0,11383,8,400,3,more than 30,more than 30,2 to 4,more than 7,over 65,No,No,External,more than 5,4 to 8 years,2 vehicles,1996,Liability
5,1,7,Honda,Urban,5,5,5,Male,Married,39,Policy Holder,Sedan - Collision,Sedan,20000 to 29000,0,11384,6,400,3,more than 30,more than 30,2 to 4,more than 7,36 to 40,No,No,External,more than 5,no change,1 vehicle,1996,Collision
5,4,5,Toyota,Rural,2,7,4,Male,Single,28,Policy Holder,Sedan - Collision,Sedan,20000 to 29000,0,11385,8,400,1,more than 30,more than 30,none,6 years,31 to 35,No,No,External,more than 5,no change,1 vehicle,1996,Collision
7,2,1,Honda,Urban,2,7,2,Male,Single,43,Policy Holder,Sedan - Liability,Sport,20000 to 29000,0,11386,3,400,1,more than 30,more than 30,2 to 4,7 years,36 to 40,No,No,External,1 to 2,no change,1 vehicle,1996,Liability
7,2,7,Mazda,Urban,4,12,2,Female,Married,31,Third Party,Sedan - All Perils,Sedan,20000 to 29000,0,11387,2,400,4,more than 30,more than 30,none,7 years,31 to 35,No,No,External,more than 5,no change,1 vehicle,1996,All Perils
9,4,2,Mazda,Urban,4,11,3,Male,Single,29,Policy Holder,Sport - Collision,Sport,more than 69000,0,11388,5,400,3,more than 30,more than 30,none,6 years,31 to 35,No,No,External,none,no change,1 vehicle,1996,Collision
10,3,2,VW,Urban,2,10,2,Male,Married,40,Policy Holder,Sedan - Liability,Sport,more than 69000,0,11389,7,400,3,more than 30,more than 30,2 to 4,more than 7,36 to 40,No,No,External,none,no change,1 vehicle,1996,Liability
10,4,4,Toyota,Urban,1,11,4,Male,Single,24,Policy Holder,Sedan - Collision,Sedan,20000 to 29000,0,11390,2,400,3,more than 30,more than 30,none,4 years,26 to 30,No,No,External,none,no change,1 vehicle,1996,Collision
11,4,5,Chevrolet,Urban,3,4,5,Male,Married,35,Third Party,Sedan - Collision,Sedan,20000 to 29000,0,11391,4,400,2,more than 30,more than 30,1,6 years,31 to 35,No,No,External,none,no change,1 vehicle,1996,Collision
3,4,7,Toyota,Urban,4,4,2,Male,Married,47,Policy Holder,Sedan - Collision,Sedan,20000 to 29000,0,11392,3,400,1,more than 30,more than 30,1,7 years,41 to 50,Yes,No,External,3 to 5,no change,1 vehicle,1996,Collision
4,1,2,Pontiac,Urban,3,4,1,Male,Single,35,Third Party,Sedan - All Perils,Sedan,30000 to 39000,0,11393,15,400,2,more than 30,more than 30,none,6 years,31 to 35,No,No,External,none,no change,1 vehicle,1996,All Perils
4,2,4,Mazda,Urban,2,4,3,Male,Single,26,Policy Holder,Sedan - Liability,Sport,20000 to 29000,0,11394,6,400,1,more than 30,more than 30,none,6 years,31 to 35,Yes,No,External,none,no change,1 vehicle,1996,Liability
4,2,3,Chevrolet,Urban,3,4,3,Male,Single,18,Policy Holder,Sedan - All Perils,Sedan,more than 69000,0,11395,16,400,1,more than 30,more than 30,none,3 years,21 to 25,No,No,External,3 to 5,no change,1 vehicle,1996,All Perils
4,2,7,Toyota,Urban,1,7,3,Female,Married,35,Policy Holder,Sedan - All Perils,Sedan,20000 to 29000,0,11396,5,400,1,more than 30,more than 30,none,7 years,31 to 35,No,No,External,more than 5,no change,1 vehicle,1996,All Perils
7,5,3,Toyota,Urban,4,8,5,Female,Married,34,Policy Holder,Sedan - Liability,Sport,more than 69000,0,11397,4,400,1,more than 30,more than 30,1,7 years,31 to 35,No,No,External,3 to 5,no change,1 vehicle,1996,Liability
8,4,1,Nisson,Urban,2,8,4,Male,Married,54,Third Party,Sedan - All Perils,Sedan,30000 to 39000,0,11398,10,400,2,more than 30,more than 30,2 to 4,7 years,41 to 50,No,No,External,3 to 5,no change,1 vehicle,1996,All Perils
8,5,5,Ford,Urban,5,10,5,Male,Married,37,Policy Holder,Sedan - Collision,Sedan,30000 to 39000,0,11399,9,400,3,more than 30,more than 30,none,more than 7,36 to 40,No,No,External,3 to 5,no change,3 to 4,1996,Collision
10,2,3,Chevrolet,Rural,4,12,3,Male,Married,32,Third Party,Sedan - Collision,Sedan,20000 to 29000,0,11400,13,400,1,more than 30,more than 30,2 to 4,7 years,31 to 35,No,No,External,more than 5,no change,1 vehicle,1996,Collision
11,5,5,Pontiac,Urban,1,12,3,Male,Married,43,Third Party,Sedan - Collision,Sedan,less than 20000,0,11401,1,400,3,more than 30,more than 30,1,more than 7,36 to 40,No,No,External,1 to 2,no change,1 vehicle,1996,Collision
12,2,3,Honda,Urban,4,12,2,Male,Married,36,Policy Holder,Sedan - Collision,Sedan,30000 to 39000,0,11402,9,400,1,more than 30,more than 30,1,7 years,36 to 40,No,No,External,1 to 2,no change,1 vehicle,1996,Collision
12,3,4,Honda,Urban,3,12,4,Female,Married,48,Policy Holder,Sedan - Liability,Sport,30000 to 39000,0,11403,11,400,2,more than 30,more than 30,2 to 4,more than 7,41 to 50,No,No,External,1 to 2,no change,1 vehicle,1996,Liability
12,2,6,Mazda,Urban,3,12,2,Female,Married,33,Policy Holder,Sedan - All Perils,Sedan,less than 20000,0,11404,10,400,1,more than 30,more than 30,none,6 years,31 to 35,No,No,External,none,4 to 8 years,2 vehicles,1996,All Perils
12,1,5,Chevrolet,Urban,1,12,3,Male,Married,40,Policy Holder,Sedan - Liability,Sport,20000 to 29000,0,11405,1,400,2,more than 30,more than 30,2 to 4,6 years,36 to 40,Yes,No,External,none,no change,1 vehicle,1996,Liability
12,1,4,Honda,Urban,4,12,3,Male,Married,69,Policy Holder,Sedan - Collision,Sedan,20000 to 29000,0,11406,13,400,2,more than 30,more than 30,2 to 4,more than 7,over 65,No,No,External,3 to 5,no change,1 vehicle,1996,Collision
11,5,7,Toyota,Urban,2,10,4,Male,Married,46,Third Party,Sedan - Collision,Sedan,30000 to 39000,0,11407,8,400,3,more than 30,more than 30,none,more than 7,41 to 50,No,No,External,none,no change,1 vehicle,1996,Collision
10,3,1,Mazda,Rural,5,9,3,Male,Married,43,Policy Holder,Sedan - Collision,Sedan,30000 to 39000,0,11408,16,400,4,more than 30,more than 30,2 to 4,7 years,36 to 40,No,No,External,none,no change,1 vehicle,1996,Collision
8,5,4,Honda,Urban,4,7,2,Female,Widow,46,Policy Holder,Sedan - Collision,Sedan,20000 to 29000,0,11409,13,400,2,more than 30,more than 30,2 to 4,5 years,41 to 50,Yes,No,External,none,no change,1 vehicle,1996,Collision
7,3,6,Pontiac,Urban,3,4,3,Male,Married,50,Policy Holder,Sedan - Collision,Sedan,30000 to 39000,0,11410,5,400,3,more than 30,more than 30,2 to 4,more than 7,41 to 50,No,No,External,none,no change,1 vehicle,1996,Collision
4,2,7,Pontiac,Urban,3,5,4,Female,Married,51,Policy Holder,Sedan - Collision,Sedan,30000 to 39000,1,11411,6,400,3,more than 30,more than 30,1,more than 7,41 to 50,No,No,External,none,no change,1 vehicle,1996,Collision
4,5,6,Toyota,Urban,1,4,1,Male,Married,63,Policy Holder,Sedan - Liability,Sport,30000 to 39000,0,11412,6,400,3,more than 30,more than 30,more than 4,more than 7,51 to 65,Yes,No,Internal,none,no change,1 vehicle,1996,Liability
4,2,7,Pontiac,Rural,4,4,2,Male,Married,44,Policy Holder,Sedan - Collision,Sedan,30000 to 39000,1,11413,3,400,1,more than 30,more than 30,1,7 years,36 to 40,No,No,External,none,no change,1 vehicle,1996,Collision
4,2,6,Ford,Urban,2,5,2,Male,Married,77,Policy Holder,Sedan - All Perils,Sedan,less than 20000,0,11414,7,400,3,more than 30,more than 30,1,more than 7,over 65,No,No,External,more than 5,no change,1 vehicle,1996,All Perils
4,2,6,Pontiac,Urban,2,12,1,Male,Married,36,Policy Holder,Sedan - All Perils,Sedan,20000 to 29000,1,11415,12,400,4,more than 30,more than 30,2 to 4,7 years,36 to 40,No,No,External,more than 5,no change,1 vehicle,1996,All Perils
12,4,7,Pontiac,Urban,4,12,4,Male,Married,57,Policy Holder,Sedan - Collision,Sedan,20000 to 29000,0,11416,11,400,4,more than 30,more than 30,none,7 years,51 to 65,No,No,External,more than 5,no change,1 vehicle,1996,Collision
12,4,5,Mazda,Urban,1,12,5,Male,Single,29,Policy Holder,Sedan - Liability,Sport,20000 to 29000,0,11417,13,400,1,more than 30,more than 30,2 to 4,6 years,31 to 35,No,No,External,more than 5,no change,1 vehicle,1996,Liability
12,4,1,Honda,Urban,1,12,4,Male,Married,31,Policy Holder,Sedan - Collision,Sedan,more than 69000,0,11418,13,400,1,more than 30,more than 30,2 to 4,6 years,31 to 35,No,No,External,more than 5,no change,1 vehicle,1996,Collision
11,5,4,Pontiac,Urban,4,11,1,Female,Single,34,Policy Holder,Sedan - Collision,Sedan,more than 69000,0,11419,2,400,3,more than 30,more than 30,2 to 4,5 years,31 to 35,No,No,External,1 to 2,no change,1 vehicle,1996,Collision
11,4,5,Honda,Urban,2,12,4,Male,Married,29,Policy Holder,Sedan - Liability,Sport,more than 69000,0,11420,7,400,1,more than 30,more than 30,2 to 4,6 years,31 to 35,No,No,External,more than 5,no change,1 vehicle,1996,Liability
11,2,6,Toyota,Urban,2,11,4,Male,Married,31,Policy Holder,Sedan - Liability,Sport,20000 to 29000,0,11421,12,400,1,more than 30,more than 30,2 to 4,6 years,31 to 35,No,No,External,more than 5,no change,1 vehicle,1996,Liability
10,5,2,Toyota,Urban,2,10,2,Male,Married,64,Policy Holder,Sedan - Collision,Sedan,20000 to 29000,0,11422,6,400,4,more than 30,more than 30,none,7 years,51 to 65,No,No,External,more than 5,no change,1 vehicle,1996,Collision
10,4,7,Pontiac,Urban,3,9,4,Male,Married,26,Policy Holder,Sedan - Liability,Sport,20000 to 29000,0,11423,5,400,2,more than 30,more than 30,none,5 years,31 to 35,No,No,External,none,no change,1 vehicle,1996,Liability
9,4,5,Pontiac,Rural,5,9,5,Male,Single,49,Policy Holder,Utility - All Perils,Utility,more than 69000,0,11424,2,400,2,more than 30,more than 30,more than 4,more than 7,41 to 50,No,No,External,1 to 2,no change,1 vehicle,1996,All Perils
9,4,6,Mazda,Rural,2,9,4,Female,Single,36,Policy Holder,Sedan - Liability,Sport,20000 to 29000,0,11425,8,500,2,more than 30,more than 30,1,7 years,36 to 40,No,No,External,more than 5,2 to 3 years,2 vehicles,1996,Liability
9,2,2,Pontiac,Urban,2,8,2,Male,Single,56,Policy Holder,Sedan - All Perils,Sedan,20000 to 29000,0,11426,8,400,2,more than 30,more than 30,none,7 years,51 to 65,No,No,External,none,no change,1 vehicle,1996,All Perils
8,4,3,Honda,Urban,1,8,4,Male,Married,38,Policy Holder,Sedan - Collision,Sedan,30000 to 39000,0,11427,4,400,1,more than 30,more than 30,none,more than 7,36 to 40,No,No,External,3 to 5,no change,1 vehicle,1996,Collision
8,3,6,Chevrolet,Urban,7,9,4,Male,Married,61,Policy Holder,Sedan - All Perils,Sedan,20000 to 29000,0,11428,2,400,2,more than 30,more than 30,1,more than 7,51 to 65,No,No,External,3 to 5,no change,1 vehicle,1996,All Perils
7,5,4,Pontiac,Urban,2,6,1,Male,Married,44,Policy Holder,Sport - All Perils,Sport,20000 to 29000,0,11429,7,400,4,more than 30,more than 30,more than 4,7 years,36 to 40,No,No,External,more than 5,no change,1 vehicle,1996,All Perils
6,3,5,Chevrolet,Urban,4,6,5,Male,Married,39,Policy Holder,Sedan - All Perils,Sedan,20000 to 29000,0,11430,2,400,2,more than 30,more than 30,none,more than 7,36 to 40,No,No,External,3 to 5,no change,1 vehicle,1996,All Perils
6,2,6,Toyota,Rural,3,5,3,Male,Married,48,Policy Holder,Sedan - Collision,Sedan,20000 to 29000,0,11431,11,400,2,more than 30,more than 30,more than 4,more than 7,41 to 50,No,No,External,1 to 2,no change,1 vehicle,1996,Collision
5,4,1,Accura,Urban,3,5,4,Male,Married,49,Policy Holder,Sedan - Collision,Sedan,30000 to 39000,0,11432,4,400,3,more than 30,more than 30,2 to 4,7 years,41 to 50,No,No,External,1 to 2,no change,1 vehicle,1996,Collision
5,1,6,Pontiac,Urban,1,5,1,Male,Married,34,Policy Holder,Sedan - All Perils,Sedan,30000 to 39000,0,11433,14,400,1,more than 30,more than 30,2 to 4,6 years,31 to 35,No,No,External,more than 5,no change,1 vehicle,1996,All Perils
4,5,7,Mazda,Urban,1,4,1,Male,Married,46,Policy Holder,Sedan - All Perils,Sedan,20000 to 29000,0,11434,2,400,1,more than 30,more than 30,2 to 4,more than 7,41 to 50,No,No,External,more than 5,no change,1 vehicle,1996,All Perils
4,3,7,Mazda,Rural,1,4,4,Male,Married,60,Third Party,Sedan - Liability,Sport,20000 to 29000,0,11435,1,400,2,more than 30,more than 30,none,6 years,51 to 65,No,No,External,none,no change,1 vehicle,1996,Liability
4,2,3,Mazda,Rural,5,4,3,Male,Single,30,Third Party,Sport - Collision,Sport,more than 69000,0,11436,6,400,2,more than 30,more than 30,1,6 years,31 to 35,No,No,External,more than 5,no change,1 vehicle,1996,Collision
3,4,5,Mazda,Urban,2,9,1,Male,Married,43,Third Party,Sedan - Collision,Sedan,more than 69000,0,11437,15,400,2,more than 30,more than 30,2 to 4,more than 7,36 to 40,No,No,External,1 to 2,no change,1 vehicle,1996,Collision
9,1,4,Mazda,Urban,4,9,1,Male,Married,49,Third Party,Sedan - Collision,Sedan,20000 to 29000,0,11438,5,400,3,none,8 to 15,none,7 years,41 to 50,No,No,External,none,no change,1 vehicle,1996,Collision
9,1,1,Ford,Urban,1,9,1,Male,Married,44,Third Party,Sedan - Collision,Sedan,20000 to 29000,0,11439,7,400,2,more than 30,more than 30,1,7 years,36 to 40,No,No,External,more than 5,no change,1 vehicle,1996,Collision
9,3,7,Pontiac,Urban,4,2,3,Female,Married,31,Policy Holder,Sedan - Liability,Sport,20000 to 29000,0,11440,4,400,4,more than 30,more than 30,2 to 4,6 years,31 to 35,No,No,External,none,no change,3 to 4,1996,Liability
1,5,3,Honda,Urban,2,3,1,Male,Married,32,Third Party,Sedan - All Perils,Sedan,30000 to 39000,0,11441,4,400,2,more than 30,more than 30,1,7 years,31 to 35,No,No,External,1 to 2,no change,1 vehicle,1996,All Perils
3,2,2,Pontiac,Urban,2,5,4,Male,Married,55,Third Party,Sedan - Liability,Sport,20000 to 29000,0,11442,5,400,1,more than 30,more than 30,1,more than 7,41 to 50,No,No,External,more than 5,no change,1 vehicle,1996,Liability
5,4,4,Pontiac,Rural,2,5,4,Male,Married,44,Policy Holder,Sedan - Liability,Sport,30000 to 39000,0,11443,9,400,4,more than 30,more than 30,2 to 4,7 years,36 to 40,No,No,External,3 to 5,no change,1 vehicle,1996,Liability
5,3,1,Chevrolet,Urban,1,7,4,Male,Single,35,Third Party,Sedan - Collision,Sedan,20000 to 29000,0,11444,10,400,4,more than 30,more than 30,1,5 years,31 to 35,No,No,External,more than 5,no change,1 vehicle,1996,Collision
7,1,6,Chevrolet,Urban,3,11,1,Female,Married,27,Third Party,Sedan - Collision,Sedan,20000 to 29000,0,11445,5,400,2,more than 30,more than 30,1,6 years,31 to 35,No,No,External,1 to 2,no change,1 vehicle,1996,Collision
10,2,5,Chevrolet,Urban,1,10,4,Male,Married,42,Policy Holder,Sedan - Liability,Sport,30000 to 39000,0,11446,14,400,3,more than 30,more than 30,2 to 4,more than 7,36 to 40,No,No,External,more than 5,4 to 8 years,2 vehicles,1996,Liability
9,5,1,Honda,Urban,3,4,1,Male,Single,29,Policy Holder,Sedan - Liability,Sport,20000 to 29000,0,11447,10,400,3,more than 30,more than 30,2 to 4,5 years,31 to 35,No,No,External,more than 5,no change,1 vehicle,1996,Liability
4,2,1,Accura,Urban,3,6,4,Male,Married,50,Policy Holder,Sedan - Collision,Sedan,40000 to 59000,1,11448,10,400,4,more than 30,more than 30,2 to 4,more than 7,41 to 50,No,No,External,1 to 2,no change,1 vehicle,1996,Collision
5,2,4,Pontiac,Urban,4,5,2,Male,Married,29,Third Party,Sedan - Liability,Sport,30000 to 39000,0,11449,2,400,2,more than 30,more than 30,more than 4,6 years,31 to 35,No,No,External,1 to 2,no change,1 vehicle,1996,Liability
5,1,1,Toyota,Urban,2,4,1,Male,Married,42,Third Party,Sedan - All Perils,Sedan,20000 to 29000,0,11450,9,400,3,more than 30,more than 30,1,7 years,36 to 40,No,No,External,none,no change,1 vehicle,1996,All Perils
4,2,7,Honda,Urban,4,9,4,Male,Married,35,Policy Holder,Sedan - All Perils,Sedan,30000 to 39000,1,11451,16,400,2,more than 30,more than 30,none,6 years,31 to 35,No,No,External,1 to 2,no change,1 vehicle,1996,All Perils
9,1,7,Pontiac,Urban,5,9,2,Male,Married,77,Policy Holder,Sedan - Liability,Sport,less than 20000,0,11452,2,400,1,more than 30,more than 30,more than 4,more than 7,over 65,No,No,External,1 to 2,no change,1 vehicle,1996,Liability
9,1,5,Honda,Urban,4,10,2,Male,Married,43,Policy Holder,Sedan - All Perils,Sedan,20000 to 29000,0,11453,10,400,4,more than 30,more than 30,1,7 years,36 to 40,No,No,External,1 to 2,no change,1 vehicle,1996,All Perils
9,5,1,Ford,Urban,4,12,1,Male,Married,37,Policy Holder,Sedan - All Perils,Sedan,20000 to 29000,0,11454,10,400,2,more than 30,more than 30,2 to 4,more than 7,36 to 40,No,No,External,none,no change,1 vehicle,1996,All Perils
12,4,2,Mazda,Urban,1,2,5,Male,Single,32,Policy Holder,Sedan - Liability,Sport,30000 to 39000,0,11455,14,400,3,more than 30,more than 30,1,5 years,31 to 35,No,No,External,3 to 5,no change,1 vehicle,1996,Liability
2,3,5,Accura,Urban,3,3,4,Male,Married,50,Policy Holder,Sedan - All Perils,Sedan,30000 to 39000,0,11456,14,400,4,more than 30,more than 30,more than 4,more than 7,41 to 50,No,No,External,none,no change,1 vehicle,1996,All Perils
2,3,4,Accura,Urban,5,8,1,Male,Single,33,Policy Holder,Sedan - All Perils,Sedan,30000 to 39000,0,11457,14,400,3,more than 30,more than 30,none,7 years,31 to 35,No,No,External,more than 5,no change,1 vehicle,1996,All Perils
7,2,2,Pontiac,Urban,1,8,1,Male,Married,31,Policy Holder,Sedan - Collision,Sedan,40000 to 59000,0,11458,13,400,3,more than 30,more than 30,none,7 years,31 to 35,No,No,External,none,no change,1 vehicle,1996,Collision
8,1,3,Pontiac,Urban,1,7,2,Male,Single,38,Third Party,Sedan - Collision,Sedan,30000 to 39000,0,11459,13,400,3,more than 30,more than 30,none,7 years,36 to 40,No,No,External,more than 5,no change,1 vehicle,1996,Collision
7,3,1,Pontiac,Rural,4,5,4,Male,Married,41,Policy Holder,Sedan - Collision,Sedan,20000 to 29000,0,11460,1,400,2,more than 30,more than 30,2 to 4,7 years,36 to 40,No,No,External,more than 5,no change,1 vehicle,1996,Collision
4,2,1,Mazda,Urban,2,4,1,Female,Married,60,Third Party,Sedan - Collision,Sedan,30000 to 39000,0,11461,7,400,3,more than 30,more than 30,2 to 4,more than 7,51 to 65,No,No,External,more than 5,no change,1 vehicle,1996,Collision
4,2,1,Ford,Urban,2,12,3,Male,Married,29,Third Party,Sedan - All Perils,Sedan,40000 to 59000,0,11462,2,400,2,more than 30,more than 30,2 to 4,6 years,31 to 35,No,No,External,none,no change,1 vehicle,1996,All Perils
12,2,2,Toyota,Urban,4,12,3,Female,Single,44,Third Party,Sedan - All Perils,Sedan,less than 20000,0,11463,9,400,2,more than 30,more than 30,1,7 years,36 to 40,No,No,External,3 to 5,no change,1 vehicle,1996,All Perils
12,1,4,Pontiac,Urban,5,5,3,Female,Married,51,Policy Holder,Sedan - Liability,Sport,20000 to 29000,0,11464,1,400,3,more than 30,more than 30,1,7 years,41 to 50,No,No,External,3 to 5,no change,1 vehicle,1996,Liability
5,2,5,Pontiac,Urban,4,6,2,Male,Single,30,Policy Holder,Sedan - Liability,Sport,20000 to 29000,0,11465,4,400,1,more than 30,more than 30,2 to 4,5 years,31 to 35,No,No,External,more than 5,no change,1 vehicle,1996,Liability
5,2,1,Mazda,Urban,2,4,1,Male,Married,47,Policy Holder,Sedan - Liability,Sport,30000 to 39000,0,11466,4,400,4,more than 30,more than 30,2 to 4,more than 7,41 to 50,No,No,External,none,no change,1 vehicle,1996,Liability
4,1,3,Chevrolet,Urban,4,4,1,Male,Married,50,Policy Holder,Sedan - All Perils,Sedan,more than 69000,0,11467,11,400,1,more than 30,more than 30,1,5 years,41 to 50,No,No,External,none,1 year,2 vehicles,1996,All Perils
4,3,5,Honda,Urban,1,4,4,Male,Married,55,Policy Holder,Sedan - Collision,Sedan,more than 69000,0,11468,2,400,1,more than 30,more than 30,2 to 4,new,41 to 50,No,No,External,none,no change,1 vehicle,1996,Collision
4,2,4,Mazda,Urban,5,5,2,Female,Single,28,Policy Holder,Sedan - Collision,Sedan,30000 to 39000,0,11469,3,400,2,more than 30,more than 30,2 to 4,6 years,31 to 35,No,No,External,more than 5,no change,1 vehicle,1996,Collision
4,2,7,Chevrolet,Urban,5,5,1,Male,Married,61,Policy Holder,Sedan - Liability,Sport,20000 to 29000,0,11470,10,400,4,more than 30,more than 30,more than 4,more than 7,51 to 65,No,No,External,none,no change,1 vehicle,1996,Liability
5,2,1,Toyota,Urban,3,5,2,Male,Single,39,Policy Holder,Sedan - All Perils,Sedan,20000 to 29000,0,11471,15,700,4,more than 30,more than 30,2 to 4,7 years,36 to 40,No,No,External,none,no change,1 vehicle,1996,All Perils
5,2,4,Saab,Urban,1,8,2,Male,Married,35,Policy Holder,Sedan - Collision,Sedan,30000 to 39000,0,11472,2,400,2,more than 30,more than 30,1,7 years,31 to 35,No,No,External,more than 5,no change,1 vehicle,1996,Collision
8,1,5,Mazda,Urban,1,7,2,Male,Single,28,Third Party,Sedan - Collision,Sedan,20000 to 29000,0,11473,5,400,4,more than 30,more than 30,none,5 years,31 to 35,No,No,External,none,no change,1 vehicle,1996,Collision
7,4,5,Pontiac,Urban,3,8,4,Male,Married,49,Policy Holder,Sedan - Collision,Sedan,20000 to 29000,0,11474,13,400,4,more than 30,more than 30,more than 4,7 years,41 to 50,No,No,External,none,no change,1 vehicle,1996,Collision
8,1,2,Toyota,Urban,3,9,3,Male,Married,57,Third Party,Sedan - All Perils,Sedan,20000 to 29000,0,11475,7,400,4,more than 30,more than 30,none,more than 7,51 to 65,No,No,External,more than 5,no change,1 vehicle,1996,All Perils
9,1,3,Honda,Urban,2,11,1,Male,Married,23,Policy Holder,Sedan - Liability,Sport,30000 to 39000,0,11476,13,400,3,more than 30,more than 30,more than 4,5 years,26 to 30,No,No,External,none,2 to 3 years,1 vehicle,1996,Liability
11,3,1,Honda,Urban,4,4,4,Female,Single,18,Policy Holder,Sedan - Collision,Sedan,30000 to 39000,0,11477,1,400,2,more than 30,more than 30,2 to 4,2 years,21 to 25,No,No,External,1 to 2,no change,1 vehicle,1996,Collision
4,2,2,Chevrolet,Urban,5,7,3,Male,Single,42,Third Party,Sedan - All Perils,Sedan,more than 69000,0,11478,6,400,2,more than 30,more than 30,1,7 years,36 to 40,No,No,External,1 to 2,no change,1 vehicle,1996,All Perils
6,4,5,Pontiac,Rural,5,4,5,Male,Married,33,Policy Holder,Sedan - All Perils,Sedan,20000 to 29000,0,11479,13,400,1,more than 30,more than 30,none,6 years,31 to 35,No,No,External,none,no change,1 vehicle,1996,All Perils
3,2,6,Honda,Urban,1,5,5,Male,Married,29,Third Party,Sedan - All Perils,Sedan,30000 to 39000,0,11480,16,400,2,more than 30,more than 30,none,7 years,31 to 35,No,No,External,1 to 2,no change,1 vehicle,1996,All Perils
5,2,1,Pontiac,Rural,3,6,2,Male,Single,28,Policy Holder,Sedan - Collision,Sedan,20000 to 29000,0,11481,2,400,3,more than 30,more than 30,none,5 years,31 to 35,No,No,External,none,no change,3 to 4,1996,Collision
6,1,2,Pontiac,Urban,2,12,2,Male,Married,26,Policy Holder,Sedan - Liability,Sport,30000 to 39000,0,11482,14,400,1,more than 30,more than 30,more than 4,6 years,31 to 35,No,No,External,3 to 5,no change,1 vehicle,1996,Liability
12,3,1,Mazda,Urban,1,12,3,Male,Married,31,Policy Holder,Sedan - Liability,Sport,40000 to 59000,0,11483,13,400,1,more than 30,more than 30,1,7 years,31 to 35,No,No,External,more than 5,no change,1 vehicle,1996,Liability
12,3,5,Toyota,Urban,1,12,3,Male,Single,30,Third Party,Sedan - Collision,Sedan,20000 to 29000,0,11484,15,400,4,15 to 30,15 to 30,none,5 years,31 to 35,No,No,External,none,no change,1 vehicle,1996,Collision
12,3,2,Toyota,Urban,1,4,3,Male,Married,27,Third Party,Sedan - Collision,Sedan,30000 to 39000,0,11485,5,400,2,more than 30,more than 30,1,6 years,31 to 35,No,No,Internal,more than 5,no change,1 vehicle,1996,Collision
4,2,2,Honda,Urban,3,10,3,Female,Married,38,Third Party,Sedan - Collision,Sedan,less than 20000,0,11486,7,400,4,more than 30,more than 30,2 to 4,7 years,36 to 40,No,No,External,3 to 5,no change,1 vehicle,1996,Collision
10,3,1,Toyota,Urban,3,10,3,Female,Married,37,Policy Holder,Sedan - Collision,Sedan,less than 20000,0,11487,4,400,1,more than 30,more than 30,2 to 4,more than 7,36 to 40,No,No,External,none,no change,1 vehicle,1996,Collision
10,3,3,VW,Urban,2,9,3,Male,Married,47,Policy Holder,Sedan - Liability,Sport,more than 69000,0,11488,10,400,2,more than 30,more than 30,none,more than 7,41 to 50,No,No,External,more than 5,4 to 8 years,2 vehicles,1996,Liability
8,5,1,Chevrolet,Urban,1,5,2,Male,Married,46,Third Party,Sedan - Collision,Sedan,40000 to 59000,0,11489,15,400,3,1 to 7,more than 30,1,more than 7,41 to 50,Yes,No,External,none,no change,1 vehicle,1996,Collision
4,3,1,Pontiac,Urban,4,12,2,Male,Married,26,Policy Holder,Sedan - All Perils,Sedan,20000 to 29000,0,11490,9,400,1,more than 30,more than 30,1,6 years,31 to 35,No,No,External,none,no change,1 vehicle,1996,All Perils
12,3,3,Pontiac,Urban,2,12,4,Male,Single,27,Policy Holder,Sedan - Liability,Sport,20000 to 29000,0,11491,8,400,3,more than 30,more than 30,2 to 4,6 years,31 to 35,No,No,External,1 to 2,no change,1 vehicle,1996,Liability
12,3,1,Toyota,Urban,7,9,3,Male,Married,53,Policy Holder,Sedan - Collision,Sedan,20000 to 29000,0,11492,4,400,1,more than 30,more than 30,1,more than 7,41 to 50,No,No,External,none,no change,1 vehicle,1996,Collision
9,1,3,Ford,Urban,3,8,2,Female,Single,28,Third Party,Sedan - All Perils,Sedan,40000 to 59000,0,11493,4,400,1,more than 30,more than 30,none,6 years,31 to 35,No,No,External,none,no change,1 vehicle,1996,All Perils
8,2,2,Pontiac,Urban,3,4,3,Male,Married,37,Third Party,Sedan - All Perils,Sedan,20000 to 29000,0,11494,7,400,3,more than 30,more than 30,1,6 years,36 to 40,No,No,External,3 to 5,no change,1 vehicle,1996,All Perils
4,2,2,Toyota,Urban,3,8,3,Male,Married,33,Third Party,Sedan - All Perils,Sedan,20000 to 29000,0,11495,10,400,1,more than 30,more than 30,none,7 years,31 to 35,No,No,External,3 to 5,no change,1 vehicle,1996,All Perils
7,3,3,Pontiac,Urban,5,5,1,Male,Married,40,Policy Holder,Sedan - All Perils,Sedan,less than 20000,0,11496,1,400,2,more than 30,more than 30,1,7 years,36 to 40,No,No,External,3 to 5,no change,1 vehicle,1996,All Perils
5,1,1,Pontiac,Urban,2,10,1,Female,Married,34,Policy Holder,Sedan - Liability,Sport,20000 to 29000,0,11497,8,400,3,more than 30,more than 30,2 to 4,6 years,31 to 35,No,No,External,none,no change,1 vehicle,1996,Liability
10,2,7,Pontiac,Urban,2,12,2,Male,Single,22,Policy Holder,Sedan - Collision,Sedan,20000 to 29000,0,11498,16,400,4,more than 30,more than 30,none,5 years,26 to 30,No,No,External,more than 5,no change,1 vehicle,1996,Collision
10,2,1,Pontiac,Urban,1,9,3,Female,Single,43,Policy Holder,Sedan - Collision,Sedan,20000 to 29000,0,11499,16,400,1,more than 30,more than 30,2 to 4,more than 7,36 to 40,No,No,External,none,no change,1 vehicle,1996,Collision
9,2,2,Honda,Urban,5,5,3,Male,Married,47,Third Party,Sedan - All Perils,Sedan,20000 to 29000,0,11500,6,400,4,more than 30,more than 30,none,6 years,41 to 50,No,No,External,none,no change,1 vehicle,1996,All Perils
4,4,6,Toyota,Urban,5,4,1,Male,Married,37,Policy Holder,Sedan - Collision,Sedan,30000 to 39000,0,11501,11,400,3,more than 30,more than 30,none,7 years,36 to 40,No,No,External,more than 5,no change,1 vehicle,1996,Collision
4,4,3,Chevrolet,Rural,4,2,5,Male,Married,36,Third Party,Sedan - Liability,Sport,20000 to 29000,0,11502,12,700,1,more than 30,more than 30,2 to 4,more than 7,36 to 40,No,No,External,more than 5,no change,1 vehicle,1996,Liability
2,4,4,Toyota,Urban,1,9,4,Male,Single,33,Policy Holder,Sedan - Liability,Sport,20000 to 29000,0,11503,7,400,1,more than 30,more than 30,more than 4,6 years,31 to 35,No,No,External,none,no change,5 to 8,1996,Liability
9,4,3,Honda,Urban,3,8,4,Male,Single,25,Third Party,Sedan - Collision,Sedan,20000 to 29000,0,11504,5,400,3,more than 30,more than 30,1,5 years,26 to 30,No,No,External,more than 5,no change,1 vehicle,1996,Collision
7,4,1,Pontiac,Urban,2,7,1,Male,Single,43,Policy Holder,Sedan - Liability,Sport,30000 to 39000,0,11505,14,400,1,more than 30,more than 30,2 to 4,7 years,36 to 40,No,No,External,more than 5,no change,1 vehicle,1996,Liability
7,4,1,Chevrolet,Urban,4,4,4,Male,Married,30,Third Party,Sedan - Collision,Sedan,more than 69000,0,11506,6,400,3,more than 30,more than 30,2 to 4,6 years,31 to 35,No,No,External,more than 5,no change,1 vehicle,1996,Collision
3,5,3,Honda,Urban,4,5,2,Male,Married,55,Policy Holder,Sedan - Collision,Sedan,20000 to 29000,0,11507,3,400,3,more than 30,more than 30,1,7 years,41 to 50,No,No,External,none,no change,1 vehicle,1996,Collision
5,1,6,Toyota,Urban,4,6,1,Male,Married,37,Policy Holder,Sedan - Liability,Sport,20000 to 29000,0,11508,11,400,2,more than 30,more than 30,2 to 4,6 years,36 to 40,No,No,External,1 to 2,no change,1 vehicle,1996,Liability
6,1,6,Pontiac,Urban,2,9,2,Female,Married,30,Third Party,Sedan - All Perils,Sedan,less than 20000,0,11509,10,400,2,more than 30,more than 30,none,7 years,31 to 35,No,No,External,none,4 to 8 years,2 vehicles,1996,All Perils
7,5,2,Toyota,Urban,4,8,3,Male,Married,54,Third Party,Sedan - All Perils,Sedan,more than 69000,0,11510,12,400,2,more than 30,more than 30,1,more than 7,41 to 50,No,No,External,1 to 2,no change,1 vehicle,1996,All Perils
8,3,4,Toyota,Urban,1,10,3,Male,Married,32,Policy Holder,Sedan - Collision,Sedan,20000 to 29000,0,11511,5,400,2,more than 30,more than 30,1,7 years,31 to 35,No,No,External,1 to 2,no change,1 vehicle,1996,Collision
9,3,3,Pontiac,Rural,4,4,1,Male,Married,47,Third Party,Sedan - Collision,Sedan,20000 to 29000,0,11512,6,400,3,more than 30,more than 30,none,7 years,41 to 50,No,No,External,1 to 2,no change,1 vehicle,1996,Collision
4,2,4,Mazda,Urban,2,10,3,Male,Married,43,Policy Holder,Sedan - All Perils,Sedan,20000 to 29000,1,11513,10,400,2,more than 30,more than 30,2 to 4,7 years,36 to 40,No,No,External,none,no change,1 vehicle,1996,All Perils
9,4,2,Chevrolet,Urban,2,11,1,Male,Married,48,Policy Holder,Sedan - Liability,Sport,20000 to 29000,0,11514,16,400,3,more than 30,more than 30,1,7 years,41 to 50,No,No,External,none,no change,1 vehicle,1996,Liability
11,2,1,Pontiac,Urban,2,12,2,Male,Married,29,Policy Holder,Sedan - Liability,Sport,20000 to 29000,0,11515,8,400,4,more than 30,more than 30,2 to 4,5 years,31 to 35,No,No,External,none,no change,1 vehicle,1996,Liability
12,2,2,Pontiac,Urban,7,1,3,Male,Single,31,Policy Holder,Sedan - All Perils,Sedan,30000 to 39000,0,11516,12,400,1,more than 30,more than 30,2 to 4,5 years,31 to 35,No,No,External,more than 5,no change,1 vehicle,1996,All Perils
12,4,3,Toyota,Urban,4,5,1,Female,Single,20,Third Party,Sedan - Collision,Sedan,20000 to 29000,0,11517,4,400,1,more than 30,more than 30,1,3 years,21 to 25,No,No,External,1 to 2,no change,1 vehicle,1996,Collision
5,1,3,VW,Urban,4,5,1,Female,Married,31,Policy Holder,Sedan - Liability,Sport,20000 to 29000,0,11518,9,400,3,more than 30,more than 30,1,6 years,31 to 35,No,No,External,more than 5,no change,1 vehicle,1996,Liability
5,1,5,Honda,Urban,1,8,1,Male,Married,40,Policy Holder,Sedan - Liability,Sport,30000 to 39000,0,11519,12,400,1,more than 30,more than 30,2 to 4,7 years,36 to 40,No,No,External,1 to 2,no change,1 vehicle,1996,Liability
8,3,4,Pontiac,Rural,2,10,5,Male,Married,38,Policy Holder,Sedan - Collision,Sedan,20000 to 29000,0,11520,2,400,3,more than 30,more than 30,none,7 years,36 to 40,No,No,External,more than 5,no change,1 vehicle,1996,Collision
8,3,7,Pontiac,Urban,1,10,2,Male,Single,28,Third Party,Sedan - Collision,Sedan,20000 to 29000,0,11521,11,400,3,more than 30,more than 30,2 to 4,5 years,31 to 35,No,No,External,none,no change,1 vehicle,1996,Collision
9,1,4,Pontiac,Urban,2,4,2,Male,Married,55,Policy Holder,Sedan - Liability,Sport,30000 to 39000,0,11522,16,400,3,more than 30,more than 30,more than 4,more than 7,41 to 50,No,No,External,more than 5,no change,3 to 4,1996,Liability
4,2,3,Ford,Urban,4,9,3,Male,Married,50,Third Party,Sedan - All Perils,Sedan,40000 to 59000,0,11523,1,400,4,more than 30,more than 30,none,more than 7,41 to 50,No,No,External,more than 5,no change,1 vehicle,1996,All Perils
9,2,2,Toyota,Urban,5,12,3,Male,Married,65,Policy Holder,Sedan - Collision,Sedan,20000 to 29000,0,11524,4,400,3,more than 30,more than 30,2 to 4,more than 7,51 to 65,No,No,External,none,no change,1 vehicle,1996,Collision
12,1,1,Accura,Urban,2,12,4,Female,Single,35,Policy Holder,Sedan - Liability,Sport,more than 69000,0,11525,8,400,1,more than 30,more than 30,more than 4,7 years,31 to 35,No,No,External,more than 5,no change,1 vehicle,1996,Liability
12,2,3,Toyota,Urban,5,12,2,Male,Single,26,Third Party,Sedan - Collision,Sedan,20000 to 29000,0,11526,8,400,4,more than 30,more than 30,more than 4,6 years,31 to 35,No,No,External,3 to 5,no change,1 vehicle,1996,Collision
12,3,3,Toyota,Urban,4,12,4,Male,Married,42,Policy Holder,Sedan - Collision,Sedan,20000 to 29000,0,11527,7,500,2,more than 30,more than 30,none,7 years,36 to 40,No,No,External,none,2 to 3 years,1 vehicle,1996,Collision
12,3,7,Mazda,Urban,1,9,5,Male,Married,39,Policy Holder,Sedan - Liability,Sport,20000 to 29000,0,11528,6,400,1,more than 30,more than 30,2 to 4,5 years,36 to 40,No,No,External,1 to 2,no change,1 vehicle,1996,Liability
9,3,7,Honda,Urban,2,9,3,Male,Married,54,Policy Holder,Sedan - Liability,Sport,30000 to 39000,0,11529,16,400,2,more than 30,more than 30,more than 4,7 years,41 to 50,No,No,External,none,no change,1 vehicle,1996,Liability
9,3,4,Pontiac,Urban,2,5,3,Male,Married,35,Policy Holder,Sedan - Collision,Sedan,20000 to 29000,0,11530,7,400,3,more than 30,more than 30,2 to 4,6 years,31 to 35,No,No,External,none,4 to 8 years,2 vehicles,1996,Collision
4,2,6,Pontiac,Urban,4,9,3,Male,Married,54,Third Party,Sedan - All Perils,Sedan,30000 to 39000,0,11531,6,400,4,more than 30,more than 30,1,more than 7,41 to 50,No,No,External,3 to 5,no change,1 vehicle,1996,All Perils
9,2,6,Honda,Urban,5,9,3,Female,Married,32,Policy Holder,Sport - Collision,Sport,more than 69000,0,11532,13,400,2,8 to 15,8 to 15,none,2 years,31 to 35,No,No,External,none,no change,1 vehicle,1996,Collision
9,1,1,Pontiac,Urban,3,6,5,Male,Married,74,Policy Holder,Sedan - All Perils,Sedan,less than 20000,0,11533,16,700,3,more than 30,more than 30,none,more than 7,over 65,No,No,External,more than 5,no change,1 vehicle,1996,All Perils
6,4,5,Mazda,Urban,2,6,5,Female,Single,28,Policy Holder,Sedan - Collision,Sedan,20000 to 29000,0,11534,12,400,4,more than 30,more than 30,none,6 years,31 to 35,No,No,External,1 to 2,no change,1 vehicle,1996,Collision
6,1,4,Honda,Urban,4,5,1,Male,Married,35,Policy Holder,Sedan - Liability,Sport,20000 to 29000,0,11535,8,400,3,more than 30,more than 30,1,7 years,31 to 35,No,No,External,more than 5,no change,1 vehicle,1996,Liability
5,2,7,Honda,Urban,4,5,2,Male,Single,33,Third Party,Sedan - Collision,Sedan,30000 to 39000,0,11536,4,400,1,more than 30,more than 30,none,6 years,31 to 35,No,No,External,none,no change,1 vehicle,1996,Collision
5,2,6,Mazda,Urban,5,5,2,Male,Divorced,41,Policy Holder,Sedan - Collision,Sedan,20000 to 29000,0,11537,2,400,2,more than 30,more than 30,2 to 4,7 years,36 to 40,No,No,External,more than 5,no change,1 vehicle,1996,Collision
5,1,4,Toyota,Urban,3,5,2,Male,Married,40,Policy Holder,Sedan - Collision,Sedan,20000 to 29000,0,11538,6,400,1,more than 30,more than 30,2 to 4,more than 7,36 to 40,No,No,External,more than 5,no change,1 vehicle,1996,Collision
5,1,6,Chevrolet,Urban,4,10,2,Male,Married,28,Policy Holder,Utility - All Perils,Utility,more than 69000,0,11539,1,400,2,more than 30,more than 30,2 to 4,7 years,31 to 35,No,No,External,3 to 5,no change,1 vehicle,1996,All Perils
4,4,2,Toyota,Rural,1,1,1,Male,Married,56,Policy Holder,Sedan - Collision,Sedan,30000 to 39000,0,11540,5,400,1,more than 30,more than 30,2 to 4,more than 7,51 to 65,No,No,External,1 to 2,no change,1 vehicle,1996,Collision
1,1,1,Toyota,Urban,3,12,2,Female,Married,33,Policy Holder,Sedan - All Perils,Sedan,less than 20000,0,11541,8,400,3,more than 30,more than 30,2 to 4,3 years,31 to 35,No,No,External,none,no change,1 vehicle,1996,All Perils
12,4,2,Toyota,Urban,2,12,5,Male,Married,36,Policy Holder,Sedan - All Perils,Sedan,20000 to 29000,0,11542,4,400,1,more than 30,more than 30,1,7 years,36 to 40,No,No,External,3 to 5,no change,1 vehicle,1996,All Perils
12,2,1,Mazda,Urban,3,11,3,Female,Married,31,Policy Holder,Sedan - Liability,Sport,20000 to 29000,0,11543,1,400,3,more than 30,more than 30,1,7 years,31 to 35,No,No,External,3 to 5,no change,1 vehicle,1996,Liability
11,2,6,Mazda,Urban,5,10,2,Male,Single,20,Policy Holder,Sedan - Liability,Sport,20000 to 29000,0,11544,15,400,2,more than 30,more than 30,more than 4,2 years,21 to 25,Yes,No,External,1 to 2,no change,1 vehicle,1996,Liability
10,3,4,Chevrolet,Urban,4,10,4,Male,Married,54,Third Party,Sedan - Collision,Sedan,30000 to 39000,0,11545,15,400,1,more than 30,more than 30,none,6 years,41 to 50,No,No,External,none,no change,1 vehicle,1996,Collision
10,2,4,Honda,Urban,2,10,2,Male,Single,31,Policy Holder,Sedan - Collision,Sedan,20000 to 29000,0,11546,5,400,2,more than 30,more than 30,2 to 4,5 years,31 to 35,No,No,External,none,no change,1 vehicle,1996,Collision
9,5,3,Mazda,Rural,5,9,1,Male,Married,36,Third Party,Sedan - Liability,Sport,40000 to 59000,0,11547,16,400,4,more than 30,more than 30,2 to 4,more than 7,36 to 40,No,No,External,more than 5,no change,1 vehicle,1996,Liability
9,4,3,Mazda,Urban,3,9,4,Male,Married,45,Policy Holder,Sedan - Collision,Sedan,20000 to 29000,0,11548,10,400,4,more than 30,more than 30,2 to 4,7 years,36 to 40,No,No,External,1 to 2,no change,1 vehicle,1996,Collision
9,4,7,Toyota,Urban,1,9,4,Male,Single,44,Policy Holder,Sedan - All Perils,Sedan,less than 20000,0,11549,5,400,4,more than 30,more than 30,1,6 years,36 to 40,No,No,External,3 to 5,no change,1 vehicle,1996,All Perils
9,3,3,Mercury,Urban,4,9,3,Male,Married,44,Policy Holder,Sedan - All Perils,Sedan,more than 69000,0,11550,16,400,1,more than 30,more than 30,none,7 years,36 to 40,No,No,External,1 to 2,no change,1 vehicle,1996,All Perils
9,3,3,Pontiac,Urban,2,11,3,Female,Married,79,Policy Holder,Sedan - Liability,Sport,20000 to 29000,0,11551,14,400,1,more than 30,more than 30,2 to 4,7 years,over 65,No,No,External,3 to 5,4 to 8 years,2 vehicles,1996,Liability
9,3,4,Toyota,Urban,1,9,2,Male,Single,40,Policy Holder,Sedan - All Perils,Sedan,20000 to 29000,0,11552,15,400,3,more than 30,more than 30,2 to 4,7 years,36 to 40,No,No,External,none,no change,1 vehicle,1996,All Perils
9,1,1,Mazda,Urban,4,9,2,Male,Married,45,Policy Holder,Sedan - Liability,Sport,30000 to 39000,0,11553,1,400,1,more than 30,more than 30,more than 4,7 years,36 to 40,No,No,External,1 to 2,no change,1 vehicle,1996,Liability
8,4,7,Toyota,Urban,3,9,1,Male,Married,31,Third Party,Sedan - Collision,Sedan,20000 to 29000,0,11554,3,400,1,more than 30,more than 30,1,7 years,31 to 35,No,No,External,1 to 2,no change,1 vehicle,1996,Collision
8,3,6,Saturn,Urban,2,4,2,Male,Married,39,Policy Holder,Sedan - Collision,Sedan,30000 to 39000,0,11555,13,400,4,more than 30,more than 30,2 to 4,7 years,36 to 40,No,No,External,3 to 5,no change,1 vehicle,1996,Collision
4,3,6,Mazda,Urban,1,6,3,Male,Married,72,Third Party,Sedan - All Perils,Sedan,20000 to 29000,0,11556,10,400,3,more than 30,more than 30,none,more than 7,over 65,No,No,External,none,no change,1 vehicle,1996,All Perils
6,1,4,Mercury,Urban,1,6,1,Female,Married,29,Policy Holder,Sedan - Collision,Sedan,more than 69000,0,11557,7,400,2,more than 30,more than 30,2 to 4,6 years,31 to 35,No,No,External,more than 5,no change,1 vehicle,1996,Collision
5,4,5,Honda,Urban,2,5,2,Male,Married,27,Policy Holder,Sedan - Liability,Sport,20000 to 29000,0,11558,10,400,3,more than 30,more than 30,2 to 4,6 years,31 to 35,No,No,External,more than 5,1 year,1 vehicle,1996,Liability
5,2,4,Toyota,Urban,3,6,3,Male,Married,48,Policy Holder,Sedan - All Perils,Sedan,less than 20000,0,11559,15,400,3,more than 30,more than 30,none,more than 7,41 to 50,No,No,External,none,no change,1 vehicle,1996,All Perils
5,1,6,Pontiac,Urban,1,4,1,Male,Married,37,Policy Holder,Sedan - Collision,Sedan,30000 to 39000,0,11560,9,400,4,more than 30,more than 30,2 to 4,7 years,36 to 40,No,No,External,none,no change,1 vehicle,1996,Collision
4,1,5,Honda,Urban,1,3,1,Male,Single,0,Policy Holder,Sedan - All Perils,Sedan,more than 69000,0,11561,15,400,1,more than 30,more than 30,none,new,16 to 17,No,No,External,none,no change,1 vehicle,1996,All Perils
3,2,1,Ford,Urban,2,2,3,Male,Married,56,Policy Holder,Sedan - Liability,Sport,30000 to 39000,0,11562,9,400,4,more than 30,more than 30,none,more than 7,51 to 65,No,No,External,none,no change,1 vehicle,1996,Liability
2,4,5,Honda,Urban,1,5,4,Male,Married,44,Policy Holder,Sedan - All Perils,Sedan,20000 to 29000,0,11563,10,400,3,more than 30,more than 30,none,6 years,36 to 40,No,No,External,none,no change,3 to 4,1996,All Perils
5,4,6,Chevrolet,Urban,1,5,5,Female,Single,40,Policy Holder,Sedan - Liability,Sport,30000 to 39000,0,11564,15,700,3,more than 30,more than 30,2 to 4,7 years,36 to 40,No,No,External,more than 5,no change,1 vehicle,1996,Liability
5,3,3,Mazda,Urban,3,5,4,Male,Married,33,Third Party,Sedan - Collision,Sedan,more than 69000,0,11565,2,400,3,more than 30,more than 30,2 to 4,7 years,31 to 35,No,No,External,1 to 2,no change,1 vehicle,1996,Collision
5,3,2,Chevrolet,Urban,2,9,3,Male,Married,77,Third Party,Sedan - Liability,Sport,30000 to 39000,0,11566,5,400,2,more than 30,more than 30,none,6 years,over 65,No,No,External,more than 5,no change,1 vehicle,1996,Liability
9,3,2,Honda,Urban,2,6,3,Male,Married,36,Policy Holder,Sedan - Liability,Sport,more than 69000,0,11567,6,400,2,more than 30,more than 30,more than 4,7 years,36 to 40,No,No,External,more than 5,no change,1 vehicle,1996,Liability
6,2,1,Dodge,Urban,5,6,2,Male,Married,37,Policy Holder,Sedan - Liability,Sport,more than 69000,0,11568,9,400,4,more than 30,more than 30,more than 4,7 years,36 to 40,No,No,External,3 to 5,no change,1 vehicle,1996,Liability
6,1,7,Accura,Urban,2,7,2,Male,Married,43,Policy Holder,Sedan - Liability,Sport,40000 to 59000,0,11569,9,400,4,more than 30,more than 30,more than 4,7 years,36 to 40,No,No,External,none,no change,1 vehicle,1996,Liability
7,3,3,Honda,Urban,5,7,4,Female,Single,43,Policy Holder,Sedan - All Perils,Sedan,less than 20000,0,11570,9,400,3,more than 30,more than 30,1,6 years,36 to 40,No,No,External,more than 5,no change,1 vehicle,1996,All Perils
7,2,1,Pontiac,Urban,4,9,3,Male,Married,52,Policy Holder,Sedan - Liability,Sport,20000 to 29000,0,11571,9,400,3,more than 30,more than 30,more than 4,more than 7,41 to 50,No,No,External,none,no change,1 vehicle,1996,Liability
9,1,1,Honda,Urban,2,11,2,Male,Married,26,Policy Holder,Sedan - All Perils,Sedan,more than 69000,0,11572,12,400,3,more than 30,more than 30,none,new,31 to 35,No,No,External,none,4 to 8 years,2 vehicles,1996,All Perils
11,4,2,Honda,Urban,4,11,4,Male,Married,34,Policy Holder,Sedan - Liability,Sport,30000 to 39000,0,11573,10,400,4,more than 30,more than 30,1,7 years,31 to 35,No,No,External,none,no change,1 vehicle,1996,Liability
11,3,1,Pontiac,Urban,1,10,3,Male,Married,45,Policy Holder,Sedan - Liability,Sport,20000 to 29000,0,11574,5,400,1,more than 30,more than 30,2 to 4,7 years,36 to 40,No,No,External,none,no change,1 vehicle,1996,Liability
10,2,1,Chevrolet,Urban,3,12,2,Male,Married,28,Policy Holder,Sedan - Collision,Sedan,20000 to 29000,0,11575,1,400,2,more than 30,more than 30,none,6 years,31 to 35,No,No,External,none,no change,1 vehicle,1996,Collision
12,3,4,Mazda,Rural,4,3,4,Male,Single,30,Policy Holder,Sedan - Collision,Sedan,20000 to 29000,0,11576,13,400,4,more than 30,more than 30,2 to 4,6 years,31 to 35,No,No,External,1 to 2,no change,1 vehicle,1996,Collision
3,1,1,Toyota,Urban,5,11,1,Male,Married,32,Policy Holder,Sedan - Collision,Sedan,20000 to 29000,0,11577,12,400,2,more than 30,more than 30,2 to 4,7 years,31 to 35,No,No,External,3 to 5,no change,1 vehicle,1996,Collision
10,3,4,Honda,Urban,5,11,4,Male,Married,35,Third Party,Sedan - Collision,Sedan,30000 to 39000,1,11578,1,500,4,more than 30,more than 30,2 to 4,7 years,31 to 35,No,No,External,none,2 to 3 years,1 vehicle,1996,Collision
11,4,3,Toyota,Urban,4,11,4,Male,Married,52,Policy Holder,Sedan - All Perils,Sedan,20000 to 29000,0,11579,7,400,3,more than 30,more than 30,1,more than 7,41 to 50,Yes,No,External,1 to 2,no change,1 vehicle,1996,All Perils
11,4,6,Toyota,Urban,1,1,5,Male,Married,29,Policy Holder,Sedan - Liability,Sport,20000 to 29000,0,11580,14,400,2,more than 30,more than 30,2 to 4,7 years,31 to 35,No,No,External,more than 5,no change,1 vehicle,1996,Liability
12,5,1,Toyota,Urban,2,6,1,Female,Married,27,Policy Holder,Sedan - Collision,Sedan,20000 to 29000,0,11581,5,400,1,more than 30,more than 30,2 to 4,6 years,31 to 35,No,No,External,1 to 2,no change,1 vehicle,1996,Collision
6,2,3,Mazda,Urban,5,6,3,Male,Married,42,Policy Holder,Sedan - Liability,Sport,20000 to 29000,0,11582,7,400,4,more than 30,more than 30,1,more than 7,36 to 40,No,No,Internal,1 to 2,no change,1 vehicle,1996,Liability
6,4,7,Chevrolet,Urban,1,6,4,Male,Married,36,Third Party,Sedan - Liability,Sport,30000 to 39000,0,11583,4,400,3,more than 30,more than 30,2 to 4,more than 7,36 to 40,No,No,External,more than 5,no change,1 vehicle,1996,Liability
4,3,2,Toyota,Urban,2,9,4,Male,Married,31,Policy Holder,Sedan - Collision,Sedan,less than 20000,1,11584,7,400,4,more than 30,more than 30,none,6 years,31 to 35,No,No,External,none,no change,1 vehicle,1996,Collision
9,1,6,Honda,Urban,2,12,1,Male,Single,22,Third Party,Sedan - Collision,Sedan,20000 to 29000,0,11585,8,400,3,more than 30,more than 30,1,5 years,26 to 30,No,No,External,none,no change,1 vehicle,1996,Collision
12,4,2,VW,Urban,3,1,4,Male,Married,40,Policy Holder,Sedan - Liability,Sport,40000 to 59000,0,11586,1,400,3,more than 30,more than 30,more than 4,more than 7,36 to 40,No,No,External,more than 5,no change,1 vehicle,1996,Liability
1,3,4,Mazda,Urban,3,3,3,Male,Single,26,Policy Holder,Sedan - Collision,Sedan,20000 to 29000,0,11587,15,400,3,more than 30,more than 30,1,6 years,31 to 35,No,No,External,1 to 2,no change,1 vehicle,1996,Collision
3,1,1,Ford,Urban,1,6,2,Male,Single,47,Policy Holder,Sedan - Liability,Sport,40000 to 59000,0,11588,3,400,3,more than 30,more than 30,2 to 4,6 years,41 to 50,No,No,External,none,no change,1 vehicle,1996,Liability
6,2,5,Toyota,Rural,5,6,2,Male,Married,32,Policy Holder,Sedan - Liability,Sport,20000 to 29000,0,11589,10,400,2,more than 30,more than 30,2 to 4,5 years,31 to 35,No,No,External,none,no change,1 vehicle,1996,Liability
6,2,6,Toyota,Urban,2,5,2,Male,Married,35,Policy Holder,Sedan - Liability,Sport,30000 to 39000,0,11590,6,400,1,more than 30,more than 30,more than 4,7 years,31 to 35,No,No,External,none,no change,1 vehicle,1996,Liability
5,4,4,Mazda,Urban,3,7,5,Male,Single,22,Policy Holder,Sedan - Liability,Sport,30000 to 39000,0,11591,9,400,1,more than 30,more than 30,2 to 4,6 years,26 to 30,No,No,External,more than 5,no change,1 vehicle,1996,Liability
7,2,5,Honda,Urban,2,10,2,Male,Married,41,Policy Holder,Sedan - Liability,Sport,20000 to 29000,0,11592,7,400,3,more than 30,more than 30,more than 4,6 years,36 to 40,No,No,External,more than 5,no change,1 vehicle,1996,Liability
9,4,7,Honda,Urban,5,9,1,Male,Married,30,Policy Holder,Sedan - Collision,Sedan,20000 to 29000,0,11593,7,400,1,more than 30,more than 30,none,6 years,31 to 35,No,No,External,none,4 to 8 years,2 vehicles,1996,Collision
9,4,2,Honda,Urban,4,10,5,Female,Single,35,Policy Holder,Sedan - Liability,Sport,20000 to 29000,0,11594,15,400,1,more than 30,more than 30,2 to 4,6 years,31 to 35,No,No,External,3 to 5,no change,1 vehicle,1996,Liability
10,4,6,VW,Urban,5,11,4,Male,Divorced,42,Policy Holder,Sedan - Collision,Sedan,40000 to 59000,0,11595,9,700,1,more than 30,more than 30,2 to 4,more than 7,36 to 40,No,No,External,1 to 2,no change,1 vehicle,1996,Collision
10,4,4,Dodge,Urban,4,1,1,Male,Married,47,Policy Holder,Sedan - Liability,Sport,30000 to 39000,0,11596,1,400,1,more than 30,more than 30,1,7 years,41 to 50,No,No,External,3 to 5,no change,1 vehicle,1996,Liability
12,4,4,Accura,Urban,4,12,2,Male,Married,67,Third Party,Sedan - All Perils,Sedan,30000 to 39000,0,11597,4,400,4,more than 30,more than 30,1,more than 7,over 65,No,No,External,3 to 5,no change,1 vehicle,1996,All Perils
12,4,3,Ford,Urban,5,6,5,Male,Married,38,Policy Holder,Sedan - All Perils,Sedan,40000 to 59000,0,11598,6,400,3,more than 30,more than 30,2 to 4,more than 7,36 to 40,No,No,External,3 to 5,no change,1 vehicle,1996,All Perils
6,2,4,Pontiac,Urban,5,5,2,Male,Married,44,Third Party,Sedan - Liability,Sport,30000 to 39000,0,11599,1,400,1,more than 30,more than 30,none,more than 7,36 to 40,No,No,External,more than 5,no change,1 vehicle,1996,Liability
5,3,1,Chevrolet,Urban,2,4,3,Male,Married,44,Third Party,Sedan - All Perils,Sedan,20000 to 29000,0,11600,2,400,2,more than 30,more than 30,none,more than 7,36 to 40,No,No,External,1 to 2,no change,1 vehicle,1996,All Perils
4,3,7,Honda,Urban,1,5,4,Male,Married,42,Policy Holder,Sedan - Liability,Sport,more than 69000,1,11601,10,400,2,more than 30,more than 30,none,7 years,36 to 40,No,No,External,more than 5,no change,1 vehicle,1996,Liability
5,3,1,Honda,Rural,1,9,3,Male,Married,56,Third Party,Sedan - Liability,Sport,20000 to 29000,0,11602,6,400,2,more than 30,more than 30,1,7 years,51 to 65,No,No,External,none,no change,1 vehicle,1996,Liability
8,5,6,Toyota,Urban,2,11,3,Male,Married,60,Third Party,Sedan - Liability,Sport,30000 to 39000,0,11603,12,400,3,more than 30,more than 30,2 to 4,more than 7,51 to 65,No,No,External,1 to 2,no change,1 vehicle,1996,Liability
11,1,3,Dodge,Urban,4,10,2,Female,Married,52,Third Party,Sedan - All Perils,Sedan,20000 to 29000,0,11604,14,400,3,more than 30,more than 30,2 to 4,more than 7,41 to 50,No,No,External,1 to 2,no change,3 to 4,1996,All Perils
10,4,3,Honda,Urban,4,12,4,Male,Single,30,Policy Holder,Sedan - Liability,Sport,20000 to 29000,0,11605,1,400,3,more than 30,more than 30,2 to 4,5 years,31 to 35,No,No,External,none,no change,1 vehicle,1996,Liability
12,3,1,Ford,Urban,4,4,5,Male,Married,49,Policy Holder,Utility - All Perils,Utility,more than 69000,0,11606,14,400,3,more than 30,more than 30,none,more than 7,41 to 50,No,No,External,none,no change,1 vehicle,1996,All Perils
4,3,5,Toyota,Urban,5,10,3,Male,Married,58,Third Party,Sedan - All Perils,Sedan,less than 20000,0,11607,1,400,1,more than 30,more than 30,none,more than 7,51 to 65,No,No,External,1 to 2,no change,1 vehicle,1996,All Perils
10,2,1,Toyota,Urban,5,8,2,Female,Single,26,Policy Holder,Sedan - Collision,Sedan,20000 to 29000,0,11608,12,400,1,more than 30,more than 30,none,6 years,31 to 35,No,No,External,none,no change,1 vehicle,1996,Collision
8,3,7,Mazda,Urban,3,5,3,Male,Single,35,Policy Holder,Sedan - Collision,Sedan,20000 to 29000,0,11609,6,400,2,more than 30,more than 30,2 to 4,6 years,31 to 35,No,No,External,none,no change,1 vehicle,1996,Collision
5,3,2,Saab,Urban,2,10,3,Male,Married,47,Policy Holder,Sedan - Collision,Sedan,30000 to 39000,0,11610,1,400,2,more than 30,more than 30,more than 4,more than 7,41 to 50,No,No,External,none,no change,1 vehicle,1996,Collision
10,3,3,Pontiac,Urban,4,10,3,Male,Single,29,Policy Holder,Sedan - Liability,Sport,less than 20000,0,11611,13,400,1,more than 30,more than 30,2 to 4,6 years,31 to 35,No,No,External,more than 5,no change,1 vehicle,1996,Liability
10,3,6,Toyota,Urban,1,10,3,Male,Married,36,Policy Holder,Sedan - Collision,Sedan,20000 to 29000,0,11612,11,400,1,more than 30,more than 30,more than 4,7 years,36 to 40,No,No,External,3 to 5,no change,1 vehicle,1996,Collision
10,1,1,Ford,Urban,5,10,1,Male,Married,50,Policy Holder,Sedan - Liability,Sport,30000 to 39000,0,11613,11,400,2,more than 30,more than 30,1,more than 7,41 to 50,No,No,External,3 to 5,no change,1 vehicle,1996,Liability
8,1,2,Toyota,Urban,3,8,4,Male,Married,49,Third Party,Sedan - All Perils,Sedan,20000 to 29000,0,11614,2,400,4,more than 30,more than 30,none,more than 7,41 to 50,No,No,External,none,4 to 8 years,2 vehicles,1996,All Perils
7,2,4,Honda,Urban,5,6,3,Male,Single,42,Policy Holder,Sedan - Collision,Sedan,less than 20000,0,11615,10,400,4,more than 30,more than 30,1,7 years,36 to 40,No,No,External,none,no change,1 vehicle,1996,Collision
6,3,5,Pontiac,Urban,2,5,3,Male,Married,51,Policy Holder,Sedan - Liability,Sport,30000 to 39000,0,11616,6,400,4,more than 30,more than 30,2 to 4,7 years,41 to 50,No,No,External,none,no change,1 vehicle,1996,Liability
3,3,4,Pontiac,Urban,5,11,3,Male,Single,39,Policy Holder,Sedan - Collision,Sedan,less than 20000,0,11617,8,400,1,more than 30,more than 30,more than 4,more than 7,36 to 40,No,No,External,none,no change,1 vehicle,1996,Collision
1,4,3,Toyota,Urban,5,11,1,Male,Married,41,Policy Holder,Sedan - All Perils,Sedan,more than 69000,0,11618,7,400,3,more than 30,more than 30,2 to 4,more than 7,36 to 40,No,No,External,3 to 5,no change,1 vehicle,1996,All Perils
11,1,7,Chevrolet,Urban,3,6,1,Female,Single,30,Policy Holder,Sedan - Liability,Sport,20000 to 29000,0,11619,9,400,2,more than 30,more than 30,2 to 4,6 years,31 to 35,No,No,External,none,no change,1 vehicle,1996,Liability
6,2,1,Pontiac,Urban,4,4,3,Female,Married,54,Policy Holder,Sedan - Liability,Sport,20000 to 29000,0,11620,14,400,2,more than 30,more than 30,2 to 4,6 years,41 to 50,No,No,External,3 to 5,no change,1 vehicle,1996,Liability
4,1,4,Mazda,Urban,2,11,2,Male,Married,35,Policy Holder,Sedan - Liability,Sport,20000 to 29000,0,11621,13,400,4,more than 30,more than 30,more than 4,6 years,31 to 35,No,No,External,none,no change,1 vehicle,1996,Liability
11,3,3,Honda,Urban,3,11,4,Female,Married,40,Third Party,Sedan - All Perils,Sedan,20000 to 29000,0,11622,12,400,3,more than 30,more than 30,none,7 years,36 to 40,No,No,External,none,no change,1 vehicle,1996,All Perils
11,3,3,Mazda,Urban,2,7,4,Male,Married,38,Third Party,Sport - Collision,Sport,more than 69000,0,11623,5,400,3,more than 30,more than 30,none,7 years,36 to 40,No,No,External,none,no change,1 vehicle,1996,Collision
7,1,7,Pontiac,Urban,1,3,2,Male,Single,26,Policy Holder,Sedan - Liability,Sport,20000 to 29000,0,11624,3,400,1,more than 30,more than 30,none,7 years,31 to 35,No,No,External,none,no change,1 vehicle,1996,Liability
3,2,2,Toyota,Urban,2,1,2,Male,Single,47,Policy Holder,Sedan - Collision,Sedan,30000 to 39000,0,11625,8,400,1,more than 30,more than 30,1,more than 7,41 to 50,No,No,External,none,no change,1 vehicle,1996,Collision
1,2,7,Pontiac,Urban,1,1,2,Male,Single,52,Policy Holder,Sedan - All Perils,Sedan,30000 to 39000,0,11626,12,700,4,more than 30,more than 30,none,more than 7,41 to 50,No,No,External,3 to 5,no change,1 vehicle,1996,All Perils
1,2,6,VW,Urban,1,1,2,Male,Single,44,Policy Holder,Sedan - Collision,Sedan,60000 to 69000,0,11627,15,400,1,more than 30,more than 30,1,more than 7,36 to 40,No,No,External,more than 5,no change,1 vehicle,1996,Collision
12,5,5,Pontiac,Urban,4,1,2,Female,Married,33,Policy Holder,Sedan - Collision,Sedan,20000 to 29000,0,11628,11,400,2,more than 30,more than 30,2 to 4,7 years,31 to 35,No,No,External,more than 5,no change,1 vehicle,1996,Collision
12,5,6,Chevrolet,Urban,2,12,2,Male,Single,30,Third Party,Sedan - Liability,Sport,20000 to 29000,0,11629,7,500,1,more than 30,more than 30,1,6 years,31 to 35,No,No,External,none,2 to 3 years,1 vehicle,1996,Liability
12,1,3,Pontiac,Urban,3,9,2,Male,Married,39,Policy Holder,Sedan - Liability,Sport,20000 to 29000,0,11630,5,400,4,more than 30,more than 30,more than 4,7 years,36 to 40,No,No,External,1 to 2,no change,1 vehicle,1996,Liability
9,4,3,Toyota,Rural,5,3,4,Male,Married,35,Policy Holder,Sedan - Collision,Sedan,30000 to 39000,0,11631,11,400,3,more than 30,more than 30,1,7 years,31 to 35,No,No,External,more than 5,no change,1 vehicle,1996,Collision
2,4,3,Honda,Urban,4,1,1,Female,Married,37,Policy Holder,Sedan - All Perils,Sedan,less than 20000,0,11632,13,400,2,more than 30,more than 30,1,7 years,36 to 40,No,No,External,none,no change,1 vehicle,1996,All Perils
1,3,2,Honda,Urban,1,5,3,Male,Married,42,Policy Holder,Sedan - Collision,Sedan,20000 to 29000,0,11633,15,400,4,more than 30,more than 30,none,more than 7,36 to 40,No,No,External,3 to 5,no change,1 vehicle,1996,Collision
4,4,4,Toyota,Urban,2,5,3,Male,Single,27,Policy Holder,Sedan - All Perils,Sedan,20000 to 29000,0,11634,2,400,1,more than 30,more than 30,2 to 4,7 years,31 to 35,No,No,External,none,no change,1 vehicle,1996,All Perils
5,4,3,Pontiac,Urban,1,9,5,Male,Single,31,Policy Holder,Sedan - All Perils,Sedan,20000 to 29000,0,11635,12,400,3,more than 30,more than 30,none,6 years,31 to 35,No,No,External,none,4 to 8 years,2 vehicles,1996,All Perils
9,2,1,Chevrolet,Urban,2,9,2,Female,Married,29,Policy Holder,Sedan - Liability,Sport,20000 to 29000,0,11636,14,400,4,more than 30,more than 30,more than 4,6 years,31 to 35,No,No,External,none,no change,1 vehicle,1996,Liability
9,1,2,Pontiac,Rural,3,9,1,Male,Married,39,Third Party,Sedan - All Perils,Sedan,20000 to 29000,0,11637,7,400,1,more than 30,more than 30,1,7 years,36 to 40,No,No,External,none,no change,1 vehicle,1996,All Perils
9,4,2,Toyota,Urban,2,11,5,Male,Married,29,Third Party,Sedan - All Perils,Sedan,20000 to 29000,0,11638,13,400,1,more than 30,more than 30,none,6 years,31 to 35,No,No,External,none,no change,1 vehicle,1996,All Perils
11,5,7,Mazda,Urban,1,1,5,Male,Married,44,Policy Holder,Sedan - Liability,Sport,20000 to 29000,0,11639,1,400,2,more than 30,more than 30,2 to 4,6 years,36 to 40,No,No,External,none,no change,1 vehicle,1996,Liability
1,1,2,Honda,Urban,2,5,1,Male,Single,25,Third Party,Sport - Collision,Sport,more than 69000,0,11640,9,400,3,more than 30,more than 30,1,6 years,26 to 30,No,No,External,more than 5,no change,1 vehicle,1996,Collision
5,3,6,Toyota,Urban,1,9,3,Female,Married,43,Policy Holder,Sedan - Liability,Sport,20000 to 29000,0,11641,13,400,3,more than 30,more than 30,more than 4,7 years,36 to 40,No,No,External,more than 5,no change,1 vehicle,1996,Liability
9,3,4,Honda,Urban,2,9,3,Male,Married,62,Policy Holder,Sedan - Liability,Sport,30000 to 39000,0,11642,2,400,1,more than 30,more than 30,2 to 4,more than 7,51 to 65,No,No,External,more than 5,no change,1 vehicle,1996,Liability
9,3,3,Toyota,Urban,2,4,3,Male,Single,34,Third Party,Sedan - Collision,Sedan,less than 20000,0,11643,6,400,1,more than 30,more than 30,1,6 years,31 to 35,No,No,External,more than 5,no change,1 vehicle,1996,Collision
4,3,4,Toyota,Urban,4,12,4,Female,Single,29,Policy Holder,Sedan - Liability,Sport,20000 to 29000,0,11644,1,400,3,more than 30,more than 30,2 to 4,6 years,31 to 35,No,No,External,none,no change,1 vehicle,1996,Liability
10,2,6,Honda,Urban,5,12,5,Male,Married,32,Third Party,Sedan - Collision,Sedan,20000 to 29000,0,11645,1,400,3,more than 30,more than 30,1,7 years,31 to 35,No,No,External,none,no change,3 to 4,1996,Collision
12,3,2,Ford,Urban,3,12,4,Male,Married,54,Policy Holder,Sedan - Liability,Sport,30000 to 39000,0,11646,14,400,4,more than 30,more than 30,2 to 4,more than 7,41 to 50,No,No,External,none,no change,1 vehicle,1996,Liability
12,4,5,Pontiac,Urban,2,12,4,Male,Single,29,Third Party,Sedan - Liability,Sport,20000 to 29000,0,11647,8,400,3,more than 30,more than 30,2 to 4,6 years,31 to 35,No,No,External,none,no change,1 vehicle,1996,Liability
12,4,5,Honda,Urban,3,12,4,Male,Married,31,Policy Holder,Sedan - Collision,Sedan,20000 to 29000,0,11648,7,400,3,more than 30,more than 30,none,7 years,31 to 35,No,No,External,more than 5,no change,1 vehicle,1996,Collision
12,3,1,Toyota,Urban,1,10,3,Male,Married,49,Third Party,Sedan - All Perils,Sedan,20000 to 29000,0,11649,15,400,3,more than 30,more than 30,1,more than 7,41 to 50,No,No,External,more than 5,1 year,1 vehicle,1996,All Perils
10,2,3,Mazda,Urban,3,4,4,Male,Married,48,Policy Holder,Sedan - Liability,Sport,30000 to 39000,0,11650,5,400,1,more than 30,more than 30,more than 4,more than 7,41 to 50,No,No,External,more than 5,no change,1 vehicle,1996,Liability
4,3,4,Pontiac,Urban,5,5,3,Male,Single,27,Third Party,Sedan - Collision,Sedan,20000 to 29000,0,11651,5,400,1,more than 30,more than 30,1,7 years,31 to 35,No,No,External,none,no change,1 vehicle,1996,Collision
5,4,5,Mazda,Urban,4,6,4,Male,Married,28,Policy Holder,Sedan - Collision,Sedan,more than 69000,0,11652,14,400,3,more than 30,more than 30,2 to 4,6 years,31 to 35,No,No,External,1 to 2,no change,1 vehicle,1996,Collision
5,4,5,Pontiac,Urban,5,5,1,Male,Married,40,Policy Holder,Sedan - Liability,Sport,30000 to 39000,0,11653,11,400,2,more than 30,more than 30,2 to 4,7 years,36 to 40,No,No,External,none,no change,1 vehicle,1996,Liability
5,4,1,Pontiac,Rural,3,5,4,Female,Married,31,Policy Holder,Sedan - All Perils,Sedan,20000 to 29000,0,11654,5,400,1,more than 30,more than 30,2 to 4,6 years,31 to 35,No,No,External,none,no change,1 vehicle,1996,All Perils
5,4,2,Mazda,Urban,2,5,4,Male,Single,34,Policy Holder,Sedan - Collision,Sedan,20000 to 29000,0,11655,7,400,1,more than 30,more than 30,1,7 years,31 to 35,No,No,External,3 to 5,no change,1 vehicle,1996,Collision
5,4,5,Chevrolet,Urban,5,5,4,Male,Married,57,Policy Holder,Sedan - Liability,Sport,30000 to 39000,0,11656,7,400,2,more than 30,more than 30,more than 4,more than 7,51 to 65,No,No,External,more than 5,4 to 8 years,2 vehicles,1996,Liability
5,3,7,Pontiac,Urban,4,11,4,Male,Married,55,Policy Holder,Sedan - All Perils,Sedan,less than 20000,0,11657,16,700,4,more than 30,more than 30,none,7 years,41 to 50,No,No,External,none,no change,1 vehicle,1996,All Perils
4,3,1,Mazda,Urban,1,1,5,Male,Single,31,Policy Holder,Sedan - All Perils,Sedan,less than 20000,0,11658,9,400,1,more than 30,more than 30,2 to 4,5 years,31 to 35,No,No,External,none,no change,1 vehicle,1996,All Perils
1,4,4,Honda,Urban,4,12,4,Male,Married,52,Policy Holder,Sedan - Liability,Sport,20000 to 29000,0,11659,7,400,3,more than 30,more than 30,2 to 4,more than 7,41 to 50,No,No,External,none,no change,1 vehicle,1996,Liability
12,3,5,Chevrolet,Urban,5,11,3,Male,Married,38,Policy Holder,Utility - All Perils,Utility,more than 69000,0,11660,7,400,3,more than 30,more than 30,2 to 4,7 years,36 to 40,No,No,External,more than 5,no change,1 vehicle,1996,All Perils
11,3,1,Pontiac,Urban,3,11,3,Male,Single,39,Policy Holder,Sedan - Liability,Sport,30000 to 39000,0,11661,16,400,2,more than 30,more than 30,2 to 4,more than 7,36 to 40,No,No,External,none,no change,1 vehicle,1996,Liability
11,3,3,Mazda,Urban,1,10,3,Male,Married,72,Policy Holder,Sedan - Liability,Sport,30000 to 39000,0,11662,13,400,1,more than 30,more than 30,2 to 4,more than 7,over 65,No,No,External,more than 5,no change,1 vehicle,1996,Liability
9,5,4,Honda,Urban,4,8,1,Female,Married,38,Policy Holder,Sedan - Liability,Sport,30000 to 39000,0,11663,3,400,1,more than 30,more than 30,2 to 4,7 years,36 to 40,No,No,External,none,no change,1 vehicle,1996,Liability
8,4,4,Dodge,Urban,4,7,4,Male,Married,45,Third Party,Sedan - Collision,Sedan,30000 to 39000,0,11664,3,400,4,more than 30,more than 30,2 to 4,7 years,36 to 40,No,No,External,3 to 5,no change,1 vehicle,1996,Collision
7,4,5,Pontiac,Urban,1,5,4,Male,Married,23,Third Party,Sedan - All Perils,Sedan,20000 to 29000,0,11665,2,400,4,more than 30,more than 30,1,5 years,26 to 30,No,No,External,none,no change,1 vehicle,1996,All Perils
5,3,1,Mazda,Urban,3,5,4,Male,Single,35,Policy Holder,Sedan - All Perils,Sedan,20000 to 29000,0,11666,4,400,3,more than 30,more than 30,1,6 years,31 to 35,No,No,External,none,no change,1 vehicle,1996,All Perils
2,3,4,Toyota,Urban,4,6,4,Male,Single,30,Policy Holder,Sedan - Liability,Sport,20000 to 29000,0,11667,15,400,1,more than 30,more than 30,2 to 4,6 years,31 to 35,No,No,External,3 to 5,no change,1 vehicle,1996,Liability
4,3,1,Honda,Urban,2,1,1,Male,Married,40,Policy Holder,Sedan - Collision,Sedan,30000 to 39000,1,11668,1,400,3,more than 30,more than 30,2 to 4,more than 7,36 to 40,No,No,External,none,no change,1 vehicle,1996,Collision
1,3,2,Toyota,Urban,4,10,3,Male,Married,33,Policy Holder,Sedan - Collision,Sedan,20000 to 29000,0,11669,11,400,3,more than 30,more than 30,2 to 4,7 years,31 to 35,No,No,External,1 to 2,no change,1 vehicle,1996,Collision
10,3,1,Chevrolet,Urban,3,1,3,Female,Married,35,Third Party,Sedan - All Perils,Sedan,20000 to 29000,0,11670,9,400,2,more than 30,more than 30,1,6 years,31 to 35,No,No,External,1 to 2,no change,1 vehicle,1996,All Perils
1,1,7,Honda,Rural,1,7,1,Male,Single,29,Policy Holder,Sedan - Liability,Sport,30000 to 39000,0,11671,9,400,1,more than 30,more than 30,2 to 4,6 years,31 to 35,No,No,External,none,no change,1 vehicle,1996,Liability
7,3,1,Chevrolet,Urban,3,10,3,Male,Married,64,Policy Holder,Sedan - Liability,Sport,20000 to 29000,0,11672,7,400,3,more than 30,more than 30,2 to 4,more than 7,51 to 65,No,No,External,1 to 2,no change,1 vehicle,1996,Liability
8,2,1,Pontiac,Urban,1,10,1,Male,Married,61,Policy Holder,Sedan - Collision,Sedan,20000 to 29000,0,11673,16,400,2,more than 30,more than 30,1,more than 7,51 to 65,No,No,External,none,no change,1 vehicle,1996,Collision
10,5,2,Toyota,Urban,2,11,5,Male,Married,52,Policy Holder,Sedan - Liability,Sport,20000 to 29000,0,11674,1,400,2,more than 30,more than 30,1,more than 7,41 to 50,No,No,External,more than 5,no change,1 vehicle,1996,Liability
11,4,4,Pontiac,Urban,1,4,4,Male,Married,53,Policy Holder,Sedan - Liability,Sport,20000 to 29000,0,11675,12,400,3,more than 30,more than 30,1,more than 7,41 to 50,No,No,External,more than 5,no change,1 vehicle,1996,Liability
4,3,4,Honda,Urban,3,4,4,Female,Married,55,Policy Holder,Sedan - Liability,Sport,20000 to 29000,1,11676,13,400,1,more than 30,more than 30,2 to 4,6 years,41 to 50,No,No,External,3 to 5,no change,1 vehicle,1996,Liability
4,3,7,Toyota,Urban,4,5,4,Male,Married,49,Third Party,Sedan - All Perils,Sedan,20000 to 29000,0,11677,15,400,1,15 to 30,15 to 30,none,5 years,41 to 50,No,No,External,none,4 to 8 years,2 vehicles,1996,All Perils
5,1,1,Mazda,Urban,2,5,1,Male,Married,77,Policy Holder,Sedan - Collision,Sedan,20000 to 29000,0,11678,16,400,3,more than 30,more than 30,none,more than 7,over 65,No,No,External,none,no change,1 vehicle,1996,Collision
5,1,7,Dodge,Urban,5,10,2,Male,Married,54,Policy Holder,Sedan - Liability,Sport,30000 to 39000,0,11679,12,400,3,more than 30,more than 30,1,more than 7,41 to 50,No,No,External,more than 5,no change,1 vehicle,1996,Liability
9,2,2,Pontiac,Urban,2,8,3,Male,Married,57,Policy Holder,Sedan - All Perils,Sedan,20000 to 29000,0,11680,4,500,4,more than 30,more than 30,none,more than 7,51 to 65,No,No,External,more than 5,2 to 3 years,1 vehicle,1996,All Perils
8,4,4,Chevrolet,Urban,3,5,4,Male,Single,26,Policy Holder,Sedan - Liability,Sport,20000 to 29000,0,11681,16,400,3,more than 30,more than 30,more than 4,7 years,31 to 35,No,No,External,more than 5,no change,1 vehicle,1996,Liability
4,3,1,Mazda,Urban,3,11,2,Male,Single,24,Policy Holder,Sedan - All Perils,Sedan,20000 to 29000,1,11682,4,400,4,more than 30,more than 30,none,5 years,26 to 30,No,No,External,1 to 2,no change,1 vehicle,1996,All Perils
11,5,6,Honda,Urban,4,12,5,Male,Married,49,Policy Holder,Sedan - Collision,Sedan,more than 69000,0,11683,16,400,2,more than 30,more than 30,1,7 years,41 to 50,No,No,External,more than 5,no change,1 vehicle,1996,Collision
12,4,6,Pontiac,Urban,3,5,5,Male,Married,45,Policy Holder,Sedan - Collision,Sedan,30000 to 39000,0,11684,1,400,4,more than 30,more than 30,1,7 years,36 to 40,No,No,External,none,no change,1 vehicle,1996,Collision
4,5,6,Mazda,Urban,5,7,4,Male,Married,21,Third Party,Sedan - All Perils,Sedan,20000 to 29000,0,11685,15,400,3,more than 30,more than 30,2 to 4,4 years,26 to 30,Yes,No,External,none,no change,1 vehicle,1996,All Perils
7,3,4,Mazda,Rural,5,8,4,Male,Married,42,Policy Holder,Sedan - Liability,Sport,30000 to 39000,0,11686,13,400,4,more than 30,more than 30,1,7 years,36 to 40,No,No,External,more than 5,no change,3 to 4,1996,Liability
8,4,6,Pontiac,Urban,1,10,4,Male,Married,38,Third Party,Sedan - Collision,Sedan,30000 to 39000,0,11687,13,400,2,more than 30,more than 30,1,7 years,36 to 40,Yes,No,External,none,no change,1 vehicle,1996,Collision
10,3,3,Toyota,Urban,4,12,3,Male,Married,42,Third Party,Sedan - Liability,Sport,20000 to 29000,0,11688,9,700,2,more than 30,more than 30,2 to 4,more than 7,36 to 40,No,No,External,1 to 2,no change,1 vehicle,1996,Liability
12,1,7,Mazda,Urban,3,11,3,Male,Married,44,Policy Holder,Sedan - Liability,Sport,30000 to 39000,0,11689,15,400,1,more than 30,more than 30,2 to 4,7 years,36 to 40,No,No,External,1 to 2,no change,1 vehicle,1996,Liability
8,2,5,Honda,Urban,1,4,1,Male,Married,48,Policy Holder,Sport - Collision,Sport,more than 69000,0,11690,15,400,4,more than 30,more than 30,none,7 years,41 to 50,No,No,External,none,no change,1 vehicle,1996,Collision
4,4,2,Toyota,Urban,1,6,4,Male,Married,46,Policy Holder,Sedan - Collision,Sedan,40000 to 59000,1,11691,16,400,1,more than 30,more than 30,none,7 years,41 to 50,No,No,External,3 to 5,no change,1 vehicle,1996,Collision
6,1,1,Toyota,Urban,2,1,2,Male,Married,39,Policy Holder,Sedan - Collision,Sedan,20000 to 29000,0,11692,8,400,3,more than 30,more than 30,2 to 4,more than 7,36 to 40,No,No,External,more than 5,no change,1 vehicle,1996,Collision
1,4,1,Pontiac,Urban,3,6,4,Male,Married,43,Policy Holder,Sedan - All Perils,Sedan,30000 to 39000,0,11693,15,400,1,more than 30,more than 30,2 to 4,7 years,36 to 40,No,No,External,none,no change,1 vehicle,1996,All Perils
6,4,4,Chevrolet,Urban,1,9,5,Male,Married,27,Third Party,Sedan - Collision,Sedan,30000 to 39000,0,11694,9,400,3,more than 30,more than 30,more than 4,7 years,31 to 35,No,No,External,1 to 2,no change,1 vehicle,1996,Collision
9,3,5,Chevrolet,Urban,3,6,3,Male,Married,31,Policy Holder,Sedan - Liability,Sport,20000 to 29000,0,11695,5,400,3,more than 30,more than 30,2 to 4,7 years,31 to 35,No,No,External,none,no change,1 vehicle,1996,Liability
4,4,7,Honda,Urban,1,8,2,Male,Single,25,Third Party,Sedan - Collision,Sedan,less than 20000,0,11696,8,400,4,more than 30,more than 30,none,5 years,26 to 30,No,No,External,none,no change,1 vehicle,1996,Collision
8,4,5,Toyota,Urban,1,9,4,Male,Married,53,Policy Holder,Sedan - All Perils,Sedan,less than 20000,0,11697,3,400,1,more than 30,more than 30,none,6 years,41 to 50,No,No,External,none,no change,1 vehicle,1996,All Perils
7,5,3,Accura,Urban,1,10,2,Male,Married,35,Policy Holder,Sedan - All Perils,Sedan,30000 to 39000,0,11698,14,400,2,more than 30,more than 30,2 to 4,7 years,31 to 35,No,No,External,more than 5,4 to 8 years,2 vehicles,1996,All Perils
9,4,4,Pontiac,Urban,4,10,2,Male,Married,60,Policy Holder,Sedan - All Perils,Sedan,30000 to 39000,0,11699,10,400,2,more than 30,more than 30,more than 4,more than 7,51 to 65,No,No,External,more than 5,no change,1 vehicle,1996,All Perils
10,4,3,Mazda,Urban,3,11,4,Female,Married,45,Third Party,Sedan - Liability,Sport,30000 to 39000,0,11700,3,400,1,more than 30,more than 30,2 to 4,7 years,36 to 40,No,No,External,none,no change,1 vehicle,1996,Liability
10,4,2,Pontiac,Urban,2,10,1,Male,Married,43,Third Party,Sedan - All Perils,Sedan,20000 to 29000,0,11701,15,400,4,more than 30,more than 30,1,more than 7,36 to 40,No,No,External,none,no change,1 vehicle,1996,All Perils
10,1,6,Ford,Urban,2,1,1,Male,Married,45,Third Party,Sedan - Liability,Sport,40000 to 59000,0,11702,5,400,4,more than 30,more than 30,2 to 4,7 years,36 to 40,No,No,External,more than 5,no change,1 vehicle,1996,Liability
1,3,5,Honda,Urban,4,1,3,Male,Married,48,Policy Holder,Sedan - Collision,Sedan,20000 to 29000,0,11703,1,400,2,more than 30,more than 30,1,more than 7,41 to 50,No,No,External,3 to 5,no change,1 vehicle,1996,Collision
1,2,4,Pontiac,Urban,4,6,3,Male,Married,37,Third Party,Sedan - All Perils,Sedan,30000 to 39000,0,11704,7,400,4,more than 30,more than 30,1,7 years,36 to 40,No,No,External,more than 5,no change,1 vehicle,1996,All Perils
4,4,1,Ford,Urban,4,6,1,Male,Married,55,Policy Holder,Sedan - Liability,Sport,30000 to 39000,0,11705,2,400,3,more than 30,more than 30,2 to 4,7 years,41 to 50,No,No,External,none,no change,1 vehicle,1996,Liability
5,5,6,Toyota,Urban,5,6,1,Male,Married,80,Policy Holder,Sedan - Collision,Sedan,20000 to 29000,0,11706,12,400,3,more than 30,more than 30,more than 4,more than 7,over 65,No,No,External,more than 5,no change,1 vehicle,1996,Collision
5,4,7,Pontiac,Urban,1,7,1,Female,Married,32,Policy Holder,Sedan - Collision,Sedan,20000 to 29000,0,11707,6,400,4,more than 30,more than 30,1,6 years,31 to 35,No,No,External,more than 5,no change,1 vehicle,1996,Collision
7,2,4,Pontiac,Urban,5,7,2,Male,Divorced,56,Policy Holder,Sedan - Collision,Sedan,20000 to 29000,0,11708,4,400,1,more than 30,more than 30,1,more than 7,51 to 65,No,No,External,none,no change,1 vehicle,1996,Collision
7,1,3,Toyota,Urban,5,11,2,Male,Married,36,Policy Holder,Sedan - Liability,Sport,20000 to 29000,0,11709,1,400,1,more than 30,more than 30,2 to 4,7 years,36 to 40,No,No,External,none,no change,1 vehicle,1996,Liability
11,1,3,Honda,Urban,5,11,1,Male,Single,42,Policy Holder,Sedan - Liability,Sport,30000 to 39000,0,11710,7,400,1,more than 30,more than 30,more than 4,7 years,36 to 40,No,No,External,none,no change,1 vehicle,1996,Liability
11,1,3,Pontiac,Urban,2,9,3,Male,Married,38,Policy Holder,Sedan - Collision,Sedan,20000 to 29000,0,11711,5,400,3,more than 30,more than 30,none,more than 7,36 to 40,No,No,External,none,no change,1 vehicle,1996,Collision
9,2,2,Pontiac,Urban,2,12,3,Male,Married,38,Third Party,Sedan - All Perils,Sedan,20000 to 29000,0,11712,14,400,2,more than 30,more than 30,2 to 4,7 years,36 to 40,No,No,External,1 to 2,no change,1 vehicle,1996,All Perils
12,1,3,Ford,Urban,1,5,1,Male,Married,39,Policy Holder,Sedan - Liability,Sport,30000 to 39000,0,11713,11,400,3,more than 30,more than 30,2 to 4,more than 7,36 to 40,No,No,External,more than 5,no change,1 vehicle,1996,Liability
5,2,2,Chevrolet,Urban,1,12,4,Male,Married,34,Third Party,Sedan - Liability,Sport,30000 to 39000,0,11714,10,400,4,more than 30,more than 30,2 to 4,5 years,31 to 35,No,No,External,3 to 5,no change,1 vehicle,1996,Liability
12,2,7,Pontiac,Urban,3,5,3,Male,Married,52,Policy Holder,Sedan - Liability,Sport,30000 to 39000,0,11715,4,400,2,more than 30,more than 30,2 to 4,more than 7,41 to 50,No,No,External,more than 5,no change,1 vehicle,1996,Liability
5,3,6,Mazda,Urban,5,5,3,Female,Married,40,Policy Holder,Sedan - Collision,Sedan,more than 69000,0,11716,6,400,4,more than 30,more than 30,2 to 4,7 years,36 to 40,No,No,External,none,no change,1 vehicle,1996,Collision
5,3,6,Pontiac,Urban,1,10,4,Female,Single,50,Third Party,Sedan - All Perils,Sedan,30000 to 39000,0,11717,8,400,1,more than 30,more than 30,none,7 years,41 to 50,No,No,External,more than 5,no change,1 vehicle,1996,All Perils
9,5,2,Honda,Urban,5,8,1,Female,Single,24,Policy Holder,Sedan - Collision,Sedan,20000 to 29000,0,11718,7,400,2,more than 30,more than 30,none,5 years,26 to 30,No,No,External,none,no change,1 vehicle,1996,Collision
7,3,5,Honda,Rural,5,10,2,Male,Single,35,Policy Holder,Sedan - All Perils,Sedan,20000 to 29000,0,11719,4,400,1,more than 30,more than 30,none,6 years,31 to 35,No,No,External,none,4 to 8 years,2 vehicles,1996,All Perils
10,3,4,Pontiac,Urban,2,7,3,Male,Single,27,Policy Holder,Sedan - Collision,Sedan,20000 to 29000,0,11720,5,400,1,more than 30,more than 30,2 to 4,6 years,31 to 35,No,No,External,none,no change,1 vehicle,1996,Collision
6,5,1,Pontiac,Rural,3,6,1,Male,Married,45,Policy Holder,Sedan - Collision,Sedan,20000 to 29000,0,11721,3,400,2,more than 30,more than 30,2 to 4,7 years,36 to 40,No,No,External,none,no change,1 vehicle,1996,Collision
6,3,2,Mercury,Urban,5,12,4,Male,Married,33,Policy Holder,Sedan - Liability,Sport,20000 to 29000,0,11722,6,400,2,more than 30,more than 30,none,6 years,31 to 35,No,No,External,none,no change,1 vehicle,1996,Liability
11,4,7,Ford,Urban,2,11,3,Male,Married,46,Policy Holder,Sedan - All Perils,Sedan,30000 to 39000,0,11723,3,400,2,more than 30,more than 30,none,more than 7,41 to 50,No,No,External,none,no change,1 vehicle,1996,All Perils
11,1,6,Pontiac,Rural,1,1,2,Female,Single,34,Policy Holder,Sedan - Liability,Sport,20000 to 29000,0,11724,11,400,1,more than 30,more than 30,2 to 4,6 years,31 to 35,No,No,External,none,no change,1 vehicle,1996,Liability
10,5,7,Toyota,Urban,3,10,3,Male,Married,37,Policy Holder,Sedan - Collision,Sedan,30000 to 39000,0,11725,8,400,3,more than 30,more than 30,2 to 4,5 years,36 to 40,No,No,External,more than 5,no change,1 vehicle,1996,Collision
10,1,4,Toyota,Urban,1,8,3,Male,Married,37,Policy Holder,Sedan - Liability,Sport,30000 to 39000,0,11726,14,400,2,more than 30,more than 30,2 to 4,7 years,36 to 40,No,No,External,none,no change,1 vehicle,1996,Liability
8,3,6,Pontiac,Urban,1,8,4,Male,Married,51,Policy Holder,Sedan - Collision,Sedan,more than 69000,0,11727,9,400,4,more than 30,more than 30,none,more than 7,41 to 50,No,No,External,none,no change,3 to 4,1996,Collision
7,5,1,Chevrolet,Urban,2,5,2,Male,Married,73,Third Party,Sedan - All Perils,Sedan,20000 to 29000,0,11728,11,400,3,more than 30,more than 30,1,more than 7,over 65,No,No,External,more than 5,no change,1 vehicle,1996,All Perils
4,4,6,Mazda,Urban,1,4,1,Male,Single,21,Third Party,Sedan - Collision,Sedan,20000 to 29000,0,11729,10,400,1,more than 30,more than 30,more than 4,5 years,26 to 30,No,No,External,1 to 2,no change,1 vehicle,1996,Collision
4,3,2,Honda,Urban,2,1,3,Male,Married,34,Policy Holder,Sedan - Collision,Sedan,20000 to 29000,0,11730,9,400,1,more than 30,more than 30,more than 4,7 years,31 to 35,No,No,External,more than 5,no change,1 vehicle,1996,Collision
1,3,4,Chevrolet,Urban,4,1,3,Male,Married,58,Policy Holder,Sedan - Liability,Sport,20000 to 29000,0,11731,11,500,3,more than 30,more than 30,none,more than 7,51 to 65,No,No,External,none,2 to 3 years,1 vehicle,1996,Liability
1,2,2,Mazda,Urban,2,4,2,Male,Married,30,Third Party,Sport - Collision,Sport,more than 69000,0,11732,13,400,4,more than 30,more than 30,none,7 years,31 to 35,No,No,External,none,no change,1 vehicle,1996,Collision
4,3,3,Chevrolet,Urban,3,8,3,Male,Married,65,Policy Holder,Sedan - Collision,Sedan,20000 to 29000,0,11733,6,400,1,more than 30,more than 30,2 to 4,more than 7,51 to 65,No,No,External,none,no change,1 vehicle,1996,Collision
8,1,7,Mazda,Urban,1,9,4,Male,Married,63,Policy Holder,Sedan - All Perils,Sedan,20000 to 29000,0,11734,6,400,1,more than 30,more than 30,2 to 4,more than 7,51 to 65,No,No,External,none,no change,1 vehicle,1996,All Perils
9,4,1,Toyota,Urban,1,9,4,Male,Single,27,Policy Holder,Sedan - Collision,Sedan,20000 to 29000,0,11735,4,400,2,more than 30,more than 30,more than 4,7 years,31 to 35,No,No,External,more than 5,no change,1 vehicle,1996,Collision
9,4,2,Chevrolet,Urban,3,9,4,Male,Married,27,Policy Holder,Sedan - Collision,Sedan,20000 to 29000,0,11736,8,400,3,more than 30,more than 30,1,6 years,31 to 35,No,No,External,none,no change,1 vehicle,1996,Collision
9,4,2,Honda,Urban,2,10,4,Male,Married,30,Policy Holder,Sedan - Collision,Sedan,20000 to 29000,0,11737,10,400,2,more than 30,more than 30,1,6 years,31 to 35,No,No,External,none,no change,1 vehicle,1996,Collision
10,1,6,Mazda,Urban,1,4,1,Male,Single,32,Policy Holder,Sedan - Liability,Sport,20000 to 29000,0,11738,14,400,2,more than 30,more than 30,2 to 4,7 years,31 to 35,No,No,Internal,none,no change,1 vehicle,1996,Liability
4,4,4,Toyota,Urban,2,10,4,Male,Married,31,Third Party,Sedan - All Perils,Sedan,less than 20000,0,11739,6,400,4,more than 30,more than 30,1,6 years,31 to 35,Yes,No,External,none,no change,1 vehicle,1996,All Perils
10,1,1,Pontiac,Urban,4,10,3,Male,Married,29,Policy Holder,Sedan - Collision,Sedan,20000 to 29000,0,11740,9,400,3,more than 30,more than 30,1,7 years,31 to 35,No,No,External,1 to 2,1 year,2 vehicles,1996,Collision
10,1,5,Chevrolet,Rural,1,10,1,Male,Married,29,Policy Holder,Sedan - Collision,Sedan,30000 to 39000,0,11741,12,400,1,more than 30,more than 30,more than 4,7 years,31 to 35,No,No,External,3 to 5,no change,1 vehicle,1996,Collision
9,5,1,Pontiac,Urban,1,10,4,Male,Single,35,Policy Holder,Sedan - Collision,Sedan,20000 to 29000,0,11742,8,400,3,more than 30,more than 30,none,5 years,31 to 35,No,No,External,1 to 2,no change,1 vehicle,1996,Collision
9,4,6,Honda,Urban,3,6,1,Male,Single,46,Third Party,Sedan - Collision,Sedan,20000 to 29000,0,11743,3,400,3,more than 30,more than 30,2 to 4,more than 7,41 to 50,No,No,External,more than 5,no change,1 vehicle,1996,Collision
6,2,1,Toyota,Urban,2,6,3,Male,Single,30,Policy Holder,Sedan - Liability,Sport,20000 to 29000,0,11744,12,400,2,more than 30,more than 30,1,6 years,31 to 35,No,No,External,1 to 2,no change,1 vehicle,1996,Liability
4,3,1,Pontiac,Urban,1,10,2,Male,Single,44,Policy Holder,Sedan - All Perils,Sedan,less than 20000,0,11745,15,400,2,more than 30,more than 30,1,7 years,36 to 40,No,No,External,none,no change,1 vehicle,1996,All Perils
10,2,5,Pontiac,Urban,2,10,3,Female,Single,29,Third Party,Sedan - Collision,Sedan,20000 to 29000,0,11746,5,400,2,more than 30,more than 30,none,5 years,31 to 35,No,No,External,1 to 2,no change,1 vehicle,1996,Collision
10,2,4,Honda,Urban,4,8,2,Male,Married,38,Policy Holder,Sedan - Collision,Sedan,20000 to 29000,0,11747,16,400,4,more than 30,more than 30,2 to 4,7 years,36 to 40,No,No,External,3 to 5,no change,1 vehicle,1996,Collision
8,1,1,Mazda,Urban,3,3,3,Male,Married,54,Third Party,Sedan - Collision,Sedan,30000 to 39000,0,11748,12,400,1,more than 30,more than 30,none,7 years,41 to 50,No,No,External,none,no change,1 vehicle,1996,Collision
2,4,4,Pontiac,Urban,5,1,1,Male,Married,61,Third Party,Sedan - Collision,Sedan,20000 to 29000,0,11749,15,400,1,more than 30,more than 30,none,more than 7,51 to 65,No,No,External,3 to 5,no change,1 vehicle,1996,Collision
12,5,3,Toyota,Urban,3,2,2,Male,Married,52,Third Party,Sedan - Liability,Sport,20000 to 29000,0,11750,13,700,3,more than 30,more than 30,2 to 4,more than 7,41 to 50,No,No,External,more than 5,no change,1 vehicle,1996,Liability
1,4,1,Accura,Urban,1,8,1,Male,Married,47,Policy Holder,Sedan - Collision,Sedan,20000 to 29000,0,11751,13,400,2,more than 30,more than 30,none,7 years,41 to 50,No,No,External,more than 5,no change,1 vehicle,1996,Collision
7,3,4,Toyota,Urban,1,7,3,Female,Single,22,Policy Holder,Sedan - All Perils,Sedan,20000 to 29000,0,11752,13,400,1,more than 30,more than 30,none,5 years,26 to 30,No,No,External,more than 5,no change,1 vehicle,1996,All Perils
7,2,4,Chevrolet,Rural,3,5,3,Male,Married,54,Policy Holder,Utility - All Perils,Utility,more than 69000,0,11753,5,400,2,more than 30,more than 30,2 to 4,more than 7,41 to 50,No,No,External,more than 5,no change,1 vehicle,1996,All Perils
4,5,1,Chevrolet,Urban,3,9,2,Male,Married,55,Policy Holder,Sedan - Collision,Sedan,40000 to 59000,0,11754,3,400,4,8 to 15,more than 30,none,7 years,41 to 50,No,No,External,none,no change,1 vehicle,1996,Collision
8,5,6,Honda,Urban,5,10,5,Male,Married,47,Policy Holder,Sport - Collision,Sport,more than 69000,0,11755,12,400,4,more than 30,more than 30,2 to 4,7 years,41 to 50,Yes,Yes,External,none,no change,1 vehicle,1996,Collision
10,1,3,Honda,Urban,5,12,5,Male,Married,52,Policy Holder,Sedan - All Perils,Sedan,20000 to 29000,0,11756,5,400,2,more than 30,more than 30,none,more than 7,41 to 50,No,No,External,1 to 2,no change,1 vehicle,1996,All Perils
12,2,3,Mazda,Urban,3,6,2,Female,Single,27,Policy Holder,Sedan - Liability,Sport,20000 to 29000,0,11757,6,400,3,more than 30,more than 30,2 to 4,4 years,31 to 35,No,No,External,none,no change,1 vehicle,1996,Liability
6,2,2,Pontiac,Urban,3,8,2,Male,Single,32,Policy Holder,Sedan - Liability,Sport,30000 to 39000,0,11758,4,400,1,more than 30,more than 30,2 to 4,7 years,31 to 35,No,No,External,more than 5,no change,1 vehicle,1996,Liability
8,3,7,Honda,Rural,3,10,5,Male,Married,36,Policy Holder,Sedan - Collision,Sedan,30000 to 39000,0,11759,16,400,2,more than 30,more than 30,none,more than 7,36 to 40,No,No,External,more than 5,no change,1 vehicle,1996,Collision
10,3,7,Pontiac,Urban,1,10,3,Male,Married,29,Policy Holder,Sedan - All Perils,Sedan,less than 20000,0,11760,4,400,3,more than 30,more than 30,1,6 years,31 to 35,No,No,External,1 to 2,no change,1 vehicle,1996,All Perils
10,3,5,Toyota,Urban,1,10,3,Male,Single,34,Policy Holder,Sedan - Collision,Sedan,20000 to 29000,0,11761,12,400,3,more than 30,more than 30,1,7 years,31 to 35,No,No,External,none,4 to 8 years,2 vehicles,1996,Collision
10,3,7,Chevrolet,Urban,4,5,4,Male,Married,41,Policy Holder,Sedan - Collision,Sedan,20000 to 29000,0,11762,6,400,2,more than 30,more than 30,2 to 4,7 years,36 to 40,No,No,External,more than 5,no change,1 vehicle,1996,Collision
4,4,1,Honda,Urban,1,1,1,Male,Married,56,Policy Holder,Sedan - Collision,Sedan,30000 to 39000,1,11763,3,400,3,more than 30,more than 30,1,7 years,51 to 65,No,No,External,3 to 5,no change,1 vehicle,1996,Collision
1,4,3,Honda,Urban,5,4,4,Male,Single,30,Policy Holder,Sedan - Collision,Sedan,20000 to 29000,0,11764,4,400,2,more than 30,more than 30,none,7 years,31 to 35,No,No,External,1 to 2,no change,1 vehicle,1996,Collision
3,5,5,Pontiac,Urban,3,6,1,Female,Single,48,Policy Holder,Sedan - Liability,Sport,30000 to 39000,0,11765,3,400,2,more than 30,more than 30,2 to 4,7 years,41 to 50,No,No,External,more than 5,no change,1 vehicle,1996,Liability
5,2,6,Accura,Urban,1,5,1,Male,Married,30,Policy Holder,Sedan - All Perils,Sedan,30000 to 39000,0,11766,8,400,3,more than 30,more than 30,1,6 years,31 to 35,No,No,External,none,no change,1 vehicle,1996,All Perils
5,3,4,Honda,Urban,5,9,3,Female,Married,57,Policy Holder,Sedan - All Perils,Sedan,less than 20000,0,11767,3,400,2,more than 30,more than 30,2 to 4,more than 7,51 to 65,No,No,External,none,no change,1 vehicle,1996,All Perils
9,4,2,Honda,Urban,5,9,4,Male,Single,27,Third Party,Sedan - Collision,Sedan,20000 to 29000,0,11768,13,400,1,more than 30,more than 30,2 to 4,6 years,31 to 35,No,No,External,none,no change,3 to 4,1996,Collision
9,3,1,Toyota,Urban,1,5,4,Female,Married,50,Policy Holder,Sedan - Liability,Sport,30000 to 39000,0,11769,5,400,3,more than 30,more than 30,1,6 years,41 to 50,No,No,External,none,no change,1 vehicle,1996,Liability
4,4,7,Toyota,Urban,2,10,2,Male,Single,44,Third Party,Sedan - Collision,Sedan,20000 to 29000,0,11770,3,400,4,more than 30,more than 30,1,6 years,36 to 40,No,No,External,1 to 2,no change,1 vehicle,1996,Collision
10,3,3,Mazda,Rural,1,10,3,Male,Married,38,Third Party,Sedan - Collision,Sedan,20000 to 29000,0,11771,7,400,4,more than 30,more than 30,1,7 years,36 to 40,No,No,External,more than 5,no change,1 vehicle,1996,Collision
10,1,3,Toyota,Urban,4,12,2,Male,Single,29,Policy Holder,Sedan - Liability,Sport,20000 to 29000,0,11772,11,400,4,more than 30,more than 30,2 to 4,6 years,31 to 35,No,No,External,1 to 2,no change,1 vehicle,1996,Liability
12,4,2,Toyota,Urban,4,11,4,Male,Married,40,Policy Holder,Sedan - Collision,Sedan,20000 to 29000,0,11773,13,400,2,more than 30,more than 30,2 to 4,5 years,36 to 40,No,No,External,none,no change,1 vehicle,1996,Collision
11,2,2,Toyota,Rural,5,6,2,Male,Single,35,Policy Holder,Sedan - All Perils,Sedan,20000 to 29000,0,11774,7,400,1,more than 30,more than 30,none,5 years,31 to 35,No,No,External,none,no change,1 vehicle,1996,All Perils
5,5,4,Mazda,Urban,5,6,1,Male,Single,33,Third Party,Sedan - Liability,Sport,30000 to 39000,0,11775,7,400,4,more than 30,more than 30,none,6 years,31 to 35,No,No,External,more than 5,no change,1 vehicle,1996,Liability
6,1,4,Toyota,Urban,1,6,1,Male,Single,31,Policy Holder,Sedan - Collision,Sedan,30000 to 39000,0,11776,11,400,3,more than 30,more than 30,more than 4,6 years,31 to 35,No,No,Internal,more than 5,no change,1 vehicle,1996,Collision
6,1,5,Chevrolet,Urban,3,7,1,Male,Single,33,Third Party,Sedan - All Perils,Sedan,20000 to 29000,0,11777,3,400,3,more than 30,more than 30,none,6 years,31 to 35,No,No,External,more than 5,no change,1 vehicle,1996,All Perils
6,1,7,Pontiac,Urban,2,1,4,Male,Married,37,Policy Holder,Sedan - Liability,Sport,30000 to 39000,0,11778,15,400,2,more than 30,more than 30,more than 4,7 years,36 to 40,No,No,External,3 to 5,no change,1 vehicle,1996,Liability
1,3,3,Pontiac,Urban,3,4,4,Male,Single,30,Policy Holder,Sedan - All Perils,Sedan,less than 20000,0,11779,9,400,1,more than 30,more than 30,none,6 years,31 to 35,No,No,External,more than 5,no change,1 vehicle,1996,All Perils
3,4,2,Honda,Urban,4,6,1,Male,Married,27,Third Party,Sedan - Collision,Sedan,20000 to 29000,0,11780,14,400,1,more than 30,more than 30,none,6 years,31 to 35,No,No,External,1 to 2,no change,1 vehicle,1996,Collision
6,2,2,Nisson,Rural,3,9,3,Male,Married,39,Policy Holder,Sedan - Collision,Sedan,30000 to 39000,0,11781,13,400,3,more than 30,more than 30,2 to 4,2 years,36 to 40,No,No,External,more than 5,no change,1 vehicle,1996,Collision
9,4,1,Chevrolet,Urban,2,4,5,Female,Single,58,Policy Holder,Sedan - Collision,Sedan,20000 to 29000,0,11782,12,500,4,more than 30,more than 30,2 to 4,7 years,51 to 65,No,No,External,more than 5,2 to 3 years,2 vehicles,1996,Collision
4,4,5,Chevrolet,Urban,1,11,4,Male,Single,29,Policy Holder,Sedan - All Perils,Sedan,30000 to 39000,1,11783,4,400,3,more than 30,more than 30,more than 4,6 years,31 to 35,No,No,External,more than 5,no change,1 vehicle,1996,All Perils
11,3,1,Pontiac,Urban,5,1,4,Male,Married,65,Policy Holder,Sedan - All Perils,Sedan,20000 to 29000,0,11784,1,400,4,more than 30,more than 30,none,more than 7,51 to 65,No,No,External,more than 5,no change,1 vehicle,1996,All Perils
1,4,2,Pontiac,Urban,4,1,4,Female,Married,35,Third Party,Sedan - Collision,Sedan,20000 to 29000,0,11785,13,400,2,more than 30,more than 30,2 to 4,6 years,31 to 35,No,No,External,more than 5,no change,1 vehicle,1996,Collision
1,4,1,Toyota,Urban,3,6,4,Male,Single,32,Third Party,Sedan - Collision,Sedan,20000 to 29000,0,11786,4,400,1,more than 30,more than 30,2 to 4,6 years,31 to 35,No,No,External,more than 5,no change,1 vehicle,1996,Collision
6,1,4,Toyota,Urban,3,6,2,Female,Married,56,Policy Holder,Sedan - Collision,Sedan,20000 to 29000,0,11787,1,400,3,more than 30,more than 30,2 to 4,more than 7,51 to 65,No,No,External,more than 5,no change,1 vehicle,1996,Collision
5,4,6,Dodge,Urban,4,12,2,Male,Married,30,Policy Holder,Sedan - Liability,Sport,30000 to 39000,0,11788,14,400,1,more than 30,more than 30,2 to 4,6 years,31 to 35,No,No,External,none,no change,1 vehicle,1996,Liability
12,3,2,Pontiac,Urban,2,10,4,Male,Single,23,Policy Holder,Sedan - Collision,Sedan,20000 to 29000,0,11789,13,400,4,more than 30,more than 30,1,5 years,26 to 30,No,No,External,none,no change,1 vehicle,1996,Collision
10,2,1,Mazda,Urban,1,5,2,Male,Married,46,Third Party,Sedan - All Perils,Sedan,20000 to 29000,0,11790,2,400,4,more than 30,more than 30,2 to 4,more than 7,41 to 50,No,No,External,none,no change,1 vehicle,1996,All Perils
4,4,7,Toyota,Urban,4,10,1,Male,Single,23,Third Party,Sedan - Collision,Sedan,30000 to 39000,0,11791,4,400,1,more than 30,more than 30,none,5 years,26 to 30,No,No,External,none,no change,1 vehicle,1996,Collision
10,2,5,Honda,Urban,1,6,2,Male,Single,30,Third Party,Sedan - Liability,Sport,20000 to 29000,0,11792,13,400,2,more than 30,more than 30,none,5 years,31 to 35,No,No,External,none,no change,1 vehicle,1996,Liability
6,2,4,Pontiac,Urban,3,4,2,Male,Single,28,Policy Holder,Sedan - Liability,Sport,30000 to 39000,0,11793,11,400,2,more than 30,more than 30,none,7 years,31 to 35,No,No,External,more than 5,no change,1 vehicle,1996,Liability
4,3,4,Pontiac,Urban,5,8,4,Female,Married,37,Policy Holder,Sedan - Collision,Sedan,20000 to 29000,0,11794,5,400,2,more than 30,more than 30,none,7 years,36 to 40,No,No,External,1 to 2,no change,1 vehicle,1996,Collision
8,4,5,Mazda,Urban,1,9,4,Male,Married,49,Policy Holder,Sedan - Liability,Sport,20000 to 29000,0,11795,9,400,2,more than 30,more than 30,1,7 years,41 to 50,No,No,External,more than 5,no change,1 vehicle,1996,Liability
8,4,5,Toyota,Urban,2,2,2,Female,Married,46,Policy Holder,Sedan - Liability,Sport,20000 to 29000,0,11796,1,400,1,more than 30,more than 30,more than 4,7 years,41 to 50,No,No,External,none,no change,1 vehicle,1996,Liability
2,2,5,Honda,Urban,2,2,4,Male,Married,34,Third Party,Sedan - Collision,Sedan,30000 to 39000,0,11797,7,400,3,more than 30,more than 30,none,7 years,31 to 35,No,No,External,more than 5,no change,1 vehicle,1996,Collision
2,3,4,Pontiac,Urban,5,6,4,Male,Single,48,Third Party,Sedan - Collision,Sedan,20000 to 29000,0,11798,9,400,4,more than 30,more than 30,2 to 4,more than 7,41 to 50,No,No,External,none,no change,1 vehicle,1996,Collision
3,5,3,Honda,Urban,4,3,2,Male,Married,44,Policy Holder,Sedan - Collision,Sedan,30000 to 39000,0,11799,4,400,4,more than 30,more than 30,2 to 4,more than 7,36 to 40,No,No,Internal,none,no change,1 vehicle,1996,Collision
3,4,5,Honda,Rural,2,6,4,Male,Married,38,Policy Holder,Sedan - Liability,Sport,30000 to 39000,0,11800,10,400,2,more than 30,more than 30,more than 4,6 years,36 to 40,No,No,External,more than 5,no change,1 vehicle,1996,Liability
5,3,1,Toyota,Urban,2,4,1,Male,Married,28,Third Party,Sedan - Collision,Sedan,20000 to 29000,0,11801,1,400,4,more than 30,more than 30,more than 4,7 years,31 to 35,No,No,External,3 to 5,no change,1 vehicle,1996,Collision
4,4,3,Toyota,Rural,4,9,4,Male,Married,36,Policy Holder,Sedan - Liability,Sport,30000 to 39000,0,11802,1,400,3,more than 30,more than 30,2 to 4,7 years,36 to 40,No,No,External,none,no change,1 vehicle,1996,Liability
9,1,3,Mazda,Urban,3,8,2,Male,Married,50,Policy Holder,Sedan - Liability,Sport,20000 to 29000,0,11803,7,400,2,more than 30,more than 30,2 to 4,7 years,41 to 50,No,No,External,none,4 to 8 years,2 vehicles,1996,Liability
8,2,1,Toyota,Urban,2,5,3,Male,Married,44,Policy Holder,Sedan - Liability,Sport,30000 to 39000,0,11804,5,400,3,more than 30,more than 30,2 to 4,more than 7,36 to 40,No,No,External,none,no change,1 vehicle,1996,Liability
5,2,2,Mazda,Urban,4,1,2,Female,Married,38,Policy Holder,Sedan - Liability,Sport,20000 to 29000,0,11805,5,400,1,more than 30,more than 30,2 to 4,7 years,36 to 40,No,No,External,more than 5,no change,1 vehicle,1996,Liability
1,1,4,Pontiac,Urban,1,7,1,Male,Married,54,Third Party,Sedan - All Perils,Sedan,20000 to 29000,0,11806,9,400,2,more than 30,more than 30,2 to 4,7 years,41 to 50,No,No,External,none,no change,1 vehicle,1996,All Perils
6,5,1,Pontiac,Urban,2,4,1,Male,Married,62,Policy Holder,Sedan - Collision,Sedan,20000 to 29000,0,11807,5,400,4,more than 30,more than 30,2 to 4,5 years,51 to 65,No,No,External,more than 5,no change,1 vehicle,1996,Collision
4,4,3,Honda,Urban,4,2,4,Male,Married,39,Policy Holder,Sport - Collision,Sport,more than 69000,1,11808,7,400,4,more than 30,more than 30,none,7 years,36 to 40,No,No,External,more than 5,no change,1 vehicle,1996,Collision
2,4,4,Honda,Rural,5,12,4,Male,Married,40,Third Party,Sedan - Collision,Sedan,20000 to 29000,0,11809,4,400,3,more than 30,more than 30,1,7 years,36 to 40,No,No,External,more than 5,no change,3 to 4,1996,Collision
11,5,2,Honda,Urban,3,4,1,Male,Married,41,Policy Holder,Sedan - Collision,Sedan,20000 to 29000,0,11810,15,400,2,more than 30,more than 30,none,6 years,36 to 40,No,No,External,1 to 2,no change,1 vehicle,1996,Collision
4,4,2,Pontiac,Urban,3,4,4,Male,Married,53,Third Party,Sedan - All Perils,Sedan,20000 to 29000,0,11811,16,400,1,more than 30,more than 30,more than 4,more than 7,41 to 50,No,No,External,3 to 5,no change,1 vehicle,1996,All Perils
4,2,5,Mazda,Rural,2,12,3,Male,Married,45,Policy Holder,Sedan - Liability,Sport,20000 to 29000,0,11812,14,700,4,more than 30,more than 30,2 to 4,7 years,36 to 40,No,No,External,none,no change,1 vehicle,1996,Liability
12,4,3,Toyota,Urban,2,11,4,Male,Married,30,Policy Holder,Sedan - All Perils,Sedan,30000 to 39000,0,11813,14,400,4,more than 30,more than 30,none,6 years,31 to 35,No,No,External,1 to 2,no change,1 vehicle,1996,All Perils
11,1,6,Pontiac,Urban,3,8,2,Male,Married,80,Policy Holder,Sedan - Liability,Sport,30000 to 39000,0,11814,16,400,2,more than 30,more than 30,2 to 4,more than 7,over 65,No,No,External,1 to 2,no change,1 vehicle,1996,Liability
7,5,1,Honda,Urban,2,6,2,Male,Married,29,Policy Holder,Sedan - All Perils,Sedan,more than 69000,0,11815,7,400,3,more than 30,more than 30,2 to 4,6 years,31 to 35,No,No,External,more than 5,no change,1 vehicle,1996,All Perils
6,3,4,Toyota,Urban,4,1,4,Male,Married,46,Policy Holder,Sedan - Liability,Sport,20000 to 29000,0,11816,3,400,2,more than 30,more than 30,2 to 4,7 years,41 to 50,No,No,External,none,no change,1 vehicle,1996,Liability
1,4,2,Toyota,Urban,5,5,4,Male,Married,45,Policy Holder,Sedan - Liability,Sport,30000 to 39000,0,11817,3,400,3,more than 30,more than 30,more than 4,7 years,36 to 40,No,No,External,3 to 5,no change,1 vehicle,1996,Liability
4,4,6,Mazda,Urban,2,8,1,Male,Single,22,Third Party,Sport - Collision,Sport,more than 69000,0,11818,10,400,2,more than 30,more than 30,2 to 4,3 years,26 to 30,No,No,External,more than 5,no change,1 vehicle,1996,Collision
7,1,7,Honda,Urban,3,2,2,Male,Married,45,Policy Holder,Sedan - Liability,Sport,20000 to 29000,0,11819,6,400,3,more than 30,more than 30,2 to 4,7 years,36 to 40,No,No,External,none,no change,1 vehicle,1996,Liability
1,5,6,Toyota,Urban,1,1,1,Male,Single,30,Policy Holder,Sedan - All Perils,Sedan,more than 69000,0,11820,13,400,2,more than 30,more than 30,1,7 years,31 to 35,No,No,External,more than 5,no change,1 vehicle,1996,All Perils
1,5,3,Chevrolet,Urban,4,11,5,Male,Married,42,Third Party,Sedan - All Perils,Sedan,more than 69000,0,11821,16,400,2,more than 30,more than 30,none,more than 7,36 to 40,No,No,External,more than 5,no change,1 vehicle,1996,All Perils
10,3,3,Pontiac,Rural,2,11,1,Male,Married,47,Policy Holder,Sedan - All Perils,Sedan,20000 to 29000,0,11822,9,400,3,more than 30,more than 30,1,7 years,41 to 50,No,No,External,more than 5,no change,1 vehicle,1996,All Perils
11,4,3,Honda,Rural,2,10,5,Male,Married,53,Policy Holder,Sedan - All Perils,Sedan,20000 to 29000,0,11823,15,400,4,more than 30,more than 30,1,more than 7,41 to 50,No,No,External,1 to 2,no change,1 vehicle,1996,All Perils
10,3,5,Pontiac,Rural,3,10,4,Male,Married,55,Policy Holder,Sedan - Collision,Sedan,20000 to 29000,0,11824,16,400,1,more than 30,more than 30,2 to 4,6 years,41 to 50,No,No,External,3 to 5,4 to 8 years,2 vehicles,1996,Collision
9,4,6,Toyota,Urban,1,2,4,Female,Single,23,Policy Holder,Sedan - All Perils,Sedan,less than 20000,0,11825,9,400,1,more than 30,more than 30,none,3 years,26 to 30,No,No,External,more than 5,no change,1 vehicle,1996,All Perils
1,5,1,VW,Urban,3,2,1,Male,Married,78,Policy Holder,Sedan - All Perils,Sedan,40000 to 59000,0,11826,16,400,2,more than 30,more than 30,none,more than 7,over 65,No,No,External,1 to 2,no change,1 vehicle,1996,All Perils
1,5,7,Chevrolet,Urban,2,1,1,Male,Married,62,Policy Holder,Sedan - Liability,Sport,30000 to 39000,0,11827,13,400,2,more than 30,more than 30,2 to 4,7 years,51 to 65,No,No,External,none,no change,1 vehicle,1996,Liability
1,4,6,Ford,Urban,1,1,5,Male,Married,28,Policy Holder,Sedan - Collision,Sedan,20000 to 29000,0,11828,2,400,2,more than 30,more than 30,none,7 years,31 to 35,Yes,No,External,none,no change,1 vehicle,1996,Collision
1,4,6,Toyota,Rural,5,2,4,Male,Single,26,Policy Holder,Sedan - Liability,Sport,20000 to 29000,0,11829,7,400,1,more than 30,more than 30,2 to 4,6 years,31 to 35,No,No,External,none,no change,1 vehicle,1996,Liability
1,4,4,Pontiac,Urban,4,1,1,Male,Single,35,Policy Holder,Sedan - Collision,Sedan,20000 to 29000,0,11830,7,400,1,more than 30,more than 30,2 to 4,6 years,31 to 35,No,No,External,3 to 5,no change,1 vehicle,1996,Collision
1,2,2,Pontiac,Urban,4,4,2,Female,Single,69,Policy Holder,Sedan - Liability,Sport,less than 20000,0,11831,11,400,2,more than 30,more than 30,1,7 years,over 65,No,No,External,more than 5,1 year,1 vehicle,1996,Liability
4,4,2,Pontiac,Urban,3,8,4,Female,Single,36,Third Party,Sedan - All Perils,Sedan,20000 to 29000,0,11832,10,400,2,more than 30,more than 30,1,7 years,36 to 40,No,No,External,more than 5,no change,1 vehicle,1996,All Perils
8,2,2,Mazda,Urban,3,7,2,Male,Married,40,Policy Holder,Sedan - Liability,Sport,20000 to 29000,0,11833,11,500,3,more than 30,more than 30,2 to 4,7 years,36 to 40,No,No,External,none,2 to 3 years,1 vehicle,1996,Liability
7,3,1,Pontiac,Urban,1,7,3,Male,Married,32,Third Party,Sedan - All Perils,Sedan,less than 20000,0,11834,10,400,1,more than 30,more than 30,1,6 years,31 to 35,No,No,External,none,no change,1 vehicle,1996,All Perils
7,3,5,Mazda,Urban,2,2,3,Female,Single,57,Policy Holder,Sedan - Liability,Sport,20000 to 29000,0,11835,1,400,2,more than 30,more than 30,more than 4,7 years,51 to 65,No,No,External,more than 5,no change,1 vehicle,1996,Liability
2,1,1,Toyota,Urban,4,1,2,Male,Single,33,Third Party,Sedan - All Perils,Sedan,less than 20000,0,11836,6,400,4,more than 30,more than 30,2 to 4,7 years,31 to 35,No,No,External,more than 5,no change,1 vehicle,1996,All Perils
1,3,5,Toyota,Urban,3,1,4,Male,Single,31,Third Party,Sedan - All Perils,Sedan,20000 to 29000,0,11837,7,400,1,more than 30,more than 30,2 to 4,6 years,31 to 35,No,No,External,more than 5,no change,1 vehicle,1996,All Perils
1,3,5,Pontiac,Urban,5,1,3,Male,Married,40,Policy Holder,Sedan - All Perils,Sedan,30000 to 39000,0,11838,9,400,1,more than 30,more than 30,2 to 4,7 years,36 to 40,No,No,External,none,no change,1 vehicle,1996,All Perils
1,3,1,Toyota,Urban,2,3,5,Female,Married,34,Third Party,Sedan - All Perils,Sedan,30000 to 39000,0,11839,4,400,4,more than 30,more than 30,none,7 years,31 to 35,No,No,External,more than 5,no change,1 vehicle,1996,All Perils
3,2,1,Honda,Urban,2,3,2,Male,Single,29,Third Party,Sedan - Collision,Sedan,20000 to 29000,0,11840,5,400,4,more than 30,more than 30,more than 4,6 years,31 to 35,Yes,No,External,1 to 2,no change,1 vehicle,1996,Collision
3,2,5,Toyota,Urban,4,2,3,Male,Married,26,Policy Holder,Sedan - Collision,Sedan,20000 to 29000,0,11841,3,400,1,more than 30,more than 30,1,6 years,31 to 35,No,No,External,more than 5,no change,1 vehicle,1996,Collision
1,5,7,Mercury,Urban,5,2,1,Male,Married,30,Policy Holder,Utility - All Perils,Utility,30000 to 39000,0,11842,8,400,1,more than 30,more than 30,2 to 4,6 years,31 to 35,No,No,External,none,no change,1 vehicle,1996,All Perils
1,5,7,Toyota,Urban,2,6,1,Male,Single,30,Policy Holder,Sedan - Liability,Sport,more than 69000,0,11843,16,400,2,more than 30,more than 30,1,6 years,31 to 35,No,No,External,none,no change,1 vehicle,1996,Liability
6,2,3,Pontiac,Rural,5,1,3,Female,Married,50,Policy Holder,Sedan - Collision,Sedan,20000 to 29000,0,11844,7,400,2,more than 30,more than 30,1,7 years,41 to 50,No,No,External,more than 5,no change,1 vehicle,1996,Collision
1,3,4,Toyota,Urban,3,1,3,Male,Married,40,Policy Holder,Sedan - Collision,Sedan,30000 to 39000,0,11845,6,400,1,more than 30,more than 30,1,6 years,36 to 40,No,No,External,1 to 2,4 to 8 years,2 vehicles,1996,Collision
1,3,2,Pontiac,Urban,3,3,4,Male,Married,38,Third Party,Sedan - Collision,Sedan,20000 to 29000,0,11846,2,400,2,more than 30,more than 30,none,7 years,36 to 40,No,No,External,none,no change,1 vehicle,1996,Collision
3,5,5,Chevrolet,Rural,2,3,5,Male,Single,30,Policy Holder,Sedan - Collision,Sedan,20000 to 29000,0,11847,16,400,1,more than 30,more than 30,none,6 years,31 to 35,No,No,External,none,no change,1 vehicle,1996,Collision
3,3,6,Accura,Urban,1,3,4,Male,Married,43,Third Party,Sedan - All Perils,Sedan,more than 69000,0,11848,14,400,1,more than 30,more than 30,1,7 years,36 to 40,No,No,External,more than 5,no change,1 vehicle,1996,All Perils
3,2,1,Pontiac,Urban,2,8,2,Male,Single,28,Third Party,Sedan - Collision,Sedan,20000 to 29000,0,11849,10,400,3,more than 30,more than 30,none,6 years,31 to 35,No,No,External,1 to 2,no change,1 vehicle,1996,Collision
7,4,7,Accura,Urban,2,11,1,Male,Married,32,Policy Holder,Sedan - All Perils,Sedan,30000 to 39000,0,11850,1,400,4,more than 30,more than 30,1,6 years,31 to 35,No,No,External,none,no change,3 to 4,1996,All Perils
11,2,6,Pontiac,Urban,1,10,3,Female,Single,34,Policy Holder,Sedan - Collision,Sedan,20000 to 29000,0,11851,1,400,1,more than 30,more than 30,1,6 years,31 to 35,No,No,External,none,no change,1 vehicle,1996,Collision
10,5,3,Pontiac,Urban,4,4,5,Male,Married,46,Third Party,Sedan - All Perils,Sedan,30000 to 39000,0,11852,13,400,3,more than 30,more than 30,none,more than 7,41 to 50,No,No,External,more than 5,no change,1 vehicle,1996,All Perils
3,4,3,Pontiac,Urban,3,3,2,Male,Married,35,Policy Holder,Sedan - Liability,Sport,more than 69000,0,11853,4,400,3,more than 30,more than 30,2 to 4,5 years,31 to 35,No,No,External,none,no change,1 vehicle,1996,Liability
3,3,7,Accura,Rural,1,5,4,Male,Married,39,Policy Holder,Sedan - All Perils,Sedan,30000 to 39000,0,11854,2,400,2,more than 30,more than 30,2 to 4,6 years,36 to 40,No,No,External,none,no change,1 vehicle,1996,All Perils
5,1,4,Pontiac,Rural,4,5,2,Male,Married,31,Policy Holder,Sedan - Liability,Sport,30000 to 39000,0,11855,5,400,4,more than 30,more than 30,none,6 years,31 to 35,No,No,External,none,no change,1 vehicle,1996,Liability
4,5,6,Toyota,Urban,1,4,1,Female,Single,27,Policy Holder,Sedan - All Perils,Sedan,20000 to 29000,0,11856,1,400,4,more than 30,more than 30,1,5 years,31 to 35,No,No,External,none,no change,1 vehicle,1996,All Perils
4,4,5,Toyota,Urban,5,4,4,Female,Married,43,Policy Holder,Sedan - All Perils,Sedan,20000 to 29000,0,11857,3,400,3,more than 30,more than 30,2 to 4,7 years,36 to 40,No,No,External,3 to 5,no change,1 vehicle,1996,All Perils
4,3,5,Chevrolet,Urban,5,9,3,Male,Married,33,Policy Holder,Sedan - Liability,Sport,40000 to 59000,0,11858,6,400,4,more than 30,more than 30,more than 4,7 years,31 to 35,No,No,External,1 to 2,no change,1 vehicle,1996,Liability
6,3,1,Mazda,Urban,2,6,1,Male,Married,51,Policy Holder,Utility - All Perils,Utility,more than 69000,0,11859,2,400,4,more than 30,more than 30,1,more than 7,41 to 50,No,No,External,none,no change,1 vehicle,1996,All Perils
6,2,7,Honda,Urban,1,8,4,Male,Married,26,Policy Holder,Sedan - Liability,Sport,30000 to 39000,0,11860,11,400,4,more than 30,more than 30,2 to 4,7 years,31 to 35,No,No,External,none,no change,1 vehicle,1996,Liability
7,5,3,Chevrolet,Urban,3,10,1,Male,Married,52,Third Party,Sedan - All Perils,Sedan,more than 69000,0,11861,5,400,4,more than 30,more than 30,more than 4,more than 7,41 to 50,No,No,External,more than 5,no change,1 vehicle,1996,All Perils
10,3,7,Toyota,Urban,2,10,3,Male,Married,62,Policy Holder,Sedan - Collision,Sedan,20000 to 29000,0,11862,12,400,1,more than 30,more than 30,2 to 4,more than 7,51 to 65,No,No,External,none,no change,1 vehicle,1996,Collision
10,1,1,Pontiac,Urban,1,9,1,Male,Married,29,Third Party,Sedan - Collision,Sedan,less than 20000,0,11863,16,400,3,more than 30,more than 30,none,6 years,31 to 35,No,No,External,none,no change,1 vehicle,1996,Collision
9,2,1,Mazda,Urban,1,11,2,Male,Married,30,Policy Holder,Sedan - Liability,Sport,more than 69000,0,11864,8,400,2,more than 30,more than 30,none,7 years,31 to 35,No,No,External,more than 5,no change,1 vehicle,1996,Liability
10,5,5,Pontiac,Urban,1,3,5,Male,Married,48,Policy Holder,Sedan - Collision,Sedan,20000 to 29000,0,11865,3,400,3,more than 30,more than 30,1,more than 7,41 to 50,No,No,External,none,no change,1 vehicle,1996,Collision
3,4,7,Toyota,Urban,1,4,4,Male,Married,32,Policy Holder,Sedan - Collision,Sedan,20000 to 29000,0,11866,5,400,4,more than 30,more than 30,2 to 4,5 years,31 to 35,No,No,External,3 to 5,4 to 8 years,2 vehicles,1996,Collision
4,1,7,Mazda,Urban,5,3,1,Male,Married,64,Policy Holder,Sedan - Collision,Sedan,20000 to 29000,0,11867,14,400,1,more than 30,more than 30,2 to 4,more than 7,51 to 65,No,No,External,more than 5,no change,1 vehicle,1996,Collision
3,4,7,Toyota,Urban,5,5,5,Male,Married,35,Policy Holder,Sedan - Collision,Sedan,20000 to 29000,0,11868,6,400,3,more than 30,more than 30,2 to 4,6 years,31 to 35,No,No,External,more than 5,no change,1 vehicle,1996,Collision
5,3,1,Chevrolet,Urban,2,6,3,Male,Single,28,Policy Holder,Sedan - All Perils,Sedan,more than 69000,0,11869,12,400,1,more than 30,more than 30,2 to 4,4 years,31 to 35,No,No,External,more than 5,no change,1 vehicle,1996,All Perils
6,3,1,Toyota,Urban,5,6,3,Male,Married,36,Policy Holder,Sedan - Liability,Sport,30000 to 39000,0,11870,4,400,1,more than 30,more than 30,more than 4,7 years,36 to 40,No,No,External,none,no change,1 vehicle,1996,Liability
6,1,4,Honda,Urban,2,5,3,Male,Single,32,Policy Holder,Sedan - Collision,Sedan,more than 69000,0,11871,13,400,1,more than 30,more than 30,more than 4,6 years,31 to 35,Yes,No,External,3 to 5,no change,1 vehicle,1996,Collision
4,4,4,Toyota,Urban,1,8,1,Male,Single,46,Policy Holder,Sedan - Collision,Sedan,20000 to 29000,1,11872,2,400,2,more than 30,more than 30,more than 4,6 years,41 to 50,No,No,External,3 to 5,no change,1 vehicle,1996,Collision
8,4,5,Pontiac,Urban,5,10,5,Male,Married,46,Policy Holder,Sedan - Liability,Sport,30000 to 39000,0,11873,16,400,2,more than 30,more than 30,none,more than 7,41 to 50,No,No,External,none,no change,1 vehicle,1996,Liability
10,4,1,Chevrolet,Urban,1,1,4,Male,Married,36,Policy Holder,Sedan - Liability,Sport,30000 to 39000,0,11874,10,700,2,more than 30,more than 30,more than 4,7 years,36 to 40,No,No,External,1 to 2,no change,1 vehicle,1996,Liability
1,4,1,Pontiac,Urban,3,5,4,Male,Married,55,Policy Holder,Sedan - Liability,Sport,30000 to 39000,0,11875,14,400,1,more than 30,more than 30,more than 4,more than 7,41 to 50,No,No,External,1 to 2,no change,1 vehicle,1996,Liability
5,3,5,Pontiac,Rural,2,6,3,Male,Married,26,Policy Holder,Sedan - All Perils,Sedan,20000 to 29000,0,11876,10,400,4,more than 30,more than 30,2 to 4,6 years,31 to 35,No,No,External,3 to 5,no change,1 vehicle,1996,All Perils
5,2,4,Toyota,Urban,1,5,2,Male,Married,52,Policy Holder,Sedan - All Perils,Sedan,less than 20000,0,11877,1,400,1,more than 30,more than 30,none,more than 7,41 to 50,No,No,External,none,no change,1 vehicle,1996,All Perils
5,1,7,Honda,Rural,1,6,2,Male,Single,0,Policy Holder,Sedan - Collision,Sedan,more than 69000,0,11878,11,400,2,more than 30,more than 30,1,new,16 to 17,No,No,External,none,no change,1 vehicle,1996,Collision
6,4,5,Honda,Urban,3,6,4,Male,Single,0,Policy Holder,Sedan - Liability,Sport,more than 69000,0,11879,13,400,4,more than 30,more than 30,more than 4,new,16 to 17,No,No,External,none,no change,1 vehicle,1996,Liability
6,1,2,Honda,Urban,2,11,2,Male,Married,52,Policy Holder,Sedan - Collision,Sedan,20000 to 29000,0,11880,4,400,3,more than 30,more than 30,2 to 4,more than 7,41 to 50,No,No,External,none,no change,1 vehicle,1996,Collision
11,2,1,Honda,Urban,1,4,3,Female,Single,27,Policy Holder,Sedan - Collision,Sedan,20000 to 29000,0,11881,13,400,2,more than 30,more than 30,1,6 years,31 to 35,No,No,External,none,no change,1 vehicle,1996,Collision
4,4,6,Toyota,Urban,2,1,4,Female,Married,31,Policy Holder,Sedan - Liability,Sport,30000 to 39000,0,11882,3,400,1,more than 30,more than 30,none,7 years,31 to 35,No,No,External,more than 5,no change,1 vehicle,1996,Liability
1,3,6,Mazda,Urban,1,1,3,Male,Married,40,Policy Holder,Sedan - Collision,Sedan,30000 to 39000,0,11883,2,400,1,more than 30,more than 30,2 to 4,7 years,36 to 40,No,No,External,none,no change,1 vehicle,1996,Collision
1,3,4,Pontiac,Urban,4,5,4,Male,Married,62,Policy Holder,Sedan - Liability,Sport,20000 to 29000,0,11884,6,500,1,more than 30,more than 30,2 to 4,7 years,51 to 65,No,No,External,none,2 to 3 years,1 vehicle,1996,Liability
5,2,6,Honda,Urban,2,6,2,Male,Single,28,Policy Holder,Sport - Collision,Sport,more than 69000,0,11885,6,400,1,more than 30,more than 30,none,7 years,31 to 35,No,No,External,none,no change,1 vehicle,1996,Collision
6,4,5,Toyota,Urban,5,6,4,Male,Married,42,Third Party,Sedan - All Perils,Sedan,less than 20000,0,11886,12,400,1,more than 30,more than 30,2 to 4,7 years,36 to 40,No,No,External,more than 5,no change,1 vehicle,1996,All Perils
6,3,5,Mazda,Urban,2,9,3,Male,Married,33,Third Party,Sport - Collision,Sport,more than 69000,0,11887,5,400,1,more than 30,more than 30,1,6 years,31 to 35,No,No,External,none,4 to 8 years,2 vehicles,1996,Collision
8,3,2,Chevrolet,Urban,2,10,1,Male,Single,32,Policy Holder,Sedan - Collision,Sedan,20000 to 29000,0,11888,1,400,1,more than 30,more than 30,more than 4,6 years,31 to 35,No,No,External,3 to 5,no change,1 vehicle,1996,Collision
10,5,7,Toyota,Urban,5,12,5,Male,Single,29,Policy Holder,Sedan - Liability,Sport,20000 to 29000,0,11889,11,400,1,more than 30,more than 30,2 to 4,6 years,31 to 35,No,No,External,more than 5,no change,1 vehicle,1996,Liability
11,4,2,Pontiac,Urban,4,11,1,Male,Married,42,Policy Holder,Sedan - Collision,Sedan,30000 to 39000,0,11890,7,400,1,more than 30,more than 30,2 to 4,more than 7,36 to 40,No,No,External,more than 5,no change,1 vehicle,1996,Collision
11,2,3,Mazda,Urban,1,5,2,Male,Married,55,Policy Holder,Sedan - Liability,Sport,20000 to 29000,0,11891,1,400,3,more than 30,more than 30,more than 4,7 years,41 to 50,No,No,External,none,no change,3 to 4,1996,Liability
4,4,1,Toyota,Urban,3,3,2,Male,Married,47,Third Party,Sedan - Collision,Sedan,30000 to 39000,0,11892,13,400,3,more than 30,more than 30,none,more than 7,41 to 50,No,No,External,none,no change,1 vehicle,1996,Collision
3,3,2,Honda,Urban,2,7,3,Male,Married,63,Policy Holder,Sedan - Liability,Sport,20000 to 29000,0,11893,7,400,4,more than 30,more than 30,more than 4,7 years,51 to 65,No,No,External,none,no change,1 vehicle,1996,Liability
7,1,4,Honda,Urban,4,6,2,Male,Married,34,Policy Holder,Sedan - Liability,Sport,20000 to 29000,0,11894,1,400,1,more than 30,more than 30,2 to 4,6 years,31 to 35,No,No,External,none,no change,1 vehicle,1996,Liability
6,4,2,Toyota,Urban,2,9,4,Male,Married,42,Policy Holder,Sedan - Liability,Sport,20000 to 29000,0,11895,3,400,1,more than 30,more than 30,more than 4,7 years,36 to 40,No,No,External,more than 5,no change,1 vehicle,1996,Liability
9,1,6,Chevrolet,Urban,4,9,1,Male,Married,48,Policy Holder,Sedan - Collision,Sedan,30000 to 39000,0,11896,5,400,1,more than 30,more than 30,1,more than 7,41 to 50,No,No,External,none,no change,1 vehicle,1996,Collision
9,1,4,Pontiac,Urban,3,12,2,Female,Married,45,Third Party,Sedan - Collision,Sedan,20000 to 29000,0,11897,14,400,1,more than 30,more than 30,2 to 4,6 years,36 to 40,No,No,External,more than 5,no change,1 vehicle,1996,Collision
11,3,6,Chevrolet,Urban,4,5,4,Female,Married,32,Third Party,Sedan - Collision,Sedan,20000 to 29000,0,11898,11,400,4,more than 30,more than 30,1,7 years,31 to 35,No,No,External,more than 5,no change,1 vehicle,1996,Collision
4,5,6,Pontiac,Urban,1,9,1,Male,Single,35,Policy Holder,Sedan - All Perils,Sedan,less than 20000,1,11899,9,400,3,more than 30,more than 30,none,6 years,31 to 35,No,No,External,1 to 2,no change,1 vehicle,1996,All Perils
4,5,6,Honda,Urban,2,5,3,Female,Single,45,Third Party,Sedan - Collision,Sedan,20000 to 29000,0,11900,12,400,2,more than 30,more than 30,2 to 4,7 years,36 to 40,No,No,External,none,no change,1 vehicle,1996,Collision
4,5,6,BMW,Urban,5,5,2,Female,Married,44,Policy Holder,Sedan - All Perils,Sedan,20000 to 29000,1,11901,15,400,2,more than 30,more than 30,2 to 4,5 years,36 to 40,No,No,External,3 to 5,no change,1 vehicle,1996,All Perils
4,5,2,Honda,Urban,5,10,1,Male,Married,27,Policy Holder,Sedan - Collision,Sedan,20000 to 29000,1,11902,10,400,2,more than 30,more than 30,2 to 4,6 years,31 to 35,No,No,External,1 to 2,no change,1 vehicle,1996,Collision
9,3,1,Pontiac,Urban,1,9,4,Male,Married,38,Third Party,Sedan - All Perils,Sedan,20000 to 29000,0,11903,11,400,4,more than 30,more than 30,1,more than 7,36 to 40,Yes,No,External,3 to 5,no change,1 vehicle,1996,All Perils
9,1,4,VW,Urban,4,12,2,Male,Married,29,Policy Holder,Sedan - All Perils,Sedan,20000 to 29000,0,11904,8,400,2,more than 30,more than 30,1,7 years,31 to 35,No,No,External,3 to 5,no change,1 vehicle,1996,All Perils
12,5,4,Pontiac,Urban,1,4,5,Male,Married,52,Policy Holder,Sedan - Liability,Sport,30000 to 39000,0,11905,14,400,2,more than 30,more than 30,2 to 4,6 years,41 to 50,No,No,Internal,more than 5,no change,1 vehicle,1996,Liability
3,5,6,Dodge,Urban,4,4,1,Male,Married,37,Policy Holder,Sedan - Liability,Sport,30000 to 39000,0,11906,15,400,4,more than 30,more than 30,2 to 4,7 years,36 to 40,No,No,External,none,no change,1 vehicle,1996,Liability
4,1,3,Honda,Urban,1,3,2,Male,Single,0,Policy Holder,Sedan - Liability,Sport,more than 69000,0,11907,9,400,1,more than 30,more than 30,2 to 4,new,16 to 17,No,No,External,none,no change,1 vehicle,1996,Liability
3,3,6,Pontiac,Urban,1,3,4,Male,Married,39,Policy Holder,Utility - Liability,Utility,40000 to 59000,0,11908,16,400,1,more than 30,more than 30,more than 4,7 years,36 to 40,No,No,External,none,4 to 8 years,2 vehicles,1996,Liability
3,1,7,Honda,Urban,5,5,1,Male,Married,52,Policy Holder,Sedan - Liability,Sport,30000 to 39000,0,11909,4,400,4,more than 30,more than 30,2 to 4,more than 7,41 to 50,No,No,External,more than 5,no change,1 vehicle,1996,Liability
4,5,1,Pontiac,Urban,1,2,3,Male,Married,58,Policy Holder,Sedan - Collision,Sedan,20000 to 29000,1,11910,14,400,2,more than 30,more than 30,1,7 years,51 to 65,No,No,External,1 to 2,no change,1 vehicle,1996,Collision
2,3,1,Chevrolet,Urban,5,2,3,Female,Single,37,Policy Holder,Sedan - Liability,Sport,20000 to 29000,0,11911,5,400,4,more than 30,more than 30,none,7 years,36 to 40,No,No,External,none,no change,1 vehicle,1996,Liability
2,3,5,Pontiac,Urban,2,9,4,Male,Married,30,Policy Holder,Sedan - Liability,Sport,30000 to 39000,0,11912,1,400,1,more than 30,more than 30,2 to 4,7 years,31 to 35,No,No,Internal,3 to 5,no change,1 vehicle,1996,Liability
8,2,6,Toyota,Urban,2,10,1,Male,Single,33,Third Party,Sedan - Liability,Sport,20000 to 29000,0,11913,10,400,3,more than 30,more than 30,1,7 years,31 to 35,No,No,External,none,no change,1 vehicle,1996,Liability
9,5,1,Pontiac,Urban,2,5,1,Female,Married,54,Third Party,Sedan - All Perils,Sedan,less than 20000,0,11914,1,400,2,more than 30,more than 30,1,7 years,41 to 50,No,No,External,more than 5,no change,1 vehicle,1996,All Perils
5,1,5,Honda,Urban,1,2,1,Male,Married,39,Policy Holder,Sedan - Collision,Sedan,20000 to 29000,1,11915,5,400,4,more than 30,more than 30,1,7 years,36 to 40,No,No,External,more than 5,no change,1 vehicle,1996,Collision
2,1,6,Pontiac,Urban,2,2,1,Male,Married,45,Policy Holder,Utility - All Perils,Utility,more than 69000,0,11916,4,400,4,more than 30,more than 30,2 to 4,more than 7,36 to 40,No,No,External,1 to 2,no change,1 vehicle,1996,All Perils
2,1,2,Toyota,Urban,4,2,4,Female,Single,27,Policy Holder,Sedan - Liability,Sport,20000 to 29000,0,11917,6,400,3,more than 30,more than 30,1,6 years,31 to 35,No,No,External,1 to 2,no change,1 vehicle,1996,Liability
11,3,1,Toyota,Urban,5,5,2,Male,Married,40,Policy Holder,Sedan - Collision,Sedan,20000 to 29000,0,11918,13,400,1,more than 30,more than 30,2 to 4,7 years,36 to 40,No,No,External,more than 5,no change,1 vehicle,1996,Collision
5,1,3,Ford,Urban,5,7,4,Male,Married,58,Policy Holder,Sedan - All Perils,Sedan,20000 to 29000,1,11919,1,400,4,more than 30,more than 30,2 to 4,7 years,51 to 65,No,No,External,none,no change,1 vehicle,1996,All Perils
7,2,7,Pontiac,Urban,5,2,3,Male,Married,46,Third Party,Sedan - All Perils,Sedan,less than 20000,0,11920,15,400,4,more than 30,more than 30,none,more than 7,41 to 50,No,No,External,none,no change,1 vehicle,1996,All Perils
8,1,4,Honda,Rural,3,2,2,Male,Single,0,Policy Holder,Sedan - Liability,Sport,more than 69000,0,11921,14,400,3,more than 30,more than 30,2 to 4,new,16 to 17,No,No,External,none,no change,1 vehicle,1996,Liability
12,5,1,Accura,Rural,2,1,4,Male,Married,46,Third Party,Utility - All Perils,Utility,more than 69000,0,11922,15,400,1,none,more than 30,1,5 years,41 to 50,No,No,External,none,1 year,1 vehicle,1996,All Perils
1,1,2,Toyota,Urban,2,1,1,Male,Single,25,Policy Holder,Sedan - Collision,Sedan,20000 to 29000,0,11923,16,400,2,more than 30,more than 30,1,5 years,26 to 30,No,No,External,more than 5,no change,1 vehicle,1996,Collision
1,1,2,Toyota,Urban,1,1,1,Male,Married,57,Third Party,Sedan - All Perils,Sedan,20000 to 29000,0,11924,5,400,3,more than 30,more than 30,none,6 years,51 to 65,No,No,External,more than 5,no change,1 vehicle,1996,All Perils
1,3,2,Pontiac,Urban,3,1,4,Male,Married,31,Policy Holder,Sedan - Liability,Sport,20000 to 29000,0,11925,15,400,4,more than 30,more than 30,more than 4,6 years,31 to 35,No,No,External,none,no change,1 vehicle,1996,Liability
1,3,1,Toyota,Urban,2,5,4,Male,Married,31,Policy Holder,Sedan - All Perils,Sedan,more than 69000,0,11926,16,400,3,more than 30,more than 30,more than 4,7 years,31 to 35,No,No,External,more than 5,no change,1 vehicle,1996,All Perils
5,2,6,Pontiac,Urban,2,5,2,Male,Married,31,Policy Holder,Sedan - Collision,Sedan,20000 to 29000,0,11927,12,400,2,more than 30,more than 30,1,7 years,31 to 35,No,No,External,more than 5,no change,1 vehicle,1996,Collision
5,2,1,Pontiac,Urban,2,4,2,Male,Married,26,Policy Holder,Sedan - Collision,Sedan,20000 to 29000,0,11928,3,400,1,more than 30,more than 30,none,7 years,31 to 35,No,No,External,more than 5,no change,1 vehicle,1996,Collision
4,3,1,VW,Rural,4,1,3,Male,Married,61,Policy Holder,Sedan - Collision,Sedan,more than 69000,0,11929,16,400,4,more than 30,more than 30,1,more than 7,51 to 65,No,No,External,more than 5,4 to 8 years,2 vehicles,1996,Collision
1,2,7,Honda,Urban,1,1,2,Male,Married,63,Policy Holder,Sedan - All Perils,Sedan,30000 to 39000,0,11930,12,400,4,more than 30,more than 30,none,more than 7,51 to 65,No,No,External,none,no change,1 vehicle,1996,All Perils
1,2,1,Honda,Urban,1,1,2,Male,Married,32,Policy Holder,Sedan - Collision,Sedan,30000 to 39000,0,11931,8,400,3,more than 30,more than 30,2 to 4,7 years,31 to 35,No,No,External,none,no change,1 vehicle,1996,Collision
1,2,2,Pontiac,Urban,4,12,2,Male,Married,60,Third Party,Sedan - All Perils,Sedan,20000 to 29000,0,11932,4,400,4,more than 30,more than 30,more than 4,more than 7,51 to 65,No,No,External,1 to 2,no change,3 to 4,1996,All Perils
12,1,4,Toyota,Urban,4,8,3,Male,Single,27,Third Party,Sedan - Collision,Sedan,20000 to 29000,0,11933,15,400,4,more than 30,more than 30,2 to 4,6 years,31 to 35,No,No,External,none,no change,1 vehicle,1996,Collision
8,4,5,Honda,Urban,5,10,5,Female,Single,30,Policy Holder,Sedan - Collision,Sedan,20000 to 29000,0,11934,4,400,4,more than 30,more than 30,2 to 4,7 years,31 to 35,No,No,External,none,no change,1 vehicle,1996,Collision
9,1,1,Pontiac,Urban,2,10,2,Male,Single,33,Policy Holder,Sedan - Collision,Sedan,20000 to 29000,0,11935,9,400,1,more than 30,more than 30,2 to 4,5 years,31 to 35,No,No,External,none,2 to 3 years,1 vehicle,1996,Collision
10,4,5,Ford,Urban,4,10,4,Female,Married,62,Policy Holder,Sedan - Liability,Sport,30000 to 39000,0,11936,13,700,3,more than 30,more than 30,2 to 4,more than 7,51 to 65,No,No,External,more than 5,no change,1 vehicle,1996,Liability
10,3,1,Dodge,Urban,2,10,4,Male,Married,34,Third Party,Sedan - Collision,Sedan,30000 to 39000,0,11937,8,400,2,more than 30,more than 30,1,7 years,31 to 35,No,No,External,none,no change,1 vehicle,1996,Collision
10,2,4,Mazda,Urban,1,5,4,Female,Married,28,Policy Holder,Sedan - Collision,Sedan,20000 to 29000,0,11938,10,400,3,more than 30,more than 30,1,6 years,31 to 35,No,No,External,3 to 5,no change,1 vehicle,1996,Collision
5,4,2,Pontiac,Rural,4,5,5,Male,Married,53,Policy Holder,Sedan - All Perils,Sedan,20000 to 29000,0,11939,9,400,1,more than 30,more than 30,1,more than 7,41 to 50,No,No,External,3 to 5,no change,1 vehicle,1996,All Perils
5,1,6,Pontiac,Urban,4,1,2,Male,Single,32,Policy Holder,Sedan - Collision,Sedan,less than 20000,1,11940,1,400,3,more than 30,more than 30,none,5 years,31 to 35,No,No,External,none,no change,1 vehicle,1996,Collision
12,5,5,Honda,Urban,1,1,4,Male,Single,28,Policy Holder,Sedan - Liability,Sport,20000 to 29000,0,11941,5,400,4,more than 30,more than 30,2 to 4,7 years,31 to 35,No,No,External,more than 5,no change,1 vehicle,1996,Liability
12,5,5,Pontiac,Urban,5,1,1,Male,Married,58,Policy Holder,Sedan - Liability,Sport,30000 to 39000,0,11942,10,400,2,more than 30,more than 30,more than 4,more than 7,51 to 65,No,No,External,none,no change,1 vehicle,1996,Liability
12,5,4,Mazda,Urban,1,1,2,Male,Single,44,Policy Holder,Sedan - Liability,Sport,30000 to 39000,0,11943,12,400,2,more than 30,more than 30,2 to 4,7 years,36 to 40,No,No,External,more than 5,no change,1 vehicle,1996,Liability
12,3,3,Pontiac,Urban,4,5,1,Female,Single,22,Policy Holder,Sedan - Collision,Sedan,20000 to 29000,0,11944,3,400,1,more than 30,more than 30,2 to 4,5 years,26 to 30,No,No,External,none,no change,1 vehicle,1996,Collision
5,1,4,Toyota,Urban,5,12,2,Male,Married,48,Third Party,Sedan - All Perils,Sedan,30000 to 39000,0,11945,9,400,1,more than 30,more than 30,1,5 years,41 to 50,No,No,External,3 to 5,no change,1 vehicle,1996,All Perils
12,1,5,Honda,Rural,3,8,1,Male,Married,33,Policy Holder,Sedan - Collision,Sedan,20000 to 29000,0,11946,6,400,4,more than 30,more than 30,2 to 4,5 years,31 to 35,No,No,External,none,no change,1 vehicle,1996,Collision
7,4,4,Toyota,Urban,5,7,1,Male,Married,35,Third Party,Sedan - Collision,Sedan,20000 to 29000,0,11947,1,400,1,more than 30,more than 30,1,6 years,31 to 35,No,No,External,3 to 5,no change,1 vehicle,1996,Collision
7,4,5,Honda,Urban,5,3,4,Male,Married,47,Third Party,Sedan - Liability,Sport,20000 to 29000,0,11948,7,400,3,more than 30,more than 30,none,more than 7,41 to 50,No,No,External,more than 5,no change,1 vehicle,1996,Liability
3,2,4,Chevrolet,Urban,1,3,2,Male,Married,35,Policy Holder,Sedan - All Perils,Sedan,30000 to 39000,0,11949,3,400,1,more than 30,more than 30,2 to 4,7 years,31 to 35,Yes,No,External,more than 5,no change,1 vehicle,1996,All Perils
3,2,5,Chevrolet,Urban,2,2,3,Male,Married,45,Third Party,Sedan - Collision,Sedan,20000 to 29000,0,11950,12,400,2,more than 30,more than 30,1,7 years,36 to 40,No,No,External,more than 5,4 to 8 years,2 vehicles,1996,Collision
2,2,5,Honda,Urban,1,2,3,Male,Single,0,Policy Holder,Sedan - All Perils,Sedan,more than 69000,0,11951,6,400,1,more than 30,more than 30,none,new,16 to 17,No,No,External,none,no change,1 vehicle,1996,All Perils
2,2,6,Mazda,Urban,1,1,3,Male,Single,28,Policy Holder,Sedan - Collision,Sedan,30000 to 39000,0,11952,2,400,3,more than 30,more than 30,2 to 4,6 years,31 to 35,No,No,External,3 to 5,no change,1 vehicle,1996,Collision
1,4,5,Pontiac,Urban,5,1,4,Female,Single,29,Policy Holder,Sedan - Collision,Sedan,20000 to 29000,0,11953,15,400,2,more than 30,more than 30,none,6 years,31 to 35,No,No,External,none,no change,1 vehicle,1996,Collision
1,4,5,Pontiac,Urban,1,1,4,Male,Single,23,Policy Holder,Sedan - Liability,Sport,20000 to 29000,0,11954,9,400,2,more than 30,more than 30,2 to 4,5 years,26 to 30,No,No,External,more than 5,no change,1 vehicle,1996,Liability
1,4,2,Toyota,Urban,2,2,4,Male,Married,47,Policy Holder,Sedan - Liability,Sport,30000 to 39000,0,11955,16,400,4,more than 30,more than 30,1,more than 7,41 to 50,No,No,External,none,no change,1 vehicle,1996,Liability
2,3,6,Pontiac,Urban,5,2,3,Female,Married,27,Policy Holder,Sedan - Collision,Sedan,20000 to 29000,0,11956,7,400,2,more than 30,more than 30,none,7 years,31 to 35,No,No,External,3 to 5,no change,1 vehicle,1996,Collision
2,2,4,Pontiac,Urban,3,3,3,Male,Married,58,Policy Holder,Sedan - Liability,Sport,20000 to 29000,0,11957,9,400,4,more than 30,more than 30,2 to 4,more than 7,51 to 65,No,No,External,more than 5,no change,1 vehicle,1996,Liability
2,4,4,Pontiac,Urban,5,3,1,Male,Married,42,Policy Holder,Sedan - Liability,Sport,30000 to 39000,0,11958,6,400,2,more than 30,more than 30,2 to 4,7 years,36 to 40,No,No,External,more than 5,no change,1 vehicle,1996,Liability
2,4,5,Honda,Rural,2,3,1,Male,Single,0,Policy Holder,Sedan - Liability,Sport,more than 69000,0,11959,2,400,2,more than 30,more than 30,1,new,16 to 17,No,No,External,none,no change,1 vehicle,1996,Liability
3,1,2,Mazda,Urban,3,3,2,Male,Single,22,Policy Holder,Sedan - All Perils,Sedan,20000 to 29000,0,11960,6,400,2,more than 30,more than 30,1,5 years,26 to 30,No,No,External,none,no change,1 vehicle,1996,All Perils
3,3,3,Toyota,Urban,2,6,3,Male,Married,36,Policy Holder,Sedan - Collision,Sedan,20000 to 29000,0,11961,4,400,3,more than 30,more than 30,1,6 years,36 to 40,No,No,External,none,no change,1 vehicle,1996,Collision
5,1,4,Honda,Urban,3,6,1,Male,Married,35,Policy Holder,Sedan - Liability,Sport,20000 to 29000,0,11962,3,400,2,more than 30,more than 30,more than 4,7 years,31 to 35,No,No,External,none,no change,1 vehicle,1996,Liability
6,3,2,Toyota,Urban,3,5,4,Male,Married,55,Policy Holder,Sedan - All Perils,Sedan,20000 to 29000,0,11963,5,400,4,more than 30,more than 30,1,more than 7,41 to 50,No,No,External,none,no change,1 vehicle,1996,All Perils
5,5,1,Honda,Urban,4,5,5,Male,Married,41,Third Party,Sedan - Collision,Sedan,20000 to 29000,0,11964,13,400,1,more than 30,more than 30,2 to 4,7 years,36 to 40,No,No,External,more than 5,no change,1 vehicle,1996,Collision
5,2,4,Pontiac,Urban,5,5,2,Male,Married,43,Policy Holder,Sedan - Liability,Sport,30000 to 39000,0,11965,13,400,2,more than 30,more than 30,2 to 4,7 years,36 to 40,No,No,External,none,no change,1 vehicle,1996,Liability
5,1,3,Mazda,Urban,2,5,2,Male,Married,53,Third Party,Sedan - Collision,Sedan,20000 to 29000,0,11966,12,400,1,more than 30,more than 30,2 to 4,more than 7,41 to 50,Yes,No,External,none,no change,1 vehicle,1996,Collision
5,1,5,Chevrolet,Rural,5,1,4,Female,Married,53,Third Party,Sedan - Collision,Sedan,20000 to 29000,0,11967,11,400,2,more than 30,more than 30,2 to 4,6 years,41 to 50,No,No,External,none,no change,1 vehicle,1996,Collision
1,2,2,Chevrolet,Urban,1,1,2,Male,Married,55,Policy Holder,Sedan - Liability,Sport,more than 69000,0,11968,5,400,2,more than 30,more than 30,more than 4,more than 7,41 to 50,No,No,External,none,no change,1 vehicle,1996,Liability
12,4,3,Pontiac,Urban,3,9,1,Male,Married,43,Policy Holder,Sedan - Liability,Sport,30000 to 39000,0,11969,16,400,4,more than 30,more than 30,more than 4,7 years,36 to 40,No,No,External,more than 5,no change,1 vehicle,1996,Liability
9,3,5,Pontiac,Urban,3,9,4,Male,Married,50,Policy Holder,Sedan - All Perils,Sedan,20000 to 29000,0,11970,7,400,4,more than 30,more than 30,2 to 4,more than 7,41 to 50,No,No,External,none,no change,1 vehicle,1996,All Perils
9,1,1,Pontiac,Urban,2,9,2,Male,Married,32,Third Party,Sedan - All Perils,Sedan,20000 to 29000,0,11971,10,400,4,more than 30,more than 30,1,6 years,31 to 35,No,No,External,none,4 to 8 years,2 vehicles,1996,All Perils
8,4,4,Pontiac,Urban,5,7,1,Male,Married,29,Policy Holder,Sedan - Liability,Sport,20000 to 29000,0,11972,10,400,2,more than 30,more than 30,2 to 4,6 years,31 to 35,No,No,External,none,no change,1 vehicle,1996,Liability
5,1,4,Mazda,Urban,5,5,4,Male,Married,43,Policy Holder,Sedan - All Perils,Sedan,40000 to 59000,1,11973,1,400,1,more than 30,more than 30,none,more than 7,36 to 40,No,No,External,1 to 2,no change,3 to 4,1996,All Perils
5,1,4,Toyota,Urban,5,7,1,Male,Married,33,Third Party,Sedan - All Perils,Sedan,more than 69000,0,11974,6,400,1,more than 30,more than 30,none,7 years,31 to 35,No,No,External,none,no change,1 vehicle,1996,All Perils
7,5,4,Mazda,Urban,5,7,5,Male,Married,45,Third Party,Sedan - Collision,Sedan,more than 69000,0,11975,16,400,3,more than 30,more than 30,none,7 years,36 to 40,Yes,No,External,none,no change,1 vehicle,1996,Collision
7,5,1,Chevrolet,Urban,1,7,5,Male,Married,54,Third Party,Sedan - All Perils,Sedan,more than 69000,0,11976,16,400,3,more than 30,more than 30,none,more than 7,41 to 50,Yes,No,External,3 to 5,no change,1 vehicle,1996,All Perils
7,1,7,Toyota,Urban,2,6,1,Male,Single,26,Policy Holder,Sedan - Liability,Sport,more than 69000,0,11977,5,400,1,more than 30,more than 30,2 to 4,7 years,31 to 35,No,No,External,1 to 2,no change,1 vehicle,1996,Liability
6,1,5,Pontiac,Urban,1,6,2,Male,Married,38,Policy Holder,Sedan - Collision,Sedan,20000 to 29000,0,11978,15,400,1,more than 30,more than 30,none,more than 7,36 to 40,No,No,External,3 to 5,no change,1 vehicle,1996,Collision
5,4,2,Pontiac,Urban,5,2,1,Male,Married,53,Policy Holder,Sedan - Liability,Sport,more than 69000,0,11979,11,400,3,more than 30,more than 30,2 to 4,7 years,41 to 50,No,No,External,more than 5,no change,1 vehicle,1996,Liability
10,2,6,Honda,Urban,2,1,3,Male,Single,0,Policy Holder,Sedan - Collision,Sedan,more than 69000,0,11980,15,400,1,more than 30,more than 30,2 to 4,new,16 to 17,No,No,External,none,no change,1 vehicle,1996,Collision
8,3,4,Chevrolet,Urban,2,5,2,Male,Married,36,Policy Holder,Sedan - Collision,Sedan,30000 to 39000,0,11981,14,400,1,more than 30,more than 30,1,7 years,36 to 40,No,No,External,none,no change,1 vehicle,1996,Collision
5,1,3,Saab,Urban,2,1,2,Female,Single,28,Policy Holder,Sedan - All Perils,Sedan,30000 to 39000,1,11982,10,400,4,more than 30,more than 30,more than 4,6 years,31 to 35,No,No,External,none,no change,1 vehicle,1996,All Perils
6,4,3,Chevrolet,Urban,1,3,4,Male,Married,61,Third Party,Sedan - Liability,Sport,40000 to 59000,0,11983,8,400,1,more than 30,more than 30,2 to 4,more than 7,51 to 65,No,No,Internal,1 to 2,no change,1 vehicle,1996,Liability
1,4,2,Nisson,Urban,3,9,3,Male,Married,26,Policy Holder,Sedan - All Perils,Sedan,30000 to 39000,0,11984,15,400,3,more than 30,more than 30,2 to 4,7 years,31 to 35,No,No,External,none,no change,1 vehicle,1996,All Perils
8,3,6,Mazda,Urban,1,12,1,Female,Married,35,Policy Holder,Sedan - Liability,Sport,20000 to 29000,0,11985,12,400,1,more than 30,more than 30,2 to 4,5 years,31 to 35,No,No,External,more than 5,no change,1 vehicle,1996,Liability
12,4,1,Nisson,Urban,2,2,4,Male,Married,49,Policy Holder,Sedan - Liability,Sport,30000 to 39000,0,11986,8,500,2,more than 30,more than 30,2 to 4,more than 7,41 to 50,No,No,External,3 to 5,2 to 3 years,1 vehicle,1996,Liability
12,2,3,Toyota,Urban,1,11,2,Male,Married,37,Third Party,Sedan - All Perils,Sedan,20000 to 29000,0,11987,10,400,4,more than 30,more than 30,none,7 years,36 to 40,No,No,External,none,no change,1 vehicle,1996,All Perils
11,4,5,Toyota,Rural,5,10,5,Male,Married,37,Policy Holder,Sedan - Liability,Sport,30000 to 39000,0,11988,4,400,2,more than 30,more than 30,more than 4,more than 7,36 to 40,No,No,External,more than 5,no change,1 vehicle,1996,Liability
10,4,7,Chevrolet,Urban,1,10,4,Male,Single,31,Policy Holder,Sedan - Liability,Sport,20000 to 29000,0,11989,16,400,1,more than 30,more than 30,more than 4,7 years,31 to 35,No,No,External,more than 5,no change,1 vehicle,1996,Liability
10,4,7,Chevrolet,Urban,5,6,4,Male,Married,72,Policy Holder,Sedan - Collision,Sedan,20000 to 29000,0,11990,4,400,3,more than 30,more than 30,none,more than 7,over 65,No,No,External,1 to 2,no change,1 vehicle,1996,Collision
5,5,5,Toyota,Urban,3,2,4,Male,Single,34,Policy Holder,Sedan - Collision,Sedan,20000 to 29000,0,11991,16,400,3,more than 30,more than 30,2 to 4,7 years,31 to 35,No,No,External,none,no change,1 vehicle,1996,Collision
1,5,4,Accura,Urban,5,2,1,Male,Married,34,Policy Holder,Sedan - Liability,Sport,more than 69000,0,11992,16,400,1,more than 30,more than 30,more than 4,7 years,31 to 35,No,No,External,3 to 5,4 to 8 years,2 vehicles,1996,Liability
1,4,3,Honda,Rural,3,1,1,Male,Single,0,Policy Holder,Sedan - Collision,Sedan,more than 69000,0,11993,15,400,1,more than 30,more than 30,none,new,16 to 17,No,No,External,none,no change,1 vehicle,1996,Collision
1,4,3,Honda,Urban,3,6,4,Male,Married,49,Policy Holder,Sedan - Collision,Sedan,20000 to 29000,0,11994,16,400,2,more than 30,more than 30,2 to 4,more than 7,41 to 50,No,No,External,none,no change,1 vehicle,1996,Collision
6,4,5,Pontiac,Urban,5,2,4,Female,Single,28,Policy Holder,Sedan - Liability,Sport,more than 69000,0,11995,13,400,2,more than 30,more than 30,2 to 4,5 years,31 to 35,No,No,External,1 to 2,no change,1 vehicle,1996,Liability
2,3,4,Toyota,Urban,5,2,3,Male,Married,32,Policy Holder,Sedan - Liability,Sport,30000 to 39000,0,11996,4,400,1,more than 30,more than 30,2 to 4,7 years,31 to 35,No,No,External,none,no change,1 vehicle,1996,Liability
2,3,5,Ford,Urban,2,5,3,Male,Married,46,Third Party,Sedan - Collision,Sedan,40000 to 59000,0,11997,4,400,2,more than 30,more than 30,1,7 years,41 to 50,No,No,External,1 to 2,no change,1 vehicle,1996,Collision
5,1,7,Toyota,Rural,3,4,4,Male,Married,44,Policy Holder,Sedan - Collision,Sedan,30000 to 39000,1,11998,1,700,2,more than 30,more than 30,1,more than 7,36 to 40,No,No,External,none,no change,1 vehicle,1996,Collision
4,1,1,Mazda,Urban,3,3,1,Male,Married,32,Policy Holder,Sedan - Collision,Sedan,20000 to 29000,0,11999,3,400,1,more than 30,more than 30,none,6 years,31 to 35,No,No,External,none,no change,1 vehicle,1996,Collision
2,5,6,Toyota,Urban,2,3,1,Male,Married,74,Third Party,Sedan - Liability,Sport,20000 to 29000,0,12000,10,400,1,more than 30,more than 30,2 to 4,more than 7,over 65,No,No,External,more than 5,no change,5 to 8,1996,Liability
2,4,1,Pontiac,Urban,2,2,2,Male,Married,47,Policy Holder,Sedan - Collision,Sedan,30000 to 39000,0,12001,14,400,3,more than 30,more than 30,none,more than 7,41 to 50,No,No,External,none,no change,1 vehicle,1996,Collision
2,4,2,Mazda,Urban,3,2,5,Male,Married,26,Third Party,Sedan - Collision,Sedan,20000 to 29000,0,12002,6,400,4,more than 30,more than 30,1,6 years,31 to 35,No,No,External,none,no change,1 vehicle,1996,Collision
2,2,5,Mazda,Urban,2,5,2,Male,Married,36,Third Party,Sedan - All Perils,Sedan,20000 to 29000,0,12003,13,400,3,more than 30,more than 30,1,7 years,36 to 40,No,No,External,none,no change,1 vehicle,1996,All Perils
5,1,5,Mazda,Urban,2,3,2,Male,Married,37,Policy Holder,Sedan - Collision,Sedan,30000 to 39000,1,12004,7,400,4,more than 30,more than 30,none,7 years,36 to 40,No,No,External,none,no change,1 vehicle,1996,Collision
2,4,5,Pontiac,Urban,1,2,1,Male,Married,44,Policy Holder,Sedan - Liability,Sport,30000 to 39000,0,12005,2,400,4,more than 30,more than 30,2 to 4,more than 7,36 to 40,No,No,Internal,1 to 2,no change,1 vehicle,1996,Liability
2,3,4,Mazda,Urban,5,2,4,Female,Married,34,Third Party,Sedan - Collision,Sedan,20000 to 29000,0,12006,16,400,4,more than 30,more than 30,2 to 4,5 years,31 to 35,No,No,External,none,no change,1 vehicle,1996,Collision
2,3,3,Toyota,Urban,3,2,4,Male,Single,35,Third Party,Sedan - Collision,Sedan,20000 to 29000,0,12007,2,400,3,more than 30,more than 30,2 to 4,7 years,31 to 35,No,No,External,none,no change,1 vehicle,1996,Collision
2,3,3,Honda,Urban,2,2,3,Female,Married,45,Third Party,Sedan - Collision,Sedan,20000 to 29000,0,12008,14,400,2,more than 30,more than 30,2 to 4,7 years,36 to 40,No,No,External,3 to 5,no change,1 vehicle,1996,Collision
1,3,7,VW,Urban,1,5,1,Male,Married,37,Third Party,Sedan - All Perils,Sedan,20000 to 29000,0,12009,3,400,2,more than 30,more than 30,none,more than 7,36 to 40,No,No,External,none,no change,1 vehicle,1996,All Perils
5,2,7,Honda,Urban,4,5,2,Male,Married,27,Policy Holder,Sedan - Liability,Sport,30000 to 39000,0,12010,11,400,2,more than 30,more than 30,2 to 4,7 years,31 to 35,No,No,External,more than 5,no change,1 vehicle,1996,Liability
5,2,5,Chevrolet,Urban,2,1,3,Female,Single,27,Policy Holder,Sedan - Collision,Sedan,20000 to 29000,1,12011,15,400,4,more than 30,more than 30,none,6 years,31 to 35,No,No,External,none,no change,1 vehicle,1996,Collision
1,3,7,Mazda,Urban,1,1,3,Female,Married,33,Policy Holder,Sedan - Collision,Sedan,20000 to 29000,0,12012,5,400,4,more than 30,more than 30,2 to 4,6 years,31 to 35,No,No,External,none,no change,1 vehicle,1996,Collision
1,2,5,Chevrolet,Urban,5,1,2,Male,Single,30,Policy Holder,Sedan - Liability,Sport,40000 to 59000,0,12013,4,400,3,more than 30,more than 30,more than 4,6 years,31 to 35,No,No,External,more than 5,1 year,2 vehicles,1996,Liability
1,2,7,Honda,Urban,1,5,2,Male,Married,65,Policy Holder,Sedan - Collision,Sedan,20000 to 29000,0,12014,9,400,1,more than 30,more than 30,2 to 4,more than 7,51 to 65,No,No,External,1 to 2,no change,3 to 4,1996,Collision
5,2,1,Chevrolet,Urban,5,1,2,Male,Married,32,Third Party,Sedan - Collision,Sedan,20000 to 29000,0,12015,7,400,1,more than 30,more than 30,2 to 4,6 years,31 to 35,No,No,External,none,no change,1 vehicle,1996,Collision
11,4,1,Ford,Rural,3,1,2,Male,Married,41,Policy Holder,Sedan - Collision,Sedan,30000 to 39000,0,12016,10,400,1,more than 30,more than 30,none,more than 7,36 to 40,No,No,External,more than 5,no change,1 vehicle,1996,Collision
11,2,7,Mercury,Urban,1,5,3,Female,Married,27,Policy Holder,Sedan - Collision,Sedan,20000 to 29000,0,12017,16,400,3,more than 30,more than 30,none,6 years,31 to 35,No,No,External,none,no change,1 vehicle,1996,Collision
5,2,4,Toyota,Urban,5,1,2,Male,Single,26,Policy Holder,Sedan - Liability,Sport,20000 to 29000,0,12018,11,400,4,more than 30,more than 30,2 to 4,6 years,31 to 35,No,No,External,1 to 2,no change,1 vehicle,1996,Liability
12,3,5,Honda,Urban,4,1,3,Male,Married,57,Third Party,Sedan - Liability,Sport,20000 to 29000,0,12019,15,400,2,more than 30,more than 30,1,7 years,51 to 65,No,No,External,none,no change,1 vehicle,1996,Liability
12,2,4,Pontiac,Urban,2,1,2,Male,Single,39,Policy Holder,Sedan - Liability,Sport,20000 to 29000,0,12020,6,400,1,more than 30,more than 30,2 to 4,6 years,36 to 40,No,No,External,1 to 2,no change,1 vehicle,1996,Liability
12,4,5,Honda,Urban,1,12,1,Male,Single,0,Policy Holder,Sedan - Liability,Sport,more than 69000,0,12021,3,400,4,more than 30,more than 30,2 to 4,new,16 to 17,No,No,External,none,no change,1 vehicle,1996,Liability
12,4,4,Mazda,Urban,5,7,4,Male,Married,43,Policy Holder,Sedan - Collision,Sedan,30000 to 39000,0,12022,6,400,4,more than 30,more than 30,2 to 4,7 years,36 to 40,No,No,External,1 to 2,no change,1 vehicle,1996,Collision
12,4,3,VW,Urban,1,1,5,Male,Married,45,Policy Holder,Sedan - Collision,Sedan,more than 69000,0,12023,8,400,2,more than 30,more than 30,more than 4,7 years,36 to 40,No,No,External,3 to 5,no change,1 vehicle,1996,Collision
12,5,7,Mazda,Urban,4,6,1,Female,Married,27,Policy Holder,Sedan - Liability,Sport,20000 to 29000,0,12024,8,400,3,more than 30,more than 30,2 to 4,6 years,31 to 35,No,No,External,1 to 2,no change,1 vehicle,1996,Liability
5,2,5,Toyota,Urban,4,1,1,Male,Married,31,Policy Holder,Sedan - Collision,Sedan,20000 to 29000,1,12025,3,400,4,more than 30,more than 30,1,6 years,31 to 35,No,No,External,3 to 5,no change,1 vehicle,1996,Collision
12,5,1,Pontiac,Urban,1,1,3,Male,Married,30,Policy Holder,Sedan - Collision,Sedan,30000 to 39000,0,12026,13,400,2,more than 30,more than 30,more than 4,7 years,31 to 35,No,No,External,3 to 5,no change,1 vehicle,1996,Collision
1,1,7,Toyota,Urban,1,1,2,Male,Married,56,Policy Holder,Sedan - Liability,Sport,20000 to 29000,0,12027,4,400,4,more than 30,more than 30,1,more than 7,51 to 65,No,No,External,more than 5,no change,1 vehicle,1996,Liability
1,1,7,Mazda,Urban,2,1,2,Female,Divorced,51,Policy Holder,Sedan - Collision,Sedan,20000 to 29000,0,12028,1,400,1,more than 30,more than 30,more than 4,7 years,41 to 50,No,No,External,none,no change,1 vehicle,1996,Collision
1,1,6,Pontiac,Urban,2,1,3,Male,Married,47,Third Party,Sedan - All Perils,Sedan,30000 to 39000,0,12029,1,700,3,more than 30,more than 30,none,more than 7,41 to 50,No,No,External,none,no change,1 vehicle,1996,All Perils
1,1,1,Pontiac,Urban,2,1,2,Male,Married,30,Policy Holder,Sedan - Liability,Sport,30000 to 39000,0,12030,5,400,1,more than 30,more than 30,2 to 4,7 years,31 to 35,No,No,External,none,no change,1 vehicle,1996,Liability
1,1,3,Honda,Urban,5,1,1,Male,Single,0,Policy Holder,Sedan - Liability,Sport,more than 69000,0,12031,6,400,2,more than 30,more than 30,more than 4,new,16 to 17,No,No,External,none,no change,1 vehicle,1996,Liability
1,1,2,Honda,Urban,2,1,3,Male,Single,0,Policy Holder,Sedan - All Perils,Sedan,more than 69000,0,12032,1,400,3,more than 30,more than 30,none,new,16 to 17,No,No,External,none,no change,1 vehicle,1996,All Perils
1,1,3,Chevrolet,Urban,3,1,2,Male,Single,35,Third Party,Sedan - Liability,Sport,30000 to 39000,0,12033,15,400,2,more than 30,more than 30,more than 4,7 years,31 to 35,No,No,External,none,no change,1 vehicle,1996,Liability
1,1,5,Toyota,Urban,5,1,1,Male,Married,50,Policy Holder,Sedan - Liability,Sport,20000 to 29000,0,12034,10,400,4,more than 30,more than 30,2 to 4,7 years,41 to 50,No,No,External,1 to 2,4 to 8 years,2 vehicles,1996,Liability
1,2,6,Toyota,Urban,1,1,2,Male,Married,60,Third Party,Sedan - Collision,Sedan,20000 to 29000,0,12035,13,400,4,more than 30,more than 30,none,5 years,51 to 65,No,No,External,none,no change,1 vehicle,1996,Collision
1,2,1,Toyota,Urban,1,6,2,Male,Married,53,Policy Holder,Sedan - All Perils,Sedan,30000 to 39000,0,12036,1,400,3,more than 30,more than 30,more than 4,more than 7,41 to 50,No,No,External,none,no change,1 vehicle,1996,All Perils
5,2,1,Mazda,Urban,2,1,1,Male,Married,30,Policy Holder,Sedan - All Perils,Sedan,20000 to 29000,1,12037,14,500,1,more than 30,more than 30,none,6 years,31 to 35,No,No,External,none,2 to 3 years,1 vehicle,1996,All Perils
1,2,1,Honda,Urban,1,1,2,Male,Married,26,Policy Holder,Sedan - All Perils,Sedan,30000 to 39000,0,12038,6,400,1,more than 30,more than 30,more than 4,6 years,31 to 35,No,No,External,none,no change,1 vehicle,1996,All Perils
1,2,3,Mazda,Urban,5,1,2,Male,Single,25,Third Party,Sedan - Collision,Sedan,20000 to 29000,0,12039,15,400,1,more than 30,more than 30,2 to 4,5 years,26 to 30,No,No,External,none,no change,1 vehicle,1996,Collision
1,2,5,Pontiac,Urban,1,1,3,Male,Single,35,Third Party,Sedan - Collision,Sedan,20000 to 29000,0,12040,8,400,3,more than 30,more than 30,1,7 years,31 to 35,No,No,External,more than 5,no change,1 vehicle,1996,Collision
1,3,6,Honda,Urban,1,1,3,Male,Married,33,Policy Holder,Sedan - Collision,Sedan,20000 to 29000,0,12041,11,400,1,more than 30,more than 30,2 to 4,7 years,31 to 35,No,No,External,none,no change,1 vehicle,1996,Collision
1,3,1,Toyota,Urban,3,5,3,Male,Married,63,Policy Holder,Sedan - All Perils,Sedan,20000 to 29000,0,12042,13,400,4,more than 30,more than 30,none,7 years,51 to 65,No,No,External,none,no change,1 vehicle,1996,All Perils
5,2,7,Chevrolet,Urban,3,1,3,Male,Married,49,Third Party,Sedan - Collision,Sedan,30000 to 39000,0,12043,2,400,3,more than 30,more than 30,none,more than 7,41 to 50,No,No,External,none,no change,1 vehicle,1996,Collision
1,3,1,Honda,Urban,1,5,3,Male,Married,28,Policy Holder,Sedan - All Perils,Sedan,more than 69000,0,12044,4,400,2,more than 30,more than 30,2 to 4,new,31 to 35,No,No,External,none,no change,1 vehicle,1996,All Perils
5,2,2,Toyota,Urban,3,1,4,Male,Single,41,Policy Holder,Sedan - All Perils,Sedan,less than 20000,1,12045,11,400,3,more than 30,more than 30,1,7 years,36 to 40,No,No,External,3 to 5,no change,1 vehicle,1996,All Perils
1,4,1,Toyota,Urban,2,1,4,Male,Married,64,Third Party,Sedan - Liability,Sport,30000 to 39000,0,12046,13,400,1,more than 30,more than 30,1,more than 7,51 to 65,No,No,External,none,no change,1 vehicle,1996,Liability
1,4,7,Chevrolet,Urban,1,1,4,Male,Single,26,Policy Holder,Sedan - Liability,Sport,more than 69000,0,12047,2,400,3,more than 30,more than 30,2 to 4,6 years,31 to 35,No,No,External,none,no change,1 vehicle,1996,Liability
1,5,2,Chevrolet,Urban,1,2,5,Male,Married,47,Third Party,Sedan - Liability,Sport,30000 to 39000,0,12048,3,400,3,more than 30,more than 30,1,more than 7,41 to 50,No,No,External,more than 5,no change,1 vehicle,1996,Liability
2,1,2,Pontiac,Urban,4,2,3,Male,Married,54,Policy Holder,Sedan - Collision,Sedan,20000 to 29000,0,12049,16,400,3,more than 30,more than 30,2 to 4,more than 7,41 to 50,No,No,External,none,no change,1 vehicle,1996,Collision
2,1,1,Honda,Rural,1,1,1,Female,Single,35,Policy Holder,Sedan - Collision,Sedan,20000 to 29000,0,12050,6,400,4,more than 30,more than 30,2 to 4,6 years,31 to 35,No,No,External,more than 5,no change,1 vehicle,1996,Collision
1,5,1,Pontiac,Urban,3,5,5,Male,Married,42,Policy Holder,Sedan - Liability,Sport,30000 to 39000,0,12051,14,400,2,more than 30,more than 30,more than 4,7 years,36 to 40,No,No,External,more than 5,no change,1 vehicle,1996,Liability
5,2,7,Accura,Urban,4,2,2,Male,Married,36,Policy Holder,Sedan - All Perils,Sedan,more than 69000,1,12052,2,400,4,more than 30,more than 30,2 to 4,7 years,36 to 40,No,No,External,3 to 5,no change,1 vehicle,1996,All Perils
2,1,4,Honda,Urban,5,2,4,Male,Married,53,Policy Holder,Sedan - Liability,Sport,more than 69000,0,12053,3,400,3,more than 30,more than 30,1,more than 7,41 to 50,No,No,External,more than 5,no change,1 vehicle,1996,Liability
2,2,2,Pontiac,Urban,3,2,2,Male,Single,28,Third Party,Sedan - Collision,Sedan,more than 69000,0,12054,4,400,1,more than 30,more than 30,1,7 years,31 to 35,No,No,External,more than 5,no change,1 vehicle,1996,Collision
2,2,4,Chevrolet,Urban,1,2,2,Male,Married,28,Policy Holder,Sedan - Collision,Sedan,20000 to 29000,0,12055,15,400,2,more than 30,more than 30,2 to 4,7 years,31 to 35,No,No,External,1 to 2,4 to 8 years,3 to 4,1996,Collision
2,2,3,Toyota,Urban,4,3,3,Male,Married,26,Third Party,Sedan - Collision,Sedan,20000 to 29000,0,12056,11,400,3,more than 30,more than 30,2 to 4,7 years,31 to 35,No,No,External,more than 5,no change,1 vehicle,1996,Collision
3,1,5,Pontiac,Rural,4,3,1,Male,Married,55,Third Party,Sedan - Liability,Sport,20000 to 29000,0,12057,10,400,1,more than 30,more than 30,2 to 4,7 years,41 to 50,No,No,External,more than 5,no change,1 vehicle,1996,Liability
3,1,1,Pontiac,Urban,3,5,2,Male,Married,67,Policy Holder,Sedan - All Perils,Sedan,less than 20000,0,12058,9,400,2,more than 30,more than 30,none,more than 7,over 65,No,No,External,none,no change,1 vehicle,1996,All Perils
5,2,6,Toyota,Urban,4,7,4,Male,Married,31,Third Party,Sedan - All Perils,Sedan,less than 20000,0,12059,14,400,3,more than 30,more than 30,none,6 years,31 to 35,No,No,External,none,no change,1 vehicle,1996,All Perils
7,1,5,Toyota,Urban,3,7,2,Female,Single,33,Policy Holder,Sedan - Liability,Sport,30000 to 39000,0,12060,3,400,1,more than 30,more than 30,more than 4,6 years,31 to 35,No,No,External,1 to 2,no change,1 vehicle,1996,Liability
7,3,2,Pontiac,Urban,3,8,4,Male,Single,48,Policy Holder,Sedan - Liability,Sport,20000 to 29000,0,12061,10,400,3,more than 30,more than 30,none,7 years,41 to 50,Yes,No,External,more than 5,no change,1 vehicle,1996,Liability
8,5,5,Toyota,Urban,3,12,5,Male,Married,58,Policy Holder,Sedan - All Perils,Sedan,20000 to 29000,0,12062,2,400,4,more than 30,more than 30,none,more than 7,51 to 65,No,No,External,3 to 5,no change,1 vehicle,1996,All Perils
12,4,6,Pontiac,Urban,2,1,5,Male,Married,27,Policy Holder,Sedan - Liability,Sport,30000 to 39000,0,12063,6,400,2,more than 30,more than 30,more than 4,7 years,31 to 35,No,No,External,none,no change,1 vehicle,1996,Liability
12,4,2,Pontiac,Urban,3,5,1,Female,Married,63,Policy Holder,Sedan - Collision,Sedan,20000 to 29000,0,12064,16,400,3,more than 30,more than 30,none,more than 7,51 to 65,No,No,External,1 to 2,no change,1 vehicle,1996,Collision
5,2,2,Toyota,Urban,2,1,2,Male,Single,29,Policy Holder,Sedan - Liability,Sport,20000 to 29000,0,12065,11,400,3,more than 30,more than 30,2 to 4,5 years,31 to 35,No,No,External,none,no change,1 vehicle,1996,Liability
12,4,5,Honda,Rural,1,1,1,Male,Married,68,Policy Holder,Sedan - All Perils,Sedan,less than 20000,0,12066,5,400,2,more than 30,more than 30,2 to 4,more than 7,over 65,No,No,External,none,no change,1 vehicle,1996,All Perils
12,5,3,Mazda,Urban,3,1,1,Female,Single,30,Policy Holder,Sedan - Collision,Sedan,20000 to 29000,0,12067,7,400,1,more than 30,more than 30,none,6 years,31 to 35,No,No,External,more than 5,no change,1 vehicle,1996,Collision
1,1,7,Pontiac,Urban,1,1,1,Male,Married,58,Third Party,Sedan - Collision,Sedan,20000 to 29000,0,12068,4,400,2,more than 30,more than 30,1,more than 7,51 to 65,No,No,External,1 to 2,no change,1 vehicle,1996,Collision
1,2,5,Ford,Urban,1,1,2,Male,Married,51,Policy Holder,Sedan - All Perils,Sedan,30000 to 39000,0,12069,15,400,2,more than 30,more than 30,none,more than 7,41 to 50,No,No,External,3 to 5,no change,1 vehicle,1996,All Perils
1,1,1,Pontiac,Urban,3,1,2,Male,Single,42,Third Party,Sedan - Liability,Sport,20000 to 29000,0,12070,13,400,2,more than 30,more than 30,2 to 4,6 years,36 to 40,No,No,External,1 to 2,no change,1 vehicle,1996,Liability
1,2,2,Toyota,Urban,4,1,2,Male,Single,30,Policy Holder,Sedan - Collision,Sedan,30000 to 39000,0,12071,15,400,1,more than 30,more than 30,1,6 years,31 to 35,No,No,External,more than 5,no change,1 vehicle,1996,Collision
1,2,7,Honda,Urban,1,1,2,Male,Married,55,Third Party,Sedan - Liability,Sport,20000 to 29000,0,12072,6,400,1,more than 30,more than 30,2 to 4,more than 7,41 to 50,No,No,External,3 to 5,no change,1 vehicle,1996,Liability
1,2,5,Pontiac,Urban,1,1,2,Male,Single,39,Policy Holder,Sedan - Liability,Sport,20000 to 29000,0,12073,9,400,3,more than 30,more than 30,1,7 years,36 to 40,No,No,External,1 to 2,no change,1 vehicle,1996,Liability
1,2,7,Pontiac,Urban,5,1,3,Male,Single,22,Third Party,Sedan - All Perils,Sedan,20000 to 29000,0,12074,7,400,2,more than 30,more than 30,none,5 years,26 to 30,No,No,External,none,no change,1 vehicle,1996,All Perils
1,3,1,Toyota,Urban,4,2,3,Male,Married,32,Policy Holder,Sedan - All Perils,Sedan,20000 to 29000,0,12075,1,400,1,more than 30,more than 30,1,6 years,31 to 35,No,No,External,none,no change,1 vehicle,1996,All Perils
1,3,2,Ford,Urban,2,1,2,Male,Married,43,Policy Holder,Utility - All Perils,Utility,more than 69000,0,12076,13,400,1,more than 30,more than 30,2 to 4,more than 7,36 to 40,No,No,External,more than 5,4 to 8 years,2 vehicles,1996,All Perils
1,3,1,Pontiac,Urban,2,1,3,Male,Single,36,Policy Holder,Sedan - Liability,Sport,30000 to 39000,0,12077,7,400,1,more than 30,more than 30,2 to 4,more than 7,36 to 40,No,No,External,3 to 5,no change,1 vehicle,1996,Liability
1,3,1,Pontiac,Urban,3,2,3,Male,Married,57,Third Party,Sedan - All Perils,Sedan,20000 to 29000,0,12078,12,400,1,more than 30,more than 30,2 to 4,more than 7,51 to 65,No,No,External,none,no change,1 vehicle,1996,All Perils
1,4,3,Pontiac,Urban,3,6,1,Male,Married,38,Third Party,Sedan - All Perils,Sedan,30000 to 39000,0,12079,5,400,2,more than 30,more than 30,more than 4,7 years,36 to 40,No,No,External,more than 5,no change,1 vehicle,1996,All Perils
5,2,5,Pontiac,Urban,2,1,3,Male,Married,35,Third Party,Sedan - Collision,Sedan,30000 to 39000,0,12080,14,400,1,more than 30,more than 30,1,7 years,31 to 35,No,No,External,1 to 2,no change,1 vehicle,1996,Collision
1,4,5,Pontiac,Urban,3,2,5,Female,Married,40,Policy Holder,Sedan - Collision,Sedan,20000 to 29000,0,12081,12,400,1,more than 30,more than 30,1,more than 7,36 to 40,No,No,External,none,no change,1 vehicle,1996,Collision
1,4,3,Honda,Urban,2,2,1,Male,Married,28,Policy Holder,Sedan - Liability,Sport,20000 to 29000,0,12082,7,400,1,more than 30,more than 30,2 to 4,6 years,31 to 35,No,No,External,more than 5,no change,1 vehicle,1996,Liability
2,1,2,Toyota,Urban,3,2,2,Male,Married,72,Third Party,Sedan - Liability,Sport,20000 to 29000,0,12083,8,400,1,more than 30,more than 30,2 to 4,more than 7,over 65,No,No,External,3 to 5,no change,1 vehicle,1996,Liability
1,5,3,Honda,Urban,1,7,1,Male,Married,43,Third Party,Sedan - All Perils,Sedan,20000 to 29000,0,12084,10,400,4,more than 30,more than 30,1,7 years,36 to 40,No,No,External,3 to 5,no change,1 vehicle,1996,All Perils
5,2,6,Chevrolet,Urban,2,2,2,Male,Single,32,Policy Holder,Sedan - All Perils,Sedan,30000 to 39000,1,12085,12,400,2,more than 30,more than 30,none,6 years,31 to 35,No,No,External,none,no change,1 vehicle,1996,All Perils
2,1,2,Pontiac,Urban,3,2,2,Male,Married,80,Policy Holder,Sedan - Liability,Sport,less than 20000,0,12086,16,400,4,more than 30,more than 30,2 to 4,7 years,over 65,No,No,External,1 to 2,no change,1 vehicle,1996,Liability
2,2,6,Pontiac,Urban,2,2,2,Male,Married,53,Policy Holder,Sedan - Collision,Sedan,30000 to 39000,0,12087,15,400,3,more than 30,more than 30,2 to 4,7 years,41 to 50,No,No,External,more than 5,no change,1 vehicle,1996,Collision
2,2,5,Pontiac,Urban,5,2,3,Male,Married,53,Policy Holder,Sedan - All Perils,Sedan,less than 20000,0,12088,10,500,4,more than 30,more than 30,more than 4,more than 7,41 to 50,No,No,External,none,2 to 3 years,1 vehicle,1996,All Perils
2,2,2,Honda,Urban,1,2,2,Male,Single,27,Policy Holder,Sedan - Collision,Sedan,20000 to 29000,0,12089,12,400,2,more than 30,more than 30,1,6 years,31 to 35,No,No,External,3 to 5,no change,1 vehicle,1996,Collision
2,3,1,Saturn,Urban,5,2,3,Male,Married,40,Policy Holder,Sedan - All Perils,Sedan,20000 to 29000,0,12090,4,400,2,more than 30,more than 30,none,7 years,36 to 40,No,No,External,1 to 2,no change,1 vehicle,1996,All Perils
2,2,7,Pontiac,Urban,1,2,3,Male,Single,35,Policy Holder,Sedan - Liability,Sport,20000 to 29000,0,12091,5,700,4,more than 30,more than 30,more than 4,7 years,31 to 35,No,No,External,more than 5,no change,1 vehicle,1996,Liability
2,3,4,Honda,Rural,5,2,3,Male,Single,29,Policy Holder,Sedan - Collision,Sedan,20000 to 29000,0,12092,13,400,2,more than 30,more than 30,none,7 years,31 to 35,No,No,External,none,no change,1 vehicle,1996,Collision
2,4,6,Pontiac,Urban,1,3,4,Male,Single,32,Third Party,Sedan - Collision,Sedan,20000 to 29000,0,12093,14,400,3,more than 30,more than 30,none,6 years,31 to 35,No,No,External,more than 5,no change,1 vehicle,1996,Collision
3,1,5,Accura,Urban,5,3,1,Male,Married,26,Policy Holder,Sedan - Collision,Sedan,30000 to 39000,0,12094,12,400,3,more than 30,more than 30,2 to 4,7 years,31 to 35,No,No,External,none,no change,1 vehicle,1996,Collision
3,2,1,Mazda,Urban,4,3,2,Male,Single,29,Third Party,Sedan - Collision,Sedan,30000 to 39000,0,12095,8,400,3,more than 30,more than 30,2 to 4,6 years,31 to 35,No,No,External,none,no change,1 vehicle,1996,Collision
3,2,2,Pontiac,Rural,3,4,4,Male,Single,31,Policy Holder,Sedan - Collision,Sedan,20000 to 29000,0,12096,9,400,2,more than 30,more than 30,1,6 years,31 to 35,No,No,External,none,no change,3 to 4,1996,Collision
4,2,3,Ford,Urban,1,5,2,Male,Single,37,Policy Holder,Sedan - All Perils,Sedan,20000 to 29000,0,12097,2,400,1,more than 30,more than 30,none,7 years,36 to 40,No,No,External,more than 5,4 to 8 years,2 vehicles,1996,All Perils
5,2,3,Chevrolet,Urban,3,5,4,Female,Single,26,Policy Holder,Sedan - Collision,Sedan,20000 to 29000,1,12098,10,400,2,more than 30,more than 30,2 to 4,5 years,31 to 35,No,No,External,more than 5,no change,1 vehicle,1996,Collision
5,3,2,Pontiac,Rural,4,9,4,Male,Married,38,Policy Holder,Sedan - Liability,Sport,20000 to 29000,0,12099,10,400,4,more than 30,more than 30,none,7 years,36 to 40,No,No,External,more than 5,no change,1 vehicle,1996,Liability
6,1,6,Chevrolet,Urban,5,10,4,Male,Married,25,Policy Holder,Sedan - Collision,Sedan,20000 to 29000,0,12100,5,400,2,more than 30,more than 30,1,4 years,26 to 30,No,No,External,none,no change,1 vehicle,1996,Collision
10,3,4,Chevrolet,Urban,1,10,3,Male,Married,63,Policy Holder,Sedan - All Perils,Sedan,30000 to 39000,0,12101,1,400,2,more than 30,more than 30,2 to 4,more than 7,51 to 65,No,No,External,more than 5,no change,1 vehicle,1996,All Perils
10,4,2,Pontiac,Urban,2,12,5,Male,Married,63,Policy Holder,Utility - All Perils,Utility,more than 69000,0,12102,11,400,2,more than 30,more than 30,2 to 4,more than 7,51 to 65,No,No,External,more than 5,no change,1 vehicle,1996,All Perils
12,4,4,Mazda,Urban,5,5,4,Female,Married,43,Policy Holder,Sedan - Liability,Sport,20000 to 29000,0,12103,6,400,1,more than 30,more than 30,1,more than 7,36 to 40,No,No,External,none,no change,1 vehicle,1996,Liability
5,2,1,Toyota,Urban,2,10,2,Male,Single,26,Third Party,Sedan - Collision,Sedan,30000 to 39000,0,12104,5,400,1,more than 30,more than 30,1,6 years,31 to 35,No,No,Internal,none,1 year,1 vehicle,1996,Collision
10,5,6,Pontiac,Urban,4,11,5,Male,Married,63,Third Party,Sedan - All Perils,Sedan,20000 to 29000,0,12105,7,400,1,more than 30,more than 30,1,7 years,51 to 65,No,No,External,none,no change,1 vehicle,1996,All Perils
8,2,4,Chevrolet,Urban,4,8,1,Male,Single,35,Policy Holder,Sedan - Collision,Sedan,20000 to 29000,0,12106,11,400,2,more than 30,more than 30,2 to 4,5 years,31 to 35,No,No,External,none,no change,1 vehicle,1996,Collision
8,2,4,Toyota,Urban,2,5,3,Male,Single,45,Policy Holder,Sedan - Collision,Sedan,20000 to 29000,0,12107,1,400,4,more than 30,more than 30,2 to 4,7 years,36 to 40,No,No,External,none,no change,1 vehicle,1996,Collision
5,2,1,Pontiac,Urban,5,6,4,Female,Married,51,Third Party,Sedan - Collision,Sedan,20000 to 29000,0,12108,7,400,4,more than 30,more than 30,2 to 4,more than 7,41 to 50,No,No,External,more than 5,no change,1 vehicle,1996,Collision
6,3,2,Honda,Rural,4,6,4,Female,Single,32,Policy Holder,Sedan - Liability,Sport,20000 to 29000,0,12109,11,400,4,more than 30,more than 30,2 to 4,3 years,31 to 35,No,No,External,none,no change,1 vehicle,1996,Liability
6,1,3,Pontiac,Urban,3,5,2,Male,Married,45,Third Party,Sedan - All Perils,Sedan,20000 to 29000,0,12110,13,400,3,more than 30,more than 30,2 to 4,7 years,36 to 40,No,No,External,3 to 5,no change,1 vehicle,1996,All Perils
5,3,3,Chevrolet,Urban,1,4,4,Female,Single,40,Third Party,Sedan - All Perils,Sedan,20000 to 29000,0,12111,9,400,1,more than 30,more than 30,none,7 years,36 to 40,No,No,External,none,no change,1 vehicle,1996,All Perils
4,2,7,Pontiac,Rural,1,4,3,Male,Married,51,Policy Holder,Sedan - Liability,Sport,20000 to 29000,0,12112,2,400,3,more than 30,more than 30,2 to 4,more than 7,41 to 50,No,No,External,more than 5,no change,1 vehicle,1996,Liability
4,2,2,Honda,Urban,4,3,2,Male,Married,36,Policy Holder,Sedan - Liability,Sport,20000 to 29000,0,12113,2,400,3,more than 30,more than 30,2 to 4,7 years,36 to 40,No,No,External,3 to 5,no change,1 vehicle,1996,Liability
3,5,3,Honda,Urban,5,3,5,Male,Single,31,Policy Holder,Sedan - All Perils,Sedan,30000 to 39000,0,12114,14,400,3,more than 30,more than 30,2 to 4,6 years,31 to 35,No,No,External,more than 5,no change,1 vehicle,1996,All Perils
3,5,6,Mazda,Urban,2,3,5,Male,Married,29,Third Party,Sedan - Collision,Sedan,20000 to 29000,0,12115,13,400,4,more than 30,more than 30,1,7 years,31 to 35,No,No,External,none,no change,1 vehicle,1996,Collision
3,3,1,Toyota,Urban,2,3,4,Male,Married,31,Policy Holder,Sedan - Liability,Sport,30000 to 39000,0,12116,8,400,3,more than 30,more than 30,2 to 4,6 years,31 to 35,No,No,External,none,no change,1 vehicle,1996,Liability
3,2,3,Honda,Urban,1,4,3,Female,Married,26,Policy Holder,Sedan - Liability,Sport,20000 to 29000,0,12117,13,400,3,more than 30,more than 30,2 to 4,7 years,31 to 35,No,No,External,more than 5,no change,1 vehicle,1996,Liability
3,3,5,Chevrolet,Urban,1,3,1,Male,Married,40,Policy Holder,Sedan - Collision,Sedan,40000 to 59000,0,12118,3,400,3,more than 30,more than 30,2 to 4,6 years,36 to 40,No,No,External,1 to 2,4 to 8 years,2 vehicles,1996,Collision
3,2,4,Chevrolet,Urban,1,5,3,Male,Married,38,Policy Holder,Utility - Collision,Utility,more than 69000,0,12119,3,400,4,more than 30,more than 30,2 to 4,7 years,36 to 40,No,No,External,3 to 5,no change,1 vehicle,1996,Collision
5,2,7,Honda,Urban,3,3,3,Male,Married,39,Policy Holder,Sedan - Collision,Sedan,20000 to 29000,1,12120,13,400,3,more than 30,more than 30,1,6 years,36 to 40,No,No,External,1 to 2,no change,1 vehicle,1996,Collision
3,1,4,Mazda,Urban,1,3,2,Female,Married,48,Third Party,Sedan - Collision,Sedan,20000 to 29000,0,12121,6,400,4,8 to 15,15 to 30,none,7 years,41 to 50,No,No,External,none,no change,1 vehicle,1996,Collision
3,1,1,Toyota,Urban,4,3,1,Male,Married,36,Policy Holder,Sedan - Liability,Sport,20000 to 29000,0,12122,12,700,4,more than 30,more than 30,more than 4,7 years,36 to 40,No,No,External,none,no change,1 vehicle,1996,Liability
2,4,2,Chevrolet,Urban,3,3,1,Male,Married,45,Third Party,Sedan - Liability,Sport,30000 to 39000,0,12123,8,400,3,more than 30,more than 30,1,7 years,36 to 40,No,No,Internal,3 to 5,no change,1 vehicle,1996,Liability
2,5,5,Toyota,Urban,3,3,1,Female,Married,33,Third Party,Sedan - Collision,Sedan,20000 to 29000,0,12124,10,400,2,more than 30,more than 30,2 to 4,6 years,31 to 35,No,No,External,none,no change,1 vehicle,1996,Collision
2,4,6,VW,Urban,4,3,1,Female,Single,47,Policy Holder,Sedan - All Perils,Sedan,more than 69000,0,12125,11,400,4,more than 30,more than 30,1,7 years,41 to 50,No,No,External,3 to 5,no change,1 vehicle,1996,All Perils
2,4,3,Mazda,Urban,4,2,1,Female,Single,32,Third Party,Sedan - Collision,Sedan,20000 to 29000,0,12126,10,400,3,more than 30,more than 30,1,7 years,31 to 35,No,No,External,3 to 5,no change,1 vehicle,1996,Collision
2,4,4,Ford,Urban,1,2,4,Male,Married,45,Policy Holder,Sedan - Collision,Sedan,60000 to 69000,0,12127,7,400,3,more than 30,more than 30,none,7 years,36 to 40,No,No,External,none,no change,1 vehicle,1996,Collision
2,4,7,Honda,Urban,1,2,4,Male,Married,38,Third Party,Sedan - All Perils,Sedan,20000 to 29000,0,12128,11,400,2,more than 30,more than 30,1,more than 7,36 to 40,No,No,External,1 to 2,no change,1 vehicle,1996,All Perils
2,3,5,Pontiac,Urban,5,2,3,Male,Single,29,Policy Holder,Sedan - Liability,Sport,30000 to 39000,0,12129,9,400,2,more than 30,more than 30,2 to 4,6 years,31 to 35,No,No,External,3 to 5,no change,1 vehicle,1996,Liability
2,3,3,Pontiac,Rural,3,3,3,Male,Single,23,Third Party,Sedan - Collision,Sedan,more than 69000,0,12130,12,400,4,more than 30,more than 30,2 to 4,5 years,26 to 30,No,No,External,1 to 2,no change,1 vehicle,1996,Collision
2,3,3,Mazda,Urban,3,3,1,Male,Single,30,Policy Holder,Sedan - Liability,Sport,20000 to 29000,0,12131,4,400,3,more than 30,more than 30,2 to 4,6 years,31 to 35,No,No,External,none,no change,1 vehicle,1996,Liability
2,3,4,Pontiac,Urban,5,2,1,Male,Married,52,Policy Holder,Sedan - Collision,Sedan,20000 to 29000,0,12132,8,400,4,more than 30,more than 30,none,more than 7,41 to 50,No,No,External,more than 5,no change,1 vehicle,1996,Collision
2,3,5,Honda,Urban,5,3,3,Male,Married,63,Policy Holder,Sedan - All Perils,Sedan,20000 to 29000,0,12133,8,400,2,more than 30,more than 30,none,7 years,51 to 65,No,No,External,none,no change,1 vehicle,1996,All Perils
2,2,5,Pontiac,Urban,2,2,4,Male,Married,75,Policy Holder,Sedan - All Perils,Sedan,20000 to 29000,0,12134,16,400,1,more than 30,more than 30,1,more than 7,over 65,No,No,External,3 to 5,no change,1 vehicle,1996,All Perils
2,2,3,Toyota,Urban,4,2,3,Male,Married,29,Policy Holder,Sedan - Collision,Sedan,20000 to 29000,0,12135,5,400,1,more than 30,more than 30,none,6 years,31 to 35,No,No,External,none,no change,1 vehicle,1996,Collision
2,2,2,Toyota,Urban,2,2,4,Male,Married,60,Policy Holder,Sedan - Collision,Sedan,20000 to 29000,0,12136,8,400,2,more than 30,more than 30,1,7 years,51 to 65,No,No,External,none,no change,1 vehicle,1996,Collision
2,2,3,Mazda,Urban,5,2,2,Female,Married,39,Policy Holder,Sedan - Liability,Sport,30000 to 39000,0,12137,5,400,2,more than 30,more than 30,2 to 4,4 years,36 to 40,No,No,External,1 to 2,no change,3 to 4,1996,Liability
2,1,1,Toyota,Urban,1,1,4,Male,Married,55,Policy Holder,Sedan - Collision,Sedan,30000 to 39000,0,12138,3,400,3,more than 30,more than 30,none,7 years,41 to 50,Yes,No,External,1 to 2,no change,1 vehicle,1996,Collision
1,5,6,Honda,Urban,4,2,5,Male,Married,43,Policy Holder,Sedan - Liability,Sport,30000 to 39000,0,12139,4,500,2,more than 30,more than 30,1,7 years,36 to 40,No,No,External,none,2 to 3 years,2 vehicles,1996,Liability
1,5,4,Toyota,Urban,1,2,1,Male,Married,33,Policy Holder,Sedan - Liability,Sport,20000 to 29000,0,12140,7,400,3,more than 30,more than 30,2 to 4,6 years,31 to 35,No,No,External,1 to 2,no change,1 vehicle,1996,Liability
1,4,6,Honda,Urban,3,1,1,Male,Married,59,Third Party,Sedan - Collision,Sedan,30000 to 39000,0,12141,11,400,3,more than 30,more than 30,2 to 4,more than 7,51 to 65,No,No,External,more than 5,no change,1 vehicle,1996,Collision
1,3,5,Toyota,Rural,1,3,3,Female,Married,49,Policy Holder,Sedan - All Perils,Sedan,more than 69000,0,12142,8,400,1,more than 30,more than 30,1,6 years,41 to 50,No,No,External,none,no change,1 vehicle,1996,All Perils
1,2,7,Honda,Urban,1,2,2,Male,Single,33,Policy Holder,Sedan - Liability,Sport,20000 to 29000,0,12143,6,400,2,more than 30,more than 30,2 to 4,6 years,31 to 35,No,No,External,none,no change,1 vehicle,1996,Liability
1,1,3,Pontiac,Urban,4,10,1,Male,Married,38,Policy Holder,Sedan - Liability,Sport,20000 to 29000,0,12144,10,400,2,more than 30,more than 30,none,7 years,36 to 40,No,No,External,1 to 2,no change,1 vehicle,1996,Liability
10,3,4,Pontiac,Urban,5,5,3,Male,Single,37,Policy Holder,Utility - All Perils,Utility,more than 69000,0,12145,2,400,1,more than 30,more than 30,more than 4,7 years,36 to 40,No,No,External,3 to 5,no change,1 vehicle,1996,All Perils
5,2,1,Pontiac,Urban,4,9,2,Male,Married,38,Policy Holder,Sedan - Liability,Sport,20000 to 29000,0,12146,11,400,4,more than 30,more than 30,2 to 4,7 years,36 to 40,No,No,External,none,no change,1 vehicle,1996,Liability
9,2,2,Honda,Urban,5,9,4,Male,Single,34,Policy Holder,Sedan - Collision,Sedan,30000 to 39000,0,12147,14,400,3,more than 30,more than 30,more than 4,7 years,31 to 35,No,No,External,more than 5,no change,1 vehicle,1996,Collision
8,5,3,Honda,Urban,5,9,1,Male,Married,26,Third Party,Sedan - All Perils,Sedan,20000 to 29000,0,12148,14,400,4,more than 30,more than 30,1,6 years,31 to 35,No,No,External,more than 5,no change,1 vehicle,1996,All Perils
8,5,3,Chevrolet,Urban,4,8,2,Female,Single,46,Third Party,Sedan - All Perils,Sedan,20000 to 29000,0,12149,9,400,3,more than 30,more than 30,none,5 years,41 to 50,No,No,External,none,no change,1 vehicle,1996,All Perils
8,3,6,Pontiac,Urban,1,7,3,Male,Married,38,Third Party,Utility - All Perils,Utility,more than 69000,0,12150,6,400,3,more than 30,more than 30,2 to 4,more than 7,36 to 40,No,No,External,none,no change,1 vehicle,1996,All Perils
7,3,4,Toyota,Urban,6,5,3,Female,Married,31,Policy Holder,Sedan - Collision,Sedan,30000 to 39000,0,12151,15,400,2,more than 30,more than 30,1,6 years,31 to 35,No,No,External,more than 5,no change,1 vehicle,1996,Collision
5,2,5,Honda,Urban,5,5,2,Male,Married,47,Third Party,Sport - Collision,Sport,more than 69000,0,12152,7,400,4,more than 30,more than 30,2 to 4,5 years,41 to 50,No,No,External,more than 5,no change,1 vehicle,1996,Collision
5,2,6,Toyota,Urban,4,4,3,Male,Married,44,Policy Holder,Sedan - Collision,Sedan,30000 to 39000,1,12153,12,700,4,more than 30,more than 30,none,more than 7,36 to 40,No,No,External,none,no change,1 vehicle,1996,Collision
3,4,6,Chevrolet,Urban,1,3,3,Male,Married,26,Third Party,Sedan - All Perils,Sedan,30000 to 39000,0,12154,15,400,1,more than 30,more than 30,none,7 years,31 to 35,No,No,External,more than 5,no change,1 vehicle,1996,All Perils
3,3,2,Pontiac,Urban,2,3,4,Male,Married,73,Policy Holder,Sedan - Liability,Sport,20000 to 29000,0,12155,1,400,1,more than 30,more than 30,none,7 years,over 65,No,No,External,none,no change,1 vehicle,1996,Liability
3,2,5,Mazda,Urban,4,5,2,Female,Married,34,Policy Holder,Sedan - Collision,Sedan,20000 to 29000,0,12156,11,400,1,more than 30,more than 30,2 to 4,5 years,31 to 35,No,No,External,none,no change,1 vehicle,1996,Collision
5,2,5,Mazda,Rural,2,3,3,Male,Married,24,Policy Holder,Sedan - Collision,Sedan,20000 to 29000,1,12157,10,400,3,more than 30,more than 30,more than 4,6 years,26 to 30,No,No,External,3 to 5,no change,1 vehicle,1996,Collision
3,1,6,Honda,Urban,4,3,2,Male,Single,40,Policy Holder,Sedan - Collision,Sedan,30000 to 39000,0,12158,10,400,3,more than 30,more than 30,none,7 years,36 to 40,No,No,External,more than 5,no change,1 vehicle,1996,Collision
3,1,2,Toyota,Rural,5,3,3,Male,Married,43,Policy Holder,Sedan - Collision,Sedan,20000 to 29000,0,12159,3,400,1,more than 30,more than 30,2 to 4,7 years,36 to 40,No,No,External,3 to 5,no change,1 vehicle,1996,Collision
3,1,5,Chevrolet,Urban,3,8,1,Male,Single,28,Policy Holder,Sedan - Collision,Sedan,20000 to 29000,0,12160,13,400,3,more than 30,more than 30,none,7 years,31 to 35,No,No,External,1 to 2,4 to 8 years,2 vehicles,1996,Collision
5,2,1,Pontiac,Urban,2,2,2,Male,Married,39,Policy Holder,Utility - All Perils,Utility,more than 69000,1,12161,6,400,3,more than 30,more than 30,2 to 4,more than 7,36 to 40,No,No,External,1 to 2,no change,1 vehicle,1996,All Perils
2,4,3,Toyota,Rural,3,2,4,Male,Married,32,Policy Holder,Sedan - Liability,Sport,30000 to 39000,0,12162,2,400,3,more than 30,more than 30,2 to 4,7 years,31 to 35,No,No,External,3 to 5,no change,1 vehicle,1996,Liability
2,4,6,Pontiac,Urban,2,3,4,Male,Married,50,Policy Holder,Sedan - Liability,Sport,30000 to 39000,0,12163,3,400,1,more than 30,more than 30,more than 4,6 years,41 to 50,No,No,External,none,no change,1 vehicle,1996,Liability
2,3,5,Toyota,Urban,3,2,4,Female,Married,48,Policy Holder,Sedan - Collision,Sedan,20000 to 29000,0,12164,2,400,3,more than 30,more than 30,2 to 4,more than 7,41 to 50,No,No,External,none,no change,1 vehicle,1996,Collision
2,3,4,Pontiac,Urban,5,2,4,Male,Married,42,Policy Holder,Sedan - Liability,Sport,20000 to 29000,0,12165,15,400,4,more than 30,more than 30,2 to 4,7 years,36 to 40,No,No,External,none,no change,1 vehicle,1996,Liability
2,3,4,Mazda,Urban,5,2,3,Male,Married,26,Policy Holder,Sedan - Liability,Sport,30000 to 39000,0,12166,9,400,1,more than 30,more than 30,more than 4,7 years,31 to 35,No,No,External,none,no change,1 vehicle,1996,Liability
2,2,1,VW,Urban,1,1,4,Male,Single,33,Third Party,Sedan - Collision,Sedan,30000 to 39000,0,12167,10,400,3,more than 30,more than 30,none,7 years,31 to 35,No,No,External,1 to 2,no change,1 vehicle,1996,Collision
1,5,2,Pontiac,Urban,5,2,5,Male,Single,50,Policy Holder,Sedan - Liability,Sport,30000 to 39000,0,12168,7,400,3,more than 30,more than 30,2 to 4,7 years,41 to 50,No,No,External,3 to 5,no change,1 vehicle,1996,Liability
2,1,6,Chevrolet,Urban,5,2,1,Female,Married,42,Policy Holder,Sedan - Collision,Sedan,30000 to 39000,0,12169,9,400,2,more than 30,more than 30,none,7 years,36 to 40,No,No,External,3 to 5,no change,1 vehicle,1996,Collision
1,5,4,Ford,Urban,1,2,1,Male,Single,44,Policy Holder,Sedan - Collision,Sedan,40000 to 59000,0,12170,9,400,3,more than 30,more than 30,2 to 4,more than 7,36 to 40,No,No,External,1 to 2,no change,1 vehicle,1996,Collision
1,4,6,Toyota,Urban,4,1,2,Male,Single,22,Third Party,Sedan - Collision,Sedan,30000 to 39000,0,12171,14,400,2,more than 30,more than 30,2 to 4,6 years,26 to 30,No,No,External,1 to 2,no change,1 vehicle,1996,Collision
1,4,5,Pontiac,Urban,3,5,4,Male,Married,63,Policy Holder,Sedan - All Perils,Sedan,less than 20000,0,12172,14,400,2,more than 30,more than 30,1,7 years,51 to 65,No,No,External,none,no change,1 vehicle,1996,All Perils
5,2,2,Pontiac,Urban,2,1,3,Male,Married,65,Policy Holder,Sedan - All Perils,Sedan,less than 20000,1,12173,9,400,3,more than 30,more than 30,none,more than 7,51 to 65,No,No,External,none,no change,1 vehicle,1996,All Perils
1,3,5,Honda,Urban,3,5,3,Male,Married,33,Third Party,Sedan - All Perils,Sedan,30000 to 39000,0,12174,12,400,1,more than 30,more than 30,1,6 years,31 to 35,No,No,External,3 to 5,no change,1 vehicle,1996,All Perils
5,2,7,Toyota,Urban,2,1,3,Male,Single,18,Policy Holder,Sedan - All Perils,Sedan,less than 20000,1,12175,9,400,4,more than 30,more than 30,1,3 years,21 to 25,No,No,External,1 to 2,no change,1 vehicle,1996,All Perils
1,3,3,Pontiac,Urban,5,1,3,Female,Single,47,Policy Holder,Sedan - Liability,Sport,30000 to 39000,0,12176,2,400,1,more than 30,more than 30,none,7 years,41 to 50,No,No,External,3 to 5,no change,1 vehicle,1996,Liability
1,2,2,Toyota,Urban,1,1,5,Female,Married,52,Policy Holder,Sedan - Collision,Sedan,20000 to 29000,0,12177,9,400,4,more than 30,more than 30,2 to 4,more than 7,41 to 50,No,No,External,3 to 5,no change,1 vehicle,1996,Collision
1,1,6,Mazda,Urban,2,3,5,Male,Single,24,Policy Holder,Sport - Collision,Sport,more than 69000,0,12178,3,400,4,more than 30,more than 30,1,4 years,26 to 30,No,No,External,none,no change,3 to 4,1996,Collision
1,1,6,Honda,Rural,2,2,3,Male,Single,0,Policy Holder,Sedan - All Perils,Sedan,more than 69000,0,12179,6,400,2,more than 30,more than 30,1,new,16 to 17,No,No,External,none,no change,1 vehicle,1996,All Perils
12,1,2,Honda,Rural,2,11,2,Male,Single,0,Policy Holder,Sedan - All Perils,Sedan,more than 69000,0,12180,9,400,3,more than 30,more than 30,none,new,16 to 17,No,No,External,none,no change,1 vehicle,1996,All Perils
11,4,6,VW,Urban,3,2,5,Female,Married,43,Third Party,Sedan - All Perils,Sedan,30000 to 39000,0,12181,8,400,1,more than 30,more than 30,none,7 years,36 to 40,No,No,External,more than 5,4 to 8 years,2 vehicles,1996,All Perils
10,5,5,Toyota,Urban,2,5,4,Male,Single,28,Policy Holder,Sedan - All Perils,Sedan,20000 to 29000,0,12182,6,400,2,more than 30,more than 30,more than 4,6 years,31 to 35,No,No,External,more than 5,no change,1 vehicle,1996,All Perils
5,2,6,Mazda,Urban,3,3,4,Male,Married,42,Policy Holder,Sedan - Collision,Sedan,20000 to 29000,1,12183,9,400,1,more than 30,more than 30,2 to 4,7 years,36 to 40,No,No,External,more than 5,no change,1 vehicle,1996,Collision
2,4,6,Mazda,Urban,1,3,1,Male,Single,31,Third Party,Sedan - Collision,Sedan,30000 to 39000,0,12184,14,700,3,more than 30,more than 30,none,7 years,31 to 35,No,No,External,more than 5,no change,1 vehicle,1996,Collision
3,3,2,Toyota,Urban,2,7,3,Male,Single,28,Policy Holder,Sedan - Collision,Sedan,20000 to 29000,0,12185,6,400,4,more than 30,more than 30,none,6 years,31 to 35,No,No,External,none,no change,1 vehicle,1996,Collision
7,2,2,Toyota,Urban,2,4,2,Male,Single,29,Policy Holder,Sedan - Liability,Sport,less than 20000,0,12186,16,400,1,more than 30,more than 30,1,6 years,31 to 35,No,No,External,1 to 2,no change,1 vehicle,1996,Liability
3,4,2,Pontiac,Urban,3,3,1,Male,Married,39,Policy Holder,Sedan - All Perils,Sedan,20000 to 29000,0,12187,1,400,4,more than 30,more than 30,none,more than 7,36 to 40,No,No,External,1 to 2,no change,1 vehicle,1996,All Perils
3,4,6,Accura,Urban,6,5,4,Male,Married,47,Third Party,Sedan - All Perils,Sedan,30000 to 39000,0,12188,9,400,1,15 to 30,15 to 30,none,more than 7,41 to 50,No,No,External,none,no change,1 vehicle,1996,All Perils
5,2,7,Pontiac,Urban,4,7,3,Male,Married,32,Policy Holder,Sedan - Collision,Sedan,30000 to 39000,1,12189,14,400,2,more than 30,more than 30,1,7 years,31 to 35,No,No,External,3 to 5,no change,1 vehicle,1996,Collision
7,2,7,Pontiac,Rural,2,6,3,Male,Single,21,Policy Holder,Sedan - Collision,Sedan,more than 69000,0,12190,4,400,4,more than 30,more than 30,none,5 years,26 to 30,No,No,External,none,2 to 3 years,1 vehicle,1996,Collision
6,3,7,Mazda,Urban,1,11,4,Male,Single,35,Third Party,Sedan - Collision,Sedan,20000 to 29000,0,12191,12,400,4,more than 30,more than 30,1,6 years,31 to 35,No,No,External,none,no change,1 vehicle,1996,Collision
11,1,4,Chevrolet,Urban,5,10,2,Male,Married,52,Third Party,Sedan - Liability,Sport,20000 to 29000,0,12192,2,400,1,more than 30,more than 30,1,7 years,41 to 50,No,No,External,none,no change,1 vehicle,1996,Liability
10,3,6,Mazda,Urban,4,5,4,Female,Single,31,Policy Holder,Sedan - Collision,Sedan,20000 to 29000,0,12193,4,400,3,more than 30,more than 30,1,7 years,31 to 35,No,No,External,more than 5,no change,1 vehicle,1996,Collision
5,2,5,Honda,Urban,2,12,3,Male,Married,40,Third Party,Sedan - Collision,Sedan,30000 to 39000,0,12194,2,400,1,more than 30,more than 30,2 to 4,7 years,36 to 40,No,No,Internal,none,no change,1 vehicle,1996,Collision
12,2,2,Chevrolet,Urban,3,4,2,Male,Married,76,Policy Holder,Sedan - All Perils,Sedan,more than 69000,0,12195,15,400,3,more than 30,more than 30,2 to 4,more than 7,over 65,No,No,External,3 to 5,1 year,1 vehicle,1996,All Perils
4,1,6,Pontiac,Urban,2,3,2,Male,Married,44,Policy Holder,Sedan - All Perils,Sedan,less than 20000,0,12196,4,400,3,more than 30,more than 30,none,7 years,36 to 40,No,No,External,none,no change,1 vehicle,1996,All Perils
3,4,5,Honda,Rural,5,8,5,Male,Married,41,Policy Holder,Sedan - Liability,Sport,30000 to 39000,0,12197,10,400,3,more than 30,more than 30,2 to 4,6 years,36 to 40,No,No,External,1 to 2,no change,1 vehicle,1996,Liability
8,3,1,Toyota,Urban,1,8,4,Male,Single,28,Policy Holder,Sedan - Collision,Sedan,more than 69000,0,12198,5,400,4,more than 30,more than 30,2 to 4,7 years,31 to 35,No,No,External,3 to 5,no change,1 vehicle,1996,Collision
8,3,5,Chevrolet,Rural,5,2,3,Male,Married,65,Policy Holder,Sedan - Collision,Sedan,20000 to 29000,0,12199,1,400,3,more than 30,more than 30,2 to 4,more than 7,51 to 65,No,No,External,none,no change,1 vehicle,1996,Collision
8,2,6,Toyota,Urban,2,5,2,Male,Single,53,Policy Holder,Sedan - All Perils,Sedan,20000 to 29000,0,12200,15,400,3,more than 30,more than 30,2 to 4,more than 7,41 to 50,No,No,External,3 to 5,no change,1 vehicle,1996,All Perils
5,2,4,Chevrolet,Urban,3,5,3,Male,Married,46,Third Party,Sedan - Liability,Sport,30000 to 39000,0,12201,16,400,3,more than 30,more than 30,none,more than 7,41 to 50,No,No,External,none,no change,1 vehicle,1996,Liability
5,1,6,Toyota,Urban,2,5,2,Male,Married,63,Policy Holder,Sedan - All Perils,Sedan,less than 20000,0,12202,7,400,2,more than 30,more than 30,more than 4,6 years,51 to 65,No,No,External,none,4 to 8 years,2 vehicles,1996,All Perils
5,2,1,Honda,Urban,1,6,3,Male,Single,29,Third Party,Sedan - Collision,Sedan,30000 to 39000,0,12203,11,400,1,more than 30,more than 30,none,6 years,31 to 35,No,No,External,1 to 2,no change,1 vehicle,1996,Collision
6,4,1,Honda,Urban,1,8,4,Male,Single,34,Policy Holder,Sedan - Liability,Sport,20000 to 29000,0,12204,12,400,2,more than 30,more than 30,2 to 4,6 years,31 to 35,No,No,External,more than 5,no change,1 vehicle,1996,Liability
8,4,7,Accura,Urban,1,8,4,Male,Married,52,Policy Holder,Sedan - Liability,Sport,20000 to 29000,0,12205,2,400,1,more than 30,more than 30,more than 4,more than 7,41 to 50,No,No,External,none,no change,1 vehicle,1996,Liability
8,4,5,Toyota,Urban,5,8,5,Male,Married,65,Policy Holder,Sedan - All Perils,Sedan,20000 to 29000,0,12206,13,400,3,more than 30,more than 30,2 to 4,more than 7,51 to 65,No,No,External,3 to 5,no change,1 vehicle,1996,All Perils
7,5,5,Honda,Urban,5,10,2,Male,Married,39,Third Party,Sedan - Collision,Sedan,20000 to 29000,0,12207,11,400,2,more than 30,more than 30,none,7 years,36 to 40,No,No,External,1 to 2,no change,1 vehicle,1996,Collision
10,3,2,Mazda,Urban,4,10,3,Male,Married,74,Third Party,Sedan - All Perils,Sedan,less than 20000,0,12208,14,400,4,more than 30,more than 30,1,more than 7,over 65,No,No,External,none,no change,1 vehicle,1996,All Perils
10,1,3,Pontiac,Urban,1,10,1,Male,Married,60,Policy Holder,Sedan - Liability,Sport,20000 to 29000,0,12209,12,400,2,more than 30,more than 30,more than 4,more than 7,51 to 65,No,No,External,none,no change,1 vehicle,1996,Liability
9,5,6,BMW,Urban,1,7,1,Male,Married,45,Policy Holder,Sedan - Liability,Sport,more than 69000,0,12210,11,400,3,more than 30,more than 30,2 to 4,more than 7,36 to 40,No,No,Internal,none,no change,1 vehicle,1996,Liability
5,4,6,Pontiac,Urban,4,6,1,Male,Single,55,Policy Holder,Sedan - Liability,Sport,20000 to 29000,0,12211,5,400,4,more than 30,more than 30,more than 4,7 years,41 to 50,No,No,External,none,no change,1 vehicle,1996,Liability
5,4,7,Pontiac,Urban,1,7,1,Male,Married,38,Third Party,Sedan - Collision,Sedan,20000 to 29000,0,12212,8,400,4,none,8 to 15,1,7 years,36 to 40,No,No,External,none,no change,1 vehicle,1996,Collision
7,2,7,Chevrolet,Urban,3,5,2,Male,Single,29,Policy Holder,Sedan - Collision,Sedan,30000 to 39000,0,12213,2,400,3,more than 30,more than 30,none,7 years,31 to 35,No,No,External,none,no change,1 vehicle,1996,Collision
5,3,6,Honda,Rural,3,9,3,Male,Married,60,Policy Holder,Sedan - Collision,Sedan,20000 to 29000,1,12214,10,400,2,more than 30,more than 30,more than 4,more than 7,51 to 65,No,No,External,more than 5,no change,1 vehicle,1996,Collision
9,2,5,Pontiac,Urban,4,11,2,Male,Married,54,Third Party,Sedan - All Perils,Sedan,20000 to 29000,0,12215,13,700,3,more than 30,more than 30,none,more than 7,41 to 50,No,No,External,none,no change,1 vehicle,1996,All Perils
6,4,2,Mazda,Urban,4,5,1,Male,Married,31,Policy Holder,Sport - Collision,Sport,more than 69000,0,12216,5,400,3,more than 30,more than 30,2 to 4,5 years,31 to 35,No,No,External,none,no change,1 vehicle,1996,Collision
5,4,5,Honda,Urban,5,9,4,Male,Married,34,Third Party,Sedan - Liability,Sport,20000 to 29000,0,12217,9,400,1,more than 30,more than 30,2 to 4,5 years,31 to 35,No,No,External,none,no change,1 vehicle,1996,Liability
8,4,5,Mazda,Urban,5,11,1,Male,Single,26,Third Party,Sedan - Liability,Sport,30000 to 39000,0,12218,11,400,3,more than 30,more than 30,more than 4,6 years,31 to 35,No,No,External,none,no change,1 vehicle,1996,Liability
11,3,2,Chevrolet,Urban,3,11,3,Male,Married,34,Policy Holder,Sedan - Liability,Sport,20000 to 29000,0,12219,3,400,2,more than 30,more than 30,more than 4,7 years,31 to 35,No,No,External,more than 5,no change,3 to 4,1996,Liability
11,1,1,Honda,Urban,3,11,1,Male,Married,36,Policy Holder,Sedan - Liability,Sport,20000 to 29000,0,12220,2,400,1,more than 30,more than 30,more than 4,7 years,36 to 40,No,No,External,none,no change,1 vehicle,1996,Liability
10,5,6,Pontiac,Urban,1,12,1,Male,Single,26,Policy Holder,Sedan - Collision,Sedan,30000 to 39000,0,12221,2,400,4,more than 30,more than 30,more than 4,7 years,31 to 35,No,No,External,more than 5,no change,1 vehicle,1996,Collision
12,3,1,Pontiac,Rural,2,5,3,Male,Married,36,Third Party,Sedan - All Perils,Sedan,less than 20000,0,12222,2,400,1,more than 30,more than 30,none,7 years,36 to 40,No,No,External,none,no change,1 vehicle,1996,All Perils
5,3,6,Honda,Urban,2,10,3,Male,Single,80,Policy Holder,Sedan - All Perils,Sedan,20000 to 29000,0,12223,14,400,1,more than 30,more than 30,none,more than 7,over 65,No,No,External,3 to 5,4 to 8 years,2 vehicles,1996,All Perils
9,3,1,Honda,Urban,1,9,5,Male,Single,22,Third Party,Sedan - All Perils,Sedan,more than 69000,0,12224,16,400,4,more than 30,more than 30,1,new,26 to 30,No,No,External,none,no change,1 vehicle,1996,All Perils
9,1,2,Ford,Urban,3,8,1,Male,Married,58,Policy Holder,Sedan - Liability,Sport,40000 to 59000,0,12225,10,400,2,more than 30,more than 30,2 to 4,6 years,51 to 65,No,No,External,3 to 5,no change,1 vehicle,1996,Liability
8,1,2,Ford,Urban,2,4,1,Male,Married,48,Policy Holder,Sedan - All Perils,Sedan,30000 to 39000,0,12226,6,400,1,more than 30,more than 30,more than 4,7 years,41 to 50,No,No,External,more than 5,no change,1 vehicle,1996,All Perils
4,3,7,Mazda,Urban,2,10,3,Male,Married,50,Policy Holder,Sedan - Liability,Sport,20000 to 29000,0,12227,5,400,1,more than 30,more than 30,2 to 4,7 years,41 to 50,No,No,External,none,no change,1 vehicle,1996,Liability
10,2,4,Mazda,Urban,4,11,2,Male,Married,40,Policy Holder,Sedan - Liability,Sport,20000 to 29000,0,12228,7,400,4,more than 30,more than 30,1,6 years,36 to 40,No,No,External,none,no change,1 vehicle,1996,Liability
11,2,6,Mazda,Urban,1,10,2,Male,Married,41,Third Party,Sedan - Collision,Sedan,30000 to 39000,0,12229,11,400,1,more than 30,more than 30,2 to 4,7 years,36 to 40,Yes,No,External,3 to 5,no change,1 vehicle,1996,Collision
10,2,7,VW,Urban,2,10,3,Male,Married,46,Third Party,Sedan - All Perils,Sedan,30000 to 39000,0,12230,9,400,1,more than 30,more than 30,none,more than 7,41 to 50,No,No,External,more than 5,no change,1 vehicle,1996,All Perils
10,2,1,Pontiac,Urban,1,5,2,Male,Married,33,Third Party,Sedan - Collision,Sedan,20000 to 29000,0,12231,10,400,3,more than 30,more than 30,more than 4,7 years,31 to 35,No,No,External,1 to 2,no change,1 vehicle,1996,Collision
5,3,4,Pontiac,Urban,2,10,4,Male,Married,39,Policy Holder,Sedan - All Perils,Sedan,less than 20000,1,12232,15,400,2,more than 30,more than 30,1,7 years,36 to 40,No,No,External,3 to 5,no change,1 vehicle,1996,All Perils
10,3,6,Ford,Urban,1,10,4,Male,Single,34,Policy Holder,Sedan - Collision,Sedan,30000 to 39000,0,12233,16,400,4,more than 30,more than 30,more than 4,6 years,31 to 35,Yes,No,External,more than 5,no change,1 vehicle,1996,Collision
9,4,1,Chevrolet,Urban,4,2,2,Male,Single,24,Policy Holder,Sedan - Liability,Sport,30000 to 39000,0,12234,16,400,3,more than 30,more than 30,1,5 years,26 to 30,No,No,Internal,none,no change,1 vehicle,1996,Liability
2,3,2,Toyota,Urban,3,2,4,Female,Married,44,Policy Holder,Sedan - All Perils,Sedan,20000 to 29000,0,12235,4,400,1,more than 30,more than 30,1,7 years,36 to 40,No,No,External,none,no change,1 vehicle,1996,All Perils
2,4,1,Pontiac,Urban,2,5,4,Male,Married,38,Policy Holder,Sedan - Liability,Sport,30000 to 39000,0,12236,15,400,4,more than 30,more than 30,none,more than 7,36 to 40,No,No,External,more than 5,no change,1 vehicle,1996,Liability
5,3,3,Pontiac,Urban,1,2,4,Male,Married,27,Policy Holder,Sedan - All Perils,Sedan,20000 to 29000,1,12237,10,400,3,more than 30,more than 30,1,6 years,31 to 35,No,No,External,more than 5,no change,1 vehicle,1996,All Perils
2,1,4,Toyota,Urban,5,2,2,Male,Married,44,Policy Holder,Sedan - All Perils,Sedan,more than 69000,0,12238,6,400,1,more than 30,more than 30,2 to 4,7 years,36 to 40,No,No,External,1 to 2,no change,1 vehicle,1996,All Perils
2,1,4,Toyota,Urban,2,2,1,Male,Married,59,Third Party,Sedan - Collision,Sedan,20000 to 29000,0,12239,3,400,1,more than 30,more than 30,2 to 4,more than 7,51 to 65,No,No,External,more than 5,no change,1 vehicle,1996,Collision
2,1,2,Chevrolet,Urban,2,8,3,Male,Married,28,Policy Holder,Sedan - Collision,Sedan,20000 to 29000,0,12240,2,400,2,more than 30,more than 30,2 to 4,6 years,31 to 35,No,No,External,1 to 2,no change,1 vehicle,1996,Collision
7,3,7,Chevrolet,Urban,1,11,5,Male,Single,27,Policy Holder,Sedan - Liability,Sport,40000 to 59000,0,12241,8,500,2,more than 30,more than 30,more than 4,7 years,31 to 35,No,No,External,more than 5,2 to 3 years,1 vehicle,1996,Liability
11,2,6,Toyota,Urban,1,8,2,Male,Single,24,Policy Holder,Sedan - Collision,Sedan,20000 to 29000,0,12242,8,400,1,more than 30,more than 30,none,5 years,26 to 30,Yes,No,External,3 to 5,no change,1 vehicle,1996,Collision
7,1,1,Honda,Urban,2,11,2,Male,Single,38,Policy Holder,Sedan - All Perils,Sedan,more than 69000,0,12243,10,400,1,more than 30,more than 30,none,7 years,36 to 40,No,No,External,3 to 5,no change,1 vehicle,1996,All Perils
11,1,2,Mazda,Urban,1,7,2,Male,Single,42,Policy Holder,Sedan - Liability,Sport,more than 69000,0,12244,11,400,4,more than 30,more than 30,2 to 4,7 years,36 to 40,No,No,External,more than 5,4 to 8 years,2 vehicles,1996,Liability
5,3,7,Pontiac,Urban,2,10,1,Male,Married,36,Policy Holder,Sedan - All Perils,Sedan,less than 20000,1,12245,7,400,1,more than 30,more than 30,1,7 years,36 to 40,No,No,External,3 to 5,no change,1 vehicle,1996,All Perils
10,1,7,Accura,Rural,2,9,1,Male,Married,61,Policy Holder,Sedan - Liability,Sport,20000 to 29000,0,12246,13,700,4,more than 30,more than 30,2 to 4,more than 7,51 to 65,No,No,External,more than 5,no change,1 vehicle,1996,Liability
9,4,6,Pontiac,Rural,1,6,4,Male,Married,53,Policy Holder,Sedan - Liability,Sport,30000 to 39000,0,12247,11,400,3,more than 30,more than 30,1,more than 7,41 to 50,No,No,External,3 to 5,no change,1 vehicle,1996,Liability
6,2,2,Mazda,Urban,3,5,2,Male,Married,57,Policy Holder,Sedan - Collision,Sedan,more than 69000,0,12248,13,400,1,more than 30,more than 30,more than 4,more than 7,51 to 65,No,No,External,more than 5,no change,1 vehicle,1996,Collision
5,3,6,Chevrolet,Urban,4,10,4,Male,Single,32,Policy Holder,Sedan - All Perils,Sedan,20000 to 29000,1,12249,13,400,3,more than 30,more than 30,none,6 years,31 to 35,No,No,External,none,no change,1 vehicle,1996,All Perils
10,2,4,Toyota,Urban,1,10,2,Male,Married,36,Policy Holder,Sedan - Liability,Sport,30000 to 39000,0,12250,12,400,3,more than 30,more than 30,more than 4,5 years,36 to 40,No,No,External,none,no change,1 vehicle,1996,Liability
10,1,6,Pontiac,Urban,5,10,2,Male,Married,58,Policy Holder,Sedan - All Perils,Sedan,30000 to 39000,0,12251,15,400,2,more than 30,more than 30,more than 4,more than 7,51 to 65,No,No,External,1 to 2,no change,1 vehicle,1996,All Perils
9,4,1,Honda,Urban,1,4,3,Male,Single,0,Policy Holder,Sedan - All Perils,Sedan,more than 69000,0,12252,5,400,1,more than 30,more than 30,none,new,16 to 17,No,No,External,none,no change,1 vehicle,1996,All Perils
4,3,5,Honda,Urban,1,10,3,Male,Married,59,Policy Holder,Sedan - Liability,Sport,20000 to 29000,0,12253,1,400,1,more than 30,more than 30,1,7 years,51 to 65,No,No,External,more than 5,no change,1 vehicle,1996,Liability
10,2,1,Pontiac,Rural,1,10,3,Male,Married,26,Policy Holder,Sedan - All Perils,Sedan,less than 20000,0,12254,7,400,3,more than 30,more than 30,1,7 years,31 to 35,No,No,External,none,no change,1 vehicle,1996,All Perils
9,1,5,Toyota,Urban,2,8,2,Female,Single,31,Policy Holder,Sedan - All Perils,Sedan,20000 to 29000,0,12255,7,400,1,more than 30,more than 30,1,6 years,31 to 35,No,No,External,none,no change,1 vehicle,1996,All Perils
7,4,2,Pontiac,Urban,1,7,2,Male,Married,57,Policy Holder,Utility - Collision,Utility,more than 69000,0,12256,5,400,1,more than 30,more than 30,2 to 4,more than 7,51 to 65,No,No,External,more than 5,no change,1 vehicle,1996,Collision
7,1,5,Mazda,Urban,5,3,2,Male,Married,63,Third Party,Sedan - Collision,Sedan,30000 to 39000,0,12257,6,400,2,more than 30,more than 30,2 to 4,7 years,51 to 65,No,No,External,none,no change,1 vehicle,1996,Collision
3,2,6,Toyota,Urban,1,3,2,Female,Married,31,Policy Holder,Sedan - Liability,Sport,30000 to 39000,0,12258,13,400,4,more than 30,more than 30,2 to 4,6 years,31 to 35,No,No,External,3 to 5,no change,1 vehicle,1996,Liability
3,2,5,Toyota,Urban,2,3,3,Female,Married,70,Third Party,Sedan - All Perils,Sedan,20000 to 29000,0,12259,10,400,1,more than 30,more than 30,2 to 4,more than 7,over 65,No,No,External,3 to 5,no change,1 vehicle,1996,All Perils
3,2,5,Toyota,Urban,5,2,3,Male,Married,30,Third Party,Sedan - All Perils,Sedan,20000 to 29000,0,12260,7,400,4,more than 30,more than 30,none,6 years,31 to 35,No,No,External,none,no change,3 to 4,1996,All Perils
2,2,7,Pontiac,Urban,1,11,2,Male,Single,27,Policy Holder,Sedan - Collision,Sedan,less than 20000,0,12261,4,400,3,more than 30,more than 30,2 to 4,5 years,31 to 35,No,No,External,1 to 2,no change,1 vehicle,1996,Collision
11,1,2,Pontiac,Urban,5,11,1,Male,Single,21,Policy Holder,Sedan - Collision,Sedan,20000 to 29000,0,12262,2,400,1,more than 30,more than 30,2 to 4,5 years,26 to 30,No,No,External,1 to 2,no change,1 vehicle,1996,Collision
10,5,2,Saturn,Urban,4,5,1,Male,Married,30,Policy Holder,Sedan - Liability,Sport,40000 to 59000,0,12263,11,400,1,more than 30,more than 30,none,6 years,31 to 35,No,No,Internal,3 to 5,no change,1 vehicle,1996,Liability
5,3,4,Toyota,Urban,5,7,3,Male,Married,26,Third Party,Sedan - Collision,Sedan,20000 to 29000,0,12264,6,400,2,more than 30,more than 30,more than 4,6 years,31 to 35,No,No,External,more than 5,no change,1 vehicle,1996,Collision
7,1,5,Mazda,Urban,4,5,2,Male,Married,36,Third Party,Sedan - Liability,Sport,20000 to 29000,0,12265,14,400,1,more than 30,more than 30,2 to 4,7 years,36 to 40,No,No,External,1 to 2,4 to 8 years,2 vehicles,1996,Liability
5,1,3,Honda,Urban,5,5,2,Male,Married,37,Policy Holder,Sedan - All Perils,Sedan,more than 69000,0,12266,5,400,3,more than 30,more than 30,2 to 4,more than 7,36 to 40,No,No,External,more than 5,no change,1 vehicle,1996,All Perils
4,4,2,Pontiac,Urban,2,10,1,Female,Single,34,Policy Holder,Sedan - All Perils,Sedan,less than 20000,0,12267,1,400,2,more than 30,more than 30,none,6 years,31 to 35,No,No,External,1 to 2,no change,1 vehicle,1996,All Perils
10,4,2,Chevrolet,Urban,1,10,4,Female,Married,39,Policy Holder,Sedan - Liability,Sport,more than 69000,0,12268,10,400,3,more than 30,more than 30,2 to 4,7 years,36 to 40,No,No,External,none,no change,1 vehicle,1996,Liability
10,3,2,Pontiac,Urban,3,7,4,Male,Single,27,Third Party,Sedan - All Perils,Sedan,30000 to 39000,0,12269,7,400,3,more than 30,more than 30,1,6 years,31 to 35,No,No,External,more than 5,no change,1 vehicle,1996,All Perils
7,4,4,Honda,Rural,1,7,4,Male,Married,31,Policy Holder,Sedan - Collision,Sedan,30000 to 39000,0,12270,5,400,1,more than 30,more than 30,more than 4,7 years,31 to 35,No,No,External,none,no change,1 vehicle,1996,Collision
6,5,3,Pontiac,Urban,3,6,1,Male,Married,33,Third Party,Sedan - All Perils,Sedan,20000 to 29000,0,12271,12,400,4,more than 30,more than 30,none,7 years,31 to 35,No,No,External,none,no change,1 vehicle,1996,All Perils
6,1,4,Pontiac,Urban,1,6,4,Male,Single,33,Third Party,Sedan - Collision,Sedan,20000 to 29000,0,12272,15,400,1,more than 30,more than 30,none,7 years,31 to 35,No,No,External,more than 5,no change,1 vehicle,1996,Collision
5,4,4,Pontiac,Urban,5,4,2,Male,Married,47,Third Party,Sedan - Collision,Sedan,20000 to 29000,0,12273,13,400,3,more than 30,more than 30,none,more than 7,41 to 50,No,No,External,none,no change,1 vehicle,1996,Collision
4,4,4,Honda,Urban,5,4,4,Male,Single,31,Policy Holder,Sedan - Liability,Sport,30000 to 39000,0,12274,6,400,4,more than 30,more than 30,2 to 4,6 years,31 to 35,No,No,External,3 to 5,no change,1 vehicle,1996,Liability
4,4,5,VW,Urban,1,4,4,Female,Married,52,Policy Holder,Sedan - Liability,Sport,40000 to 59000,0,12275,8,400,1,more than 30,more than 30,none,more than 7,41 to 50,No,No,External,more than 5,no change,1 vehicle,1996,Liability
4,1,6,Honda,Rural,2,7,1,Female,Married,33,Third Party,Sedan - Collision,Sedan,20000 to 29000,0,12276,16,400,3,more than 30,more than 30,1,5 years,31 to 35,No,No,External,none,no change,1 vehicle,1996,Collision
7,3,7,Pontiac,Urban,3,7,3,Female,Married,42,Third Party,Sedan - Collision,Sedan,20000 to 29000,0,12277,13,400,2,more than 30,more than 30,none,5 years,36 to 40,No,No,External,none,no change,1 vehicle,1996,Collision
7,1,3,Chevrolet,Rural,3,5,1,Male,Married,23,Policy Holder,Sedan - Collision,Sedan,20000 to 29000,0,12278,3,400,4,more than 30,more than 30,2 to 4,5 years,26 to 30,No,No,External,none,no change,1 vehicle,1996,Collision
5,3,1,Toyota,Urban,4,5,4,Male,Married,27,Policy Holder,Sedan - Collision,Sedan,20000 to 29000,1,12279,2,400,3,more than 30,more than 30,none,7 years,31 to 35,No,No,External,1 to 2,no change,1 vehicle,1996,Collision
4,4,5,Pontiac,Urban,1,4,1,Female,Single,38,Policy Holder,Sedan - Liability,Sport,20000 to 29000,0,12280,7,400,1,more than 30,more than 30,2 to 4,7 years,36 to 40,No,No,External,1 to 2,no change,1 vehicle,1996,Liability
4,3,1,Pontiac,Urban,2,2,3,Male,Single,42,Third Party,Sedan - All Perils,Sedan,20000 to 29000,0,12281,10,400,1,more than 30,more than 30,none,7 years,36 to 40,No,No,External,more than 5,no change,1 vehicle,1996,All Perils
7,2,3,Pontiac,Urban,1,2,4,Male,Married,63,Policy Holder,Sedan - All Perils,Sedan,20000 to 29000,0,12282,12,400,4,more than 30,more than 30,2 to 4,more than 7,51 to 65,No,No,External,none,no change,1 vehicle,1996,All Perils
4,3,5,Chevrolet,Urban,5,12,2,Male,Married,31,Policy Holder,Utility - All Perils,Utility,more than 69000,0,12283,1,400,3,more than 30,more than 30,more than 4,5 years,31 to 35,No,No,External,more than 5,no change,1 vehicle,1996,All Perils
12,1,4,Honda,Urban,1,1,1,Female,Married,40,Policy Holder,Sedan - All Perils,Sedan,less than 20000,0,12284,11,400,3,more than 30,more than 30,none,7 years,36 to 40,No,No,External,1 to 2,no change,1 vehicle,1996,All Perils
1,3,7,Honda,Urban,2,1,4,Female,Married,48,Policy Holder,Sedan - All Perils,Sedan,less than 20000,0,12285,8,400,1,more than 30,more than 30,none,more than 7,41 to 50,No,No,External,none,no change,1 vehicle,1996,All Perils
1,4,1,BMW,Urban,1,5,4,Male,Married,63,Policy Holder,Sedan - Collision,Sedan,20000 to 29000,0,12286,12,400,1,more than 30,more than 30,2 to 4,more than 7,51 to 65,No,No,External,1 to 2,1 year,2 vehicles,1996,Collision
1,4,5,Mazda,Urban,3,2,2,Male,Married,42,Policy Holder,Sedan - Liability,Sport,20000 to 29000,0,12287,12,400,2,more than 30,more than 30,2 to 4,7 years,36 to 40,No,No,External,none,no change,1 vehicle,1996,Liability
2,1,3,Mazda,Urban,3,2,2,Male,Married,48,Third Party,Sedan - Collision,Sedan,20000 to 29000,0,12288,12,400,4,more than 30,more than 30,none,more than 7,41 to 50,No,No,External,more than 5,no change,1 vehicle,1996,Collision
2,2,2,Toyota,Urban,1,2,2,Female,Married,28,Policy Holder,Sedan - All Perils,Sedan,20000 to 29000,0,12289,15,400,1,more than 30,more than 30,none,6 years,31 to 35,No,No,External,1 to 2,no change,1 vehicle,1996,All Perils
2,3,1,Pontiac,Urban,5,3,4,Male,Married,44,Third Party,Sedan - All Perils,Sedan,less than 20000,0,12290,15,400,1,more than 30,more than 30,none,more than 7,36 to 40,No,No,External,3 to 5,no change,1 vehicle,1996,All Perils
2,3,3,Mazda,Urban,1,2,1,Female,Single,27,Policy Holder,Sedan - Collision,Sedan,20000 to 29000,0,12291,2,400,2,more than 30,more than 30,1,6 years,31 to 35,No,No,External,none,no change,1 vehicle,1996,Collision
2,4,3,Pontiac,Urban,2,5,5,Female,Single,48,Policy Holder,Sedan - Liability,Sport,20000 to 29000,0,12292,15,500,4,more than 30,more than 30,2 to 4,7 years,41 to 50,No,No,External,none,2 to 3 years,1 vehicle,1996,Liability
5,3,1,Pontiac,Urban,5,3,4,Male,Married,44,Policy Holder,Sedan - Collision,Sedan,20000 to 29000,1,12293,6,400,3,more than 30,more than 30,2 to 4,6 years,36 to 40,No,No,External,3 to 5,no change,1 vehicle,1996,Collision
2,5,4,Ford,Urban,4,3,1,Male,Married,41,Policy Holder,Sedan - All Perils,Sedan,20000 to 29000,0,12294,1,400,3,more than 30,more than 30,none,7 years,36 to 40,No,No,External,none,no change,1 vehicle,1996,All Perils
3,3,4,Pontiac,Urban,1,3,4,Male,Married,61,Policy Holder,Sedan - Liability,Sport,30000 to 39000,0,12295,15,400,3,more than 30,more than 30,more than 4,more than 7,51 to 65,No,No,External,none,no change,1 vehicle,1996,Liability
3,4,3,Mazda,Urban,5,4,5,Male,Married,61,Third Party,Sedan - Collision,Sedan,20000 to 29000,0,12296,5,400,1,more than 30,more than 30,2 to 4,7 years,51 to 65,No,No,External,more than 5,no change,1 vehicle,1996,Collision
3,5,4,Pontiac,Rural,3,4,3,Female,Married,43,Policy Holder,Sedan - All Perils,Sedan,less than 20000,0,12297,15,400,4,more than 30,more than 30,none,7 years,36 to 40,No,No,External,none,no change,1 vehicle,1996,All Perils
3,5,5,Toyota,Urban,1,4,3,Male,Single,22,Policy Holder,Sedan - Collision,Sedan,30000 to 39000,0,12298,1,400,2,more than 30,more than 30,more than 4,5 years,26 to 30,No,No,External,none,no change,1 vehicle,1996,Collision
4,2,2,Pontiac,Urban,2,4,2,Male,Married,54,Policy Holder,Sedan - All Perils,Sedan,20000 to 29000,0,12299,3,400,1,more than 30,more than 30,2 to 4,more than 7,41 to 50,No,No,External,1 to 2,no change,1 vehicle,1996,All Perils
4,2,1,Honda,Urban,3,4,2,Male,Married,47,Policy Holder,Sedan - Liability,Sport,20000 to 29000,0,12300,1,400,2,more than 30,more than 30,2 to 4,more than 7,41 to 50,No,No,External,1 to 2,no change,1 vehicle,1996,Liability
4,3,7,Accura,Urban,4,5,4,Female,Married,42,Policy Holder,Sedan - All Perils,Sedan,30000 to 39000,0,12301,10,400,3,more than 30,more than 30,1,more than 7,36 to 40,No,No,External,none,no change,3 to 4,1996,All Perils
4,4,6,Toyota,Urban,4,5,2,Female,Married,46,Policy Holder,Sedan - Liability,Sport,20000 to 29000,0,12302,14,400,2,more than 30,more than 30,more than 4,7 years,41 to 50,No,No,External,none,no change,1 vehicle,1996,Liability
4,5,5,Honda,Urban,1,5,1,Male,Married,55,Policy Holder,Sedan - Collision,Sedan,20000 to 29000,0,12303,16,400,2,more than 30,more than 30,2 to 4,7 years,41 to 50,No,No,External,more than 5,no change,1 vehicle,1996,Collision
5,1,6,Pontiac,Rural,5,5,2,Male,Married,32,Policy Holder,Sedan - Liability,Sport,20000 to 29000,0,12304,12,400,3,more than 30,more than 30,2 to 4,6 years,31 to 35,No,No,External,3 to 5,no change,1 vehicle,1996,Liability
5,3,7,Honda,Urban,2,6,3,Male,Married,50,Policy Holder,Sedan - Collision,Sedan,20000 to 29000,0,12305,16,400,1,more than 30,more than 30,2 to 4,7 years,41 to 50,No,No,External,3 to 5,no change,1 vehicle,1996,Collision
5,3,1,Mazda,Urban,2,5,2,Male,Married,36,Policy Holder,Sedan - Liability,Sport,more than 69000,0,12306,16,400,1,more than 30,more than 30,more than 4,7 years,36 to 40,No,No,External,3 to 5,no change,1 vehicle,1996,Liability
5,5,5,Honda,Rural,3,6,5,Male,Married,31,Policy Holder,Sedan - Collision,Sedan,20000 to 29000,0,12307,3,400,4,15 to 30,15 to 30,none,7 years,31 to 35,No,No,External,none,4 to 8 years,2 vehicles,1996,Collision
6,2,2,Chevrolet,Urban,2,6,3,Male,Married,33,Policy Holder,Sedan - Collision,Sedan,more than 69000,0,12308,3,400,1,more than 30,more than 30,more than 4,4 years,31 to 35,No,No,External,more than 5,no change,1 vehicle,1996,Collision
6,4,2,Pontiac,Urban,5,9,4,Male,Single,30,Policy Holder,Sedan - Liability,Sport,20000 to 29000,0,12309,13,400,4,more than 30,more than 30,1,7 years,31 to 35,No,No,External,none,no change,1 vehicle,1996,Liability
9,1,3,Pontiac,Urban,3,9,2,Male,Married,52,Third Party,Sedan - All Perils,Sedan,less than 20000,0,12310,11,400,2,more than 30,more than 30,1,more than 7,41 to 50,No,No,External,more than 5,no change,1 vehicle,1996,All Perils
9,2,6,Mazda,Urban,1,10,2,Female,Married,36,Third Party,Sedan - Collision,Sedan,20000 to 29000,0,12311,1,400,1,more than 30,more than 30,none,5 years,36 to 40,No,No,External,none,no change,1 vehicle,1996,Collision
9,4,4,Pontiac,Rural,1,5,1,Male,Married,30,Policy Holder,Sedan - All Perils,Sedan,20000 to 29000,0,12312,7,400,3,more than 30,more than 30,2 to 4,7 years,31 to 35,No,No,External,1 to 2,no change,1 vehicle,1996,All Perils
5,3,2,Pontiac,Urban,2,10,4,Male,Married,50,Third Party,Sedan - All Perils,Sedan,20000 to 29000,0,12313,12,400,4,more than 30,more than 30,none,more than 7,41 to 50,No,No,External,none,no change,1 vehicle,1996,All Perils
10,1,6,Mazda,Rural,2,10,1,Male,Single,27,Policy Holder,Sedan - Collision,Sedan,more than 69000,0,12314,16,400,2,more than 30,more than 30,1,6 years,31 to 35,No,No,External,none,no change,1 vehicle,1996,Collision
10,3,4,Pontiac,Urban,1,5,4,Male,Married,46,Policy Holder,Sedan - All Perils,Sedan,20000 to 29000,0,12315,9,400,4,more than 30,more than 30,none,more than 7,41 to 50,No,No,External,none,no change,1 vehicle,1996,All Perils
5,3,6,Mazda,Urban,3,11,4,Male,Married,46,Third Party,Sedan - All Perils,Sedan,20000 to 29000,0,12316,16,400,4,more than 30,more than 30,2 to 4,more than 7,41 to 50,No,No,External,3 to 5,no change,1 vehicle,1996,All Perils
10,5,1,Toyota,Urban,1,12,1,Male,Married,55,Policy Holder,Sedan - All Perils,Sedan,20000 to 29000,0,12317,1,400,2,more than 30,more than 30,none,more than 7,41 to 50,No,No,External,3 to 5,no change,1 vehicle,1996,All Perils
12,1,5,Pontiac,Urban,1,2,1,Female,Single,28,Policy Holder,Sedan - Liability,Sport,more than 69000,0,12318,16,400,1,more than 30,more than 30,2 to 4,7 years,31 to 35,No,No,External,none,no change,1 vehicle,1996,Liability
2,1,5,Toyota,Rural,1,2,1,Male,Married,44,Third Party,Sedan - Liability,Sport,20000 to 29000,0,12319,10,400,3,more than 30,more than 30,2 to 4,7 years,36 to 40,Yes,No,External,none,no change,1 vehicle,1996,Liability
2,1,1,Pontiac,Urban,3,2,1,Male,Married,35,Policy Holder,Sedan - All Perils,Sedan,20000 to 29000,0,12320,6,400,4,more than 30,more than 30,1,6 years,31 to 35,No,No,External,none,no change,1 vehicle,1996,All Perils
2,3,1,Mazda,Rural,4,2,4,Female,Married,37,Policy Holder,Sedan - Collision,Sedan,20000 to 29000,0,12321,15,400,4,more than 30,more than 30,none,7 years,36 to 40,No,No,External,3 to 5,no change,1 vehicle,1996,Collision
2,3,5,Pontiac,Urban,1,4,4,Male,Married,65,Policy Holder,Sedan - Collision,Sedan,20000 to 29000,0,12322,15,400,3,more than 30,more than 30,1,more than 7,51 to 65,No,No,External,none,no change,1 vehicle,1996,Collision
3,5,3,Chevrolet,Urban,5,5,1,Female,Married,36,Third Party,Sedan - Liability,Sport,20000 to 29000,0,12323,8,400,4,more than 30,more than 30,more than 4,7 years,36 to 40,No,No,External,none,no change,1 vehicle,1996,Liability
4,4,4,Mazda,Urban,2,5,1,Female,Single,38,Third Party,Sedan - All Perils,Sedan,20000 to 29000,0,12324,15,400,3,more than 30,more than 30,1,5 years,36 to 40,No,No,External,none,no change,1 vehicle,1996,All Perils
5,3,3,Toyota,Urban,4,6,4,Male,Married,39,Third Party,Sedan - All Perils,Sedan,20000 to 29000,0,12325,9,400,3,more than 30,more than 30,none,more than 7,36 to 40,No,No,External,none,no change,1 vehicle,1996,All Perils
5,5,4,Honda,Urban,3,6,1,Male,Single,33,Policy Holder,Sport - Collision,Sport,more than 69000,0,12326,15,400,4,more than 30,more than 30,none,6 years,31 to 35,No,No,External,none,no change,1 vehicle,1996,Collision
6,1,7,Mazda,Urban,1,6,5,Female,Married,29,Policy Holder,Sedan - Liability,Sport,30000 to 39000,0,12327,4,400,4,more than 30,more than 30,1,7 years,31 to 35,No,No,External,none,no change,1 vehicle,1996,Liability
6,1,2,Mazda,Urban,5,11,1,Male,Married,55,Policy Holder,Sedan - Collision,Sedan,30000 to 39000,0,12328,10,400,4,more than 30,more than 30,none,more than 7,41 to 50,No,No,External,none,4 to 8 years,2 vehicles,1996,Collision
6,4,3,Pontiac,Urban,1,7,1,Female,Married,46,Policy Holder,Sedan - Collision,Sedan,20000 to 29000,0,12329,14,400,4,more than 30,more than 30,2 to 4,7 years,41 to 50,No,No,External,none,no change,1 vehicle,1996,Collision
6,5,3,Pontiac,Urban,2,7,1,Male,Single,54,Policy Holder,Utility - All Perils,Utility,more than 69000,0,12330,8,400,1,more than 30,more than 30,more than 4,7 years,41 to 50,No,No,External,3 to 5,no change,1 vehicle,1996,All Perils
6,5,7,Pontiac,Urban,1,7,1,Female,Single,34,Policy Holder,Sedan - Liability,Sport,20000 to 29000,0,12331,10,400,4,more than 30,more than 30,1,7 years,31 to 35,No,No,External,more than 5,no change,1 vehicle,1996,Liability
7,1,4,Pontiac,Urban,5,7,2,Male,Single,34,Policy Holder,Sedan - Collision,Sedan,30000 to 39000,0,12332,1,400,2,more than 30,more than 30,none,6 years,31 to 35,No,No,External,more than 5,no change,1 vehicle,1996,Collision
7,1,3,Mazda,Urban,1,8,2,Male,Single,24,Third Party,Sedan - Collision,Sedan,20000 to 29000,0,12333,15,400,3,more than 30,more than 30,none,5 years,26 to 30,No,No,External,none,no change,1 vehicle,1996,Collision
7,2,5,Chevrolet,Urban,1,5,2,Male,Married,48,Policy Holder,Sedan - Liability,Sport,40000 to 59000,0,12334,2,400,1,more than 30,more than 30,more than 4,more than 7,41 to 50,No,No,External,none,no change,1 vehicle,1996,Liability
5,3,2,Pontiac,Urban,3,7,5,Male,Married,27,Third Party,Sedan - Collision,Sedan,less than 20000,0,12335,16,400,4,more than 30,more than 30,2 to 4,6 years,31 to 35,No,No,External,1 to 2,no change,1 vehicle,1996,Collision
7,4,4,Accura,Rural,4,8,4,Male,Married,56,Third Party,Sedan - All Perils,Sedan,more than 69000,0,12336,10,400,3,more than 30,more than 30,none,more than 7,51 to 65,No,No,External,none,no change,1 vehicle,1996,All Perils
8,4,1,Mazda,Urban,1,8,5,Male,Single,38,Policy Holder,Sedan - Liability,Sport,20000 to 29000,0,12337,5,400,3,more than 30,more than 30,1,3 years,36 to 40,No,No,External,none,no change,1 vehicle,1996,Liability
8,5,5,Mazda,Urban,1,10,5,Male,Married,41,Policy Holder,Sedan - Liability,Sport,40000 to 59000,0,12338,16,400,2,more than 30,more than 30,2 to 4,more than 7,36 to 40,No,No,External,3 to 5,no change,1 vehicle,1996,Liability
9,1,5,Chevrolet,Urban,1,11,2,Male,Single,33,Policy Holder,Sedan - Collision,Sedan,more than 69000,0,12339,15,400,1,more than 30,more than 30,none,5 years,31 to 35,No,No,External,3 to 5,no change,1 vehicle,1996,Collision
11,1,5,Honda,Urban,5,11,1,Female,Married,39,Policy Holder,Sedan - Collision,Sedan,20000 to 29000,0,12340,16,400,2,more than 30,more than 30,none,6 years,36 to 40,No,No,External,more than 5,no change,1 vehicle,1996,Collision
11,1,2,Toyota,Urban,1,11,1,Male,Married,36,Third Party,Sedan - Collision,Sedan,20000 to 29000,0,12341,5,400,3,more than 30,more than 30,1,7 years,36 to 40,No,No,External,3 to 5,no change,1 vehicle,1996,Collision
11,3,5,Honda,Urban,1,11,3,Male,Single,30,Third Party,Sedan - Collision,Sedan,20000 to 29000,0,12342,1,400,1,more than 30,more than 30,none,7 years,31 to 35,No,No,External,none,no change,3 to 4,1996,Collision
11,3,4,Toyota,Urban,5,11,3,Female,Married,56,Policy Holder,Sedan - Liability,Sport,30000 to 39000,0,12343,7,500,1,more than 30,more than 30,2 to 4,more than 7,51 to 65,Yes,No,External,none,no change,1 vehicle,1996,Liability
11,3,7,Mercury,Urban,5,11,3,Male,Married,52,Policy Holder,Sedan - Collision,Sedan,20000 to 29000,0,12344,9,400,4,more than 30,more than 30,none,7 years,41 to 50,No,No,External,none,no change,1 vehicle,1996,Collision
11,2,1,Toyota,Urban,2,11,3,Male,Married,46,Policy Holder,Sedan - Liability,Sport,20000 to 29000,0,12345,8,400,2,more than 30,more than 30,2 to 4,more than 7,41 to 50,No,No,External,none,no change,1 vehicle,1996,Liability
11,2,1,Pontiac,Urban,1,11,3,Female,Married,52,Policy Holder,Sedan - Collision,Sedan,40000 to 59000,0,12346,16,400,3,more than 30,more than 30,2 to 4,more than 7,41 to 50,No,No,External,none,no change,1 vehicle,1996,Collision
11,2,5,Toyota,Urban,2,11,2,Male,Single,32,Policy Holder,Sedan - Liability,Sport,20000 to 29000,0,12347,3,400,3,more than 30,more than 30,2 to 4,5 years,31 to 35,No,No,External,1 to 2,no change,1 vehicle,1996,Liability
11,2,5,Chevrolet,Urban,5,11,3,Male,Single,31,Policy Holder,Sedan - Collision,Sedan,20000 to 29000,0,12348,4,400,3,more than 30,more than 30,none,6 years,31 to 35,No,No,External,none,no change,1 vehicle,1996,Collision
11,2,7,Accura,Urban,2,11,4,Male,Married,44,Policy Holder,Sedan - All Perils,Sedan,20000 to 29000,0,12349,16,400,1,more than 30,more than 30,none,7 years,36 to 40,No,No,External,3 to 5,4 to 8 years,2 vehicles,1996,All Perils
11,1,2,Toyota,Urban,4,11,2,Male,Married,43,Policy Holder,Sedan - All Perils,Sedan,20000 to 29000,0,12350,13,400,3,more than 30,more than 30,none,7 years,36 to 40,No,No,External,none,no change,1 vehicle,1996,All Perils
10,5,4,Ford,Rural,1,11,1,Male,Married,51,Third Party,Sedan - Collision,Sedan,40000 to 59000,0,12351,3,400,1,more than 30,more than 30,1,more than 7,41 to 50,No,No,External,more than 5,no change,1 vehicle,1996,Collision
10,2,1,Toyota,Urban,2,11,2,Male,Single,29,Policy Holder,Sedan - Liability,Sport,20000 to 29000,0,12352,10,400,1,more than 30,more than 30,2 to 4,5 years,31 to 35,No,No,External,1 to 2,no change,1 vehicle,1996,Liability
10,2,3,Mazda,Urban,5,9,4,Male,Single,30,Policy Holder,Sedan - All Perils,Sedan,30000 to 39000,0,12353,14,400,2,more than 30,more than 30,2 to 4,6 years,31 to 35,No,No,External,none,no change,1 vehicle,1996,All Perils
9,2,1,Mazda,Urban,1,9,4,Female,Single,32,Policy Holder,Sedan - Collision,Sedan,20000 to 29000,0,12354,12,400,3,more than 30,more than 30,2 to 4,7 years,31 to 35,No,No,External,none,no change,1 vehicle,1996,Collision
9,1,7,Dodge,Urban,1,9,1,Male,Single,30,Policy Holder,Sedan - Liability,Sport,30000 to 39000,0,12355,13,400,2,more than 30,more than 30,1,6 years,31 to 35,No,No,External,none,no change,1 vehicle,1996,Liability
8,3,5,Honda,Urban,4,8,1,Male,Single,21,Third Party,Sedan - Collision,Sedan,20000 to 29000,0,12356,2,400,1,more than 30,more than 30,none,4 years,26 to 30,No,No,External,more than 5,no change,1 vehicle,1996,Collision
7,5,4,Mazda,Urban,4,7,5,Male,Single,35,Policy Holder,Sedan - Collision,Sedan,30000 to 39000,0,12357,12,400,3,more than 30,more than 30,2 to 4,6 years,31 to 35,No,No,External,1 to 2,no change,1 vehicle,1996,Collision
7,3,1,Honda,Urban,2,7,3,Male,Single,44,Policy Holder,Sedan - Liability,Sport,20000 to 29000,0,12358,13,400,3,more than 30,more than 30,2 to 4,more than 7,36 to 40,No,No,External,more than 5,no change,1 vehicle,1996,Liability
7,3,3,Chevrolet,Urban,3,7,3,Male,Single,36,Policy Holder,Sedan - Liability,Sport,30000 to 39000,0,12359,16,400,1,more than 30,more than 30,more than 4,7 years,36 to 40,No,No,External,none,no change,1 vehicle,1996,Liability
7,2,4,Toyota,Urban,1,7,2,Male,Single,53,Policy Holder,Sport - All Perils,Sport,less than 20000,0,12360,1,400,2,more than 30,more than 30,1,more than 7,41 to 50,No,No,External,3 to 5,no change,1 vehicle,1996,All Perils
7,2,2,Pontiac,Urban,2,7,3,Female,Married,51,Policy Holder,Sedan - Collision,Sedan,20000 to 29000,0,12361,13,400,1,more than 30,more than 30,1,6 years,41 to 50,No,No,External,none,no change,1 vehicle,1996,Collision
7,2,3,Pontiac,Urban,4,7,3,Male,Married,37,Third Party,Sedan - Collision,Sedan,30000 to 39000,0,12362,9,400,2,more than 30,more than 30,2 to 4,7 years,36 to 40,No,No,External,more than 5,no change,1 vehicle,1996,Collision
7,1,1,Accura,Urban,1,7,3,Male,Single,48,Policy Holder,Sedan - All Perils,Sedan,20000 to 29000,0,12363,3,400,4,more than 30,more than 30,more than 4,7 years,41 to 50,No,No,External,3 to 5,no change,1 vehicle,1996,All Perils
7,1,5,Pontiac,Urban,2,7,1,Male,Married,35,Policy Holder,Sedan - Collision,Sedan,30000 to 39000,0,12364,1,400,1,more than 30,more than 30,2 to 4,6 years,31 to 35,No,No,External,more than 5,no change,1 vehicle,1996,Collision
6,5,1,Pontiac,Urban,3,6,2,Female,Single,35,Policy Holder,Sedan - Collision,Sedan,20000 to 29000,0,12365,4,400,1,more than 30,more than 30,1,6 years,31 to 35,No,No,External,none,no change,1 vehicle,1996,Collision
6,4,6,Ford,Rural,4,5,5,Male,Married,39,Third Party,Sedan - All Perils,Sedan,30000 to 39000,0,12366,13,400,4,more than 30,more than 30,2 to 4,7 years,36 to 40,No,No,External,none,no change,1 vehicle,1996,All Perils
5,3,7,Ford,Urban,1,6,4,Male,Married,46,Policy Holder,Sedan - Liability,Sport,40000 to 59000,1,12367,7,400,2,more than 30,more than 30,2 to 4,more than 7,41 to 50,No,No,External,more than 5,no change,1 vehicle,1996,Liability
6,1,5,Honda,Urban,5,6,1,Male,Married,42,Third Party,Sedan - Collision,Sedan,20000 to 29000,0,12368,16,400,3,more than 30,more than 30,1,7 years,36 to 40,No,No,External,none,no change,1 vehicle,1996,Collision
6,1,4,Honda,Urban,3,5,1,Male,Married,31,Policy Holder,Sedan - Collision,Sedan,30000 to 39000,0,12369,5,400,2,more than 30,more than 30,2 to 4,6 years,31 to 35,No,No,External,more than 5,no change,1 vehicle,1996,Collision
5,2,5,Toyota,Urban,3,5,3,Male,Married,32,Third Party,Sedan - Liability,Sport,20000 to 29000,0,12370,9,400,3,more than 30,more than 30,2 to 4,6 years,31 to 35,No,No,External,none,4 to 8 years,2 vehicles,1996,Liability
5,1,4,Mazda,Urban,5,5,3,Female,Divorced,50,Policy Holder,Sedan - Collision,Sedan,20000 to 29000,0,12371,14,400,3,more than 30,more than 30,none,7 years,41 to 50,No,No,External,none,no change,1 vehicle,1996,Collision
5,1,4,Pontiac,Urban,5,4,1,Female,Married,42,Third Party,Sedan - All Perils,Sedan,less than 20000,0,12372,16,400,1,more than 30,more than 30,none,more than 7,36 to 40,No,No,External,none,no change,1 vehicle,1996,All Perils
4,4,5,Mazda,Urban,1,4,5,Male,Married,34,Policy Holder,Sedan - Liability,Sport,30000 to 39000,0,12373,2,400,1,more than 30,more than 30,more than 4,6 years,31 to 35,No,No,External,3 to 5,no change,1 vehicle,1996,Liability
4,2,6,Pontiac,Urban,6,4,2,Male,Married,53,Third Party,Sedan - Liability,Sport,30000 to 39000,0,12374,6,400,2,more than 30,more than 30,none,7 years,41 to 50,No,No,External,1 to 2,no change,1 vehicle,1996,Liability
4,2,6,Toyota,Urban,5,4,2,Male,Married,30,Policy Holder,Sedan - Collision,Sedan,20000 to 29000,0,12375,4,400,3,more than 30,more than 30,2 to 4,6 years,31 to 35,No,No,External,none,no change,1 vehicle,1996,Collision
4,1,7,Mazda,Urban,1,3,2,Male,Married,28,Third Party,Sedan - Liability,Sport,30000 to 39000,0,12376,6,400,4,more than 30,more than 30,1,7 years,31 to 35,No,No,External,1 to 2,no change,1 vehicle,1996,Liability
3,4,5,Honda,Urban,1,4,4,Male,Single,32,Third Party,Sedan - Liability,Sport,more than 69000,0,12377,13,400,2,more than 30,more than 30,2 to 4,6 years,31 to 35,No,No,External,1 to 2,1 year,1 vehicle,1996,Liability
3,4,6,Chevrolet,Rural,2,3,1,Male,Married,53,Policy Holder,Sedan - All Perils,Sedan,20000 to 29000,0,12378,8,400,2,more than 30,more than 30,1,7 years,41 to 50,No,No,External,3 to 5,no change,1 vehicle,1996,All Perils
3,4,5,Honda,Urban,3,3,5,Male,Single,32,Third Party,Sedan - All Perils,Sedan,20000 to 29000,0,12379,4,400,2,more than 30,more than 30,none,6 years,31 to 35,No,No,External,none,no change,1 vehicle,1996,All Perils
3,3,7,Chevrolet,Urban,1,3,4,Male,Married,42,Third Party,Sedan - Collision,Sedan,30000 to 39000,0,12380,5,400,2,more than 30,more than 30,2 to 4,7 years,36 to 40,No,No,External,3 to 5,no change,1 vehicle,1996,Collision
3,2,6,VW,Urban,3,7,2,Male,Single,74,Policy Holder,Sedan - All Perils,Sedan,more than 69000,0,12381,14,400,1,more than 30,more than 30,2 to 4,more than 7,over 65,No,No,External,3 to 5,no change,1 vehicle,1996,All Perils
3,2,1,Pontiac,Urban,1,3,2,Male,Married,42,Third Party,Sedan - Liability,Sport,20000 to 29000,0,12382,16,400,4,more than 30,more than 30,more than 4,7 years,36 to 40,No,No,External,more than 5,no change,1 vehicle,1996,Liability
3,2,2,Honda,Urban,2,3,2,Male,Married,51,Policy Holder,Sedan - Liability,Sport,30000 to 39000,0,12383,1,400,4,more than 30,more than 30,more than 4,more than 7,41 to 50,No,No,External,1 to 2,no change,3 to 4,1996,Liability
2,3,6,Toyota,Urban,1,5,3,Male,Married,32,Policy Holder,Sedan - All Perils,Sedan,less than 20000,0,12384,14,400,3,more than 30,more than 30,2 to 4,6 years,31 to 35,No,No,External,none,no change,1 vehicle,1996,All Perils
5,3,1,Chevrolet,Urban,1,12,5,Female,Married,52,Third Party,Sedan - All Perils,Sedan,20000 to 29000,0,12385,7,400,4,more than 30,more than 30,1,6 years,41 to 50,No,No,External,1 to 2,no change,1 vehicle,1996,All Perils
12,1,4,Honda,Rural,5,11,1,Female,Single,32,Policy Holder,Sedan - Collision,Sedan,20000 to 29000,0,12386,16,400,4,more than 30,more than 30,2 to 4,2 years,31 to 35,No,No,External,none,no change,1 vehicle,1996,Collision
11,4,6,Pontiac,Urban,1,5,4,Male,Married,37,Policy Holder,Sedan - Liability,Sport,30000 to 39000,0,12387,12,400,2,more than 30,more than 30,2 to 4,more than 7,36 to 40,No,No,External,none,no change,1 vehicle,1996,Liability
5,3,4,Pontiac,Urban,1,10,4,Male,Married,48,Policy Holder,Sedan - Collision,Sedan,20000 to 29000,1,12388,15,400,1,more than 30,more than 30,2 to 4,more than 7,41 to 50,No,No,External,1 to 2,no change,1 vehicle,1996,Collision
10,3,7,Pontiac,Urban,4,5,4,Male,Married,30,Third Party,Sedan - All Perils,Sedan,20000 to 29000,0,12389,5,400,1,more than 30,more than 30,2 to 4,7 years,31 to 35,No,No,External,none,no change,1 vehicle,1996,All Perils
5,4,1,Mazda,Urban,3,10,4,Male,Married,51,Third Party,Sedan - All Perils,Sedan,60000 to 69000,0,12390,15,400,4,more than 30,more than 30,1,6 years,41 to 50,No,No,External,none,no change,1 vehicle,1996,All Perils
10,3,7,Honda,Urban,2,6,3,Male,Single,27,Third Party,Sedan - Liability,Sport,20000 to 29000,0,12391,13,400,2,more than 30,more than 30,2 to 4,6 years,31 to 35,No,No,External,more than 5,4 to 8 years,2 vehicles,1996,Liability
5,4,1,Chevrolet,Urban,3,10,3,Male,Married,38,Policy Holder,Sedan - Collision,Sedan,30000 to 39000,1,12392,14,400,2,more than 30,more than 30,2 to 4,6 years,36 to 40,No,No,External,1 to 2,no change,1 vehicle,1996,Collision
10,1,7,Chevrolet,Urban,2,5,1,Male,Single,23,Third Party,Sedan - All Perils,Sedan,20000 to 29000,0,12393,1,400,3,more than 30,more than 30,none,5 years,26 to 30,No,No,External,3 to 5,no change,1 vehicle,1996,All Perils
5,4,3,Mazda,Urban,5,9,5,Male,Married,68,Third Party,Sedan - Collision,Sedan,20000 to 29000,0,12394,3,500,2,more than 30,more than 30,2 to 4,more than 7,over 65,No,No,External,more than 5,2 to 3 years,1 vehicle,1996,Collision
9,4,2,Chevrolet,Urban,3,9,5,Male,Single,32,Policy Holder,Sedan - Liability,Sport,20000 to 29000,0,12395,14,400,4,more than 30,more than 30,more than 4,6 years,31 to 35,No,No,External,3 to 5,no change,1 vehicle,1996,Liability
9,2,3,Mazda,Urban,2,9,3,Male,Married,31,Policy Holder,Sedan - Liability,Sport,30000 to 39000,0,12396,1,400,2,more than 30,more than 30,2 to 4,7 years,31 to 35,No,No,External,3 to 5,no change,1 vehicle,1996,Liability
9,3,6,Chevrolet,Rural,1,8,3,Male,Married,58,Third Party,Sedan - Collision,Sedan,more than 69000,0,12397,12,400,4,more than 30,more than 30,1,more than 7,51 to 65,No,No,External,none,no change,1 vehicle,1996,Collision
7,5,2,Pontiac,Urban,5,7,1,Male,Married,49,Third Party,Sedan - All Perils,Sedan,20000 to 29000,0,12398,5,400,2,more than 30,more than 30,none,more than 7,41 to 50,No,No,External,1 to 2,no change,1 vehicle,1996,All Perils
7,2,5,Pontiac,Urban,5,7,3,Male,Married,53,Policy Holder,Sedan - Liability,Sport,20000 to 29000,0,12399,12,400,1,more than 30,more than 30,more than 4,more than 7,41 to 50,No,No,External,more than 5,no change,1 vehicle,1996,Liability
7,2,2,Honda,Urban,3,6,2,Male,Married,32,Policy Holder,Sedan - All Perils,Sedan,less than 20000,0,12400,11,400,1,more than 30,more than 30,none,5 years,31 to 35,No,No,External,none,no change,1 vehicle,1996,All Perils
6,4,3,Pontiac,Urban,3,6,4,Male,Single,45,Policy Holder,Sedan - Collision,Sedan,30000 to 39000,0,12401,3,700,3,more than 30,more than 30,none,more than 7,36 to 40,No,No,External,none,no change,1 vehicle,1996,Collision
6,4,3,Mazda,Urban,4,6,5,Male,Married,60,Policy Holder,Sedan - Liability,Sport,20000 to 29000,0,12402,14,400,1,more than 30,more than 30,more than 4,more than 7,51 to 65,No,No,External,3 to 5,no change,1 vehicle,1996,Liability
6,2,4,Toyota,Urban,4,6,2,Male,Married,42,Policy Holder,Sedan - Collision,Sedan,less than 20000,0,12403,9,400,2,more than 30,more than 30,1,7 years,36 to 40,No,No,External,3 to 5,no change,1 vehicle,1996,Collision
6,2,1,Mazda,Urban,2,5,3,Male,Single,35,Third Party,Sedan - All Perils,Sedan,20000 to 29000,0,12404,7,400,3,more than 30,more than 30,none,6 years,31 to 35,No,No,External,1 to 2,no change,1 vehicle,1996,All Perils
5,5,3,Mazda,Urban,2,5,5,Male,Single,26,Policy Holder,Sedan - Liability,Sport,20000 to 29000,0,12405,10,400,2,more than 30,more than 30,2 to 4,6 years,31 to 35,No,No,External,none,no change,1 vehicle,1996,Liability
5,3,1,Pontiac,Urban,2,5,4,Male,Married,58,Policy Holder,Sedan - Collision,Sedan,20000 to 29000,0,12406,11,400,3,more than 30,more than 30,none,more than 7,51 to 65,No,No,External,none,no change,1 vehicle,1996,Collision
5,3,7,Pontiac,Urban,1,5,3,Male,Married,27,Third Party,Sedan - Collision,Sedan,30000 to 39000,0,12407,14,400,3,more than 30,more than 30,2 to 4,7 years,31 to 35,No,No,External,1 to 2,no change,1 vehicle,1996,Collision
5,3,7,Accura,Urban,2,5,3,Male,Married,36,Policy Holder,Sedan - Liability,Sport,30000 to 39000,0,12408,1,400,4,more than 30,more than 30,none,7 years,36 to 40,No,No,External,3 to 5,no change,1 vehicle,1996,Liability
5,1,2,Accura,Urban,3,5,2,Male,Single,53,Policy Holder,Sedan - All Perils,Sedan,more than 69000,0,12409,16,400,2,more than 30,more than 30,2 to 4,7 years,41 to 50,No,No,External,none,no change,1 vehicle,1996,All Perils
5,1,6,Honda,Urban,1,5,1,Male,Married,62,Third Party,Sedan - Collision,Sedan,20000 to 29000,0,12410,3,400,1,more than 30,more than 30,2 to 4,more than 7,51 to 65,No,No,External,more than 5,no change,1 vehicle,1996,Collision
4,5,7,Toyota,Urban,1,4,1,Male,Married,34,Third Party,Sedan - All Perils,Sedan,20000 to 29000,0,12411,10,400,2,more than 30,more than 30,2 to 4,7 years,31 to 35,No,No,External,more than 5,no change,1 vehicle,1996,All Perils
4,4,7,Honda,Urban,2,4,4,Male,Married,27,Third Party,Sedan - Liability,Sport,20000 to 29000,0,12412,1,400,1,more than 30,more than 30,2 to 4,6 years,31 to 35,No,No,External,none,4 to 8 years,2 vehicles,1996,Liability
4,4,5,Honda,Urban,4,4,4,Male,Single,33,Policy Holder,Sedan - Liability,Sport,30000 to 39000,0,12413,16,400,1,more than 30,more than 30,more than 4,6 years,31 to 35,No,No,External,more than 5,no change,1 vehicle,1996,Liability
4,3,4,Ford,Urban,3,4,4,Female,Married,44,Policy Holder,Sedan - Liability,Sport,40000 to 59000,0,12414,7,400,2,more than 30,more than 30,2 to 4,more than 7,36 to 40,No,No,Internal,more than 5,no change,1 vehicle,1996,Liability
4,3,1,Toyota,Urban,5,5,3,Male,Married,27,Policy Holder,Sedan - Liability,Sport,20000 to 29000,0,12415,11,400,1,more than 30,more than 30,more than 4,6 years,31 to 35,No,No,External,more than 5,no change,1 vehicle,1996,Liability
5,4,1,Toyota,Urban,1,4,4,Male,Married,37,Policy Holder,Sedan - Liability,Sport,20000 to 29000,1,12416,8,400,3,more than 30,more than 30,2 to 4,7 years,36 to 40,No,No,External,1 to 2,no change,1 vehicle,1996,Liability
4,2,4,Chevrolet,Rural,4,4,2,Male,Single,33,Policy Holder,Sedan - Liability,Sport,20000 to 29000,0,12417,5,400,4,more than 30,more than 30,2 to 4,7 years,31 to 35,No,No,External,none,no change,1 vehicle,1996,Liability
4,2,1,Accura,Urban,3,5,3,Male,Married,33,Third Party,Sedan - Collision,Sedan,30000 to 39000,0,12418,12,400,4,more than 30,more than 30,2 to 4,7 years,31 to 35,No,No,External,more than 5,no change,1 vehicle,1996,Collision
5,4,3,Chevrolet,Urban,4,4,4,Male,Married,43,Third Party,Sedan - All Perils,Sedan,30000 to 39000,0,12419,8,400,2,more than 30,more than 30,1,7 years,36 to 40,No,No,External,none,no change,1 vehicle,1996,All Perils
4,1,7,Toyota,Urban,2,4,2,Male,Married,38,Third Party,Sedan - All Perils,Sedan,20000 to 29000,0,12420,1,400,3,more than 30,more than 30,none,7 years,36 to 40,No,No,External,3 to 5,no change,1 vehicle,1996,All Perils
4,1,4,Accura,Urban,3,4,1,Male,Married,37,Policy Holder,Sedan - Collision,Sedan,30000 to 39000,0,12421,4,400,2,more than 30,more than 30,none,more than 7,36 to 40,No,No,External,more than 5,no change,1 vehicle,1996,Collision
3,5,4,Mazda,Urban,3,4,1,Male,Single,56,Policy Holder,Utility - All Perils,Utility,more than 69000,0,12422,7,400,4,more than 30,more than 30,more than 4,more than 7,51 to 65,No,No,External,more than 5,no change,1 vehicle,1996,All Perils
3,5,1,Toyota,Rural,3,4,2,Male,Married,42,Policy Holder,Sedan - Collision,Sedan,20000 to 29000,0,12423,10,400,1,more than 30,more than 30,none,7 years,36 to 40,No,No,External,more than 5,no change,1 vehicle,1996,Collision
3,5,4,Pontiac,Rural,4,4,1,Male,Married,71,Policy Holder,Sedan - Liability,Sport,20000 to 29000,0,12424,12,400,1,more than 30,more than 30,none,more than 7,over 65,No,No,External,none,no change,3 to 4,1996,Liability
3,4,4,Toyota,Urban,4,3,5,Male,Married,33,Third Party,Sedan - All Perils,Sedan,20000 to 29000,0,12425,16,400,1,more than 30,more than 30,1,7 years,31 to 35,No,No,External,none,no change,1 vehicle,1996,All Perils
3,3,2,Mazda,Urban,5,5,3,Male,Married,26,Policy Holder,Sedan - Collision,Sedan,20000 to 29000,0,12426,16,400,2,more than 30,more than 30,none,7 years,31 to 35,No,No,External,none,no change,1 vehicle,1996,Collision
5,4,5,Chevrolet,Urban,5,6,4,Male,Married,77,Policy Holder,Sedan - Collision,Sedan,20000 to 29000,1,12427,13,400,4,more than 30,more than 30,2 to 4,more than 7,over 65,No,No,External,3 to 5,no change,1 vehicle,1996,Collision
2,4,5,Accura,Rural,1,2,3,Male,Married,59,Third Party,Utility - All Perils,Utility,more than 69000,0,12428,8,400,4,more than 30,more than 30,1,5 years,51 to 65,No,No,External,1 to 2,no change,1 vehicle,1996,All Perils
2,4,5,Toyota,Urban,5,2,5,Female,Single,29,Policy Holder,Sedan - All Perils,Sedan,less than 20000,0,12429,4,400,1,more than 30,more than 30,2 to 4,6 years,31 to 35,No,No,External,none,no change,1 vehicle,1996,All Perils
2,4,6,Pontiac,Urban,2,2,4,Male,Married,50,Policy Holder,Sedan - Liability,Sport,20000 to 29000,0,12430,13,400,3,more than 30,more than 30,more than 4,more than 7,41 to 50,No,No,External,1 to 2,no change,1 vehicle,1996,Liability
2,2,5,Toyota,Urban,1,2,3,Male,Married,43,Third Party,Sedan - Liability,Sport,20000 to 29000,0,12431,7,400,2,more than 30,more than 30,1,7 years,36 to 40,No,No,External,more than 5,no change,1 vehicle,1996,Liability
2,2,3,Honda,Urban,3,7,3,Male,Married,31,Policy Holder,Sedan - Collision,Sedan,30000 to 39000,0,12432,11,400,3,more than 30,more than 30,more than 4,6 years,31 to 35,No,No,External,none,no change,1 vehicle,1996,Collision
5,4,2,Chevrolet,Urban,4,2,2,Male,Married,39,Policy Holder,Sedan - Collision,Sedan,30000 to 39000,1,12433,13,400,1,more than 30,more than 30,more than 4,7 years,36 to 40,No,No,External,more than 5,4 to 8 years,2 vehicles,1996,Collision
2,2,4,Toyota,Urban,5,2,2,Female,Single,25,Policy Holder,Sedan - Liability,Sport,20000 to 29000,0,12434,14,400,4,more than 30,more than 30,2 to 4,5 years,26 to 30,No,No,External,more than 5,no change,1 vehicle,1996,Liability
2,2,2,Chevrolet,Urban,2,2,2,Male,Married,31,Third Party,Sedan - All Perils,Sedan,more than 69000,0,12435,13,400,4,more than 30,more than 30,2 to 4,6 years,31 to 35,No,No,External,3 to 5,no change,1 vehicle,1996,All Perils
2,1,1,Pontiac,Urban,3,1,1,Male,Single,46,Policy Holder,Sedan - All Perils,Sedan,30000 to 39000,0,12436,2,400,2,more than 30,more than 30,none,more than 7,41 to 50,Yes,Yes,External,none,no change,1 vehicle,1996,All Perils
1,4,7,Honda,Urban,4,4,4,Male,Married,62,Third Party,Sedan - All Perils,Sedan,more than 69000,0,12437,2,400,4,more than 30,more than 30,none,new,51 to 65,No,No,External,none,no change,1 vehicle,1996,All Perils
1,4,5,Honda,Urban,3,1,4,Male,Single,0,Policy Holder,Sedan - Collision,Sedan,more than 69000,0,12438,2,400,2,more than 30,more than 30,none,new,16 to 17,No,No,External,none,no change,1 vehicle,1996,Collision
1,2,1,Honda,Urban,4,1,4,Male,Single,0,Policy Holder,Sedan - All Perils,Sedan,more than 69000,0,12439,12,400,4,more than 30,more than 30,1,new,16 to 17,Yes,No,External,none,no change,1 vehicle,1996,All Perils
11,2,7,Ford,Urban,2,7,3,Male,Married,30,Third Party,Sedan - Collision,Sedan,30000 to 39000,0,12440,12,400,1,more than 30,more than 30,2 to 4,7 years,31 to 35,No,No,External,3 to 5,no change,1 vehicle,1996,Collision
3,4,5,Honda,Urban,1,4,2,Male,Single,0,Policy Holder,Sport - Collision,Sport,more than 69000,0,12441,10,400,2,more than 30,more than 30,2 to 4,new,16 to 17,No,No,External,none,no change,1 vehicle,1996,Collision
4,4,6,Ford,Urban,1,6,4,Male,Single,29,Third Party,Sedan - Collision,Sedan,less than 20000,0,12442,7,400,2,more than 30,more than 30,1,7 years,31 to 35,No,No,External,1 to 2,no change,1 vehicle,1996,Collision
6,1,4,Toyota,Rural,4,6,1,Male,Married,41,Policy Holder,Sedan - Collision,Sedan,20000 to 29000,0,12443,1,400,2,more than 30,more than 30,2 to 4,7 years,36 to 40,No,No,External,none,no change,1 vehicle,1996,Collision
6,5,2,Toyota,Urban,2,7,5,Male,Married,27,Policy Holder,Sedan - Collision,Sedan,20000 to 29000,0,12444,14,400,1,more than 30,more than 30,1,7 years,31 to 35,No,No,External,3 to 5,no change,1 vehicle,1996,Collision
6,5,1,Honda,Rural,2,6,1,Male,Married,51,Policy Holder,Sedan - Liability,Sport,20000 to 29000,0,12445,8,500,1,more than 30,more than 30,2 to 4,7 years,41 to 50,No,No,External,more than 5,2 to 3 years,1 vehicle,1996,Liability
6,4,2,Toyota,Urban,1,8,5,Male,Married,76,Policy Holder,Sedan - All Perils,Sedan,20000 to 29000,0,12446,9,400,2,more than 30,more than 30,none,7 years,over 65,No,No,External,1 to 2,no change,1 vehicle,1996,All Perils
8,2,2,Chevrolet,Urban,3,8,3,Male,Married,42,Third Party,Sedan - All Perils,Sedan,less than 20000,0,12447,10,400,1,more than 30,more than 30,none,7 years,36 to 40,No,No,External,3 to 5,no change,1 vehicle,1996,All Perils
8,2,5,Honda,Urban,3,5,2,Female,Married,39,Third Party,Sport - Collision,Sport,more than 69000,0,12448,8,400,3,more than 30,more than 30,1,3 years,36 to 40,No,No,External,none,no change,1 vehicle,1996,Collision
5,3,3,Pontiac,Urban,3,5,4,Female,Single,31,Policy Holder,Sedan - Collision,Sedan,20000 to 29000,0,12449,8,400,2,more than 30,more than 30,none,5 years,31 to 35,No,No,External,more than 5,no change,1 vehicle,1996,Collision
5,4,3,Mazda,Urban,4,3,4,Male,Married,71,Third Party,Sedan - Collision,Sedan,30000 to 39000,0,12450,7,400,1,more than 30,more than 30,1,more than 7,over 65,No,No,External,none,no change,1 vehicle,1996,Collision
3,2,7,VW,Urban,1,8,2,Female,Married,44,Policy Holder,Sedan - Collision,Sedan,30000 to 39000,0,12451,15,400,2,more than 30,more than 30,none,7 years,36 to 40,No,No,External,more than 5,no change,1 vehicle,1996,Collision
8,5,7,Pontiac,Urban,2,9,5,Male,Single,36,Policy Holder,Sedan - Collision,Sedan,20000 to 29000,0,12452,13,400,1,more than 30,more than 30,more than 4,7 years,36 to 40,No,No,External,more than 5,no change,1 vehicle,1996,Collision
9,1,2,Toyota,Urban,2,5,1,Male,Married,56,Policy Holder,Sedan - Liability,Sport,20000 to 29000,0,12453,8,400,3,more than 30,more than 30,more than 4,more than 7,51 to 65,No,No,External,more than 5,no change,1 vehicle,1996,Liability
5,3,6,Toyota,Urban,4,4,3,Male,Married,36,Policy Holder,Sedan - All Perils,Sedan,less than 20000,0,12454,11,400,1,more than 30,more than 30,none,more than 7,36 to 40,No,No,External,more than 5,4 to 8 years,2 vehicles,1996,All Perils
4,3,4,Honda,Urban,1,5,3,Female,Single,30,Third Party,Sedan - Collision,Sedan,20000 to 29000,0,12455,7,400,3,more than 30,more than 30,2 to 4,5 years,31 to 35,No,No,External,more than 5,no change,1 vehicle,1996,Collision
5,4,6,Honda,Urban,2,11,5,Male,Married,47,Policy Holder,Sedan - Collision,Sedan,30000 to 39000,1,12456,3,400,1,more than 30,more than 30,2 to 4,7 years,41 to 50,No,No,External,none,no change,1 vehicle,1996,Collision
11,4,1,Honda,Rural,1,11,5,Male,Married,42,Policy Holder,Sedan - Collision,Sedan,30000 to 39000,0,12457,8,400,4,more than 30,more than 30,2 to 4,7 years,36 to 40,No,No,External,more than 5,no change,1 vehicle,1996,Collision
11,3,4,Pontiac,Urban,3,11,3,Male,Married,54,Policy Holder,Sedan - Collision,Sedan,20000 to 29000,0,12458,16,400,4,more than 30,more than 30,2 to 4,7 years,41 to 50,No,No,External,3 to 5,no change,1 vehicle,1996,Collision
11,2,3,Pontiac,Urban,1,11,3,Male,Single,29,Policy Holder,Sedan - Liability,Sport,20000 to 29000,0,12459,15,400,4,more than 30,more than 30,none,7 years,31 to 35,No,No,External,none,no change,1 vehicle,1996,Liability
11,2,4,Toyota,Urban,5,9,3,Male,Single,28,Policy Holder,Sedan - Liability,Sport,20000 to 29000,0,12460,11,400,2,more than 30,more than 30,1,6 years,31 to 35,No,No,External,3 to 5,no change,1 vehicle,1996,Liability
9,4,6,Pontiac,Urban,4,8,4,Male,Married,60,Policy Holder,Sport - All Perils,Sport,20000 to 29000,0,12461,15,400,1,more than 30,more than 30,2 to 4,more than 7,51 to 65,Yes,No,External,1 to 2,no change,1 vehicle,1996,All Perils
8,1,1,Honda,Rural,2,8,3,Male,Married,28,Policy Holder,Sedan - Liability,Sport,more than 69000,0,12462,7,400,4,more than 30,more than 30,2 to 4,7 years,31 to 35,Yes,No,External,more than 5,no change,1 vehicle,1996,Liability
8,2,3,Toyota,Urban,4,6,2,Male,Married,56,Policy Holder,Sedan - All Perils,Sedan,less than 20000,0,12463,13,700,3,more than 30,more than 30,2 to 4,more than 7,51 to 65,No,No,External,none,no change,1 vehicle,1996,All Perils
6,3,6,Pontiac,Urban,4,5,3,Male,Single,24,Policy Holder,Sedan - Collision,Sedan,20000 to 29000,0,12464,5,400,4,more than 30,more than 30,none,5 years,26 to 30,No,No,External,none,no change,1 vehicle,1996,Collision
4,4,4,Pontiac,Urban,5,1,1,Male,Married,47,Policy Holder,Sedan - Collision,Sedan,30000 to 39000,0,12465,9,400,2,more than 30,more than 30,2 to 4,more than 7,41 to 50,No,No,External,3 to 5,no change,3 to 4,1996,Collision
1,2,1,Pontiac,Urban,5,1,5,Female,Married,53,Policy Holder,Sedan - Collision,Sedan,30000 to 39000,0,12466,10,400,3,more than 30,more than 30,1,more than 7,41 to 50,No,No,External,more than 5,no change,1 vehicle,1996,Collision
1,1,1,Pontiac,Urban,1,1,4,Male,Married,41,Policy Holder,Sedan - Collision,Sedan,less than 20000,0,12467,14,400,1,more than 30,more than 30,1,7 years,36 to 40,No,No,External,none,no change,1 vehicle,1996,Collision
12,4,4,Pontiac,Urban,4,3,1,Male,Single,35,Policy Holder,Sedan - Collision,Sedan,20000 to 29000,0,12468,4,400,3,more than 30,more than 30,1,7 years,31 to 35,No,No,External,more than 5,1 year,1 vehicle,1996,Collision
3,1,5,Pontiac,Urban,5,7,1,Male,Married,39,Policy Holder,Sedan - Liability,Sport,20000 to 29000,0,12469,5,400,4,more than 30,more than 30,2 to 4,7 years,36 to 40,No,No,External,3 to 5,no change,1 vehicle,1996,Liability
7,1,5,Toyota,Urban,1,7,1,Male,Married,33,Policy Holder,Sedan - Liability,Sport,20000 to 29000,0,12470,4,400,3,more than 30,more than 30,more than 4,6 years,31 to 35,No,No,External,none,no change,1 vehicle,1996,Liability
7,1,5,Honda,Urban,2,7,1,Male,Single,52,Policy Holder,Sedan - Collision,Sedan,20000 to 29000,0,12471,4,400,2,more than 30,more than 30,2 to 4,more than 7,41 to 50,No,No,External,1 to 2,no change,1 vehicle,1996,Collision
6,3,2,Honda,Urban,2,6,3,Male,Married,51,Policy Holder,Sedan - All Perils,Sedan,more than 69000,0,12472,3,400,3,more than 30,more than 30,none,new,41 to 50,No,No,External,none,no change,1 vehicle,1996,All Perils
6,2,1,Pontiac,Urban,1,9,2,Female,Married,26,Policy Holder,Sedan - Liability,Sport,20000 to 29000,0,12473,12,400,3,more than 30,more than 30,more than 4,7 years,31 to 35,No,No,External,none,no change,1 vehicle,1996,Liability
9,2,7,Mazda,Rural,4,1,2,Male,Single,29,Policy Holder,Sedan - Liability,Sport,20000 to 29000,0,12474,2,400,4,more than 30,more than 30,2 to 4,6 years,31 to 35,No,No,External,none,no change,1 vehicle,1996,Liability
1,2,2,Chevrolet,Urban,4,3,2,Male,Married,53,Policy Holder,Sedan - Collision,Sedan,30000 to 39000,0,12475,12,400,1,more than 30,more than 30,none,7 years,41 to 50,No,No,External,more than 5,4 to 8 years,2 vehicles,1996,Collision
2,3,2,Pontiac,Urban,2,4,1,Male,Single,49,Third Party,Utility - All Perils,Utility,more than 69000,0,12476,9,400,4,more than 30,more than 30,more than 4,7 years,41 to 50,No,No,External,3 to 5,no change,1 vehicle,1996,All Perils
3,4,2,Saab,Urban,4,6,2,Male,Married,28,Policy Holder,Sedan - Collision,Sedan,30000 to 39000,0,12477,4,400,2,more than 30,more than 30,none,7 years,31 to 35,No,No,External,1 to 2,no change,1 vehicle,1996,Collision
6,1,5,Chevrolet,Urban,2,5,2,Male,Married,52,Policy Holder,Sedan - Collision,Sedan,30000 to 39000,0,12478,2,400,3,more than 30,more than 30,2 to 4,more than 7,41 to 50,No,No,External,none,no change,1 vehicle,1996,Collision
5,3,1,Toyota,Urban,3,7,5,Male,Married,40,Third Party,Sedan - All Perils,Sedan,less than 20000,0,12479,10,400,4,more than 30,more than 30,none,7 years,36 to 40,No,No,External,none,no change,1 vehicle,1996,All Perils
6,3,5,Toyota,Urban,4,11,3,Male,Single,64,Policy Holder,Sedan - Liability,Sport,20000 to 29000,0,12480,15,400,4,more than 30,more than 30,2 to 4,more than 7,51 to 65,No,No,External,none,no change,1 vehicle,1996,Liability
10,4,1,Mazda,Urban,1,10,1,Male,Single,31,Policy Holder,Sedan - Collision,Sedan,20000 to 29000,0,12481,9,400,1,more than 30,more than 30,1,7 years,31 to 35,No,No,External,3 to 5,no change,1 vehicle,1996,Collision
10,4,5,Pontiac,Rural,4,10,4,Male,Married,37,Policy Holder,Sedan - All Perils,Sedan,20000 to 29000,0,12482,12,400,4,more than 30,more than 30,none,6 years,36 to 40,No,No,External,3 to 5,no change,1 vehicle,1996,All Perils
10,2,5,Toyota,Urban,3,5,3,Male,Married,26,Third Party,Sedan - All Perils,Sedan,20000 to 29000,0,12483,6,400,3,more than 30,more than 30,1,5 years,31 to 35,No,No,External,more than 5,no change,1 vehicle,1996,All Perils
5,4,3,Pontiac,Urban,2,5,5,Male,Single,27,Third Party,Sedan - Collision,Sedan,20000 to 29000,0,12484,15,400,2,more than 30,more than 30,1,6 years,31 to 35,No,No,External,more than 5,no change,1 vehicle,1996,Collision
4,2,3,Accura,Urban,3,4,2,Female,Single,44,Policy Holder,Sedan - All Perils,Sedan,30000 to 39000,0,12485,16,400,4,more than 30,more than 30,1,7 years,36 to 40,No,No,External,none,no change,1 vehicle,1996,All Perils
3,5,3,Toyota,Urban,1,4,1,Male,Married,54,Policy Holder,Sedan - Liability,Sport,30000 to 39000,0,12486,5,400,2,more than 30,more than 30,1,more than 7,41 to 50,No,No,External,3 to 5,no change,1 vehicle,1996,Liability
3,5,2,Honda,Urban,4,3,1,Male,Married,48,Policy Holder,Sedan - Collision,Sedan,20000 to 29000,0,12487,13,400,3,more than 30,more than 30,more than 4,7 years,41 to 50,No,No,External,3 to 5,no change,1 vehicle,1996,Collision
3,5,1,Toyota,Urban,2,3,5,Male,Married,37,Policy Holder,Sedan - Liability,Sport,20000 to 29000,0,12488,13,400,4,more than 30,more than 30,more than 4,7 years,36 to 40,No,No,External,none,no change,1 vehicle,1996,Liability
3,3,5,Toyota,Urban,2,3,4,Male,Married,71,Policy Holder,Sedan - All Perils,Sedan,20000 to 29000,0,12489,8,400,1,more than 30,more than 30,none,more than 7,over 65,No,No,External,more than 5,no change,1 vehicle,1996,All Perils
3,2,3,Toyota,Urban,5,3,3,Male,Single,35,Policy Holder,Sedan - Collision,Sedan,30000 to 39000,0,12490,8,400,4,more than 30,more than 30,2 to 4,6 years,31 to 35,No,No,External,more than 5,no change,1 vehicle,1996,Collision
3,2,5,Toyota,Urban,2,3,2,Female,Married,38,Third Party,Sedan - All Perils,Sedan,more than 69000,0,12491,15,400,4,more than 30,more than 30,1,6 years,36 to 40,No,No,External,none,no change,1 vehicle,1996,All Perils
3,1,7,Pontiac,Urban,4,3,3,Male,Married,45,Third Party,Sedan - All Perils,Sedan,20000 to 29000,0,12492,6,400,2,more than 30,more than 30,2 to 4,more than 7,36 to 40,Yes,No,External,more than 5,no change,1 vehicle,1996,All Perils
3,1,2,Accura,Urban,3,3,2,Male,Married,52,Third Party,Sedan - All Perils,Sedan,30000 to 39000,0,12493,3,400,2,more than 30,more than 30,none,more than 7,41 to 50,No,No,External,none,no change,1 vehicle,1996,All Perils
2,5,6,Mazda,Urban,1,3,1,Female,Married,38,Policy Holder,Sedan - Collision,Sedan,20000 to 29000,0,12494,14,400,1,more than 30,more than 30,none,4 years,36 to 40,No,No,External,none,no change,1 vehicle,1996,Collision
2,4,5,Toyota,Urban,4,3,3,Male,Single,29,Policy Holder,Sedan - All Perils,Sedan,20000 to 29000,0,12495,4,400,1,more than 30,more than 30,none,6 years,31 to 35,No,No,External,1 to 2,no change,1 vehicle,1996,All Perils
2,4,1,Honda,Urban,4,10,1,Male,Married,55,Policy Holder,Sedan - All Perils,Sedan,20000 to 29000,0,12496,7,500,4,more than 30,more than 30,none,7 years,41 to 50,No,No,External,1 to 2,2 to 3 years,2 vehicles,1996,All Perils
10,1,6,Honda,Urban,1,7,2,Male,Married,30,Policy Holder,Sedan - Collision,Sedan,20000 to 29000,0,12497,6,400,2,more than 30,more than 30,2 to 4,7 years,31 to 35,No,No,External,more than 5,no change,1 vehicle,1996,Collision
7,3,1,Pontiac,Urban,2,6,3,Male,Married,30,Policy Holder,Sedan - Collision,Sedan,30000 to 39000,0,12498,13,400,3,more than 30,more than 30,2 to 4,7 years,31 to 35,No,No,External,3 to 5,no change,1 vehicle,1996,Collision
6,1,2,Toyota,Urban,2,5,2,Male,Single,26,Policy Holder,Sedan - Liability,Sport,20000 to 29000,0,12499,4,400,1,more than 30,more than 30,2 to 4,5 years,31 to 35,No,No,External,none,no change,1 vehicle,1996,Liability
5,2,1,Honda,Urban,5,5,3,Male,Married,36,Policy Holder,Sedan - Liability,Sport,20000 to 29000,0,12500,15,400,1,more than 30,more than 30,2 to 4,7 years,36 to 40,No,No,External,none,no change,1 vehicle,1996,Liability
5,2,5,Pontiac,Urban,3,4,2,Male,Married,48,Policy Holder,Sedan - Liability,Sport,20000 to 29000,0,12501,4,400,4,more than 30,more than 30,2 to 4,5 years,41 to 50,No,No,External,none,no change,1 vehicle,1996,Liability
3,4,7,Honda,Urban,1,3,2,Male,Married,28,Third Party,Sedan - All Perils,Sedan,20000 to 29000,0,12502,6,400,2,more than 30,more than 30,none,7 years,31 to 35,No,No,External,1 to 2,no change,1 vehicle,1996,All Perils
3,3,5,Chevrolet,Urban,5,5,4,Male,Married,46,Policy Holder,Sedan - Collision,Sedan,20000 to 29000,0,12503,16,400,1,more than 30,more than 30,2 to 4,7 years,41 to 50,No,No,External,none,no change,1 vehicle,1996,Collision
5,4,7,Mazda,Urban,2,4,4,Male,Single,35,Policy Holder,Sedan - Collision,Sedan,20000 to 29000,1,12504,7,400,3,more than 30,more than 30,none,6 years,31 to 35,No,No,External,none,no change,1 vehicle,1996,Collision
3,3,3,Toyota,Urban,1,3,3,Female,Married,48,Third Party,Sedan - All Perils,Sedan,20000 to 29000,0,12505,5,400,3,more than 30,more than 30,none,7 years,41 to 50,No,No,External,1 to 2,no change,1 vehicle,1996,All Perils
3,1,2,Mazda,Urban,2,3,2,Male,Married,49,Third Party,Sedan - Liability,Sport,30000 to 39000,0,12506,4,400,4,more than 30,more than 30,2 to 4,7 years,41 to 50,No,No,External,none,no change,3 to 4,1996,Liability
3,1,5,Pontiac,Urban,2,5,1,Male,Married,27,Policy Holder,Sedan - Collision,Sedan,20000 to 29000,0,12507,5,400,4,more than 30,more than 30,more than 4,6 years,31 to 35,No,No,External,more than 5,no change,1 vehicle,1996,Collision
5,4,3,Honda,Urban,5,3,5,Male,Married,55,Third Party,Sport - Collision,Sport,more than 69000,0,12508,7,400,4,more than 30,more than 30,1,more than 7,41 to 50,No,No,External,none,no change,1 vehicle,1996,Collision
2,3,7,Pontiac,Urban,2,2,1,Female,Married,27,Policy Holder,Sedan - Liability,Sport,30000 to 39000,0,12509,15,400,2,more than 30,more than 30,2 to 4,6 years,31 to 35,No,No,External,3 to 5,no change,1 vehicle,1996,Liability
2,1,4,Pontiac,Urban,2,12,2,Male,Married,39,Policy Holder,Utility - All Perils,Utility,more than 69000,0,12510,16,400,1,more than 30,more than 30,more than 4,7 years,36 to 40,No,No,External,1 to 2,no change,1 vehicle,1996,All Perils
12,3,4,Mazda,Urban,3,10,3,Male,Married,40,Policy Holder,Sedan - Collision,Sedan,30000 to 39000,0,12511,15,400,2,more than 30,more than 30,none,7 years,36 to 40,No,No,External,more than 5,no change,1 vehicle,1996,Collision
10,3,1,Pontiac,Urban,1,4,4,Male,Married,30,Policy Holder,Sedan - All Perils,Sedan,less than 20000,0,12512,4,400,1,more than 30,more than 30,2 to 4,6 years,31 to 35,No,No,External,more than 5,no change,1 vehicle,1996,All Perils
4,3,2,Toyota,Urban,2,4,3,Male,Single,26,Policy Holder,Sedan - Collision,Sedan,20000 to 29000,0,12513,13,400,4,more than 30,more than 30,2 to 4,6 years,31 to 35,No,No,External,none,no change,1 vehicle,1996,Collision
4,3,6,Pontiac,Urban,2,10,3,Male,Married,46,Policy Holder,Sedan - Collision,Sedan,20000 to 29000,0,12514,4,400,3,more than 30,more than 30,2 to 4,more than 7,41 to 50,No,No,External,1 to 2,no change,1 vehicle,1996,Collision
10,2,3,Chevrolet,Urban,5,8,3,Male,Married,47,Policy Holder,Sedan - Collision,Sedan,30000 to 39000,0,12515,16,400,1,more than 30,more than 30,none,more than 7,41 to 50,No,No,External,more than 5,no change,1 vehicle,1996,Collision
8,2,5,Porche,Urban,1,12,2,Male,Single,56,Policy Holder,Utility - Collision,Utility,40000 to 59000,0,12516,16,400,1,more than 30,more than 30,2 to 4,more than 7,51 to 65,No,No,External,3 to 5,no change,1 vehicle,1996,Collision
12,1,1,Toyota,Urban,2,11,1,Female,Single,28,Third Party,Sedan - Collision,Sedan,less than 20000,0,12517,2,400,4,more than 30,more than 30,none,5 years,31 to 35,No,No,External,none,4 to 8 years,2 vehicles,1996,Collision
11,4,6,Pontiac,Urban,3,5,4,Male,Married,73,Policy Holder,Sedan - Collision,Sedan,30000 to 39000,0,12518,11,400,2,more than 30,more than 30,none,more than 7,over 65,No,No,External,none,no change,1 vehicle,1996,Collision
5,4,3,Chevrolet,Urban,3,7,5,Male,Single,35,Policy Holder,Sedan - Collision,Sedan,20000 to 29000,1,12519,9,400,3,more than 30,more than 30,1,6 years,31 to 35,No,No,External,none,no change,1 vehicle,1996,Collision
7,3,3,Chevrolet,Urban,1,1,4,Male,Married,43,Policy Holder,Sedan - All Perils,Sedan,more than 69000,0,12520,3,400,2,more than 30,more than 30,none,7 years,36 to 40,No,No,External,none,no change,1 vehicle,1996,All Perils
12,5,1,Toyota,Urban,2,4,1,Male,Single,43,Policy Holder,Sedan - Liability,Sport,30000 to 39000,0,12521,1,400,2,more than 30,more than 30,2 to 4,7 years,36 to 40,No,No,External,none,no change,1 vehicle,1996,Liability
1,5,1,Mazda,Urban,2,2,1,Male,Married,42,Policy Holder,Sedan - All Perils,Sedan,more than 69000,0,12522,13,400,3,more than 30,more than 30,2 to 4,7 years,36 to 40,No,No,External,none,no change,1 vehicle,1996,All Perils
2,4,7,Honda,Urban,4,3,4,Male,Married,36,Policy Holder,Sedan - Collision,Sedan,30000 to 39000,0,12523,8,400,1,more than 30,more than 30,none,7 years,36 to 40,No,No,External,none,no change,1 vehicle,1996,Collision
3,2,2,Honda,Urban,2,3,3,Female,Single,30,Policy Holder,Sedan - Collision,Sedan,20000 to 29000,0,12524,10,400,3,more than 30,more than 30,more than 4,5 years,31 to 35,No,No,External,none,no change,1 vehicle,1996,Collision
3,3,3,VW,Rural,2,4,3,Male,Married,54,Policy Holder,Sedan - Liability,Sport,40000 to 59000,0,12525,7,700,4,more than 30,more than 30,none,more than 7,41 to 50,No,No,External,more than 5,no change,1 vehicle,1996,Liability
4,3,3,Pontiac,Urban,3,5,4,Male,Married,39,Policy Holder,Sedan - All Perils,Sedan,20000 to 29000,0,12526,7,400,3,more than 30,more than 30,2 to 4,7 years,36 to 40,No,No,External,1 to 2,no change,1 vehicle,1996,All Perils
5,2,4,Honda,Urban,5,5,2,Male,Married,26,Policy Holder,Sedan - Liability,Sport,30000 to 39000,0,12527,11,400,1,more than 30,more than 30,more than 4,7 years,31 to 35,No,No,External,none,no change,1 vehicle,1996,Liability
5,3,5,Mazda,Urban,2,5,3,Male,Single,38,Policy Holder,Sedan - Collision,Sedan,20000 to 29000,0,12528,4,400,3,more than 30,more than 30,none,7 years,36 to 40,No,No,External,none,no change,1 vehicle,1996,Collision
5,3,6,Pontiac,Urban,1,5,5,Male,Single,23,Policy Holder,Sedan - Collision,Sedan,20000 to 29000,0,12529,14,400,3,more than 30,more than 30,none,5 years,26 to 30,No,No,External,none,no change,1 vehicle,1996,Collision
5,4,3,Honda,Rural,3,6,5,Male,Married,45,Policy Holder,Sedan - All Perils,Sedan,less than 20000,1,12530,8,400,4,more than 30,more than 30,none,6 years,36 to 40,No,No,External,none,no change,1 vehicle,1996,All Perils
6,1,5,Chevrolet,Urban,2,6,3,Male,Single,28,Policy Holder,Utility - All Perils,Utility,more than 69000,0,12531,8,400,2,more than 30,more than 30,more than 4,5 years,31 to 35,No,No,External,none,no change,1 vehicle,1996,All Perils
6,1,7,Pontiac,Urban,4,6,2,Male,Married,48,Policy Holder,Sedan - Collision,Sedan,20000 to 29000,0,12532,11,400,3,more than 30,more than 30,1,7 years,41 to 50,No,No,External,none,no change,1 vehicle,1996,Collision
6,3,6,Chevrolet,Urban,1,6,4,Male,Married,46,Policy Holder,Sedan - All Perils,Sedan,30000 to 39000,0,12533,10,400,1,more than 30,more than 30,2 to 4,more than 7,41 to 50,No,No,External,1 to 2,no change,1 vehicle,1996,All Perils
6,3,2,Pontiac,Urban,1,7,3,Female,Married,30,Policy Holder,Sedan - Collision,Sedan,20000 to 29000,0,12534,3,400,3,more than 30,more than 30,none,6 years,31 to 35,No,No,External,none,no change,1 vehicle,1996,Collision
6,5,1,Pontiac,Urban,1,6,1,Male,Married,51,Policy Holder,Sedan - Collision,Sedan,20000 to 29000,0,12535,3,400,3,more than 30,more than 30,none,more than 7,41 to 50,No,No,External,more than 5,no change,1 vehicle,1996,Collision
6,4,3,Toyota,Urban,3,6,4,Male,Single,29,Policy Holder,Sedan - Liability,Sport,20000 to 29000,0,12536,14,400,4,more than 30,more than 30,none,3 years,31 to 35,No,No,External,none,no change,1 vehicle,1996,Liability
6,5,4,Honda,Urban,3,8,5,Male,Married,68,Policy Holder,Sedan - Liability,Sport,20000 to 29000,0,12537,16,400,2,more than 30,more than 30,2 to 4,more than 7,over 65,No,No,External,3 to 5,no change,1 vehicle,1996,Liability
7,5,5,Pontiac,Urban,3,9,1,Male,Married,56,Third Party,Sedan - Collision,Sedan,20000 to 29000,0,12538,5,400,4,more than 30,more than 30,2 to 4,more than 7,51 to 65,No,No,External,3 to 5,4 to 8 years,2 vehicles,1996,Collision
7,5,4,Honda,Urban,2,9,3,Male,Married,49,Third Party,Sedan - All Perils,Sedan,20000 to 29000,0,12539,3,400,3,more than 30,more than 30,1,more than 7,41 to 50,No,No,External,1 to 2,no change,1 vehicle,1996,All Perils
8,4,3,Pontiac,Urban,2,10,2,Male,Married,76,Policy Holder,Sedan - All Perils,Sedan,20000 to 29000,0,12540,2,400,3,more than 30,more than 30,1,more than 7,over 65,No,No,External,more than 5,no change,1 vehicle,1996,All Perils
10,2,4,Honda,Urban,4,10,3,Male,Married,30,Third Party,Sedan - Collision,Sedan,20000 to 29000,0,12541,15,400,3,more than 30,more than 30,2 to 4,6 years,31 to 35,No,No,External,1 to 2,no change,1 vehicle,1996,Collision
10,4,5,Pontiac,Urban,2,11,4,Male,Single,30,Policy Holder,Sedan - Liability,Sport,20000 to 29000,0,12542,4,400,2,more than 30,more than 30,2 to 4,4 years,31 to 35,No,No,External,none,no change,1 vehicle,1996,Liability
11,1,7,Pontiac,Urban,1,11,2,Female,Married,41,Policy Holder,Sedan - All Perils,Sedan,20000 to 29000,0,12543,9,400,4,more than 30,more than 30,none,5 years,36 to 40,No,No,External,none,no change,1 vehicle,1996,All Perils
11,1,1,Honda,Urban,1,11,2,Male,Married,30,Policy Holder,Sedan - Liability,Sport,20000 to 29000,0,12544,7,400,1,more than 30,more than 30,more than 4,7 years,31 to 35,No,No,External,3 to 5,no change,1 vehicle,1996,Liability
11,2,3,Mazda,Urban,1,12,2,Male,Married,57,Policy Holder,Sedan - Collision,Sedan,30000 to 39000,0,12545,7,400,2,more than 30,more than 30,none,more than 7,51 to 65,No,No,External,3 to 5,no change,1 vehicle,1996,Collision
12,2,3,Toyota,Rural,2,2,2,Male,Married,51,Policy Holder,Sedan - Collision,Sedan,20000 to 29000,0,12546,15,400,4,more than 30,more than 30,1,5 years,41 to 50,No,No,External,1 to 2,no change,1 vehicle,1996,Collision
2,1,7,Toyota,Urban,3,3,5,Male,Married,37,Policy Holder,Sedan - All Perils,Sedan,more than 69000,0,12547,11,500,1,more than 30,more than 30,1,7 years,36 to 40,No,No,External,none,2 to 3 years,3 to 4,1996,All Perils
3,1,3,Mazda,Urban,5,3,2,Male,Married,44,Policy Holder,Sedan - Liability,Sport,20000 to 29000,0,12548,9,400,4,more than 30,more than 30,2 to 4,7 years,36 to 40,No,No,External,more than 5,no change,1 vehicle,1996,Liability
3,2,6,Pontiac,Urban,2,5,3,Male,Married,46,Policy Holder,Sedan - Collision,Sedan,30000 to 39000,0,12549,5,400,3,more than 30,more than 30,more than 4,more than 7,41 to 50,No,No,External,more than 5,no change,1 vehicle,1996,Collision
5,4,5,Pontiac,Urban,4,4,5,Male,Married,48,Policy Holder,Sedan - All Perils,Sedan,20000 to 29000,1,12550,10,400,4,more than 30,more than 30,none,more than 7,41 to 50,No,No,External,none,no change,1 vehicle,1996,All Perils
4,4,6,Toyota,Urban,4,7,4,Male,Married,27,Policy Holder,Sedan - All Perils,Sedan,20000 to 29000,0,12551,15,400,3,more than 30,more than 30,none,6 years,31 to 35,No,No,External,more than 5,no change,1 vehicle,1996,All Perils
6,2,6,Pontiac,Urban,4,7,3,Male,Married,32,Policy Holder,Sedan - Collision,Sedan,20000 to 29000,0,12552,16,400,1,more than 30,more than 30,none,7 years,31 to 35,Yes,No,External,1 to 2,no change,1 vehicle,1996,Collision
7,2,7,Pontiac,Urban,4,7,2,Male,Single,19,Policy Holder,Sedan - Liability,Sport,20000 to 29000,0,12553,14,400,4,more than 30,more than 30,1,4 years,21 to 25,No,No,External,none,no change,1 vehicle,1996,Liability
7,2,7,Honda,Urban,3,6,2,Male,Married,45,Third Party,Sedan - Collision,Sedan,20000 to 29000,0,12554,6,400,2,more than 30,more than 30,1,more than 7,36 to 40,No,No,External,more than 5,no change,1 vehicle,1996,Collision
5,5,5,Mazda,Urban,4,7,4,Male,Married,48,Third Party,Sedan - Collision,Sedan,20000 to 29000,0,12555,2,400,4,more than 30,more than 30,1,more than 7,41 to 50,Yes,No,External,none,no change,1 vehicle,1996,Collision
7,3,3,Honda,Urban,3,7,3,Male,Single,34,Policy Holder,Sedan - Liability,Sport,30000 to 39000,0,12556,3,700,3,8 to 15,more than 30,none,7 years,31 to 35,No,No,External,none,no change,1 vehicle,1996,Liability
7,3,7,Pontiac,Urban,4,6,3,Male,Married,51,Policy Holder,Sedan - All Perils,Sedan,less than 20000,0,12557,10,400,4,more than 30,more than 30,1,more than 7,41 to 50,No,No,External,none,no change,1 vehicle,1996,All Perils
5,5,2,Mazda,Urban,4,7,1,Male,Married,32,Third Party,Sedan - Collision,Sedan,30000 to 39000,0,12558,15,400,1,more than 30,more than 30,2 to 4,7 years,31 to 35,No,No,External,none,no change,1 vehicle,1996,Collision
7,3,2,Mazda,Urban,4,10,3,Male,Single,22,Third Party,Sedan - All Perils,Sedan,20000 to 29000,0,12559,15,400,2,more than 30,more than 30,1,6 years,26 to 30,No,No,External,3 to 5,1 year,2 vehicles,1996,All Perils
10,1,7,Pontiac,Urban,5,6,1,Male,Married,71,Third Party,Sedan - All Perils,Sedan,less than 20000,0,12560,16,400,3,more than 30,more than 30,2 to 4,7 years,over 65,No,No,External,1 to 2,no change,1 vehicle,1996,All Perils
5,5,2,VW,Urban,5,11,1,Male,Married,40,Third Party,Sedan - All Perils,Sedan,30000 to 39000,0,12561,3,400,1,more than 30,more than 30,none,6 years,36 to 40,No,No,External,3 to 5,no change,1 vehicle,1996,All Perils
11,2,5,Honda,Urban,3,11,2,Male,Married,43,Policy Holder,Sedan - Collision,Sedan,20000 to 29000,0,12562,8,400,3,more than 30,more than 30,2 to 4,7 years,36 to 40,No,No,External,more than 5,no change,1 vehicle,1996,Collision
10,3,3,Toyota,Urban,1,9,4,Male,Married,72,Policy Holder,Sedan - Collision,Sedan,20000 to 29000,0,12563,16,400,1,more than 30,more than 30,2 to 4,more than 7,over 65,No,No,External,more than 5,no change,1 vehicle,1996,Collision
9,3,3,Pontiac,Rural,2,8,4,Male,Married,55,Policy Holder,Sedan - Collision,Sedan,30000 to 39000,0,12564,12,400,2,more than 30,more than 30,2 to 4,more than 7,41 to 50,No,No,External,more than 5,no change,1 vehicle,1996,Collision
8,3,4,BMW,Urban,4,8,4,Male,Married,42,Policy Holder,Sedan - Collision,Sedan,30000 to 39000,0,12565,7,400,2,more than 30,more than 30,none,7 years,36 to 40,No,No,External,none,no change,1 vehicle,1996,Collision
8,1,3,Toyota,Urban,4,8,1,Female,Single,30,Policy Holder,Sedan - Liability,Sport,20000 to 29000,0,12566,5,400,4,more than 30,more than 30,2 to 4,5 years,31 to 35,No,No,External,none,no change,1 vehicle,1996,Liability
8,1,4,Mazda,Urban,3,8,1,Male,Single,29,Policy Holder,Sedan - Collision,Sedan,less than 20000,0,12567,3,400,4,more than 30,more than 30,2 to 4,7 years,31 to 35,No,No,External,more than 5,no change,1 vehicle,1996,Collision
7,3,1,Honda,Rural,3,5,1,Female,Married,53,Policy Holder,Sedan - Liability,Sport,20000 to 29000,0,12568,16,400,1,more than 30,more than 30,2 to 4,7 years,41 to 50,No,No,External,1 to 2,no change,1 vehicle,1996,Liability
5,5,3,Honda,Urban,2,7,5,Male,Married,45,Policy Holder,Sedan - Collision,Sedan,20000 to 29000,1,12569,15,400,4,more than 30,more than 30,1,more than 7,36 to 40,No,No,External,none,no change,1 vehicle,1996,Collision
7,3,6,Pontiac,Urban,1,7,4,Male,Married,35,Third Party,Sedan - All Perils,Sedan,20000 to 29000,0,12570,5,400,4,more than 30,more than 30,1,6 years,31 to 35,No,No,External,none,no change,1 vehicle,1996,All Perils
7,2,5,Honda,Urban,2,7,2,Male,Married,49,Policy Holder,Sedan - All Perils,Sedan,20000 to 29000,0,12571,15,400,4,more than 30,more than 30,none,more than 7,41 to 50,No,No,External,3 to 5,no change,1 vehicle,1996,All Perils
7,2,5,Ford,Urban,1,5,2,Male,Married,42,Policy Holder,Sedan - Collision,Sedan,60000 to 69000,0,12572,12,400,1,8 to 15,15 to 30,none,more than 7,36 to 40,No,No,External,none,no change,1 vehicle,1996,Collision
5,4,3,Mazda,Urban,3,5,5,Male,Married,30,Policy Holder,Sedan - Liability,Sport,30000 to 39000,0,12573,1,400,4,more than 30,more than 30,2 to 4,6 years,31 to 35,No,No,External,1 to 2,no change,1 vehicle,1996,Liability
5,3,2,Mazda,Urban,3,5,3,Female,Single,49,Policy Holder,Sedan - Liability,Sport,more than 69000,0,12574,14,400,1,more than 30,more than 30,1,6 years,41 to 50,No,No,External,none,no change,1 vehicle,1996,Liability
5,3,7,Honda,Urban,1,4,3,Male,Single,27,Policy Holder,Sedan - Liability,Sport,more than 69000,0,12575,3,400,4,more than 30,more than 30,2 to 4,6 years,31 to 35,No,No,External,1 to 2,no change,1 vehicle,1996,Liability
4,4,7,Pontiac,Rural,1,4,4,Male,Single,32,Third Party,Sedan - All Perils,Sedan,30000 to 39000,0,12576,12,400,2,more than 30,more than 30,none,7 years,31 to 35,No,No,External,none,no change,1 vehicle,1996,All Perils
4,4,3,Toyota,Urban,5,4,4,Female,Single,29,Policy Holder,Sedan - Liability,Sport,20000 to 29000,0,12577,10,400,4,more than 30,more than 30,2 to 4,7 years,31 to 35,No,No,External,none,no change,1 vehicle,1996,Liability
4,3,5,VW,Urban,1,3,4,Male,Married,71,Policy Holder,Sedan - Liability,Sport,30000 to 39000,0,12578,12,400,3,more than 30,more than 30,more than 4,more than 7,over 65,No,No,External,more than 5,no change,1 vehicle,1996,Liability
2,4,3,Honda,Urban,4,3,4,Female,Single,26,Policy Holder,Sedan - All Perils,Sedan,20000 to 29000,0,12579,4,400,4,more than 30,more than 30,1,7 years,31 to 35,Yes,No,External,more than 5,no change,1 vehicle,1996,All Perils
1,4,3,Ford,Urban,4,12,3,Male,Married,34,Policy Holder,Sedan - All Perils,Sedan,20000 to 29000,0,12580,7,400,3,more than 30,more than 30,1,6 years,31 to 35,No,No,External,3 to 5,4 to 8 years,2 vehicles,1996,All Perils
12,3,1,Toyota,Urban,2,11,4,Male,Married,43,Policy Holder,Sedan - Liability,Sport,20000 to 29000,0,12581,15,400,3,more than 30,more than 30,none,more than 7,36 to 40,No,No,External,1 to 2,no change,1 vehicle,1996,Liability
11,4,5,Honda,Urban,5,11,4,Male,Married,50,Policy Holder,Sedan - Liability,Sport,20000 to 29000,0,12582,2,400,4,more than 30,more than 30,more than 4,more than 7,41 to 50,No,No,External,none,no change,1 vehicle,1996,Liability
11,2,5,Chevrolet,Urban,5,11,2,Male,Married,45,Policy Holder,Sedan - Liability,Sport,30000 to 39000,0,12583,7,400,4,more than 30,more than 30,more than 4,7 years,36 to 40,No,No,External,none,no change,1 vehicle,1996,Liability
11,2,5,Mazda,Urban,5,11,3,Male,Single,18,Policy Holder,Sedan - Collision,Sedan,20000 to 29000,0,12584,16,400,3,more than 30,more than 30,none,2 years,21 to 25,No,No,External,1 to 2,no change,1 vehicle,1996,Collision
11,1,4,Toyota,Urban,3,11,2,Male,Married,40,Policy Holder,Sedan - All Perils,Sedan,less than 20000,0,12585,16,400,4,more than 30,more than 30,1,7 years,36 to 40,No,No,External,1 to 2,no change,1 vehicle,1996,All Perils
11,1,2,Accura,Urban,5,12,2,Female,Married,39,Policy Holder,Sedan - All Perils,Sedan,more than 69000,0,12586,6,400,3,more than 30,more than 30,2 to 4,5 years,36 to 40,No,No,External,1 to 2,no change,1 vehicle,1996,All Perils
11,1,3,Pontiac,Urban,1,11,3,Female,Single,26,Third Party,Sedan - Collision,Sedan,20000 to 29000,0,12587,8,700,2,more than 30,more than 30,more than 4,7 years,31 to 35,No,No,External,3 to 5,no change,1 vehicle,1996,Collision
11,1,3,Pontiac,Urban,5,10,2,Male,Married,47,Third Party,Sedan - All Perils,Sedan,less than 20000,0,12588,14,400,3,more than 30,more than 30,1,more than 7,41 to 50,No,No,External,none,no change,3 to 4,1996,All Perils
10,2,4,Toyota,Urban,2,11,3,Male,Single,35,Policy Holder,Sedan - All Perils,Sedan,less than 20000,0,12589,5,400,4,more than 30,more than 30,1,6 years,31 to 35,No,No,External,more than 5,no change,1 vehicle,1996,All Perils
10,2,1,Toyota,Urban,3,9,2,Male,Single,31,Policy Holder,Sedan - Liability,Sport,20000 to 29000,0,12590,13,400,2,more than 30,more than 30,2 to 4,6 years,31 to 35,No,No,External,3 to 5,no change,1 vehicle,1996,Liability
9,3,2,Toyota,Urban,4,9,4,Male,Married,46,Policy Holder,Sedan - Collision,Sedan,20000 to 29000,0,12591,10,400,4,more than 30,more than 30,1,more than 7,41 to 50,No,No,External,3 to 5,no change,1 vehicle,1996,Collision
9,3,5,Chevrolet,Urban,4,9,4,Male,Married,59,Policy Holder,Sedan - Collision,Sedan,40000 to 59000,0,12592,12,400,2,more than 30,more than 30,2 to 4,more than 7,51 to 65,No,No,External,more than 5,no change,1 vehicle,1996,Collision
8,4,2,Toyota,Urban,5,6,1,Male,Married,73,Policy Holder,Sedan - Liability,Sport,20000 to 29000,0,12593,10,400,2,more than 30,more than 30,1,more than 7,over 65,No,No,External,3 to 5,no change,1 vehicle,1996,Liability
5,5,6,Chevrolet,Urban,1,8,1,Female,Married,37,Third Party,Sedan - Collision,Sedan,20000 to 29000,0,12594,9,400,1,more than 30,more than 30,1,7 years,36 to 40,No,No,External,none,no change,1 vehicle,1996,Collision
8,4,1,Toyota,Urban,2,7,5,Male,Married,41,Policy Holder,Sedan - Liability,Sport,20000 to 29000,0,12595,2,400,2,more than 30,more than 30,2 to 4,7 years,36 to 40,No,No,External,more than 5,no change,1 vehicle,1996,Liability
7,4,4,Pontiac,Urban,4,7,4,Male,Married,33,Policy Holder,Sedan - Liability,Sport,30000 to 39000,0,12596,14,400,4,more than 30,more than 30,more than 4,7 years,31 to 35,No,No,External,3 to 5,no change,1 vehicle,1996,Liability
7,2,6,Chevrolet,Urban,1,6,3,Female,Single,32,Policy Holder,Sedan - Liability,Sport,20000 to 29000,0,12597,13,400,2,more than 30,more than 30,2 to 4,5 years,31 to 35,No,No,External,none,no change,1 vehicle,1996,Liability
6,4,5,Chevrolet,Urban,2,7,4,Male,Married,36,Policy Holder,Sedan - Liability,Sport,40000 to 59000,0,12598,2,500,2,more than 30,more than 30,2 to 4,more than 7,36 to 40,No,No,External,3 to 5,2 to 3 years,1 vehicle,1996,Liability
6,4,1,Toyota,Urban,1,6,2,Male,Single,27,Policy Holder,Sedan - Collision,Sedan,30000 to 39000,0,12599,4,400,1,more than 30,more than 30,none,7 years,31 to 35,No,No,External,none,no change,1 vehicle,1996,Collision
6,3,3,Pontiac,Urban,5,6,3,Male,Married,45,Policy Holder,Sedan - Liability,Sport,less than 20000,0,12600,12,400,3,more than 30,more than 30,2 to 4,7 years,36 to 40,No,No,External,none,no change,1 vehicle,1996,Liability
6,3,5,Toyota,Urban,1,6,3,Male,Single,31,Policy Holder,Sedan - Collision,Sedan,20000 to 29000,0,12601,16,400,1,more than 30,more than 30,1,6 years,31 to 35,No,No,External,none,4 to 8 years,2 vehicles,1996,Collision
6,1,6,Chevrolet,Rural,2,6,1,Male,Married,52,Policy Holder,Sedan - Liability,Sport,20000 to 29000,0,12602,14,400,1,more than 30,more than 30,more than 4,7 years,41 to 50,No,No,External,1 to 2,no change,1 vehicle,1996,Liability
6,1,7,Pontiac,Urban,4,6,2,Male,Married,61,Third Party,Sedan - All Perils,Sedan,30000 to 39000,0,12603,8,400,3,more than 30,more than 30,2 to 4,more than 7,51 to 65,No,No,External,none,no change,1 vehicle,1996,All Perils
5,5,2,Mazda,Urban,4,6,1,Male,Married,56,Third Party,Sedan - All Perils,Sedan,30000 to 39000,0,12604,11,400,3,more than 30,more than 30,none,more than 7,51 to 65,No,No,External,none,no change,1 vehicle,1996,All Perils
5,4,5,Mercury,Urban,5,5,2,Male,Married,55,Policy Holder,Sedan - Collision,Sedan,20000 to 29000,0,12605,10,400,1,more than 30,more than 30,1,more than 7,41 to 50,No,No,External,3 to 5,no change,1 vehicle,1996,Collision
5,3,4,Pontiac,Urban,1,5,4,Male,Married,58,Policy Holder,Sedan - Liability,Sport,more than 69000,0,12606,13,400,4,more than 30,more than 30,more than 4,7 years,51 to 65,No,No,External,none,no change,1 vehicle,1996,Liability
5,1,2,Honda,Urban,1,5,2,Male,Married,52,Third Party,Sedan - Collision,Sedan,20000 to 29000,0,12607,16,400,1,more than 30,more than 30,2 to 4,more than 7,41 to 50,No,No,External,more than 5,no change,1 vehicle,1996,Collision
4,4,3,Honda,Urban,5,4,3,Male,Married,27,Third Party,Sedan - All Perils,Sedan,20000 to 29000,0,12608,11,400,1,more than 30,more than 30,1,6 years,31 to 35,No,No,External,none,no change,1 vehicle,1996,All Perils
4,3,3,Pontiac,Rural,5,6,4,Male,Married,49,Policy Holder,Sedan - Liability,Sport,30000 to 39000,0,12609,15,400,4,more than 30,more than 30,more than 4,7 years,41 to 50,No,No,External,3 to 5,no change,1 vehicle,1996,Liability
5,5,3,Pontiac,Urban,1,3,1,Male,Single,31,Third Party,Sedan - All Perils,Sedan,40000 to 59000,0,12610,15,400,1,more than 30,more than 30,1,6 years,31 to 35,No,No,External,none,no change,1 vehicle,1996,All Perils
3,3,4,Toyota,Urban,5,3,4,Male,Married,53,Third Party,Sedan - Liability,Sport,30000 to 39000,0,12611,10,400,1,more than 30,more than 30,more than 4,more than 7,41 to 50,No,No,External,more than 5,no change,1 vehicle,1996,Liability
3,2,2,Toyota,Urban,2,3,2,Male,Married,63,Third Party,Sedan - Collision,Sedan,20000 to 29000,0,12612,2,400,1,more than 30,more than 30,none,more than 7,51 to 65,No,No,External,none,no change,1 vehicle,1996,Collision
3,2,3,Chevrolet,Urban,4,3,2,Male,Married,29,Policy Holder,Sedan - Liability,Sport,20000 to 29000,0,12613,3,400,4,more than 30,more than 30,2 to 4,6 years,31 to 35,No,No,External,none,no change,1 vehicle,1996,Liability
3,1,1,Ford,Urban,2,3,1,Male,Married,54,Policy Holder,Sedan - All Perils,Sedan,40000 to 59000,0,12614,10,400,3,more than 30,more than 30,none,more than 7,41 to 50,No,No,External,3 to 5,no change,1 vehicle,1996,All Perils
2,4,6,Chevrolet,Urban,1,1,1,Female,Single,40,Policy Holder,Sedan - Collision,Sedan,20000 to 29000,0,12615,2,400,2,more than 30,more than 30,none,7 years,36 to 40,No,No,External,none,no change,1 vehicle,1996,Collision
1,5,5,Chevrolet,Urban,1,1,5,Male,Married,36,Third Party,Sedan - Liability,Sport,20000 to 29000,0,12616,16,400,4,more than 30,more than 30,2 to 4,7 years,36 to 40,No,No,External,more than 5,no change,1 vehicle,1996,Liability
1,5,1,Honda,Urban,1,11,5,Male,Married,44,Policy Holder,Sedan - Liability,Sport,30000 to 39000,0,12617,9,400,2,more than 30,more than 30,more than 4,7 years,36 to 40,No,No,External,none,no change,1 vehicle,1996,Liability
11,4,4,Honda,Urban,1,11,4,Male,Single,24,Policy Holder,Sedan - Liability,Sport,20000 to 29000,0,12618,2,400,2,more than 30,more than 30,2 to 4,5 years,26 to 30,No,No,External,more than 5,no change,1 vehicle,1996,Liability
11,3,4,Honda,Urban,4,11,4,Female,Married,33,Third Party,Sedan - Collision,Sedan,less than 20000,0,12619,7,400,1,more than 30,more than 30,1,6 years,31 to 35,No,No,External,none,no change,1 vehicle,1996,Collision
11,4,4,Pontiac,Urban,5,11,4,Male,Single,35,Policy Holder,Sedan - Liability,Sport,30000 to 39000,0,12620,11,400,3,more than 30,more than 30,none,6 years,31 to 35,No,No,External,3 to 5,no change,1 vehicle,1996,Liability
11,4,3,Pontiac,Urban,3,11,4,Male,Married,74,Policy Holder,Sedan - Collision,Sedan,30000 to 39000,0,12621,9,400,4,more than 30,more than 30,2 to 4,more than 7,over 65,No,No,External,3 to 5,no change,1 vehicle,1996,Collision
11,4,3,Toyota,Urban,5,6,4,Male,Married,45,Third Party,Sedan - Liability,Sport,30000 to 39000,0,12622,1,400,3,more than 30,more than 30,2 to 4,more than 7,36 to 40,No,No,External,more than 5,4 to 8 years,2 vehicles,1996,Liability
5,5,7,Accura,Urban,4,4,1,Male,Married,44,Policy Holder,Sedan - Liability,Sport,more than 69000,0,12623,14,400,2,more than 30,more than 30,more than 4,7 years,36 to 40,No,No,External,more than 5,no change,1 vehicle,1996,Liability
2,3,3,Toyota,Urban,3,6,5,Male,Single,26,Policy Holder,Sedan - Collision,Sedan,less than 20000,0,12624,2,400,1,more than 30,more than 30,none,7 years,31 to 35,No,No,External,3 to 5,no change,1 vehicle,1996,Collision
6,2,2,Chevrolet,Urban,4,5,2,Male,Married,49,Third Party,Sedan - Collision,Sedan,30000 to 39000,0,12625,2,400,3,more than 30,more than 30,2 to 4,7 years,41 to 50,No,No,External,3 to 5,no change,1 vehicle,1996,Collision
5,2,1,Chevrolet,Urban,1,5,2,Male,Single,33,Policy Holder,Sedan - Collision,Sedan,30000 to 39000,0,12626,12,400,3,more than 30,more than 30,2 to 4,6 years,31 to 35,No,No,External,1 to 2,no change,1 vehicle,1996,Collision
5,2,6,Chevrolet,Urban,1,3,2,Female,Single,34,Third Party,Sedan - Collision,Sedan,20000 to 29000,0,12627,13,400,3,more than 30,more than 30,none,6 years,31 to 35,No,No,External,none,no change,1 vehicle,1996,Collision
3,1,3,Pontiac,Urban,1,1,3,Male,Married,54,Policy Holder,Sedan - Liability,Sport,20000 to 29000,0,12628,5,400,2,more than 30,more than 30,2 to 4,more than 7,41 to 50,No,No,External,1 to 2,no change,1 vehicle,1996,Liability
12,5,3,VW,Urban,3,12,1,Male,Single,36,Third Party,Sedan - All Perils,Sedan,40000 to 59000,0,12629,10,400,2,more than 30,more than 30,2 to 4,7 years,36 to 40,No,No,External,more than 5,no change,3 to 4,1996,All Perils
12,4,4,Mazda,Urban,1,4,4,Male,Single,33,Policy Holder,Sedan - Liability,Sport,20000 to 29000,0,12630,2,400,1,more than 30,more than 30,1,6 years,31 to 35,No,No,External,none,no change,1 vehicle,1996,Liability
4,2,4,Honda,Rural,1,6,3,Male,Married,57,Policy Holder,Sedan - Collision,Sedan,30000 to 39000,0,12631,2,400,3,more than 30,more than 30,1,more than 7,51 to 65,Yes,Yes,Internal,more than 5,no change,1 vehicle,1996,Collision
6,2,3,Toyota,Urban,4,6,2,Male,Married,34,Policy Holder,Sedan - Liability,Sport,20000 to 29000,0,12632,3,400,4,more than 30,more than 30,more than 4,7 years,31 to 35,No,No,External,more than 5,no change,1 vehicle,1996,Liability
6,2,5,Pontiac,Urban,1,10,2,Male,Married,48,Policy Holder,Sedan - Liability,Sport,20000 to 29000,0,12633,2,400,4,more than 30,more than 30,2 to 4,7 years,41 to 50,No,No,External,more than 5,no change,1 vehicle,1996,Liability
10,4,1,Dodge,Urban,1,10,5,Male,Married,63,Policy Holder,Sedan - Liability,Sport,30000 to 39000,0,12634,15,400,4,more than 30,more than 30,more than 4,more than 7,51 to 65,No,No,External,none,no change,1 vehicle,1996,Liability
10,4,3,Chevrolet,Urban,2,6,4,Female,Single,34,Policy Holder,Sedan - Liability,Sport,30000 to 39000,0,12635,7,400,3,more than 30,more than 30,none,6 years,31 to 35,No,No,External,none,no change,1 vehicle,1996,Liability
5,5,6,Pontiac,Urban,2,11,1,Male,Married,45,Third Party,Sedan - Collision,Sedan,20000 to 29000,0,12636,9,400,2,more than 30,more than 30,1,more than 7,36 to 40,No,No,External,none,no change,1 vehicle,1996,Collision
10,5,6,Honda,Urban,5,11,4,Male,Single,45,Third Party,Sedan - Liability,Sport,20000 to 29000,0,12637,12,400,4,more than 30,more than 30,1,more than 7,36 to 40,No,No,External,more than 5,no change,1 vehicle,1996,Liability
10,5,5,Mazda,Urban,1,8,1,Female,Single,21,Policy Holder,Sedan - Liability,Sport,20000 to 29000,0,12638,6,400,2,more than 30,more than 30,2 to 4,3 years,26 to 30,No,No,External,1 to 2,no change,1 vehicle,1996,Liability
7,4,7,Honda,Rural,5,2,2,Male,Single,0,Policy Holder,Sedan - Collision,Sedan,more than 69000,0,12639,5,400,3,more than 30,more than 30,none,new,16 to 17,No,No,External,none,no change,1 vehicle,1996,Collision
2,2,1,Ford,Urban,5,2,3,Male,Single,26,Policy Holder,Sedan - Collision,Sedan,40000 to 59000,0,12640,4,400,3,more than 30,more than 30,more than 4,6 years,31 to 35,No,No,External,1 to 2,no change,1 vehicle,1996,Collision
2,3,7,Mazda,Urban,2,5,4,Male,Married,34,Policy Holder,Sedan - Collision,Sedan,20000 to 29000,0,12641,5,400,2,more than 30,more than 30,1,7 years,31 to 35,No,No,External,none,no change,1 vehicle,1996,Collision
5,3,7,Chevrolet,Urban,5,8,3,Male,Married,48,Policy Holder,Sedan - Collision,Sedan,more than 69000,0,12642,16,400,2,more than 30,more than 30,1,4 years,41 to 50,No,No,External,none,no change,1 vehicle,1996,Collision
5,2,6,Toyota,Rural,1,7,4,Male,Single,30,Policy Holder,Sedan - All Perils,Sedan,less than 20000,0,12643,13,400,4,more than 30,more than 30,none,7 years,31 to 35,No,No,External,more than 5,4 to 8 years,2 vehicles,1996,All Perils
7,2,1,Pontiac,Urban,2,6,2,Male,Single,36,Policy Holder,Sedan - Liability,Sport,30000 to 39000,0,12644,1,400,4,more than 30,more than 30,2 to 4,7 years,36 to 40,No,No,External,none,no change,1 vehicle,1996,Liability
6,3,6,Pontiac,Urban,3,7,5,Female,Married,46,Policy Holder,Sedan - Liability,Sport,20000 to 29000,0,12645,8,400,4,more than 30,more than 30,none,7 years,41 to 50,No,No,External,more than 5,no change,1 vehicle,1996,Liability
6,2,5,Honda,Rural,1,9,3,Male,Married,42,Policy Holder,Sedan - All Perils,Sedan,less than 20000,0,12646,14,400,2,more than 30,more than 30,1,6 years,36 to 40,No,No,External,none,no change,1 vehicle,1996,All Perils
9,4,7,Honda,Urban,1,9,4,Male,Married,30,Third Party,Sedan - Liability,Sport,20000 to 29000,0,12647,4,400,1,more than 30,more than 30,1,5 years,31 to 35,No,No,External,none,no change,1 vehicle,1996,Liability
9,4,3,Pontiac,Urban,4,9,4,Male,Married,30,Policy Holder,Sedan - Collision,Sedan,20000 to 29000,0,12648,11,400,3,more than 30,more than 30,more than 4,5 years,31 to 35,No,No,External,more than 5,no change,1 vehicle,1996,Collision
9,4,4,Toyota,Urban,5,11,4,Male,Single,29,Policy Holder,Sedan - Liability,Sport,20000 to 29000,0,12649,6,700,4,more than 30,more than 30,2 to 4,7 years,31 to 35,No,No,External,none,2 to 3 years,1 vehicle,1996,Liability
11,4,3,Pontiac,Urban,3,3,4,Male,Single,25,Third Party,Sedan - Collision,Sedan,30000 to 39000,0,12650,15,400,3,15 to 30,15 to 30,more than 4,2 years,26 to 30,No,No,External,none,1 year,1 vehicle,1996,Collision
3,3,4,Mazda,Urban,2,3,3,Male,Single,33,Policy Holder,Sedan - Liability,Sport,20000 to 29000,0,12651,1,400,3,more than 30,more than 30,2 to 4,7 years,31 to 35,No,No,External,more than 5,no change,1 vehicle,1996,Liability
3,3,1,Chevrolet,Urban,4,3,4,Male,Married,61,Third Party,Sedan - Collision,Sedan,30000 to 39000,0,12652,2,400,2,more than 30,more than 30,none,more than 7,51 to 65,No,No,External,more than 5,no change,1 vehicle,1996,Collision
2,3,4,Pontiac,Urban,5,6,3,Male,Married,43,Policy Holder,Sedan - Liability,Sport,40000 to 59000,0,12653,12,400,2,more than 30,more than 30,1,7 years,36 to 40,No,No,External,none,no change,1 vehicle,1996,Liability
6,1,4,Honda,Urban,1,4,1,Male,Married,46,Policy Holder,Sedan - Collision,Sedan,20000 to 29000,1,12654,3,400,1,more than 30,more than 30,1,7 years,41 to 50,No,No,External,1 to 2,no change,1 vehicle,1996,Collision
4,1,1,Pontiac,Urban,2,5,2,Male,Married,40,Policy Holder,Sedan - Liability,Sport,30000 to 39000,0,12655,11,400,3,more than 30,more than 30,none,more than 7,36 to 40,No,No,External,more than 5,no change,1 vehicle,1996,Liability
5,2,1,Ford,Urban,2,6,2,Female,Single,26,Policy Holder,Sedan - Collision,Sedan,30000 to 39000,0,12656,13,400,4,more than 30,more than 30,none,7 years,31 to 35,No,No,External,none,no change,1 vehicle,1996,Collision
6,1,1,Mercury,Rural,1,6,1,Male,Married,41,Policy Holder,Sedan - All Perils,Sedan,more than 69000,0,12657,13,400,3,more than 30,more than 30,none,7 years,36 to 40,No,No,External,none,no change,1 vehicle,1996,All Perils
6,1,7,Honda,Urban,3,7,1,Male,Married,45,Policy Holder,Sedan - Liability,Sport,more than 69000,0,12658,8,400,4,more than 30,more than 30,1,7 years,36 to 40,No,No,External,none,no change,1 vehicle,1996,Liability
7,1,5,Toyota,Urban,4,7,1,Female,Married,26,Policy Holder,Sedan - Collision,Sedan,20000 to 29000,0,12659,11,400,4,more than 30,more than 30,none,6 years,31 to 35,No,No,External,3 to 5,no change,1 vehicle,1996,Collision
6,5,4,Chevrolet,Urban,2,7,2,Male,Married,44,Third Party,Sedan - Collision,Sedan,30000 to 39000,0,12660,12,400,1,more than 30,more than 30,2 to 4,6 years,36 to 40,No,No,External,none,no change,1 vehicle,1996,Collision
6,5,7,Toyota,Urban,5,9,1,Male,Married,29,Policy Holder,Sedan - Liability,Sport,20000 to 29000,0,12661,12,400,3,more than 30,more than 30,1,7 years,31 to 35,No,No,External,1 to 2,no change,1 vehicle,1996,Liability
9,1,5,Toyota,Urban,2,11,2,Female,Married,42,Policy Holder,Sedan - Collision,Sedan,20000 to 29000,0,12662,6,400,3,more than 30,more than 30,2 to 4,6 years,36 to 40,No,No,External,1 to 2,no change,1 vehicle,1996,Collision
11,3,4,Mazda,Urban,1,11,4,Female,Married,31,Third Party,Sedan - Collision,Sedan,30000 to 39000,0,12663,11,400,2,more than 30,more than 30,2 to 4,6 years,31 to 35,No,No,External,3 to 5,no change,1 vehicle,1996,Collision
11,3,3,Pontiac,Urban,3,12,3,Male,Single,34,Policy Holder,Sedan - All Perils,Sedan,20000 to 29000,0,12664,5,400,2,more than 30,more than 30,1,6 years,31 to 35,No,No,External,more than 5,4 to 8 years,2 vehicles,1996,All Perils
12,3,4,Pontiac,Urban,1,12,3,Male,Married,49,Policy Holder,Sedan - All Perils,Sedan,20000 to 29000,0,12665,1,400,4,more than 30,more than 30,none,more than 7,41 to 50,No,No,External,more than 5,no change,1 vehicle,1996,All Perils
12,2,3,Honda,Urban,1,11,2,Male,Married,62,Policy Holder,Sedan - Collision,Sedan,20000 to 29000,0,12666,11,400,4,more than 30,more than 30,none,7 years,51 to 65,No,No,External,none,no change,1 vehicle,1996,Collision
11,3,5,Honda,Urban,2,11,3,Male,Married,32,Policy Holder,Sedan - Liability,Sport,20000 to 29000,0,12667,12,400,2,more than 30,more than 30,none,6 years,31 to 35,No,No,Internal,none,no change,1 vehicle,1996,Liability
11,2,5,Toyota,Urban,1,11,4,Male,Married,31,Policy Holder,Sedan - All Perils,Sedan,20000 to 29000,0,12668,6,400,3,more than 30,more than 30,1,6 years,31 to 35,No,No,External,1 to 2,no change,1 vehicle,1996,All Perils
11,2,2,Toyota,Urban,3,10,4,Male,Married,47,Policy Holder,Sedan - Collision,Sedan,20000 to 29000,0,12669,8,400,2,more than 30,more than 30,1,more than 7,41 to 50,Yes,No,External,1 to 2,no change,1 vehicle,1996,Collision
10,1,5,Mazda,Urban,5,9,3,Male,Married,64,Policy Holder,Sedan - Collision,Sedan,20000 to 29000,0,12670,11,400,3,more than 30,more than 30,none,more than 7,51 to 65,No,No,External,none,no change,3 to 4,1996,Collision
9,5,1,Saab,Urban,4,9,5,Male,Married,35,Policy Holder,Sedan - Collision,Sedan,30000 to 39000,0,12671,12,400,4,more than 30,more than 30,more than 4,6 years,31 to 35,No,No,External,more than 5,no change,1 vehicle,1996,Collision
9,1,4,Mazda,Rural,4,6,4,Male,Married,43,Third Party,Sedan - Collision,Sedan,30000 to 39000,0,12672,9,400,1,more than 30,more than 30,1,7 years,36 to 40,No,No,External,more than 5,no change,1 vehicle,1996,Collision
6,1,3,Toyota,Urban,3,8,2,Male,Married,40,Policy Holder,Sedan - All Perils,Sedan,less than 20000,1,12673,7,400,3,more than 30,more than 30,none,more than 7,36 to 40,No,No,External,1 to 2,no change,1 vehicle,1996,All Perils
7,4,7,Pontiac,Urban,3,7,1,Male,Single,22,Policy Holder,Sedan - Collision,Sedan,20000 to 29000,0,12674,2,400,1,more than 30,more than 30,1,5 years,26 to 30,Yes,No,External,1 to 2,no change,1 vehicle,1996,Collision
7,4,1,Toyota,Urban,2,7,4,Female,Married,37,Policy Holder,Sedan - Liability,Sport,20000 to 29000,0,12675,12,400,1,more than 30,more than 30,2 to 4,7 years,36 to 40,No,No,External,more than 5,no change,1 vehicle,1996,Liability
7,4,4,Toyota,Urban,5,8,4,Male,Married,56,Third Party,Sedan - Liability,Sport,20000 to 29000,0,12676,9,400,3,more than 30,more than 30,1,more than 7,51 to 65,No,No,External,3 to 5,no change,1 vehicle,1996,Liability
7,3,2,Mazda,Urban,2,7,1,Male,Married,32,Policy Holder,Sedan - Liability,Sport,more than 69000,0,12677,6,400,1,more than 30,more than 30,2 to 4,7 years,31 to 35,No,No,External,none,no change,1 vehicle,1996,Liability
7,2,1,Mazda,Urban,3,7,2,Male,Single,25,Policy Holder,Sedan - Liability,Sport,20000 to 29000,0,12678,7,400,1,more than 30,more than 30,1,5 years,26 to 30,No,No,External,none,no change,1 vehicle,1996,Liability
6,4,6,Honda,Urban,3,6,4,Male,Married,55,Policy Holder,Sedan - All Perils,Sedan,20000 to 29000,0,12679,14,400,1,more than 30,more than 30,1,7 years,41 to 50,No,No,External,none,no change,1 vehicle,1996,All Perils
6,3,7,Mazda,Urban,1,5,4,Male,Married,70,Policy Holder,Sedan - Liability,Sport,20000 to 29000,0,12680,6,700,3,more than 30,more than 30,1,more than 7,over 65,No,No,External,none,no change,1 vehicle,1996,Liability
5,5,5,Pontiac,Rural,3,5,5,Female,Married,28,Policy Holder,Sedan - Collision,Sedan,20000 to 29000,0,12681,5,400,2,more than 30,more than 30,none,5 years,31 to 35,No,No,External,none,no change,1 vehicle,1996,Collision
5,2,5,Toyota,Rural,1,6,3,Male,Single,25,Policy Holder,Sedan - All Perils,Sedan,less than 20000,0,12682,7,400,2,more than 30,more than 30,none,5 years,26 to 30,No,No,External,none,no change,1 vehicle,1996,All Perils
5,2,5,Pontiac,Rural,2,5,2,Male,Single,32,Policy Holder,Sedan - Liability,Sport,20000 to 29000,0,12683,6,400,3,more than 30,more than 30,more than 4,6 years,31 to 35,No,No,External,more than 5,no change,1 vehicle,1996,Liability
3,5,5,Honda,Rural,1,3,1,Male,Married,53,Policy Holder,Sedan - All Perils,Sedan,20000 to 29000,0,12684,7,400,2,more than 30,more than 30,none,more than 7,41 to 50,No,No,External,more than 5,no change,1 vehicle,1996,All Perils
3,4,6,Pontiac,Urban,3,10,4,Male,Married,36,Policy Holder,Sedan - Collision,Sedan,20000 to 29000,0,12685,11,400,2,more than 30,more than 30,none,7 years,36 to 40,No,No,External,more than 5,4 to 8 years,2 vehicles,1996,Collision
10,4,7,Honda,Rural,4,11,4,Male,Single,26,Policy Holder,Sedan - All Perils,Sedan,20000 to 29000,0,12686,6,400,1,more than 30,more than 30,2 to 4,6 years,31 to 35,No,No,External,none,no change,1 vehicle,1996,All Perils
10,3,6,Pontiac,Urban,1,10,3,Male,Married,39,Policy Holder,Sedan - All Perils,Sedan,30000 to 39000,0,12687,5,400,3,more than 30,more than 30,1,more than 7,36 to 40,No,No,External,3 to 5,no change,1 vehicle,1996,All Perils
10,3,6,Toyota,Urban,2,9,4,Male,Married,64,Third Party,Sedan - Collision,Sedan,20000 to 29000,0,12688,13,400,1,more than 30,more than 30,2 to 4,more than 7,51 to 65,No,No,External,1 to 2,no change,1 vehicle,1996,Collision
9,2,4,Toyota,Urban,4,9,2,Female,Single,26,Policy Holder,Sedan - Liability,Sport,20000 to 29000,0,12689,9,400,2,more than 30,more than 30,more than 4,6 years,31 to 35,No,No,External,1 to 2,no change,1 vehicle,1996,Liability
9,1,6,Pontiac,Urban,3,8,1,Male,Married,48,Policy Holder,Sedan - Liability,Sport,20000 to 29000,0,12690,2,400,3,more than 30,more than 30,none,7 years,41 to 50,No,No,External,more than 5,no change,1 vehicle,1996,Liability
8,2,4,Honda,Urban,5,6,3,Female,Divorced,46,Policy Holder,Sport - Collision,Sport,more than 69000,0,12691,7,400,2,more than 30,more than 30,1,6 years,41 to 50,No,No,External,3 to 5,no change,1 vehicle,1996,Collision
6,1,2,Mazda,Urban,2,7,1,Female,Single,39,Third Party,Sedan - All Perils,Sedan,20000 to 29000,0,12692,15,400,2,more than 30,more than 30,1,7 years,36 to 40,No,No,External,3 to 5,no change,1 vehicle,1996,All Perils
7,2,4,Toyota,Urban,2,6,2,Male,Married,53,Policy Holder,Sport - All Perils,Sport,30000 to 39000,0,12693,14,400,1,more than 30,more than 30,2 to 4,more than 7,41 to 50,No,No,External,more than 5,no change,1 vehicle,1996,All Perils
6,2,1,Pontiac,Rural,1,5,3,Male,Married,26,Policy Holder,Sedan - All Perils,Sedan,20000 to 29000,0,12694,5,400,2,more than 30,more than 30,1,7 years,31 to 35,No,No,External,3 to 5,no change,1 vehicle,1996,All Perils
5,3,7,Pontiac,Urban,1,5,3,Female,Single,26,Policy Holder,Sedan - Liability,Sport,20000 to 29000,0,12695,2,400,3,more than 30,more than 30,2 to 4,6 years,31 to 35,No,No,External,1 to 2,no change,1 vehicle,1996,Liability
5,2,1,Chevrolet,Urban,3,5,2,Male,Married,33,Policy Holder,Sedan - Liability,Sport,30000 to 39000,0,12696,6,400,2,more than 30,more than 30,2 to 4,7 years,31 to 35,No,No,External,more than 5,no change,1 vehicle,1996,Liability
5,1,1,Toyota,Urban,2,5,1,Female,Married,32,Third Party,Sedan - Liability,Sport,20000 to 29000,0,12697,16,400,4,more than 30,more than 30,2 to 4,6 years,31 to 35,No,No,External,none,no change,1 vehicle,1996,Liability
5,1,5,Pontiac,Urban,2,5,2,Male,Married,38,Policy Holder,Sedan - All Perils,Sedan,20000 to 29000,0,12698,5,400,1,more than 30,more than 30,none,7 years,36 to 40,No,No,External,none,no change,1 vehicle,1996,All Perils
4,5,7,Honda,Urban,5,5,1,Male,Married,47,Policy Holder,Sport - Collision,Sport,more than 69000,0,12699,7,400,3,more than 30,more than 30,none,more than 7,41 to 50,No,No,External,none,no change,1 vehicle,1996,Collision
4,4,2,Mazda,Urban,3,4,1,Male,Single,29,Policy Holder,Sedan - Collision,Sedan,20000 to 29000,0,12700,15,500,3,more than 30,more than 30,none,6 years,31 to 35,No,No,External,none,2 to 3 years,1 vehicle,1996,Collision
4,3,2,Pontiac,Rural,4,4,3,Male,Single,35,Policy Holder,Sedan - Collision,Sedan,30000 to 39000,0,12701,11,400,1,more than 30,more than 30,1,7 years,31 to 35,No,No,External,3 to 5,no change,1 vehicle,1996,Collision
4,3,5,Mazda,Urban,3,5,5,Male,Single,62,Third Party,Sedan - Liability,Sport,20000 to 29000,0,12702,15,400,4,more than 30,more than 30,1,more than 7,51 to 65,No,No,External,3 to 5,no change,1 vehicle,1996,Liability
4,3,4,Toyota,Urban,3,4,1,Male,Single,29,Policy Holder,Sedan - Liability,Sport,20000 to 29000,0,12703,14,400,2,more than 30,more than 30,2 to 4,7 years,31 to 35,No,No,External,1 to 2,no change,1 vehicle,1996,Liability
4,3,3,Honda,Rural,4,4,3,Male,Married,49,Policy Holder,Sedan - All Perils,Sedan,20000 to 29000,0,12704,12,400,4,more than 30,more than 30,none,more than 7,41 to 50,No,No,External,none,no change,1 vehicle,1996,All Perils
4,1,4,Toyota,Urban,4,3,2,Male,Married,38,Policy Holder,Sedan - All Perils,Sedan,less than 20000,0,12705,8,400,1,more than 30,more than 30,2 to 4,more than 7,36 to 40,No,No,External,none,no change,1 vehicle,1996,All Perils
3,3,5,Honda,Urban,1,3,3,Male,Single,0,Policy Holder,Sedan - Liability,Sport,more than 69000,0,12706,11,400,3,more than 30,more than 30,2 to 4,new,16 to 17,No,No,External,none,4 to 8 years,2 vehicles,1996,Liability
3,3,4,Toyota,Urban,5,2,4,Male,Married,53,Policy Holder,Sedan - Liability,Sport,20000 to 29000,0,12707,2,400,2,more than 30,more than 30,none,more than 7,41 to 50,No,No,External,1 to 2,no change,1 vehicle,1996,Liability
2,1,3,Honda,Urban,5,2,1,Male,Married,65,Policy Holder,Sedan - Collision,Sedan,20000 to 29000,0,12708,5,400,2,more than 30,more than 30,more than 4,more than 7,51 to 65,No,No,External,more than 5,no change,1 vehicle,1996,Collision
2,1,2,Mazda,Urban,1,1,1,Male,Married,42,Policy Holder,Sedan - Liability,Sport,more than 69000,0,12709,13,400,4,more than 30,more than 30,1,7 years,36 to 40,No,No,External,1 to 2,no change,1 vehicle,1996,Liability
1,4,6,Pontiac,Urban,1,11,5,Male,Single,35,Policy Holder,Sedan - Liability,Sport,30000 to 39000,0,12710,11,400,1,more than 30,more than 30,1,6 years,31 to 35,No,No,External,none,no change,1 vehicle,1996,Liability
11,2,3,Honda,Urban,4,9,3,Male,Single,24,Policy Holder,Sedan - Liability,Sport,20000 to 29000,0,12711,14,400,4,more than 30,more than 30,more than 4,5 years,26 to 30,No,No,External,3 to 5,no change,3 to 4,1996,Liability
9,1,1,Toyota,Urban,5,7,2,Male,Married,57,Third Party,Sedan - Collision,Sedan,30000 to 39000,0,12712,14,400,2,more than 30,more than 30,none,7 years,51 to 65,No,No,External,1 to 2,no change,1 vehicle,1996,Collision
7,3,5,Toyota,Urban,1,9,4,Male,Single,30,Third Party,Sedan - Liability,Sport,30000 to 39000,0,12713,7,400,1,more than 30,more than 30,2 to 4,6 years,31 to 35,No,No,External,none,no change,1 vehicle,1996,Liability
9,4,6,Toyota,Urban,2,10,4,Male,Married,59,Policy Holder,Sedan - All Perils,Sedan,less than 20000,0,12714,9,400,3,more than 30,more than 30,none,more than 7,51 to 65,No,No,External,none,no change,1 vehicle,1996,All Perils
10,3,1,Honda,Urban,4,8,3,Female,Single,31,Policy Holder,Sedan - Collision,Sedan,20000 to 29000,0,12715,3,400,3,more than 30,more than 30,2 to 4,5 years,31 to 35,No,No,External,more than 5,no change,1 vehicle,1996,Collision
7,5,1,Honda,Urban,1,5,1,Male,Married,46,Policy Holder,Sedan - Liability,Sport,30000 to 39000,0,12716,10,400,3,more than 30,more than 30,more than 4,more than 7,41 to 50,No,No,External,more than 5,no change,1 vehicle,1996,Liability
5,3,2,Honda,Urban,6,5,3,Male,Married,41,Policy Holder,Sedan - Collision,Sedan,more than 69000,0,12717,2,400,2,more than 30,more than 30,2 to 4,7 years,36 to 40,No,No,External,3 to 5,no change,1 vehicle,1996,Collision
4,2,2,Chevrolet,Urban,2,3,4,Male,Married,29,Policy Holder,Sedan - Liability,Sport,20000 to 29000,0,12718,10,400,2,more than 30,more than 30,2 to 4,7 years,31 to 35,No,No,External,3 to 5,no change,1 vehicle,1996,Liability
3,4,7,Toyota,Urban,1,3,4,Male,Single,29,Third Party,Sedan - Collision,Sedan,20000 to 29000,0,12719,7,400,4,more than 30,more than 30,none,6 years,31 to 35,No,No,External,1 to 2,no change,1 vehicle,1996,Collision
3,3,3,Toyota,Urban,2,10,3,Male,Married,46,Policy Holder,Sedan - Collision,Sedan,40000 to 59000,0,12720,1,400,3,more than 30,more than 30,1,more than 7,41 to 50,No,No,External,more than 5,no change,1 vehicle,1996,Collision
10,3,2,VW,Rural,2,8,4,Male,Married,31,Third Party,Sedan - Collision,Sedan,60000 to 69000,0,12721,10,400,2,more than 30,more than 30,2 to 4,7 years,31 to 35,No,No,External,more than 5,no change,1 vehicle,1996,Collision
8,4,2,Honda,Urban,3,8,4,Male,Married,53,Policy Holder,Sedan - Collision,Sedan,30000 to 39000,0,12722,7,400,4,more than 30,more than 30,2 to 4,7 years,41 to 50,No,No,External,none,no change,1 vehicle,1996,Collision
8,3,5,Toyota,Rural,1,6,3,Male,Married,35,Third Party,Sedan - Collision,Sedan,more than 69000,0,12723,6,400,1,more than 30,more than 30,2 to 4,7 years,31 to 35,No,No,External,none,no change,1 vehicle,1996,Collision
6,1,6,Pontiac,Urban,5,6,1,Male,Single,35,Policy Holder,Sedan - Collision,Sedan,20000 to 29000,1,12724,3,400,3,more than 30,more than 30,2 to 4,7 years,31 to 35,No,No,External,more than 5,no change,1 vehicle,1996,Collision
6,1,5,Chevrolet,Urban,5,7,2,Female,Married,35,Policy Holder,Sedan - All Perils,Sedan,20000 to 29000,1,12725,10,400,2,more than 30,more than 30,2 to 4,6 years,31 to 35,No,No,External,more than 5,no change,1 vehicle,1996,All Perils
6,3,7,Toyota,Urban,1,1,1,Male,Married,30,Policy Holder,Sedan - All Perils,Sedan,30000 to 39000,0,12726,6,400,2,more than 30,more than 30,2 to 4,5 years,31 to 35,No,No,External,1 to 2,no change,1 vehicle,1996,All Perils
1,1,2,Chevrolet,Rural,2,11,2,Male,Married,41,Policy Holder,Sedan - Collision,Sedan,30000 to 39000,0,12727,2,400,4,more than 30,more than 30,none,6 years,36 to 40,No,No,External,none,4 to 8 years,2 vehicles,1996,Collision
11,4,2,Pontiac,Urban,2,10,4,Male,Married,56,Policy Holder,Sedan - Collision,Sedan,20000 to 29000,0,12728,6,400,3,more than 30,more than 30,none,more than 7,51 to 65,No,No,External,more than 5,no change,1 vehicle,1996,Collision
10,3,2,Accura,Urban,4,1,3,Male,Married,30,Policy Holder,Sedan - All Perils,Sedan,30000 to 39000,0,12729,15,400,3,more than 30,more than 30,none,6 years,31 to 35,No,No,External,none,no change,1 vehicle,1996,All Perils
1,2,6,Toyota,Urban,4,8,3,Male,Married,36,Third Party,Sedan - Collision,Sedan,20000 to 29000,0,12730,9,400,1,more than 30,more than 30,2 to 4,more than 7,36 to 40,No,No,External,1 to 2,no change,1 vehicle,1996,Collision
8,1,7,Toyota,Urban,1,8,4,Male,Married,53,Third Party,Sedan - Collision,Sedan,20000 to 29000,0,12731,14,400,2,more than 30,more than 30,2 to 4,more than 7,41 to 50,No,No,External,1 to 2,no change,1 vehicle,1996,Collision
8,2,2,Pontiac,Rural,3,11,2,Male,Married,55,Policy Holder,Sedan - Collision,Sedan,20000 to 29000,0,12732,3,400,3,more than 30,more than 30,1,more than 7,41 to 50,No,No,External,more than 5,no change,1 vehicle,1996,Collision
11,3,4,Honda,Urban,1,10,3,Male,Married,58,Policy Holder,Sedan - Collision,Sedan,30000 to 39000,0,12733,9,400,4,more than 30,more than 30,more than 4,more than 7,51 to 65,No,No,External,1 to 2,no change,1 vehicle,1996,Collision
10,1,2,Pontiac,Urban,3,8,2,Male,Married,48,Third Party,Sedan - All Perils,Sedan,20000 to 29000,0,12734,9,400,3,more than 30,more than 30,none,7 years,41 to 50,No,No,External,none,no change,1 vehicle,1996,All Perils
8,1,5,Honda,Urban,4,2,1,Male,Married,40,Policy Holder,Sedan - Collision,Sedan,20000 to 29000,0,12735,13,400,4,more than 30,more than 30,2 to 4,7 years,36 to 40,No,No,External,3 to 5,no change,1 vehicle,1996,Collision
2,3,3,Ford,Urban,4,2,4,Male,Single,35,Third Party,Sedan - Collision,Sedan,more than 69000,0,12736,11,400,2,more than 30,more than 30,more than 4,7 years,31 to 35,No,No,External,none,no change,1 vehicle,1996,Collision
2,4,7,Honda,Urban,5,4,4,Male,Married,41,Policy Holder,Sedan - Collision,Sedan,40000 to 59000,0,12737,7,400,2,more than 30,more than 30,2 to 4,7 years,36 to 40,No,No,External,none,no change,1 vehicle,1996,Collision
3,4,6,Mazda,Rural,3,6,1,Male,Married,35,Policy Holder,Sedan - Collision,Sedan,20000 to 29000,0,12738,10,400,3,more than 30,more than 30,more than 4,6 years,31 to 35,No,No,External,none,no change,1 vehicle,1996,Collision
6,1,6,Toyota,Urban,2,6,3,Female,Married,43,Third Party,Sedan - All Perils,Sedan,less than 20000,0,12739,2,400,4,more than 30,more than 30,none,7 years,36 to 40,No,No,External,none,no change,1 vehicle,1996,All Perils
6,1,4,Toyota,Urban,2,8,1,Male,Married,43,Policy Holder,Sedan - Collision,Sedan,20000 to 29000,1,12740,11,400,3,more than 30,more than 30,2 to 4,7 years,36 to 40,No,No,External,more than 5,no change,1 vehicle,1996,Collision
8,2,7,Mazda,Urban,3,3,3,Male,Single,28,Third Party,Sedan - All Perils,Sedan,20000 to 29000,0,12741,4,400,4,more than 30,more than 30,more than 4,6 years,31 to 35,No,No,External,more than 5,1 year,1 vehicle,1996,All Perils
10,2,1,Toyota,Urban,3,10,3,Male,Married,45,Policy Holder,Sedan - Liability,Sport,40000 to 59000,0,12742,5,700,3,more than 30,more than 30,more than 4,7 years,36 to 40,No,No,External,more than 5,no change,1 vehicle,1996,Liability
10,2,5,Toyota,Urban,1,11,3,Male,Single,28,Policy Holder,Sedan - Liability,Sport,20000 to 29000,0,12743,11,400,3,more than 30,more than 30,2 to 4,6 years,31 to 35,No,No,External,none,no change,1 vehicle,1996,Liability
11,3,7,Toyota,Urban,3,12,4,Male,Single,30,Policy Holder,Sedan - Liability,Sport,30000 to 39000,0,12744,5,400,2,more than 30,more than 30,none,7 years,31 to 35,No,No,External,more than 5,no change,1 vehicle,1996,Liability
11,3,1,Pontiac,Urban,5,3,2,Male,Married,43,Third Party,Sedan - All Perils,Sedan,less than 20000,0,12745,3,400,3,more than 30,more than 30,none,more than 7,36 to 40,No,No,External,none,no change,1 vehicle,1996,All Perils
2,4,6,Toyota,Urban,3,6,3,Male,Married,46,Policy Holder,Sedan - Liability,Sport,30000 to 39000,0,12746,13,400,2,more than 30,more than 30,2 to 4,7 years,41 to 50,No,No,External,none,no change,1 vehicle,1996,Liability
6,1,6,Pontiac,Urban,5,6,3,Female,Married,53,Policy Holder,Sedan - All Perils,Sedan,20000 to 29000,1,12747,8,400,3,more than 30,more than 30,1,7 years,41 to 50,No,No,External,none,no change,1 vehicle,1996,All Perils
6,1,3,Pontiac,Urban,2,5,4,Male,Married,52,Policy Holder,Sedan - Collision,Sedan,30000 to 39000,1,12748,2,400,2,more than 30,more than 30,1,more than 7,41 to 50,No,No,Internal,3 to 5,no change,1 vehicle,1996,Collision
4,3,3,Toyota,Urban,4,8,4,Male,Married,29,Policy Holder,Sedan - Liability,Sport,20000 to 29000,0,12749,1,400,1,more than 30,more than 30,2 to 4,7 years,31 to 35,No,No,External,none,no change,1 vehicle,1996,Liability
8,2,4,VW,Rural,7,10,2,Male,Single,41,Policy Holder,Sedan - Liability,Sport,30000 to 39000,0,12750,3,400,1,more than 30,more than 30,more than 4,7 years,36 to 40,No,No,External,3 to 5,no change,1 vehicle,1996,Liability
9,5,1,Mazda,Urban,1,11,1,Female,Single,37,Policy Holder,Sedan - Liability,Sport,20000 to 29000,0,12751,14,500,4,more than 30,more than 30,2 to 4,7 years,36 to 40,No,No,External,3 to 5,2 to 3 years,1 vehicle,1996,Liability
11,4,1,Pontiac,Urban,1,11,4,Female,Single,30,Policy Holder,Sedan - Liability,Sport,20000 to 29000,0,12752,8,400,2,more than 30,more than 30,2 to 4,6 years,31 to 35,No,No,External,1 to 2,no change,3 to 4,1996,Liability
11,4,2,Pontiac,Urban,3,11,4,Male,Single,63,Policy Holder,Sedan - Liability,Sport,20000 to 29000,0,12753,1,400,2,more than 30,more than 30,2 to 4,more than 7,51 to 65,No,No,External,3 to 5,no change,1 vehicle,1996,Liability
11,5,6,Mazda,Urban,5,12,5,Female,Single,29,Policy Holder,Sedan - Liability,Sport,30000 to 39000,0,12754,11,400,3,more than 30,more than 30,1,5 years,31 to 35,No,No,External,none,no change,1 vehicle,1996,Liability
11,4,3,Toyota,Urban,2,12,1,Male,Married,53,Policy Holder,Sedan - All Perils,Sedan,20000 to 29000,0,12755,1,400,2,more than 30,more than 30,2 to 4,more than 7,41 to 50,No,No,External,more than 5,no change,1 vehicle,1996,All Perils
11,4,1,Chevrolet,Urban,1,11,1,Male,Married,41,Third Party,Sedan - All Perils,Sedan,more than 69000,0,12756,14,400,3,more than 30,more than 30,2 to 4,6 years,36 to 40,Yes,No,External,3 to 5,no change,1 vehicle,1996,All Perils
11,3,2,Mazda,Urban,2,10,3,Female,Married,44,Policy Holder,Sedan - Liability,Sport,30000 to 39000,0,12757,3,400,3,more than 30,more than 30,none,7 years,36 to 40,No,No,External,none,no change,1 vehicle,1996,Liability
10,3,5,Pontiac,Urban,5,9,3,Male,Single,31,Policy Holder,Sedan - Collision,Sedan,30000 to 39000,0,12758,6,400,3,more than 30,more than 30,none,7 years,31 to 35,No,No,External,none,no change,1 vehicle,1996,Collision
9,1,2,Saab,Urban,5,8,1,Male,Married,54,Policy Holder,Sedan - Collision,Sedan,30000 to 39000,0,12759,2,400,2,more than 30,more than 30,2 to 4,more than 7,41 to 50,No,No,External,1 to 2,no change,1 vehicle,1996,Collision
8,2,1,Mazda,Urban,2,8,3,Male,Married,30,Third Party,Sedan - Collision,Sedan,20000 to 29000,0,12760,5,400,2,more than 30,more than 30,2 to 4,6 years,31 to 35,No,No,External,more than 5,no change,1 vehicle,1996,Collision
8,2,3,Pontiac,Urban,3,3,2,Male,Married,41,Policy Holder,Sedan - Liability,Sport,20000 to 29000,0,12761,8,400,4,more than 30,more than 30,more than 4,6 years,36 to 40,No,No,External,none,no change,1 vehicle,1996,Liability
3,4,1,Pontiac,Urban,4,3,4,Male,Single,24,Policy Holder,Sedan - Collision,Sedan,more than 69000,0,12762,10,400,1,more than 30,more than 30,1,5 years,26 to 30,No,No,External,3 to 5,no change,1 vehicle,1996,Collision
2,4,7,Honda,Urban,1,6,1,Male,Married,45,Policy Holder,Sedan - Liability,Sport,20000 to 29000,0,12763,8,400,2,more than 30,more than 30,2 to 4,7 years,36 to 40,No,No,External,3 to 5,no change,1 vehicle,1996,Liability
6,1,5,Pontiac,Urban,5,12,1,Male,Single,34,Third Party,Sedan - All Perils,Sedan,20000 to 29000,0,12764,6,400,2,more than 30,more than 30,none,7 years,31 to 35,No,No,External,3 to 5,no change,1 vehicle,1996,All Perils
12,1,1,Mazda,Urban,4,11,1,Female,Single,29,Policy Holder,Sedan - Liability,Sport,20000 to 29000,0,12765,10,400,4,more than 30,more than 30,more than 4,4 years,31 to 35,No,No,External,none,no change,1 vehicle,1996,Liability
11,4,6,Accura,Urban,2,11,4,Male,Single,33,Policy Holder,Sedan - Liability,Sport,30000 to 39000,0,12766,8,400,1,more than 30,more than 30,2 to 4,7 years,31 to 35,No,No,External,3 to 5,no change,1 vehicle,1996,Liability
11,3,4,Mazda,Urban,5,11,4,Male,Married,27,Policy Holder,Sedan - Liability,Sport,30000 to 39000,0,12767,14,400,3,more than 30,more than 30,1,7 years,31 to 35,No,No,External,none,no change,1 vehicle,1996,Liability
11,3,3,Pontiac,Urban,1,11,3,Male,Married,37,Third Party,Sedan - Collision,Sedan,30000 to 39000,0,12768,4,400,4,more than 30,more than 30,2 to 4,7 years,36 to 40,No,No,External,1 to 2,no change,1 vehicle,1996,Collision
11,3,1,Pontiac,Urban,2,11,4,Male,Married,44,Policy Holder,Sedan - Liability,Sport,30000 to 39000,0,12769,2,400,3,more than 30,more than 30,2 to 4,more than 7,36 to 40,No,No,External,none,4 to 8 years,2 vehicles,1996,Liability
11,3,1,Pontiac,Urban,4,10,3,Male,Married,28,Policy Holder,Sedan - All Perils,Sedan,20000 to 29000,0,12770,1,400,2,more than 30,more than 30,1,7 years,31 to 35,No,No,External,none,no change,1 vehicle,1996,All Perils
10,2,4,Mazda,Urban,2,8,2,Male,Married,45,Third Party,Sedan - All Perils,Sedan,20000 to 29000,0,12771,11,400,3,more than 30,more than 30,none,7 years,36 to 40,No,No,External,1 to 2,no change,1 vehicle,1996,All Perils
8,2,5,Pontiac,Rural,5,8,3,Male,Married,71,Policy Holder,Sedan - All Perils,Sedan,less than 20000,0,12772,11,400,3,more than 30,more than 30,1,more than 7,over 65,No,No,External,3 to 5,no change,1 vehicle,1996,All Perils
8,1,5,Mazda,Urban,3,7,3,Male,Single,30,Policy Holder,Sedan - All Perils,Sedan,20000 to 29000,0,12773,6,400,2,more than 30,more than 30,2 to 4,6 years,31 to 35,No,No,External,3 to 5,no change,1 vehicle,1996,All Perils
7,4,4,Mazda,Rural,1,8,4,Male,Married,54,Policy Holder,Sedan - Liability,Sport,20000 to 29000,0,12774,10,400,2,more than 30,more than 30,2 to 4,more than 7,41 to 50,No,No,External,1 to 2,no change,1 vehicle,1996,Liability
7,4,1,Chevrolet,Urban,3,7,1,Female,Single,33,Policy Holder,Sedan - Collision,Sedan,20000 to 29000,0,12775,8,400,2,more than 30,more than 30,2 to 4,7 years,31 to 35,No,No,External,1 to 2,no change,1 vehicle,1996,Collision
7,3,3,Pontiac,Rural,5,4,4,Male,Married,35,Policy Holder,Sedan - Collision,Sedan,30000 to 39000,0,12776,14,400,3,more than 30,more than 30,1,7 years,31 to 35,No,No,External,more than 5,no change,1 vehicle,1996,Collision
4,2,5,Honda,Urban,5,4,4,Male,Married,65,Policy Holder,Sedan - Collision,Sedan,20000 to 29000,0,12777,7,400,2,more than 30,more than 30,none,7 years,51 to 65,No,No,External,none,no change,1 vehicle,1996,Collision
3,4,1,Ford,Urban,3,3,1,Male,Widow,63,Policy Holder,Sedan - All Perils,Sedan,30000 to 39000,0,12778,13,400,1,more than 30,more than 30,more than 4,7 years,51 to 65,No,No,External,more than 5,no change,1 vehicle,1996,All Perils
3,4,5,Toyota,Urban,4,3,4,Male,Married,33,Third Party,Sedan - Collision,Sedan,30000 to 39000,0,12779,12,400,3,more than 30,more than 30,1,6 years,31 to 35,No,No,External,none,no change,1 vehicle,1996,Collision
2,4,5,VW,Urban,7,10,1,Male,Married,50,Third Party,Sedan - All Perils,Sedan,60000 to 69000,0,12780,14,400,2,more than 30,more than 30,2 to 4,more than 7,41 to 50,No,No,External,3 to 5,no change,1 vehicle,1996,All Perils
9,4,4,Toyota,Urban,5,9,1,Male,Single,37,Policy Holder,Sedan - Collision,Sedan,20000 to 29000,0,12781,1,400,1,more than 30,more than 30,none,7 years,36 to 40,No,No,External,none,no change,1 vehicle,1996,Collision
9,4,3,Chevrolet,Urban,5,8,4,Female,Single,24,Third Party,Sedan - Liability,Sport,20000 to 29000,0,12782,12,400,2,more than 30,more than 30,1,5 years,26 to 30,No,No,External,1 to 2,no change,1 vehicle,1996,Liability
8,3,5,Chevrolet,Urban,5,12,3,Male,Married,44,Third Party,Sedan - Liability,Sport,30000 to 39000,0,12783,6,400,2,more than 30,more than 30,none,7 years,36 to 40,No,No,Internal,more than 5,no change,1 vehicle,1996,Liability
8,3,5,Honda,Rural,3,2,4,Male,Single,19,Policy Holder,Sedan - Collision,Sedan,20000 to 29000,0,12784,6,400,1,more than 30,more than 30,none,3 years,21 to 25,No,No,External,3 to 5,no change,1 vehicle,1996,Collision
1,1,6,Toyota,Urban,2,1,1,Male,Single,45,Policy Holder,Sedan - Liability,Sport,30000 to 39000,0,12785,15,400,2,more than 30,more than 30,1,7 years,36 to 40,No,No,External,more than 5,no change,1 vehicle,1996,Liability
12,5,1,Chevrolet,Urban,2,6,5,Male,Married,48,Policy Holder,Sedan - Liability,Sport,20000 to 29000,0,12786,16,400,3,more than 30,more than 30,more than 4,more than 7,41 to 50,No,No,External,none,no change,1 vehicle,1996,Liability
4,2,3,Honda,Urban,3,3,2,Female,Married,28,Policy Holder,Sedan - Liability,Sport,30000 to 39000,0,12787,7,400,4,more than 30,more than 30,2 to 4,6 years,31 to 35,No,No,External,none,no change,1 vehicle,1996,Liability
3,5,5,Mazda,Urban,1,5,5,Male,Married,72,Policy Holder,Sedan - Collision,Sedan,20000 to 29000,0,12788,3,400,2,more than 30,more than 30,none,more than 7,over 65,No,No,External,1 to 2,no change,1 vehicle,1996,Collision
5,3,7,Toyota,Urban,4,5,4,Male,Single,28,Policy Holder,Sedan - Liability,Sport,30000 to 39000,0,12789,7,400,4,more than 30,more than 30,2 to 4,6 years,31 to 35,No,No,External,more than 5,no change,1 vehicle,1996,Liability
4,5,5,Pontiac,Urban,2,8,1,Male,Single,24,Policy Holder,Sedan - Collision,Sedan,less than 20000,0,12790,12,400,2,more than 30,more than 30,none,6 years,26 to 30,No,No,External,more than 5,4 to 8 years,2 vehicles,1996,Collision
8,2,1,Chevrolet,Urban,1,6,4,Male,Married,55,Third Party,Sedan - All Perils,Sedan,20000 to 29000,0,12791,16,400,1,more than 30,more than 30,2 to 4,more than 7,41 to 50,Yes,No,External,more than 5,no change,1 vehicle,1996,All Perils
6,1,1,Mazda,Urban,1,6,2,Male,Married,41,Third Party,Sport - Collision,Sport,more than 69000,0,12792,9,400,2,more than 30,more than 30,none,more than 7,36 to 40,No,No,External,none,no change,1 vehicle,1996,Collision
6,3,1,Mazda,Urban,2,4,3,Female,Married,37,Policy Holder,Sedan - Liability,Sport,20000 to 29000,0,12793,12,400,2,more than 30,more than 30,more than 4,7 years,36 to 40,No,No,External,none,no change,3 to 4,1996,Liability
4,1,6,Honda,Urban,1,4,1,Male,Married,29,Policy Holder,Sedan - Liability,Sport,20000 to 29000,0,12794,3,400,4,more than 30,more than 30,more than 4,6 years,31 to 35,No,No,External,3 to 5,no change,1 vehicle,1996,Liability
4,1,3,Chevrolet,Urban,4,5,1,Male,Married,32,Policy Holder,Sedan - All Perils,Sedan,30000 to 39000,0,12795,11,400,4,more than 30,more than 30,more than 4,7 years,31 to 35,No,No,External,none,no change,1 vehicle,1996,All Perils
4,3,5,Toyota,Urban,5,4,1,Male,Married,40,Policy Holder,Sedan - All Perils,Sedan,less than 20000,0,12796,14,400,1,more than 30,more than 30,none,more than 7,36 to 40,No,No,External,none,no change,1 vehicle,1996,All Perils
4,3,6,Mazda,Rural,2,5,3,Male,Single,19,Policy Holder,Sedan - Liability,Sport,20000 to 29000,0,12797,1,400,3,more than 30,more than 30,2 to 4,3 years,21 to 25,No,No,External,more than 5,no change,1 vehicle,1996,Liability
4,2,7,Toyota,Urban,1,6,1,Male,Married,52,Policy Holder,Sedan - All Perils,Sedan,less than 20000,0,12798,12,400,4,more than 30,more than 30,none,more than 7,41 to 50,No,No,External,none,no change,1 vehicle,1996,All Perils
6,2,7,Toyota,Urban,1,6,2,Male,Married,31,Policy Holder,Sedan - Liability,Sport,30000 to 39000,0,12799,6,400,4,more than 30,more than 30,2 to 4,7 years,31 to 35,No,No,External,none,no change,1 vehicle,1996,Liability
6,2,3,Mazda,Urban,1,6,2,Male,Married,37,Policy Holder,Sedan - Collision,Sedan,20000 to 29000,0,12800,11,400,3,more than 30,more than 30,2 to 4,6 years,36 to 40,No,No,External,more than 5,no change,1 vehicle,1996,Collision
6,2,3,Nisson,Urban,5,6,4,Male,Married,39,Policy Holder,Sedan - All Perils,Sedan,more than 69000,0,12801,10,400,2,more than 30,more than 30,2 to 4,7 years,36 to 40,No,No,External,none,no change,1 vehicle,1996,All Perils
6,2,1,Honda,Urban,1,5,2,Male,Single,52,Policy Holder,Sedan - Liability,Sport,20000 to 29000,0,12802,3,500,4,more than 30,more than 30,more than 4,7 years,41 to 50,No,No,External,none,2 to 3 years,1 vehicle,1996,Liability
5,4,3,Pontiac,Rural,1,6,4,Male,Married,39,Policy Holder,Sedan - Collision,Sedan,30000 to 39000,0,12803,4,400,2,more than 30,more than 30,1,7 years,36 to 40,No,No,External,more than 5,no change,1 vehicle,1996,Collision
6,2,4,Honda,Urban,4,10,4,Male,Single,30,Policy Holder,Sedan - Collision,Sedan,20000 to 29000,1,12804,15,400,1,more than 30,more than 30,none,6 years,31 to 35,No,No,External,3 to 5,no change,1 vehicle,1996,Collision
9,4,4,Honda,Rural,3,10,1,Male,Married,54,Third Party,Sedan - All Perils,Sedan,30000 to 39000,0,12805,7,400,3,more than 30,more than 30,2 to 4,more than 7,41 to 50,No,No,External,none,no change,1 vehicle,1996,All Perils
9,3,4,Mazda,Urban,1,9,1,Male,Single,42,Third Party,Sedan - Collision,Sedan,30000 to 39000,0,12806,2,400,3,more than 30,more than 30,none,7 years,36 to 40,No,No,External,more than 5,no change,1 vehicle,1996,Collision
9,2,2,Pontiac,Urban,3,9,2,Male,Married,39,Policy Holder,Sedan - Collision,Sedan,30000 to 39000,0,12807,13,400,1,more than 30,more than 30,none,more than 7,36 to 40,No,No,External,1 to 2,no change,1 vehicle,1996,Collision
9,1,1,Toyota,Urban,5,11,3,Male,Married,26,Third Party,Sedan - Liability,Sport,20000 to 29000,0,12808,1,400,4,more than 30,more than 30,2 to 4,7 years,31 to 35,No,No,External,none,no change,1 vehicle,1996,Liability
10,3,3,Chevrolet,Urban,1,6,4,Female,Single,45,Policy Holder,Sedan - Liability,Sport,more than 69000,0,12809,10,400,3,more than 30,more than 30,more than 4,6 years,36 to 40,No,No,External,none,no change,1 vehicle,1996,Liability
6,2,5,Toyota,Rural,1,10,3,Male,Married,27,Policy Holder,Sedan - Collision,Sedan,20000 to 29000,1,12810,11,400,1,more than 30,more than 30,none,7 years,31 to 35,No,No,External,none,no change,1 vehicle,1996,Collision
10,3,6,Accura,Rural,1,4,3,Male,Married,45,Policy Holder,Sedan - All Perils,Sedan,more than 69000,0,12811,2,400,3,more than 30,more than 30,none,more than 7,36 to 40,No,No,External,3 to 5,4 to 8 years,2 vehicles,1996,All Perils
4,2,4,Chevrolet,Urban,4,4,2,Male,Married,52,Policy Holder,Sedan - All Perils,Sedan,20000 to 29000,0,12812,10,400,2,more than 30,more than 30,none,more than 7,41 to 50,No,No,External,1 to 2,no change,1 vehicle,1996,All Perils
4,1,7,Accura,Urban,1,5,1,Male,Married,31,Third Party,Sedan - All Perils,Sedan,30000 to 39000,0,12813,1,400,1,more than 30,more than 30,2 to 4,7 years,31 to 35,No,No,External,none,no change,1 vehicle,1996,All Perils
5,2,3,Toyota,Urban,5,5,4,Male,Single,27,Policy Holder,Sedan - Liability,Sport,20000 to 29000,0,12814,1,400,1,more than 30,more than 30,1,7 years,31 to 35,No,No,External,1 to 2,no change,1 vehicle,1996,Liability
5,1,3,Toyota,Urban,4,8,1,Female,Married,41,Policy Holder,Sedan - All Perils,Sedan,less than 20000,0,12815,7,400,4,more than 30,more than 30,1,5 years,36 to 40,No,No,External,none,no change,1 vehicle,1996,All Perils
7,4,5,Toyota,Urban,4,8,5,Male,Single,28,Policy Holder,Sedan - Collision,Sedan,20000 to 29000,0,12816,13,400,4,more than 30,more than 30,more than 4,7 years,31 to 35,No,No,External,none,no change,1 vehicle,1996,Collision
7,4,1,Pontiac,Rural,3,7,1,Male,Married,29,Policy Holder,Sedan - Collision,Sedan,30000 to 39000,0,12817,8,400,1,more than 30,more than 30,2 to 4,7 years,31 to 35,No,No,External,1 to 2,no change,1 vehicle,1996,Collision
7,1,1,Ford,Rural,1,9,1,Male,Married,29,Policy Holder,Sedan - Collision,Sedan,40000 to 59000,0,12818,2,400,1,more than 30,more than 30,1,7 years,31 to 35,No,No,External,more than 5,no change,1 vehicle,1996,Collision
8,5,3,Pontiac,Urban,5,6,1,Male,Single,27,Policy Holder,Sedan - Collision,Sedan,30000 to 39000,0,12819,6,400,3,more than 30,more than 30,2 to 4,7 years,31 to 35,No,No,External,more than 5,no change,1 vehicle,1996,Collision
6,2,2,Mazda,Rural,4,11,3,Male,Single,27,Third Party,Sedan - All Perils,Sedan,20000 to 29000,0,12820,4,400,4,more than 30,more than 30,none,7 years,31 to 35,No,No,External,more than 5,no change,1 vehicle,1996,All Perils
11,3,7,Nisson,Urban,2,11,3,Male,Married,60,Third Party,Utility - All Perils,Utility,more than 69000,0,12821,1,400,4,more than 30,more than 30,1,more than 7,51 to 65,No,No,External,more than 5,no change,1 vehicle,1996,All Perils
11,1,2,Toyota,Rural,3,12,5,Male,Married,30,Policy Holder,Sedan - Collision,Sedan,20000 to 29000,0,12822,15,400,2,more than 30,more than 30,none,7 years,31 to 35,No,No,External,none,no change,1 vehicle,1996,Collision
12,3,7,Ford,Urban,4,2,4,Male,Married,33,Policy Holder,Sedan - All Perils,Sedan,30000 to 39000,0,12823,7,400,2,more than 30,more than 30,2 to 4,6 years,31 to 35,No,No,External,none,no change,1 vehicle,1996,All Perils
2,1,6,Pontiac,Rural,1,2,2,Male,Married,65,Third Party,Sedan - Liability,Sport,20000 to 29000,0,12824,9,400,3,more than 30,more than 30,2 to 4,6 years,51 to 65,No,No,External,none,no change,1 vehicle,1996,Liability
2,1,3,Pontiac,Urban,1,6,2,Male,Married,44,Policy Holder,Sedan - All Perils,Sedan,less than 20000,0,12825,1,400,3,more than 30,more than 30,1,7 years,36 to 40,No,No,External,none,no change,1 vehicle,1996,All Perils
6,2,3,Chevrolet,Urban,4,3,2,Male,Single,42,Policy Holder,Sedan - All Perils,Sedan,more than 69000,1,12826,7,400,2,more than 30,more than 30,1,7 years,36 to 40,No,No,External,1 to 2,no change,1 vehicle,1996,All Perils
3,2,6,Chevrolet,Urban,1,6,3,Female,Married,31,Policy Holder,Sedan - All Perils,Sedan,20000 to 29000,0,12827,11,400,3,more than 30,more than 30,none,6 years,31 to 35,No,No,External,more than 5,no change,1 vehicle,1996,All Perils
6,1,3,Mazda,Rural,4,6,1,Female,Married,69,Third Party,Sedan - Collision,Sedan,20000 to 29000,0,12828,11,400,2,more than 30,more than 30,2 to 4,more than 7,over 65,No,No,External,none,no change,1 vehicle,1996,Collision
6,1,1,Pontiac,Urban,1,7,1,Male,Married,79,Policy Holder,Sedan - Collision,Sedan,20000 to 29000,0,12829,2,400,2,more than 30,more than 30,1,more than 7,over 65,No,No,External,more than 5,no change,1 vehicle,1996,Collision
7,1,1,Pontiac,Urban,4,7,1,Male,Single,34,Third Party,Sedan - Collision,Sedan,20000 to 29000,0,12830,10,400,3,more than 30,more than 30,2 to 4,7 years,31 to 35,No,No,External,more than 5,no change,1 vehicle,1996,Collision
7,1,3,Honda,Urban,5,9,5,Female,Married,47,Policy Holder,Sedan - Liability,Sport,20000 to 29000,0,12831,5,400,3,more than 30,more than 30,more than 4,7 years,41 to 50,No,No,External,none,no change,1 vehicle,1996,Liability
9,4,1,Mazda,Urban,2,9,4,Male,Married,30,Third Party,Sedan - All Perils,Sedan,20000 to 29000,0,12832,16,400,4,more than 30,more than 30,more than 4,6 years,31 to 35,No,No,External,1 to 2,1 year,2 vehicles,1996,All Perils
9,1,3,Chevrolet,Urban,4,2,3,Male,Married,31,Policy Holder,Utility - All Perils,Utility,more than 69000,0,12833,8,400,2,more than 30,more than 30,2 to 4,6 years,31 to 35,No,No,External,none,no change,1 vehicle,1996,All Perils
2,4,4,Accura,Urban,1,6,4,Male,Married,38,Third Party,Sedan - Liability,Sport,more than 69000,0,12834,14,400,2,more than 30,more than 30,1,more than 7,36 to 40,No,No,External,more than 5,no change,3 to 4,1996,Liability
6,2,7,Mazda,Urban,1,12,2,Male,Married,35,Policy Holder,Sedan - Collision,Sedan,30000 to 39000,1,12835,1,700,4,more than 30,more than 30,2 to 4,7 years,31 to 35,No,No,External,more than 5,no change,1 vehicle,1996,Collision
5,4,7,Honda,Urban,1,7,1,Male,Single,29,Third Party,Sedan - Collision,Sedan,20000 to 29000,0,12836,6,400,4,more than 30,more than 30,more than 4,7 years,31 to 35,No,No,External,more than 5,no change,1 vehicle,1996,Collision
7,5,4,Toyota,Urban,5,10,5,Male,Married,31,Policy Holder,Sedan - Liability,Sport,20000 to 29000,0,12837,16,400,3,more than 30,more than 30,2 to 4,5 years,31 to 35,No,No,External,1 to 2,no change,1 vehicle,1996,Liability
10,1,3,Chevrolet,Urban,3,9,1,Male,Married,54,Third Party,Sedan - All Perils,Sedan,30000 to 39000,0,12838,7,400,4,more than 30,more than 30,none,more than 7,41 to 50,No,No,External,none,no change,1 vehicle,1996,All Perils
9,3,7,Mazda,Urban,1,10,4,Male,Single,24,Policy Holder,Sedan - Liability,Sport,20000 to 29000,0,12839,15,400,2,more than 30,more than 30,2 to 4,4 years,26 to 30,No,No,External,more than 5,no change,1 vehicle,1996,Liability
10,4,4,Honda,Urban,4,8,4,Male,Married,30,Policy Holder,Sedan - Liability,Sport,20000 to 29000,0,12840,16,400,4,more than 30,more than 30,1,7 years,31 to 35,No,No,External,more than 5,no change,1 vehicle,1996,Liability
8,3,4,Pontiac,Urban,5,8,3,Male,Married,57,Policy Holder,Sedan - Liability,Sport,20000 to 29000,0,12841,4,400,2,more than 30,more than 30,more than 4,more than 7,51 to 65,No,No,External,3 to 5,no change,1 vehicle,1996,Liability
8,3,4,Mazda,Urban,2,6,3,Male,Single,26,Policy Holder,Sedan - Liability,Sport,20000 to 29000,0,12842,3,400,2,more than 30,more than 30,1,6 years,31 to 35,No,No,External,1 to 2,no change,1 vehicle,1996,Liability
6,2,4,Saturn,Urban,1,9,2,Male,Married,67,Policy Holder,Sedan - All Perils,Sedan,60000 to 69000,1,12843,15,400,4,more than 30,more than 30,none,more than 7,over 65,No,No,External,none,no change,1 vehicle,1996,All Perils
6,2,7,Toyota,Urban,1,7,4,Male,Married,63,Policy Holder,Sedan - Liability,Sport,30000 to 39000,0,12844,1,400,2,more than 30,more than 30,none,more than 7,51 to 65,No,No,External,more than 5,no change,1 vehicle,1996,Liability
7,2,6,Pontiac,Urban,1,6,2,Male,Married,26,Policy Holder,Sedan - Liability,Sport,20000 to 29000,0,12845,11,400,2,more than 30,more than 30,more than 4,7 years,31 to 35,No,No,External,3 to 5,no change,1 vehicle,1996,Liability
6,2,5,Mazda,Urban,2,6,3,Male,Married,39,Policy Holder,Sedan - Liability,Sport,30000 to 39000,0,12846,6,400,3,more than 30,more than 30,1,6 years,36 to 40,No,No,External,1 to 2,no change,1 vehicle,1996,Liability
6,2,1,Chevrolet,Urban,2,3,2,Male,Married,35,Third Party,Sedan - Collision,Sedan,20000 to 29000,0,12847,14,400,4,more than 30,more than 30,1,7 years,31 to 35,No,No,External,3 to 5,no change,1 vehicle,1996,Collision
3,1,5,Toyota,Urban,1,6,2,Female,Married,32,Policy Holder,Sedan - Liability,Sport,less than 20000,0,12848,10,400,3,more than 30,more than 30,more than 4,6 years,31 to 35,No,No,External,more than 5,no change,1 vehicle,1996,Liability
6,2,4,Honda,Rural,5,12,3,Male,Married,38,Policy Holder,Sedan - All Perils,Sedan,20000 to 29000,1,12849,5,400,2,more than 30,more than 30,2 to 4,4 years,36 to 40,No,No,External,none,no change,1 vehicle,1996,All Perils
12,2,2,Pontiac,Urban,2,11,2,Female,Single,33,Policy Holder,Sedan - Liability,Sport,20000 to 29000,0,12850,5,400,4,more than 30,more than 30,2 to 4,6 years,31 to 35,No,No,External,3 to 5,no change,1 vehicle,1996,Liability
11,5,4,Pontiac,Urban,1,12,5,Male,Married,56,Third Party,Sedan - Collision,Sedan,30000 to 39000,0,12851,1,400,1,8 to 15,8 to 15,2 to 4,more than 7,51 to 65,No,No,External,none,no change,1 vehicle,1996,Collision
12,1,2,Honda,Urban,3,11,1,Male,Single,32,Third Party,Sedan - All Perils,Sedan,20000 to 29000,0,12852,4,400,3,more than 30,more than 30,none,6 years,31 to 35,No,No,External,none,no change,1 vehicle,1996,All Perils
11,4,2,Pontiac,Urban,3,11,4,Female,Single,47,Third Party,Sedan - All Perils,Sedan,less than 20000,0,12853,11,500,1,more than 30,more than 30,1,more than 7,41 to 50,No,No,External,more than 5,2 to 3 years,2 vehicles,1996,All Perils
11,4,5,Mazda,Urban,2,11,4,Male,Married,37,Policy Holder,Sedan - Liability,Sport,20000 to 29000,0,12854,12,400,2,more than 30,more than 30,1,7 years,36 to 40,No,No,External,none,no change,1 vehicle,1996,Liability
11,1,3,Pontiac,Rural,4,11,2,Male,Married,46,Third Party,Sedan - Collision,Sedan,20000 to 29000,0,12855,9,400,4,more than 30,more than 30,1,more than 7,41 to 50,No,No,External,none,no change,1 vehicle,1996,Collision
11,1,4,Mazda,Urban,1,10,1,Male,Married,55,Policy Holder,Sedan - All Perils,Sedan,20000 to 29000,0,12856,6,400,2,more than 30,more than 30,none,more than 7,41 to 50,No,No,External,none,no change,1 vehicle,1996,All Perils
10,2,4,Toyota,Urban,1,10,4,Male,Single,33,Third Party,Sedan - All Perils,Sedan,30000 to 39000,0,12857,5,400,3,more than 30,more than 30,1,5 years,31 to 35,No,No,External,none,no change,1 vehicle,1996,All Perils
10,2,2,Saab,Urban,3,9,4,Male,Married,46,Third Party,Sedan - All Perils,Sedan,30000 to 39000,0,12858,4,400,3,more than 30,more than 30,2 to 4,more than 7,41 to 50,No,No,External,none,no change,1 vehicle,1996,All Perils
9,4,1,Pontiac,Urban,4,10,5,Female,Married,79,Policy Holder,Sedan - All Perils,Sedan,20000 to 29000,0,12859,12,400,2,more than 30,more than 30,1,more than 7,over 65,No,No,External,3 to 5,no change,1 vehicle,1996,All Perils
8,4,2,Toyota,Urban,2,7,1,Male,Married,34,Policy Holder,Sedan - All Perils,Sedan,20000 to 29000,0,12860,6,400,4,more than 30,more than 30,1,4 years,31 to 35,No,No,External,none,no change,1 vehicle,1996,All Perils
7,4,2,Chevrolet,Urban,4,7,4,Male,Married,42,Policy Holder,Sedan - Liability,Sport,30000 to 39000,0,12861,6,400,4,more than 30,more than 30,1,4 years,36 to 40,No,No,External,none,no change,1 vehicle,1996,Liability
6,5,6,Honda,Urban,4,7,2,Female,Married,34,Third Party,Sedan - Collision,Sedan,20000 to 29000,0,12862,10,400,4,more than 30,more than 30,2 to 4,5 years,31 to 35,No,No,External,1 to 2,no change,1 vehicle,1996,Collision
6,4,5,Honda,Urban,4,6,5,Female,Single,26,Policy Holder,Sedan - Collision,Sedan,20000 to 29000,0,12863,5,400,2,more than 30,more than 30,2 to 4,5 years,31 to 35,No,No,External,1 to 2,no change,1 vehicle,1996,Collision
6,4,5,Honda,Urban,4,8,5,Male,Single,33,Policy Holder,Sedan - Collision,Sedan,30000 to 39000,0,12864,3,400,1,more than 30,more than 30,2 to 4,7 years,31 to 35,No,No,External,none,no change,1 vehicle,1996,Collision
6,2,5,Pontiac,Urban,3,6,4,Male,Single,31,Policy Holder,Sedan - Collision,Sedan,20000 to 29000,1,12865,7,400,1,more than 30,more than 30,1,6 years,31 to 35,No,No,External,none,no change,1 vehicle,1996,Collision
6,2,7,Toyota,Urban,4,6,4,Female,Single,42,Third Party,Sedan - All Perils,Sedan,20000 to 29000,0,12866,1,700,4,more than 30,more than 30,more than 4,7 years,36 to 40,No,No,External,more than 5,no change,1 vehicle,1996,All Perils
5,5,5,Honda,Urban,1,6,1,Male,Single,32,Third Party,Sedan - All Perils,Sedan,20000 to 29000,0,12867,2,400,3,more than 30,more than 30,1,7 years,31 to 35,No,No,External,more than 5,no change,1 vehicle,1996,All Perils
6,2,5,Mazda,Urban,5,6,2,Male,Single,30,Third Party,Sedan - All Perils,Sedan,20000 to 29000,0,12868,10,400,2,more than 30,more than 30,1,7 years,31 to 35,No,No,External,more than 5,no change,1 vehicle,1996,All Perils
5,3,3,Toyota,Urban,4,5,2,Male,Single,33,Policy Holder,Sedan - Collision,Sedan,20000 to 29000,0,12869,3,400,4,more than 30,more than 30,1,6 years,31 to 35,No,No,External,none,no change,1 vehicle,1996,Collision
5,2,2,Chevrolet,Urban,2,5,3,Male,Married,33,Third Party,Sedan - All Perils,Sedan,20000 to 29000,0,12870,10,400,1,more than 30,more than 30,2 to 4,7 years,31 to 35,No,No,External,none,no change,1 vehicle,1996,All Perils
4,4,2,Pontiac,Urban,3,3,4,Male,Married,42,Third Party,Sedan - Liability,Sport,30000 to 39000,0,12871,9,400,4,more than 30,more than 30,2 to 4,7 years,36 to 40,No,No,External,more than 5,no change,1 vehicle,1996,Liability
3,2,5,Toyota,Urban,2,12,4,Male,Married,76,Policy Holder,Sedan - Collision,Sedan,30000 to 39000,0,12872,3,400,3,more than 30,more than 30,2 to 4,more than 7,over 65,No,No,External,3 to 5,no change,1 vehicle,1996,Collision
12,4,5,Honda,Rural,1,2,4,Male,Single,0,Third Party,Sedan - All Perils,Sedan,more than 69000,0,12873,10,400,1,more than 30,more than 30,more than 4,new,16 to 17,No,No,External,none,no change,1 vehicle,1996,All Perils
1,5,1,Mazda,Urban,2,5,2,Male,Married,74,Third Party,Sedan - All Perils,Sedan,20000 to 29000,0,12874,1,400,1,more than 30,more than 30,1,more than 7,over 65,No,No,External,more than 5,4 to 8 years,2 vehicles,1996,All Perils
5,2,1,VW,Urban,1,12,2,Male,Married,38,Third Party,Sedan - Collision,Sedan,40000 to 59000,0,12875,6,400,4,more than 30,more than 30,1,more than 7,36 to 40,No,No,External,none,no change,3 to 4,1996,Collision
12,1,6,Chevrolet,Urban,1,12,1,Female,Single,27,Policy Holder,Sedan - Liability,Sport,20000 to 29000,0,12876,4,400,1,more than 30,more than 30,2 to 4,6 years,31 to 35,No,No,External,3 to 5,no change,1 vehicle,1996,Liability
12,1,1,Pontiac,Urban,1,12,1,Male,Married,52,Third Party,Sedan - Collision,Sedan,20000 to 29000,0,12877,6,400,2,more than 30,more than 30,2 to 4,6 years,41 to 50,No,No,External,more than 5,no change,1 vehicle,1996,Collision
12,1,6,Honda,Urban,1,10,1,Male,Married,41,Policy Holder,Sedan - Collision,Sedan,20000 to 29000,0,12878,11,400,1,more than 30,more than 30,2 to 4,7 years,36 to 40,No,No,External,none,no change,1 vehicle,1996,Collision
9,5,1,Chevrolet,Urban,1,9,1,Male,Married,51,Third Party,Sedan - All Perils,Sedan,30000 to 39000,0,12879,15,400,2,more than 30,more than 30,none,more than 7,41 to 50,No,No,External,more than 5,no change,1 vehicle,1996,All Perils
9,3,5,Chevrolet,Urban,5,9,3,Female,Married,53,Policy Holder,Sedan - Liability,Sport,30000 to 39000,0,12880,11,400,2,more than 30,more than 30,2 to 4,more than 7,41 to 50,No,No,External,more than 5,no change,1 vehicle,1996,Liability
9,3,2,Pontiac,Urban,3,8,3,Male,Married,64,Policy Holder,Sedan - Liability,Sport,30000 to 39000,0,12881,1,400,1,more than 30,more than 30,2 to 4,more than 7,51 to 65,No,No,External,none,no change,1 vehicle,1996,Liability
8,3,2,Toyota,Urban,3,6,3,Male,Married,29,Third Party,Sedan - All Perils,Sedan,20000 to 29000,0,12882,15,400,3,more than 30,more than 30,2 to 4,7 years,31 to 35,No,No,External,none,no change,1 vehicle,1996,All Perils
6,4,4,Honda,Urban,5,6,5,Male,Married,37,Policy Holder,Sedan - Liability,Sport,20000 to 29000,0,12883,13,400,4,more than 30,more than 30,none,7 years,36 to 40,No,No,External,more than 5,no change,1 vehicle,1996,Liability
6,4,6,Ford,Urban,5,6,4,Male,Married,49,Third Party,Sedan - All Perils,Sedan,40000 to 59000,0,12884,8,400,3,more than 30,more than 30,2 to 4,7 years,41 to 50,No,No,External,none,no change,1 vehicle,1996,All Perils
6,3,2,VW,Urban,4,12,4,Male,Married,34,Policy Holder,Sedan - Collision,Sedan,30000 to 39000,0,12885,2,400,2,more than 30,more than 30,2 to 4,6 years,31 to 35,No,No,External,3 to 5,no change,1 vehicle,1996,Collision
5,2,6,Mazda,Urban,2,4,2,Male,Single,34,Third Party,Sedan - Collision,Sedan,30000 to 39000,0,12886,11,400,1,more than 30,more than 30,more than 4,6 years,31 to 35,No,No,External,more than 5,no change,1 vehicle,1996,Collision
4,1,7,Honda,Urban,3,4,1,Female,Married,40,Third Party,Sedan - All Perils,Sedan,20000 to 29000,0,12887,12,400,3,more than 30,more than 30,2 to 4,6 years,36 to 40,No,No,External,none,no change,1 vehicle,1996,All Perils
3,4,7,Mazda,Urban,2,4,1,Male,Married,28,Policy Holder,Sedan - Collision,Sedan,20000 to 29000,0,12888,14,400,2,more than 30,more than 30,2 to 4,6 years,31 to 35,No,No,External,none,no change,1 vehicle,1996,Collision
3,4,6,Mazda,Urban,1,6,1,Male,Single,23,Policy Holder,Sedan - Collision,Sedan,20000 to 29000,0,12889,10,400,4,more than 30,more than 30,2 to 4,6 years,26 to 30,No,No,External,more than 5,no change,1 vehicle,1996,Collision
6,2,2,Mazda,Rural,4,12,2,Male,Single,36,Third Party,Sedan - Collision,Sedan,20000 to 29000,0,12890,12,400,1,more than 30,more than 30,2 to 4,7 years,36 to 40,No,No,External,none,no change,1 vehicle,1996,Collision
11,5,1,Pontiac,Rural,1,11,5,Male,Single,29,Policy Holder,Sedan - Collision,Sedan,30000 to 39000,0,12891,5,400,1,more than 30,more than 30,1,6 years,31 to 35,No,No,External,more than 5,no change,1 vehicle,1996,Collision
11,5,6,Pontiac,Urban,2,11,5,Male,Single,19,Third Party,Sedan - All Perils,Sedan,less than 20000,0,12892,13,400,1,more than 30,more than 30,2 to 4,2 years,21 to 25,No,No,External,more than 5,no change,1 vehicle,1996,All Perils
11,4,2,Chevrolet,Urban,2,10,5,Male,Married,42,Policy Holder,Sedan - Collision,Sedan,more than 69000,0,12893,9,400,1,more than 30,more than 30,2 to 4,7 years,36 to 40,No,No,External,more than 5,no change,1 vehicle,1996,Collision
10,4,5,Chevrolet,Urban,2,10,4,Male,Married,27,Third Party,Sedan - Collision,Sedan,more than 69000,0,12894,15,400,1,more than 30,more than 30,more than 4,7 years,31 to 35,No,No,External,none,no change,1 vehicle,1996,Collision
9,5,7,Toyota,Urban,1,9,1,Male,Married,33,Third Party,Sedan - Collision,Sedan,40000 to 59000,0,12895,10,400,4,more than 30,more than 30,1,7 years,31 to 35,No,No,External,more than 5,4 to 8 years,2 vehicles,1996,Collision
9,4,4,Mazda,Urban,4,7,4,Male,Married,30,Policy Holder,Sedan - Collision,Sedan,20000 to 29000,0,12896,15,400,2,more than 30,more than 30,2 to 4,6 years,31 to 35,No,No,External,3 to 5,no change,1 vehicle,1996,Collision
7,2,2,Chevrolet,Urban,4,5,3,Male,Married,47,Policy Holder,Sedan - All Perils,Sedan,more than 69000,0,12897,14,700,4,more than 30,more than 30,1,more than 7,41 to 50,No,No,External,none,no change,1 vehicle,1996,All Perils
5,3,6,Pontiac,Urban,1,5,3,Male,Married,47,Policy Holder,Utility - All Perils,Utility,40000 to 59000,0,12898,12,400,2,15 to 30,15 to 30,1,more than 7,41 to 50,No,No,External,none,no change,1 vehicle,1996,All Perils
5,3,6,Mazda,Rural,3,5,3,Male,Married,50,Policy Holder,Sedan - Liability,Sport,20000 to 29000,0,12899,11,400,4,more than 30,more than 30,2 to 4,more than 7,41 to 50,No,No,External,3 to 5,no change,1 vehicle,1996,Liability
5,2,2,Mazda,Urban,2,2,2,Male,Married,49,Policy Holder,Sedan - All Perils,Sedan,20000 to 29000,0,12900,2,400,4,more than 30,more than 30,2 to 4,more than 7,41 to 50,No,No,External,none,no change,1 vehicle,1996,All Perils
2,3,4,Honda,Urban,1,2,3,Male,Single,33,Policy Holder,Sedan - Liability,Sport,20000 to 29000,0,12901,10,400,1,more than 30,more than 30,2 to 4,6 years,31 to 35,No,No,External,more than 5,no change,1 vehicle,1996,Liability
2,1,4,Pontiac,Rural,4,2,2,Male,Married,31,Policy Holder,Sedan - Collision,Sedan,20000 to 29000,0,12902,10,400,2,more than 30,more than 30,none,7 years,31 to 35,No,No,External,more than 5,no change,1 vehicle,1996,Collision
2,1,4,Honda,Urban,4,10,1,Male,Married,43,Policy Holder,Sedan - Liability,Sport,20000 to 29000,0,12903,8,400,3,more than 30,more than 30,more than 4,7 years,36 to 40,No,No,External,none,no change,1 vehicle,1996,Liability
10,4,2,Honda,Urban,2,10,4,Male,Married,61,Policy Holder,Sedan - Liability,Sport,20000 to 29000,0,12904,15,500,3,more than 30,more than 30,1,more than 7,51 to 65,No,No,External,more than 5,2 to 3 years,1 vehicle,1996,Liability
10,4,6,Toyota,Urban,5,10,4,Male,Married,63,Policy Holder,Sedan - Collision,Sedan,20000 to 29000,0,12905,14,400,2,more than 30,more than 30,1,more than 7,51 to 65,No,No,External,none,no change,1 vehicle,1996,Collision
10,1,1,Mazda,Urban,2,9,4,Male,Single,20,Policy Holder,Sedan - Collision,Sedan,20000 to 29000,0,12906,8,400,1,more than 30,more than 30,1,2 years,21 to 25,No,No,External,none,no change,1 vehicle,1996,Collision
9,2,7,Mazda,Urban,2,9,2,Male,Married,37,Policy Holder,Sedan - Liability,Sport,more than 69000,0,12907,12,400,2,more than 30,more than 30,more than 4,7 years,36 to 40,No,No,External,more than 5,no change,1 vehicle,1996,Liability
9,2,1,Toyota,Urban,2,4,2,Male,Married,19,Policy Holder,Sedan - Collision,Sedan,20000 to 29000,0,12908,9,400,1,more than 30,more than 30,none,3 years,21 to 25,No,No,External,more than 5,no change,1 vehicle,1996,Collision
4,3,1,Honda,Urban,3,4,3,Male,Married,28,Third Party,Sedan - Collision,Sedan,20000 to 29000,0,12909,2,400,3,more than 30,more than 30,none,7 years,31 to 35,No,No,External,none,no change,1 vehicle,1996,Collision
4,4,5,Honda,Urban,1,7,4,Male,Married,28,Policy Holder,Sedan - All Perils,Sedan,more than 69000,0,12910,2,400,4,more than 30,more than 30,none,new,31 to 35,No,No,External,none,no change,1 vehicle,1996,All Perils
7,1,6,Pontiac,Urban,5,7,3,Male,Married,46,Policy Holder,Sedan - Collision,Sedan,20000 to 29000,0,12911,9,400,4,more than 30,more than 30,1,more than 7,41 to 50,No,No,External,none,no change,1 vehicle,1996,Collision
7,3,4,Toyota,Urban,4,10,4,Male,Married,63,Policy Holder,Sedan - All Perils,Sedan,more than 69000,0,12912,1,400,2,more than 30,more than 30,more than 4,more than 7,51 to 65,No,No,External,none,no change,1 vehicle,1996,All Perils
10,3,6,Honda,Urban,2,3,3,Female,Married,39,Policy Holder,Sedan - Liability,Sport,20000 to 29000,0,12913,5,400,3,more than 30,more than 30,2 to 4,7 years,36 to 40,No,No,External,none,no change,1 vehicle,1996,Liability
3,2,4,Pontiac,Urban,2,6,3,Male,Married,30,Third Party,Sedan - Liability,Sport,20000 to 29000,0,12914,13,400,2,more than 30,more than 30,1,6 years,31 to 35,No,No,External,none,no change,1 vehicle,1996,Liability
6,4,2,Honda,Rural,2,7,4,Male,Single,21,Policy Holder,Sedan - Liability,Sport,more than 69000,0,12915,13,400,4,more than 30,more than 30,2 to 4,2 years,26 to 30,No,No,External,more than 5,no change,1 vehicle,1996,Liability
6,3,1,Honda,Urban,2,7,2,Female,Single,27,Policy Holder,Sedan - Liability,Sport,20000 to 29000,0,12916,15,400,4,more than 30,more than 30,1,7 years,31 to 35,No,No,External,1 to 2,4 to 8 years,3 to 4,1996,Liability
7,3,2,Toyota,Urban,4,7,3,Male,Married,41,Policy Holder,Sedan - Collision,Sedan,20000 to 29000,0,12917,5,400,1,more than 30,more than 30,1,7 years,36 to 40,No,No,External,1 to 2,no change,1 vehicle,1996,Collision
7,4,6,Toyota,Urban,1,8,4,Male,Married,41,Policy Holder,Sedan - Liability,Sport,20000 to 29000,0,12918,16,400,4,more than 30,more than 30,none,7 years,36 to 40,No,No,External,none,no change,1 vehicle,1996,Liability
8,1,5,Honda,Urban,3,11,2,Male,Married,55,Policy Holder,Sedan - Collision,Sedan,20000 to 29000,0,12919,9,400,4,more than 30,more than 30,2 to 4,more than 7,41 to 50,Yes,No,External,3 to 5,no change,1 vehicle,1996,Collision
11,2,3,Honda,Urban,1,12,5,Male,Married,33,Policy Holder,Sedan - Collision,Sedan,30000 to 39000,0,12920,8,400,2,more than 30,more than 30,2 to 4,6 years,31 to 35,No,No,External,none,no change,1 vehicle,1996,Collision
11,3,1,Mazda,Urban,4,6,1,Female,Married,42,Policy Holder,Sedan - Liability,Sport,20000 to 29000,0,12921,6,400,3,more than 30,more than 30,2 to 4,6 years,36 to 40,No,No,External,none,no change,1 vehicle,1996,Liability
6,2,5,Mazda,Urban,1,11,3,Female,Married,51,Policy Holder,Sedan - All Perils,Sedan,less than 20000,1,12922,1,400,3,more than 30,more than 30,2 to 4,7 years,41 to 50,No,No,External,3 to 5,no change,1 vehicle,1996,All Perils
11,3,6,Toyota,Urban,2,12,3,Female,Single,67,Policy Holder,Sedan - Liability,Sport,20000 to 29000,0,12923,5,400,3,more than 30,more than 30,1,more than 7,over 65,No,No,External,none,1 year,1 vehicle,1996,Liability
11,3,5,Accura,Urban,1,11,1,Male,Married,33,Policy Holder,Sedan - Collision,Sedan,20000 to 29000,0,12924,9,400,2,more than 30,more than 30,2 to 4,6 years,31 to 35,No,No,External,none,no change,1 vehicle,1996,Collision
11,2,4,Accura,Urban,1,8,2,Male,Married,76,Policy Holder,Sedan - All Perils,Sedan,30000 to 39000,0,12925,2,400,2,more than 30,more than 30,1,more than 7,over 65,No,No,External,more than 5,no change,1 vehicle,1996,All Perils
8,2,7,Toyota,Urban,1,8,5,Male,Married,26,Policy Holder,Sedan - Collision,Sedan,30000 to 39000,0,12926,4,400,4,more than 30,more than 30,1,7 years,31 to 35,No,No,External,1 to 2,no change,1 vehicle,1996,Collision
8,1,7,Accura,Urban,2,8,2,Male,Married,46,Policy Holder,Sedan - Liability,Sport,20000 to 29000,0,12927,6,400,4,more than 30,more than 30,2 to 4,more than 7,41 to 50,No,No,External,none,no change,1 vehicle,1996,Liability
7,4,7,Honda,Urban,1,7,1,Male,Single,34,Policy Holder,Sedan - All Perils,Sedan,20000 to 29000,0,12928,2,400,3,more than 30,more than 30,more than 4,6 years,31 to 35,No,No,External,3 to 5,no change,1 vehicle,1996,All Perils
7,3,1,Ford,Urban,2,7,3,Male,Single,22,Third Party,Sedan - Collision,Sedan,30000 to 39000,0,12929,5,400,4,more than 30,more than 30,none,5 years,26 to 30,No,No,External,none,no change,1 vehicle,1996,Collision
7,3,1,VW,Rural,1,6,3,Male,Married,48,Policy Holder,Sedan - Liability,Sport,more than 69000,0,12930,10,400,2,more than 30,more than 30,none,more than 7,41 to 50,No,No,External,none,no change,1 vehicle,1996,Liability
6,2,5,Nisson,Urban,3,7,2,Male,Married,52,Third Party,Sedan - All Perils,Sedan,more than 69000,0,12931,7,400,2,more than 30,more than 30,2 to 4,more than 7,41 to 50,No,No,External,more than 5,no change,1 vehicle,1996,All Perils
6,5,3,Chevrolet,Urban,4,6,1,Male,Married,40,Policy Holder,Sedan - Liability,Sport,30000 to 39000,0,12932,15,400,2,more than 30,more than 30,1,7 years,36 to 40,No,No,External,more than 5,no change,1 vehicle,1996,Liability
6,5,2,Honda,Urban,4,6,5,Male,Married,61,Policy Holder,Sedan - Liability,Sport,20000 to 29000,0,12933,1,400,4,more than 30,more than 30,2 to 4,more than 7,51 to 65,No,No,External,none,no change,1 vehicle,1996,Liability
6,1,3,Toyota,Rural,5,6,2,Male,Married,50,Policy Holder,Sedan - All Perils,Sedan,20000 to 29000,0,12934,1,400,2,more than 30,more than 30,2 to 4,more than 7,41 to 50,No,No,External,more than 5,no change,1 vehicle,1996,All Perils
6,2,3,Mazda,Urban,2,4,3,Male,Single,31,Third Party,Sedan - Collision,Sedan,20000 to 29000,0,12935,5,400,4,more than 30,more than 30,2 to 4,6 years,31 to 35,No,No,External,none,no change,1 vehicle,1996,Collision
4,2,1,Toyota,Urban,2,4,3,Male,Married,51,Third Party,Sedan - All Perils,Sedan,less than 20000,0,12936,7,400,1,more than 30,more than 30,2 to 4,more than 7,41 to 50,No,No,External,1 to 2,no change,1 vehicle,1996,All Perils
4,2,6,Pontiac,Urban,1,4,2,Male,Married,51,Policy Holder,Sedan - Collision,Sedan,30000 to 39000,0,12937,9,400,2,more than 30,more than 30,none,7 years,41 to 50,No,No,External,none,4 to 8 years,2 vehicles,1996,Collision
4,1,2,Chevrolet,Urban,3,1,1,Female,Single,21,Third Party,Sedan - All Perils,Sedan,20000 to 29000,0,12938,9,400,2,more than 30,more than 30,none,5 years,26 to 30,No,No,External,none,no change,1 vehicle,1996,All Perils
1,2,5,Mazda,Urban,4,8,3,Female,Single,49,Policy Holder,Sedan - Liability,Sport,20000 to 29000,0,12939,1,400,4,more than 30,more than 30,2 to 4,more than 7,41 to 50,No,No,External,more than 5,no change,1 vehicle,1996,Liability
12,3,4,Honda,Rural,4,12,1,Male,Married,34,Policy Holder,Sedan - Collision,Sedan,20000 to 29000,0,12940,6,400,4,more than 30,more than 30,2 to 4,7 years,31 to 35,No,No,External,none,no change,1 vehicle,1996,Collision
12,3,5,Honda,Urban,2,11,3,Male,Married,31,Third Party,Sedan - Liability,Sport,20000 to 29000,0,12941,2,400,1,more than 30,more than 30,more than 4,7 years,31 to 35,No,No,External,none,no change,1 vehicle,1996,Liability
11,2,5,Ford,Urban,4,11,3,Male,Married,32,Policy Holder,Sedan - All Perils,Sedan,20000 to 29000,0,12942,14,400,3,more than 30,more than 30,1,5 years,31 to 35,No,No,External,3 to 5,no change,1 vehicle,1996,All Perils
11,2,5,Pontiac,Urban,1,12,3,Male,Married,54,Policy Holder,Sedan - Collision,Sedan,20000 to 29000,0,12943,12,400,1,more than 30,more than 30,2 to 4,more than 7,41 to 50,No,No,External,none,no change,1 vehicle,1996,Collision
10,3,1,Honda,Urban,3,10,2,Female,Single,34,Third Party,Sedan - All Perils,Sedan,less than 20000,0,12944,14,400,4,more than 30,more than 30,2 to 4,5 years,31 to 35,No,No,External,none,no change,1 vehicle,1996,All Perils
10,1,2,Mazda,Urban,4,9,1,Male,Married,36,Policy Holder,Sedan - All Perils,Sedan,20000 to 29000,0,12945,12,400,4,more than 30,more than 30,1,7 years,36 to 40,No,No,External,none,no change,1 vehicle,1996,All Perils
8,4,2,Mazda,Rural,2,8,1,Male,Married,31,Third Party,Sport - Collision,Sport,more than 69000,0,12946,13,400,1,more than 30,more than 30,none,6 years,31 to 35,No,No,External,none,no change,1 vehicle,1996,Collision
8,2,6,Chevrolet,Urban,2,7,2,Male,Married,62,Policy Holder,Sedan - Liability,Sport,30000 to 39000,0,12947,4,400,2,more than 30,more than 30,none,more than 7,51 to 65,No,No,External,more than 5,no change,1 vehicle,1996,Liability
7,3,5,Pontiac,Urban,1,7,3,Male,Single,35,Third Party,Sedan - Collision,Sedan,30000 to 39000,0,12948,1,400,4,more than 30,more than 30,none,6 years,31 to 35,No,No,External,1 to 2,no change,1 vehicle,1996,Collision
7,1,5,Pontiac,Urban,5,6,2,Male,Married,44,Third Party,Sedan - All Perils,Sedan,less than 20000,0,12949,14,400,2,more than 30,more than 30,none,7 years,36 to 40,No,No,External,none,no change,1 vehicle,1996,All Perils
6,2,1,Mazda,Urban,3,6,2,Male,Married,73,Third Party,Sport - Collision,Sport,more than 69000,0,12950,14,400,1,more than 30,more than 30,none,more than 7,over 65,No,No,External,more than 5,no change,1 vehicle,1996,Collision
5,5,6,Mazda,Urban,2,5,3,Male,Married,32,Third Party,Sedan - All Perils,Sedan,20000 to 29000,0,12951,10,400,2,more than 30,more than 30,1,7 years,31 to 35,No,No,External,none,no change,1 vehicle,1996,All Perils
5,4,5,Mazda,Urban,2,5,4,Male,Married,34,Policy Holder,Sedan - Collision,Sedan,20000 to 29000,0,12952,9,400,2,more than 30,more than 30,2 to 4,6 years,31 to 35,No,No,External,none,no change,1 vehicle,1996,Collision
5,2,2,Toyota,Urban,3,6,3,Male,Married,38,Policy Holder,Sedan - All Perils,Sedan,less than 20000,0,12953,5,400,1,more than 30,more than 30,none,more than 7,36 to 40,No,No,External,none,no change,1 vehicle,1996,All Perils
6,2,1,Honda,Urban,5,5,3,Male,Married,45,Third Party,Sport - Collision,Sport,more than 69000,0,12954,8,400,3,more than 30,more than 30,1,5 years,36 to 40,No,No,External,none,no change,1 vehicle,1996,Collision
5,2,1,Chevrolet,Urban,2,5,3,Female,Married,53,Policy Holder,Sedan - Liability,Sport,30000 to 39000,0,12955,5,500,4,more than 30,more than 30,more than 4,more than 7,41 to 50,No,No,External,more than 5,2 to 3 years,1 vehicle,1996,Liability
5,1,3,Honda,Urban,4,4,1,Female,Single,24,Policy Holder,Sedan - Liability,Sport,20000 to 29000,0,12956,10,400,1,more than 30,more than 30,1,2 years,26 to 30,No,No,External,none,no change,1 vehicle,1996,Liability
4,3,3,Chevrolet,Urban,4,4,4,Male,Married,44,Policy Holder,Sedan - Liability,Sport,more than 69000,0,12957,14,400,3,more than 30,more than 30,none,7 years,36 to 40,No,No,External,none,no change,3 to 4,1996,Liability
4,1,3,Toyota,Urban,3,8,2,Female,Married,45,Third Party,Sedan - Collision,Sedan,20000 to 29000,0,12958,1,400,2,more than 30,more than 30,1,6 years,36 to 40,No,No,External,1 to 2,4 to 8 years,2 vehicles,1996,Collision
8,5,7,Ford,Urban,4,1,5,Male,Married,41,Policy Holder,Sedan - Liability,Sport,40000 to 59000,0,12959,2,700,1,more than 30,more than 30,2 to 4,7 years,36 to 40,No,No,External,none,no change,1 vehicle,1996,Liability
1,3,2,Ford,Urban,3,12,3,Male,Married,56,Third Party,Sedan - Collision,Sedan,30000 to 39000,0,12960,3,400,4,more than 30,more than 30,2 to 4,more than 7,51 to 65,Yes,No,External,none,no change,1 vehicle,1996,Collision
12,4,2,Toyota,Urban,3,2,4,Male,Married,28,Policy Holder,Sedan - Collision,Sedan,20000 to 29000,0,12961,6,400,1,more than 30,more than 30,1,6 years,31 to 35,No,No,External,none,no change,1 vehicle,1996,Collision
2,2,2,Toyota,Urban,2,2,2,Female,Single,46,Third Party,Sedan - Collision,Sedan,20000 to 29000,0,12962,7,400,3,more than 30,more than 30,2 to 4,7 years,41 to 50,No,No,External,3 to 5,no change,1 vehicle,1996,Collision
2,1,6,Mazda,Urban,2,2,1,Male,Single,24,Third Party,Sport - Collision,Sport,more than 69000,0,12963,9,400,2,more than 30,more than 30,none,6 years,26 to 30,No,No,External,more than 5,no change,1 vehicle,1996,Collision
2,2,1,Toyota,Urban,3,8,3,Male,Single,32,Policy Holder,Sedan - Liability,Sport,20000 to 29000,0,12964,5,400,2,more than 30,more than 30,2 to 4,6 years,31 to 35,No,No,External,3 to 5,no change,1 vehicle,1996,Liability
8,1,7,Pontiac,Urban,4,9,1,Male,Married,74,Policy Holder,Utility - All Perils,Utility,40000 to 59000,0,12965,5,400,4,more than 30,more than 30,none,more than 7,over 65,No,No,External,3 to 5,no change,1 vehicle,1996,All Perils
7,2,4,Pontiac,Urban,5,9,2,Male,Married,36,Third Party,Sedan - Collision,Sedan,30000 to 39000,0,12966,16,400,2,more than 30,more than 30,2 to 4,7 years,36 to 40,No,No,External,1 to 2,no change,1 vehicle,1996,Collision
9,1,4,Honda,Urban,5,10,3,Male,Married,43,Policy Holder,Sedan - Liability,Sport,30000 to 39000,0,12967,4,400,3,more than 30,more than 30,2 to 4,7 years,36 to 40,No,No,External,none,no change,1 vehicle,1996,Liability
9,1,1,Pontiac,Urban,4,12,2,Male,Single,28,Policy Holder,Sedan - Liability,Sport,30000 to 39000,0,12968,16,400,1,more than 30,more than 30,2 to 4,6 years,31 to 35,No,No,External,more than 5,no change,1 vehicle,1996,Liability
11,5,5,Toyota,Urban,2,5,3,Male,Single,25,Policy Holder,Sedan - Collision,Sedan,20000 to 29000,0,12969,4,400,2,more than 30,more than 30,1,3 years,26 to 30,No,No,External,1 to 2,no change,1 vehicle,1996,Collision
4,5,5,Pontiac,Urban,5,5,1,Male,Single,52,Policy Holder,Utility - All Perils,Utility,more than 69000,0,12970,3,400,2,more than 30,more than 30,none,more than 7,41 to 50,No,No,External,more than 5,no change,1 vehicle,1996,All Perils
4,2,5,Nisson,Urban,5,8,3,Male,Married,50,Policy Holder,Utility - All Perils,Utility,more than 69000,0,12971,16,400,4,more than 30,more than 30,1,more than 7,41 to 50,No,No,External,none,no change,1 vehicle,1996,All Perils
8,4,7,Dodge,Urban,2,8,4,Male,Married,52,Policy Holder,Sedan - Liability,Sport,30000 to 39000,0,12972,12,400,1,more than 30,more than 30,2 to 4,7 years,41 to 50,No,No,External,none,no change,1 vehicle,1996,Liability
8,4,4,Toyota,Urban,1,9,5,Male,Single,52,Policy Holder,Sedan - Liability,Sport,20000 to 29000,0,12973,3,400,3,more than 30,more than 30,2 to 4,7 years,41 to 50,No,No,External,more than 5,no change,1 vehicle,1996,Liability
8,4,2,Mazda,Urban,1,10,1,Male,Single,26,Policy Holder,Sedan - Collision,Sedan,20000 to 29000,0,12974,12,400,1,none,more than 30,1,6 years,31 to 35,No,No,External,none,no change,1 vehicle,1996,Collision
10,2,2,Pontiac,Urban,4,12,3,Male,Married,46,Policy Holder,Sedan - Liability,Sport,20000 to 29000,0,12975,5,400,1,more than 30,more than 30,2 to 4,7 years,41 to 50,No,No,External,3 to 5,no change,1 vehicle,1996,Liability
12,1,3,Chevrolet,Urban,4,6,2,Female,Married,31,Policy Holder,Sedan - Collision,Sedan,30000 to 39000,0,12976,4,400,2,more than 30,more than 30,none,6 years,31 to 35,No,No,External,none,no change,1 vehicle,1996,Collision
6,3,4,Pontiac,Urban,2,12,4,Male,Married,31,Policy Holder,Sedan - Liability,Sport,less than 20000,0,12977,7,400,1,more than 30,more than 30,2 to 4,7 years,31 to 35,No,No,External,none,no change,1 vehicle,1996,Liability
12,2,6,Mazda,Urban,1,12,2,Male,Married,41,Third Party,Sedan - Collision,Sedan,30000 to 39000,0,12978,1,400,1,more than 30,more than 30,1,7 years,36 to 40,No,No,External,none,no change,1 vehicle,1996,Collision
12,2,6,Chevrolet,Urban,1,12,2,Male,Married,26,Third Party,Sedan - Collision,Sedan,20000 to 29000,0,12979,13,400,3,more than 30,more than 30,2 to 4,7 years,31 to 35,Yes,No,External,none,4 to 8 years,2 vehicles,1996,Collision
12,2,3,Toyota,Rural,4,3,3,Male,Married,55,Policy Holder,Sedan - All Perils,Sedan,less than 20000,0,12980,4,400,2,more than 30,more than 30,none,more than 7,41 to 50,No,No,External,none,no change,1 vehicle,1996,All Perils
3,3,6,Pontiac,Urban,1,3,3,Female,Single,27,Policy Holder,Sedan - Liability,Sport,20000 to 29000,0,12981,4,400,2,more than 30,more than 30,more than 4,5 years,31 to 35,No,No,External,1 to 2,no change,1 vehicle,1996,Liability
3,2,4,Honda,Urban,5,5,3,Male,Married,43,Third Party,Sedan - Liability,Sport,more than 69000,0,12982,7,400,2,more than 30,more than 30,more than 4,7 years,36 to 40,No,No,External,none,no change,1 vehicle,1996,Liability
5,3,5,Mazda,Urban,3,5,3,Male,Married,36,Policy Holder,Sedan - Liability,Sport,20000 to 29000,0,12983,5,400,4,more than 30,more than 30,more than 4,7 years,36 to 40,No,No,External,3 to 5,no change,1 vehicle,1996,Liability
5,3,2,Mazda,Urban,3,5,4,Male,Married,36,Policy Holder,Sedan - Collision,Sedan,20000 to 29000,0,12984,14,400,4,more than 30,more than 30,none,7 years,36 to 40,No,No,External,1 to 2,no change,1 vehicle,1996,Collision
5,1,2,Pontiac,Urban,1,7,1,Male,Married,26,Policy Holder,Sedan - Collision,Sedan,20000 to 29000,0,12985,14,400,3,more than 30,more than 30,more than 4,6 years,31 to 35,No,No,External,none,no change,1 vehicle,1996,Collision
6,5,7,Pontiac,Urban,4,6,1,Male,Married,42,Policy Holder,Sedan - Liability,Sport,20000 to 29000,0,12986,7,400,4,more than 30,more than 30,1,7 years,36 to 40,No,No,External,none,no change,1 vehicle,1996,Liability
6,3,1,Pontiac,Urban,3,9,4,Male,Married,40,Third Party,Sedan - Collision,Sedan,less than 20000,0,12987,14,400,4,more than 30,more than 30,1,7 years,36 to 40,No,No,External,1 to 2,no change,1 vehicle,1996,Collision
9,1,1,Pontiac,Urban,1,11,2,Male,Married,37,Policy Holder,Utility - All Perils,Utility,40000 to 59000,0,12988,13,400,1,more than 30,more than 30,more than 4,7 years,36 to 40,No,No,External,none,no change,1 vehicle,1996,All Perils
10,5,4,Toyota,Urban,4,11,3,Male,Married,43,Policy Holder,Sedan - All Perils,Sedan,30000 to 39000,0,12989,10,400,2,more than 30,more than 30,2 to 4,7 years,36 to 40,No,No,External,more than 5,no change,1 vehicle,1996,All Perils
10,4,2,Mazda,Urban,2,12,1,Male,Married,60,Policy Holder,Sedan - Collision,Sedan,20000 to 29000,0,12990,6,700,1,more than 30,more than 30,none,more than 7,51 to 65,No,No,External,none,no change,1 vehicle,1996,Collision
12,3,3,Toyota,Urban,3,4,3,Male,Single,28,Policy Holder,Sedan - Liability,Sport,20000 to 29000,0,12991,10,400,2,more than 30,more than 30,2 to 4,6 years,31 to 35,No,No,External,1 to 2,no change,1 vehicle,1996,Liability
4,3,5,Pontiac,Urban,5,4,3,Male,Married,40,Policy Holder,Sedan - Liability,Sport,30000 to 39000,0,12992,5,400,2,more than 30,more than 30,2 to 4,more than 7,36 to 40,No,No,External,none,no change,1 vehicle,1996,Liability
4,4,5,Pontiac,Urban,3,9,4,Male,Married,30,Policy Holder,Sedan - All Perils,Sedan,less than 20000,0,12993,7,400,4,more than 30,more than 30,none,7 years,31 to 35,No,No,External,none,no change,1 vehicle,1996,All Perils
9,2,3,Pontiac,Rural,4,2,2,Male,Single,23,Policy Holder,Sedan - Collision,Sedan,30000 to 39000,0,12994,3,400,2,more than 30,more than 30,2 to 4,5 years,26 to 30,No,No,External,more than 5,no change,1 vehicle,1996,Collision
2,1,4,Honda,Rural,3,6,1,Male,Married,67,Policy Holder,Sedan - All Perils,Sedan,less than 20000,0,12995,9,400,4,more than 30,more than 30,none,more than 7,over 65,No,No,External,1 to 2,no change,1 vehicle,1996,All Perils
6,3,4,Mazda,Urban,3,12,4,Male,Single,35,Policy Holder,Sedan - Liability,Sport,20000 to 29000,0,12996,10,400,1,more than 30,more than 30,2 to 4,6 years,31 to 35,No,No,External,none,no change,1 vehicle,1996,Liability
9,4,6,Mazda,Urban,2,9,2,Male,Married,46,Policy Holder,Sedan - Liability,Sport,20000 to 29000,0,12997,9,400,1,more than 30,more than 30,1,7 years,41 to 50,No,No,External,none,no change,1 vehicle,1996,Liability
9,4,2,Mazda,Urban,2,1,4,Female,Married,45,Policy Holder,Sedan - Collision,Sedan,less than 20000,0,12998,8,400,3,more than 30,more than 30,more than 4,more than 7,36 to 40,No,No,External,3 to 5,no change,3 to 4,1996,Collision
1,1,5,Mazda,Urban,5,6,1,Male,Married,51,Policy Holder,Sedan - Liability,Sport,20000 to 29000,0,12999,3,400,1,more than 30,more than 30,more than 4,more than 7,41 to 50,No,No,External,3 to 5,no change,1 vehicle,1996,Liability
6,3,5,Honda,Urban,2,4,3,Male,Married,39,Policy Holder,Sedan - Collision,Sedan,20000 to 29000,1,13000,13,400,4,more than 30,more than 30,none,7 years,36 to 40,No,No,External,more than 5,4 to 8 years,2 vehicles,1996,Collision
3,1,6,Pontiac,Urban,3,8,1,Male,Married,39,Policy Holder,Utility - All Perils,Utility,more than 69000,0,13001,16,400,2,more than 30,more than 30,more than 4,7 years,36 to 40,No,No,External,1 to 2,no change,1 vehicle,1996,All Perils
7,4,6,Pontiac,Urban,1,12,1,Male,Married,34,Policy Holder,Sedan - Liability,Sport,30000 to 39000,0,13002,14,400,1,more than 30,more than 30,2 to 4,6 years,31 to 35,No,No,External,none,no change,1 vehicle,1996,Liability
12,1,6,Toyota,Urban,1,12,2,Female,Married,29,Policy Holder,Sedan - All Perils,Sedan,less than 20000,0,13003,13,400,4,more than 30,more than 30,none,7 years,31 to 35,No,No,External,none,no change,1 vehicle,1996,All Perils
12,1,4,Pontiac,Urban,2,2,1,Female,Married,54,Third Party,Sedan - Collision,Sedan,20000 to 29000,0,13004,4,400,1,more than 30,more than 30,none,7 years,41 to 50,No,No,External,3 to 5,no change,1 vehicle,1996,Collision
2,2,2,Mazda,Urban,3,7,3,Male,Single,34,Policy Holder,Sedan - Collision,Sedan,20000 to 29000,0,13005,1,400,4,more than 30,more than 30,none,6 years,31 to 35,No,No,External,1 to 2,no change,1 vehicle,1996,Collision
7,2,1,Honda,Urban,1,9,2,Male,Married,50,Third Party,Sedan - Collision,Sedan,20000 to 29000,0,13006,6,500,1,more than 30,more than 30,none,6 years,41 to 50,No,No,External,3 to 5,2 to 3 years,1 vehicle,1996,Collision
9,1,6,Pontiac,Urban,2,12,2,Male,Married,26,Third Party,Sedan - All Perils,Sedan,20000 to 29000,0,13007,9,400,2,more than 30,more than 30,none,7 years,31 to 35,No,No,External,more than 5,no change,1 vehicle,1996,All Perils
12,3,2,Toyota,Urban,2,12,3,Male,Married,43,Policy Holder,Sedan - Liability,Sport,20000 to 29000,0,13008,9,400,2,more than 30,more than 30,2 to 4,7 years,36 to 40,No,No,External,more than 5,no change,1 vehicle,1996,Liability
12,2,1,Mazda,Urban,3,12,2,Male,Married,53,Policy Holder,Sedan - Liability,Sport,20000 to 29000,0,13009,5,400,4,more than 30,more than 30,2 to 4,7 years,41 to 50,No,No,External,none,no change,1 vehicle,1996,Liability
12,2,2,Honda,Urban,3,12,2,Male,Married,33,Policy Holder,Sedan - Liability,Sport,20000 to 29000,0,13010,13,400,2,more than 30,more than 30,2 to 4,6 years,31 to 35,No,No,External,none,no change,1 vehicle,1996,Liability
12,2,2,Mazda,Urban,3,12,2,Female,Married,33,Policy Holder,Sedan - Liability,Sport,30000 to 39000,0,13011,8,400,3,more than 30,more than 30,2 to 4,6 years,31 to 35,No,No,External,none,no change,1 vehicle,1996,Liability
12,2,7,Pontiac,Urban,1,11,2,Male,Single,30,Third Party,Sedan - All Perils,Sedan,20000 to 29000,0,13012,3,400,4,more than 30,more than 30,none,6 years,31 to 35,No,No,External,1 to 2,no change,1 vehicle,1996,All Perils
10,5,5,Ford,Urban,1,9,1,Male,Single,37,Third Party,Sedan - Collision,Sedan,30000 to 39000,0,13013,11,400,4,more than 30,more than 30,1,more than 7,36 to 40,No,No,External,more than 5,no change,1 vehicle,1996,Collision
9,1,3,Honda,Urban,5,9,1,Male,Divorced,37,Policy Holder,Sedan - Collision,Sedan,20000 to 29000,0,13014,11,400,2,more than 30,more than 30,1,7 years,36 to 40,No,No,External,none,1 year,1 vehicle,1996,Collision
8,5,2,Mazda,Urban,3,4,1,Male,Single,32,Policy Holder,Sedan - Liability,Sport,30000 to 39000,0,13015,13,400,1,more than 30,more than 30,1,6 years,31 to 35,No,No,External,none,no change,1 vehicle,1996,Liability
4,3,1,Honda,Rural,1,4,3,Male,Single,26,Third Party,Sedan - Collision,Sedan,20000 to 29000,0,13016,7,400,2,more than 30,more than 30,1,6 years,31 to 35,No,No,External,none,no change,1 vehicle,1996,Collision
4,3,5,Mazda,Rural,3,11,3,Male,Married,65,Policy Holder,Sedan - Collision,Sedan,30000 to 39000,0,13017,10,400,1,more than 30,more than 30,none,more than 7,51 to 65,No,No,External,none,no change,1 vehicle,1996,Collision
11,3,6,Pontiac,Urban,2,11,4,Male,Single,28,Policy Holder,Sedan - All Perils,Sedan,20000 to 29000,0,13018,3,400,2,more than 30,more than 30,none,6 years,31 to 35,No,No,External,more than 5,no change,1 vehicle,1996,All Perils
11,2,4,Mazda,Urban,5,8,3,Male,Married,41,Policy Holder,Sedan - All Perils,Sedan,20000 to 29000,0,13019,2,400,2,more than 30,more than 30,none,7 years,36 to 40,No,No,External,more than 5,no change,1 vehicle,1996,All Perils
8,2,4,Mazda,Urban,4,8,2,Male,Single,26,Policy Holder,Sedan - Liability,Sport,20000 to 29000,0,13020,1,400,2,more than 30,more than 30,none,7 years,31 to 35,No,No,External,1 to 2,no change,1 vehicle,1996,Liability
8,1,5,Toyota,Urban,5,7,1,Male,Married,32,Policy Holder,Sedan - Liability,Sport,20000 to 29000,0,13021,15,400,3,more than 30,more than 30,2 to 4,5 years,31 to 35,No,No,External,none,4 to 8 years,2 vehicles,1996,Liability
7,4,5,Toyota,Urban,2,6,4,Female,Single,31,Policy Holder,Sedan - Liability,Sport,20000 to 29000,0,13022,10,400,2,more than 30,more than 30,more than 4,6 years,31 to 35,No,No,External,none,no change,1 vehicle,1996,Liability
6,3,3,Toyota,Urban,4,7,3,Female,Married,40,Third Party,Sedan - All Perils,Sedan,20000 to 29000,0,13023,10,400,1,more than 30,more than 30,2 to 4,7 years,36 to 40,No,No,External,more than 5,no change,1 vehicle,1996,All Perils
7,2,1,Toyota,Urban,2,4,3,Female,Married,37,Policy Holder,Sedan - Liability,Sport,20000 to 29000,0,13024,10,400,4,more than 30,more than 30,1,6 years,36 to 40,No,No,External,1 to 2,no change,1 vehicle,1996,Liability
4,2,1,BMW,Rural,2,3,2,Male,Married,30,Policy Holder,Sedan - Liability,Sport,30000 to 39000,0,13025,15,400,2,more than 30,more than 30,1,7 years,31 to 35,No,No,External,none,no change,1 vehicle,1996,Liability
3,4,6,Honda,Urban,2,6,4,Male,Married,41,Policy Holder,Sedan - Liability,Sport,20000 to 29000,0,13026,9,400,4,more than 30,more than 30,2 to 4,4 years,36 to 40,No,No,External,none,no change,1 vehicle,1996,Liability
6,3,6,Mazda,Urban,5,6,3,Male,Married,27,Policy Holder,Sedan - All Perils,Sedan,20000 to 29000,1,13027,5,400,1,more than 30,more than 30,1,6 years,31 to 35,No,No,External,none,no change,1 vehicle,1996,All Perils
6,3,4,Mazda,Urban,3,3,4,Male,Single,28,Third Party,Sedan - Collision,Sedan,20000 to 29000,0,13028,10,400,2,more than 30,more than 30,2 to 4,6 years,31 to 35,No,No,External,1 to 2,no change,1 vehicle,1996,Collision
2,3,7,VW,Urban,3,4,1,Male,Married,38,Third Party,Sedan - Liability,Sport,20000 to 29000,0,13029,4,400,3,more than 30,more than 30,more than 4,7 years,36 to 40,No,No,External,more than 5,no change,1 vehicle,1996,Liability
4,2,7,Honda,Urban,3,12,2,Male,Married,33,Third Party,Sedan - All Perils,Sedan,less than 20000,0,13030,9,400,3,more than 30,more than 30,1,7 years,31 to 35,No,No,External,none,no change,1 vehicle,1996,All Perils
11,2,6,Pontiac,Urban,3,10,2,Male,Single,32,Policy Holder,Sedan - Collision,Sedan,20000 to 29000,0,13031,15,400,1,more than 30,more than 30,none,7 years,31 to 35,No,No,External,none,no change,1 vehicle,1996,Collision
10,4,4,Mazda,Urban,3,8,4,Male,Married,55,Policy Holder,Sedan - Liability,Sport,30000 to 39000,0,13032,3,400,4,more than 30,more than 30,2 to 4,7 years,41 to 50,No,No,External,1 to 2,no change,1 vehicle,1996,Liability
8,3,3,Honda,Urban,4,8,5,Male,Married,34,Policy Holder,Sedan - Liability,Sport,20000 to 29000,0,13033,10,400,3,more than 30,more than 30,2 to 4,6 years,31 to 35,No,No,External,none,no change,1 vehicle,1996,Liability
8,3,1,Mazda,Urban,2,7,3,Male,Married,64,Policy Holder,Sedan - Collision,Sedan,20000 to 29000,0,13034,2,400,2,more than 30,more than 30,more than 4,more than 7,51 to 65,No,No,External,none,no change,1 vehicle,1996,Collision
5,3,7,Toyota,Rural,2,4,2,Male,Married,31,Policy Holder,Sedan - Collision,Sedan,30000 to 39000,0,13035,6,400,2,more than 30,more than 30,none,7 years,31 to 35,No,No,External,more than 5,no change,1 vehicle,1996,Collision
4,3,7,Pontiac,Urban,2,4,3,Female,Married,46,Policy Holder,Sedan - All Perils,Sedan,30000 to 39000,0,13036,1,400,3,more than 30,more than 30,2 to 4,7 years,41 to 50,No,No,External,none,no change,1 vehicle,1996,All Perils
4,3,5,Mazda,Urban,1,3,3,Male,Married,38,Third Party,Sedan - Collision,Sedan,40000 to 59000,0,13037,2,400,2,more than 30,more than 30,none,5 years,36 to 40,No,No,Internal,none,no change,1 vehicle,1996,Collision
3,1,2,Accura,Urban,1,12,1,Male,Married,49,Policy Holder,Sedan - All Perils,Sedan,more than 69000,0,13038,15,400,3,more than 30,more than 30,1,more than 7,41 to 50,No,No,External,none,no change,1 vehicle,1996,All Perils
12,2,1,Honda,Urban,3,12,3,Male,Single,44,Policy Holder,Sedan - Collision,Sedan,20000 to 29000,0,13039,2,400,2,more than 30,more than 30,1,7 years,36 to 40,No,No,External,more than 5,no change,3 to 4,1996,Collision
12,2,6,VW,Urban,4,12,3,Female,Single,51,Policy Holder,Sedan - All Perils,Sedan,30000 to 39000,0,13040,9,400,4,more than 30,more than 30,1,more than 7,41 to 50,Yes,No,External,more than 5,no change,1 vehicle,1996,All Perils
12,2,7,Pontiac,Urban,5,12,3,Female,Single,35,Policy Holder,Sedan - All Perils,Sedan,20000 to 29000,0,13041,2,400,4,more than 30,more than 30,2 to 4,5 years,31 to 35,Yes,No,External,1 to 2,no change,1 vehicle,1996,All Perils
12,2,1,Accura,Urban,2,12,3,Male,Married,48,Policy Holder,Sedan - Collision,Sedan,40000 to 59000,0,13042,6,400,3,more than 30,more than 30,1,more than 7,41 to 50,No,No,External,none,4 to 8 years,2 vehicles,1996,Collision
12,2,5,Toyota,Urban,5,12,2,Male,Single,34,Policy Holder,Sedan - All Perils,Sedan,20000 to 29000,0,13043,11,400,3,more than 30,more than 30,2 to 4,6 years,31 to 35,Yes,No,External,more than 5,no change,1 vehicle,1996,All Perils
12,2,5,Chevrolet,Urban,5,12,3,Male,Married,34,Policy Holder,Sedan - Collision,Sedan,20000 to 29000,0,13044,6,400,4,more than 30,more than 30,2 to 4,7 years,31 to 35,No,No,External,more than 5,no change,1 vehicle,1996,Collision
12,2,2,Pontiac,Urban,3,12,2,Male,Married,51,Policy Holder,Sedan - Liability,Sport,20000 to 29000,0,13045,12,400,1,more than 30,more than 30,more than 4,more than 7,41 to 50,No,No,External,more than 5,no change,1 vehicle,1996,Liability
11,5,5,Honda,Urban,5,8,3,Male,Married,40,Policy Holder,Sedan - Collision,Sedan,30000 to 39000,0,13046,13,400,1,more than 30,more than 30,2 to 4,7 years,36 to 40,No,No,External,3 to 5,no change,1 vehicle,1996,Collision
8,4,1,Pontiac,Rural,1,8,4,Male,Single,21,Policy Holder,Sedan - Collision,Sedan,20000 to 29000,0,13047,13,400,1,more than 30,more than 30,2 to 4,6 years,26 to 30,No,No,External,none,no change,1 vehicle,1996,Collision
8,4,3,Chevrolet,Urban,1,8,4,Male,Married,44,Policy Holder,Sedan - Liability,Sport,20000 to 29000,0,13048,6,400,1,more than 30,more than 30,2 to 4,7 years,36 to 40,No,No,External,3 to 5,no change,1 vehicle,1996,Liability
7,4,2,Mazda,Urban,3,7,1,Female,Single,39,Policy Holder,Sedan - Liability,Sport,20000 to 29000,0,13049,4,400,3,more than 30,more than 30,none,6 years,36 to 40,No,No,External,3 to 5,no change,1 vehicle,1996,Liability
7,1,7,Mazda,Urban,4,8,1,Male,Single,57,Policy Holder,Sedan - All Perils,Sedan,20000 to 29000,0,13050,16,400,4,more than 30,more than 30,2 to 4,7 years,51 to 65,No,No,External,more than 5,no change,1 vehicle,1996,All Perils
7,1,1,Mazda,Urban,1,6,3,Male,Married,42,Policy Holder,Sedan - Liability,Sport,30000 to 39000,0,13051,4,400,4,more than 30,more than 30,1,7 years,36 to 40,No,No,External,none,no change,1 vehicle,1996,Liability
6,2,6,Saturn,Urban,5,6,3,Male,Married,54,Third Party,Sedan - All Perils,Sedan,20000 to 29000,0,13052,16,700,4,more than 30,more than 30,none,7 years,41 to 50,No,No,External,none,no change,1 vehicle,1996,All Perils
5,5,5,Honda,Urban,2,5,2,Male,Married,33,Policy Holder,Sedan - Collision,Sedan,30000 to 39000,0,13053,14,400,1,more than 30,more than 30,1,7 years,31 to 35,No,No,External,none,no change,1 vehicle,1996,Collision
5,4,3,Honda,Urban,4,4,5,Male,Married,36,Policy Holder,Sport - Collision,Sport,more than 69000,0,13054,3,400,3,more than 30,more than 30,1,7 years,36 to 40,No,No,External,none,no change,1 vehicle,1996,Collision
4,4,5,Accura,Urban,2,5,5,Male,Single,43,Policy Holder,Sedan - Liability,Sport,more than 69000,0,13055,14,400,4,more than 30,more than 30,more than 4,7 years,36 to 40,No,No,External,none,no change,1 vehicle,1996,Liability
4,4,2,Honda,Urban,2,3,1,Female,Single,31,Third Party,Sedan - Liability,Sport,20000 to 29000,0,13056,2,400,2,8 to 15,more than 30,2 to 4,5 years,31 to 35,No,No,External,none,no change,1 vehicle,1996,Liability
3,1,4,Pontiac,Urban,2,11,1,Female,Single,39,Policy Holder,Sedan - Collision,Sedan,20000 to 29000,0,13057,10,500,2,more than 30,more than 30,none,7 years,36 to 40,No,No,External,more than 5,2 to 3 years,1 vehicle,1996,Collision
11,1,1,Mazda,Urban,1,9,3,Male,Married,45,Policy Holder,Sedan - Collision,Sedan,20000 to 29000,0,13058,8,400,4,more than 30,more than 30,none,7 years,36 to 40,No,No,External,more than 5,no change,1 vehicle,1996,Collision
9,3,1,Pontiac,Urban,1,9,3,Male,Single,34,Policy Holder,Sedan - Liability,Sport,20000 to 29000,0,13059,11,400,4,more than 30,more than 30,2 to 4,6 years,31 to 35,No,No,External,none,no change,1 vehicle,1996,Liability
9,3,4,Pontiac,Urban,1,10,3,Male,Married,36,Policy Holder,Sedan - Collision,Sedan,30000 to 39000,0,13060,5,400,3,more than 30,more than 30,none,more than 7,36 to 40,No,No,External,more than 5,no change,1 vehicle,1996,Collision
9,3,3,Toyota,Urban,4,9,4,Male,Married,27,Policy Holder,Sedan - Collision,Sedan,20000 to 29000,0,13061,9,400,1,more than 30,more than 30,none,6 years,31 to 35,No,No,External,none,no change,1 vehicle,1996,Collision
9,2,1,Mazda,Urban,5,6,3,Female,Single,34,Policy Holder,Sedan - Liability,Sport,20000 to 29000,0,13062,2,400,3,more than 30,more than 30,none,5 years,31 to 35,No,No,External,none,no change,1 vehicle,1996,Liability
6,3,1,Pontiac,Urban,5,12,4,Male,Single,32,Third Party,Sedan - All Perils,Sedan,30000 to 39000,0,13063,2,400,4,more than 30,more than 30,2 to 4,6 years,31 to 35,No,No,External,more than 5,4 to 8 years,2 vehicles,1996,All Perils
12,1,3,Honda,Urban,3,12,3,Male,Married,35,Policy Holder,Sedan - Collision,Sedan,20000 to 29000,0,13064,4,400,4,more than 30,more than 30,1,6 years,31 to 35,No,No,External,none,no change,1 vehicle,1996,Collision
12,2,4,Chevrolet,Urban,2,4,2,Male,Married,49,Third Party,Sedan - All Perils,Sedan,20000 to 29000,0,13065,7,400,1,more than 30,more than 30,none,more than 7,41 to 50,No,No,External,1 to 2,no change,1 vehicle,1996,All Perils
3,4,2,Honda,Urban,1,4,2,Male,Married,49,Third Party,Sedan - All Perils,Sedan,20000 to 29000,0,13066,12,400,1,more than 30,more than 30,2 to 4,more than 7,41 to 50,No,No,External,1 to 2,no change,1 vehicle,1996,All Perils
3,5,1,Pontiac,Urban,4,6,1,Male,Married,36,Third Party,Utility - All Perils,Utility,more than 69000,0,13067,9,400,4,more than 30,more than 30,2 to 4,7 years,36 to 40,No,Yes,External,1 to 2,no change,1 vehicle,1996,All Perils
6,3,3,Honda,Urban,3,5,4,Male,Married,40,Policy Holder,Sedan - Collision,Sedan,20000 to 29000,1,13068,14,400,2,more than 30,more than 30,2 to 4,7 years,36 to 40,No,No,External,1 to 2,no change,1 vehicle,1996,Collision
5,3,1,Dodge,Urban,4,6,3,Male,Single,26,Policy Holder,Sedan - Liability,Sport,40000 to 59000,0,13069,13,400,4,more than 30,more than 30,1,5 years,31 to 35,No,No,External,none,no change,1 vehicle,1996,Liability
6,3,1,Toyota,Urban,3,6,4,Male,Married,29,Third Party,Sedan - All Perils,Sedan,20000 to 29000,0,13070,5,400,1,more than 30,more than 30,none,6 years,31 to 35,No,No,External,none,no change,1 vehicle,1996,All Perils
6,3,1,Chevrolet,Urban,4,8,4,Male,Single,27,Third Party,Sedan - All Perils,Sedan,30000 to 39000,0,13071,3,400,4,more than 30,more than 30,2 to 4,5 years,31 to 35,No,No,External,1 to 2,no change,1 vehicle,1996,All Perils
8,1,5,Pontiac,Urban,5,9,3,Male,Married,48,Policy Holder,Sedan - Liability,Sport,20000 to 29000,0,13072,13,400,3,more than 30,more than 30,more than 4,more than 7,41 to 50,No,No,External,none,no change,1 vehicle,1996,Liability
8,3,1,Honda,Urban,3,10,1,Male,Married,46,Policy Holder,Sedan - Liability,Sport,30000 to 39000,0,13073,14,400,2,more than 30,more than 30,more than 4,7 years,41 to 50,No,No,External,more than 5,no change,1 vehicle,1996,Liability
10,4,4,Mazda,Rural,2,12,4,Female,Single,45,Policy Holder,Sedan - Collision,Sedan,20000 to 29000,0,13074,10,400,4,more than 30,more than 30,2 to 4,7 years,36 to 40,No,No,External,3 to 5,no change,1 vehicle,1996,Collision
11,1,6,Pontiac,Rural,5,12,2,Male,Single,47,Policy Holder,Sedan - All Perils,Sedan,30000 to 39000,0,13075,9,400,2,more than 30,more than 30,2 to 4,more than 7,41 to 50,No,No,External,none,no change,1 vehicle,1996,All Perils
11,4,2,Pontiac,Rural,3,12,1,Male,Married,67,Policy Holder,Sedan - All Perils,Sedan,30000 to 39000,0,13076,13,400,2,more than 30,more than 30,1,7 years,over 65,No,No,External,more than 5,no change,1 vehicle,1996,All Perils
12,1,1,Toyota,Urban,2,6,2,Male,Married,46,Policy Holder,Sedan - Collision,Sedan,30000 to 39000,0,13077,4,400,3,more than 30,more than 30,2 to 4,more than 7,41 to 50,No,No,External,none,no change,1 vehicle,1996,Collision
6,3,6,VW,Rural,2,12,3,Male,Married,56,Policy Holder,Sedan - Liability,Sport,more than 69000,0,13078,8,400,3,more than 30,more than 30,more than 4,more than 7,51 to 65,No,No,External,1 to 2,no change,1 vehicle,1996,Liability
12,3,3,Pontiac,Urban,3,4,4,Male,Married,54,Policy Holder,Sedan - All Perils,Sedan,20000 to 29000,0,13079,13,400,4,more than 30,more than 30,none,more than 7,41 to 50,No,No,External,none,no change,1 vehicle,1996,All Perils
4,1,4,Honda,Urban,1,7,1,Male,Married,44,Policy Holder,Sedan - Liability,Sport,20000 to 29000,0,13080,1,400,3,more than 30,more than 30,2 to 4,more than 7,36 to 40,No,No,External,more than 5,no change,3 to 4,1996,Liability
6,1,5,Pontiac,Urban,1,7,3,Male,Married,34,Policy Holder,Sedan - Liability,Sport,more than 69000,0,13081,7,400,2,more than 30,more than 30,1,7 years,31 to 35,No,No,External,none,no change,1 vehicle,1996,Liability
7,3,2,Toyota,Rural,5,8,3,Male,Married,64,Third Party,Sedan - Collision,Sedan,30000 to 39000,0,13082,4,400,4,more than 30,more than 30,more than 4,more than 7,51 to 65,No,No,External,more than 5,no change,1 vehicle,1996,Collision
7,3,7,Mazda,Urban,1,9,2,Male,Married,34,Policy Holder,Sedan - Collision,Sedan,20000 to 29000,0,13083,15,400,4,more than 30,more than 30,2 to 4,6 years,31 to 35,No,No,External,1 to 2,no change,1 vehicle,1996,Collision
8,2,7,Honda,Urban,3,9,4,Male,Single,24,Policy Holder,Sedan - Liability,Sport,20000 to 29000,0,13084,1,400,1,more than 30,more than 30,2 to 4,5 years,26 to 30,No,No,External,none,4 to 8 years,2 vehicles,1996,Liability
8,3,2,Pontiac,Urban,3,8,1,Male,Married,54,Third Party,Sedan - Collision,Sedan,30000 to 39000,0,13085,11,400,1,more than 30,more than 30,more than 4,more than 7,41 to 50,No,No,External,more than 5,no change,1 vehicle,1996,Collision
8,5,1,Honda,Urban,4,6,5,Female,Married,29,Third Party,Sedan - Collision,Sedan,20000 to 29000,0,13086,8,400,1,more than 30,more than 30,none,6 years,31 to 35,No,No,External,more than 5,no change,1 vehicle,1996,Collision
6,3,2,Honda,Urban,3,6,4,Male,Married,37,Third Party,Sedan - All Perils,Sedan,30000 to 39000,0,13087,7,400,2,more than 30,more than 30,none,more than 7,36 to 40,No,No,External,more than 5,no change,1 vehicle,1996,All Perils
6,3,6,Pontiac,Urban,1,12,4,Male,Married,30,Policy Holder,Sedan - Liability,Sport,30000 to 39000,1,13088,9,400,4,more than 30,more than 30,more than 4,6 years,31 to 35,No,No,External,more than 5,no change,1 vehicle,1996,Liability
12,1,2,Ford,Urban,4,12,1,Male,Single,27,Policy Holder,Sedan - Liability,Sport,40000 to 59000,0,13089,8,400,4,more than 30,more than 30,2 to 4,7 years,31 to 35,Yes,No,Internal,none,no change,1 vehicle,1996,Liability
12,1,4,Mazda,Rural,1,12,3,Male,Married,40,Policy Holder,Sedan - Liability,Sport,30000 to 39000,0,13090,11,400,4,more than 30,more than 30,2 to 4,7 years,36 to 40,No,No,External,none,no change,1 vehicle,1996,Liability
12,2,6,VW,Urban,1,12,3,Male,Single,25,Policy Holder,Sedan - Collision,Sedan,20000 to 29000,0,13091,12,400,4,more than 30,more than 30,none,5 years,26 to 30,No,No,External,none,no change,1 vehicle,1996,Collision
12,1,7,Mazda,Urban,2,11,3,Female,Single,32,Policy Holder,Sedan - Collision,Sedan,30000 to 39000,0,13092,4,400,3,more than 30,more than 30,none,7 years,31 to 35,No,No,External,1 to 2,no change,1 vehicle,1996,Collision
11,2,2,Mazda,Urban,5,6,3,Male,Married,65,Policy Holder,Sedan - Liability,Sport,20000 to 29000,0,13093,9,400,3,more than 30,more than 30,2 to 4,more than 7,51 to 65,No,No,External,3 to 5,no change,1 vehicle,1996,Liability
6,3,6,Honda,Rural,3,9,4,Male,Married,42,Third Party,Sedan - All Perils,Sedan,30000 to 39000,0,13094,13,400,1,more than 30,more than 30,none,more than 7,36 to 40,No,No,External,3 to 5,no change,1 vehicle,1996,All Perils
9,1,2,Toyota,Urban,4,6,1,Male,Married,52,Policy Holder,Sedan - Liability,Sport,30000 to 39000,0,13095,2,400,1,more than 30,more than 30,none,more than 7,41 to 50,No,No,External,none,no change,1 vehicle,1996,Liability
6,3,3,Chevrolet,Urban,2,9,4,Male,Married,37,Policy Holder,Sedan - Collision,Sedan,20000 to 29000,1,13096,8,400,3,more than 30,more than 30,1,6 years,36 to 40,No,No,External,none,no change,1 vehicle,1996,Collision
8,4,1,Pontiac,Urban,3,9,2,Male,Married,56,Third Party,Sedan - Collision,Sedan,30000 to 39000,0,13097,1,400,4,more than 30,more than 30,2 to 4,more than 7,51 to 65,Yes,No,External,1 to 2,no change,1 vehicle,1996,Collision
8,4,4,Honda,Urban,2,8,2,Male,Married,32,Policy Holder,Sedan - Collision,Sedan,30000 to 39000,0,13098,5,400,3,more than 30,more than 30,none,7 years,31 to 35,No,No,External,1 to 2,no change,1 vehicle,1996,Collision
7,4,7,Mazda,Urban,1,7,1,Female,Married,39,Third Party,Sedan - Collision,Sedan,20000 to 29000,0,13099,4,400,1,more than 30,more than 30,2 to 4,2 years,36 to 40,No,No,External,3 to 5,no change,1 vehicle,1996,Collision
6,4,3,Pontiac,Urban,5,6,1,Male,Married,37,Policy Holder,Sedan - Collision,Sedan,20000 to 29000,0,13100,9,400,2,more than 30,more than 30,1,more than 7,36 to 40,No,No,External,1 to 2,no change,1 vehicle,1996,Collision
6,4,4,Chevrolet,Urban,5,4,4,Male,Married,33,Third Party,Sedan - All Perils,Sedan,20000 to 29000,0,13101,9,400,1,more than 30,more than 30,1,6 years,31 to 35,No,No,External,none,no change,1 vehicle,1996,All Perils
4,4,3,Ford,Urban,4,4,5,Male,Married,38,Third Party,Sedan - Liability,Sport,30000 to 39000,0,13102,7,400,1,more than 30,more than 30,2 to 4,more than 7,36 to 40,Yes,No,External,more than 5,no change,1 vehicle,1996,Liability
4,4,4,Honda,Urban,4,3,4,Male,Married,27,Policy Holder,Sedan - Collision,Sedan,30000 to 39000,0,13103,4,400,4,more than 30,more than 30,2 to 4,6 years,31 to 35,No,No,External,more than 5,no change,1 vehicle,1996,Collision
2,3,3,Pontiac,Urban,3,12,1,Male,Married,61,Third Party,Sedan - All Perils,Sedan,20000 to 29000,0,13104,4,400,3,more than 30,more than 30,1,more than 7,51 to 65,No,No,External,1 to 2,no change,1 vehicle,1996,All Perils
12,5,6,Mazda,Urban,2,12,5,Male,Single,33,Policy Holder,Sedan - Liability,Sport,30000 to 39000,0,13105,13,400,2,more than 30,more than 30,more than 4,6 years,31 to 35,No,No,External,more than 5,1 year,2 vehicles,1996,Liability
12,4,5,Mazda,Urban,5,12,4,Male,Married,65,Policy Holder,Sedan - All Perils,Sedan,30000 to 39000,0,13106,16,400,1,more than 30,more than 30,2 to 4,more than 7,51 to 65,No,No,External,none,no change,1 vehicle,1996,All Perils
12,4,3,Accura,Urban,3,6,4,Male,Married,62,Third Party,Sedan - Collision,Sedan,30000 to 39000,0,13107,6,400,3,more than 30,more than 30,2 to 4,more than 7,51 to 65,No,No,External,3 to 5,no change,1 vehicle,1996,Collision
6,4,4,Pontiac,Urban,4,12,4,Female,Married,39,Policy Holder,Sedan - Liability,Sport,20000 to 29000,0,13108,6,500,4,more than 30,more than 30,2 to 4,7 years,36 to 40,No,No,External,1 to 2,2 to 3 years,1 vehicle,1996,Liability
12,4,6,Honda,Urban,1,12,4,Male,Single,33,Policy Holder,Sedan - All Perils,Sedan,20000 to 29000,0,13109,10,400,4,more than 30,more than 30,none,7 years,31 to 35,No,No,External,more than 5,no change,1 vehicle,1996,All Perils
12,3,1,Pontiac,Urban,3,12,3,Female,Married,38,Third Party,Sedan - Collision,Sedan,20000 to 29000,0,13110,14,400,1,more than 30,more than 30,none,7 years,36 to 40,No,No,External,none,no change,1 vehicle,1996,Collision
12,3,3,Honda,Urban,1,12,5,Male,Married,42,Policy Holder,Sedan - All Perils,Sedan,30000 to 39000,0,13111,11,400,1,more than 30,more than 30,none,more than 7,36 to 40,No,No,External,none,no change,1 vehicle,1996,All Perils
12,3,3,Honda,Urban,3,11,3,Male,Married,41,Policy Holder,Sedan - Collision,Sedan,20000 to 29000,0,13112,12,400,1,more than 30,more than 30,1,7 years,36 to 40,No,No,Internal,more than 5,no change,1 vehicle,1996,Collision
11,5,4,Toyota,Urban,2,12,5,Male,Married,38,Policy Holder,Sedan - Collision,Sedan,30000 to 39000,0,13113,7,400,2,more than 30,more than 30,2 to 4,7 years,36 to 40,No,No,External,none,no change,1 vehicle,1996,Collision
12,1,4,Toyota,Urban,1,10,3,Male,Married,54,Policy Holder,Sedan - Liability,Sport,20000 to 29000,0,13114,13,400,2,more than 30,more than 30,none,6 years,41 to 50,No,No,External,none,no change,1 vehicle,1996,Liability
6,4,5,Mazda,Urban,1,12,1,Male,Single,26,Third Party,Sedan - Collision,Sedan,20000 to 29000,0,13115,8,400,4,more than 30,more than 30,none,6 years,31 to 35,No,No,External,3 to 5,no change,1 vehicle,1996,Collision
11,4,4,Accura,Urban,5,11,2,Male,Married,39,Policy Holder,Sedan - Collision,Sedan,more than 69000,0,13116,10,400,2,more than 30,more than 30,none,more than 7,36 to 40,No,No,External,none,no change,1 vehicle,1996,Collision
11,1,5,Ford,Urban,2,7,1,Male,Married,48,Policy Holder,Sedan - Liability,Sport,30000 to 39000,0,13117,12,400,1,more than 30,more than 30,2 to 4,7 years,41 to 50,No,No,External,more than 5,no change,1 vehicle,1996,Liability
6,4,7,Chevrolet,Rural,1,10,1,Male,Married,46,Third Party,Sedan - Collision,Sedan,20000 to 29000,0,13118,6,400,2,more than 30,more than 30,2 to 4,7 years,41 to 50,No,No,External,none,no change,1 vehicle,1996,Collision
9,4,7,Mazda,Urban,3,9,1,Male,Married,36,Policy Holder,Sedan - Collision,Sedan,20000 to 29000,0,13119,10,400,1,more than 30,more than 30,none,more than 7,36 to 40,No,No,External,none,no change,1 vehicle,1996,Collision
9,4,5,Honda,Urban,1,9,5,Male,Single,26,Policy Holder,Sedan - Collision,Sedan,more than 69000,0,13120,10,400,2,more than 30,more than 30,1,6 years,31 to 35,No,No,External,3 to 5,no change,1 vehicle,1996,Collision
9,4,3,Mazda,Urban,2,9,4,Male,Single,28,Policy Holder,Sedan - Liability,Sport,20000 to 29000,0,13121,7,400,1,more than 30,more than 30,more than 4,6 years,31 to 35,No,No,External,1 to 2,no change,3 to 4,1996,Liability
9,4,3,Honda,Urban,4,9,4,Female,Married,35,Policy Holder,Sedan - Liability,Sport,20000 to 29000,0,13122,11,400,4,more than 30,more than 30,none,6 years,31 to 35,No,No,External,1 to 2,no change,1 vehicle,1996,Liability
9,2,6,Chevrolet,Urban,1,8,3,Male,Married,53,Policy Holder,Utility - Collision,Utility,more than 69000,0,13123,7,400,2,more than 30,more than 30,2 to 4,6 years,41 to 50,No,No,External,none,no change,1 vehicle,1996,Collision
8,3,5,Mazda,Urban,4,9,4,Male,Married,79,Policy Holder,Sedan - Liability,Sport,20000 to 29000,0,13124,12,400,3,more than 30,more than 30,2 to 4,7 years,over 65,No,No,External,none,no change,1 vehicle,1996,Liability
8,3,7,Honda,Urban,3,8,1,Male,Married,78,Policy Holder,Sedan - Liability,Sport,less than 20000,0,13125,7,400,3,more than 30,more than 30,2 to 4,more than 7,over 65,No,No,External,more than 5,no change,1 vehicle,1996,Liability
8,3,7,Toyota,Urban,2,7,3,Male,Married,54,Policy Holder,Sedan - All Perils,Sedan,less than 20000,0,13126,15,400,3,more than 30,more than 30,none,more than 7,41 to 50,No,No,External,more than 5,4 to 8 years,2 vehicles,1996,All Perils
7,2,5,Toyota,Urban,1,6,2,Male,Married,50,Third Party,Sedan - All Perils,Sedan,less than 20000,0,13127,16,400,3,more than 30,more than 30,none,more than 7,41 to 50,No,No,External,more than 5,no change,1 vehicle,1996,All Perils
6,4,1,Mazda,Urban,2,6,4,Female,Married,39,Third Party,Sedan - Collision,Sedan,30000 to 39000,0,13128,3,400,2,more than 30,more than 30,none,7 years,36 to 40,No,No,External,more than 5,no change,1 vehicle,1996,Collision
6,3,5,Chevrolet,Urban,2,7,4,Male,Married,47,Policy Holder,Sedan - Liability,Sport,30000 to 39000,0,13129,3,400,2,more than 30,more than 30,1,more than 7,41 to 50,No,No,External,none,no change,1 vehicle,1996,Liability
6,4,4,Chevrolet,Rural,4,6,1,Male,Married,45,Policy Holder,Utility - All Perils,Utility,more than 69000,1,13130,9,400,3,more than 30,more than 30,1,more than 7,36 to 40,No,No,External,1 to 2,no change,1 vehicle,1996,All Perils
6,1,2,Honda,Rural,4,5,1,Male,Single,29,Policy Holder,Sedan - Liability,Sport,20000 to 29000,0,13131,11,400,2,more than 30,more than 30,2 to 4,6 years,31 to 35,No,No,External,1 to 2,no change,1 vehicle,1996,Liability
5,3,4,Mazda,Urban,5,4,3,Male,Married,41,Third Party,Sedan - All Perils,Sedan,30000 to 39000,0,13132,9,400,2,more than 30,more than 30,1,7 years,36 to 40,No,No,External,none,no change,1 vehicle,1996,All Perils
4,5,5,Pontiac,Urban,5,4,5,Male,Single,24,Policy Holder,Sedan - All Perils,Sedan,20000 to 29000,0,13133,10,400,3,more than 30,more than 30,2 to 4,6 years,26 to 30,No,No,External,more than 5,no change,1 vehicle,1996,All Perils
4,2,6,Chevrolet,Urban,2,7,4,Male,Married,26,Policy Holder,Sedan - Collision,Sedan,30000 to 39000,0,13134,6,400,2,more than 30,more than 30,1,6 years,31 to 35,No,No,External,3 to 5,no change,1 vehicle,1996,Collision
6,4,4,Mazda,Urban,4,12,2,Male,Single,34,Policy Holder,Sedan - All Perils,Sedan,30000 to 39000,1,13135,1,400,2,more than 30,more than 30,none,6 years,31 to 35,No,No,External,none,no change,1 vehicle,1996,All Perils
12,5,1,Honda,Urban,1,11,5,Female,Married,35,Policy Holder,Sedan - Liability,Sport,20000 to 29000,0,13136,9,400,4,more than 30,more than 30,2 to 4,6 years,31 to 35,No,No,External,none,no change,1 vehicle,1996,Liability
10,2,2,Mazda,Urban,2,10,2,Male,Single,32,Third Party,Sedan - Collision,Sedan,20000 to 29000,0,13137,1,400,3,more than 30,more than 30,1,5 years,31 to 35,No,No,External,none,no change,1 vehicle,1996,Collision
10,2,1,Mazda,Urban,2,10,4,Female,Married,32,Policy Holder,Sedan - Liability,Sport,less than 20000,0,13138,10,400,4,more than 30,more than 30,1,6 years,31 to 35,No,No,External,more than 5,no change,1 vehicle,1996,Liability
10,1,4,Honda,Urban,4,3,1,Male,Married,29,Policy Holder,Sedan - Collision,Sedan,20000 to 29000,0,13139,13,400,2,more than 30,more than 30,2 to 4,6 years,31 to 35,No,No,External,3 to 5,no change,1 vehicle,1996,Collision
3,1,1,Toyota,Urban,2,2,3,Male,Married,33,Policy Holder,Sedan - Liability,Sport,20000 to 29000,0,13140,15,400,2,more than 30,more than 30,2 to 4,7 years,31 to 35,No,No,Internal,1 to 2,no change,1 vehicle,1996,Liability
2,4,6,Honda,Urban,4,7,4,Male,Married,64,Policy Holder,Sedan - All Perils,Sedan,20000 to 29000,0,13141,13,400,4,more than 30,more than 30,none,more than 7,51 to 65,No,No,External,none,no change,1 vehicle,1996,All Perils
6,4,6,Pontiac,Urban,2,7,2,Male,Married,49,Third Party,Sedan - Collision,Sedan,20000 to 29000,0,13142,10,400,3,more than 30,more than 30,2 to 4,more than 7,41 to 50,No,No,External,1 to 2,no change,1 vehicle,1996,Collision
6,4,1,Pontiac,Rural,3,7,1,Male,Married,53,Policy Holder,Sedan - All Perils,Sedan,less than 20000,1,13143,9,400,1,more than 30,more than 30,1,6 years,41 to 50,No,No,External,none,no change,1 vehicle,1996,All Perils
7,1,3,Pontiac,Urban,4,10,1,Male,Married,39,Third Party,Sedan - Collision,Sedan,less than 20000,0,13144,12,400,1,more than 30,more than 30,2 to 4,6 years,36 to 40,No,No,External,more than 5,no change,1 vehicle,1996,Collision
10,4,4,Mazda,Urban,2,3,4,Male,Married,45,Policy Holder,Sedan - Liability,Sport,30000 to 39000,0,13145,12,700,2,more than 30,more than 30,1,7 years,36 to 40,No,No,External,more than 5,no change,1 vehicle,1996,Liability
3,2,7,Pontiac,Urban,3,3,3,Male,Married,77,Policy Holder,Sedan - Liability,Sport,20000 to 29000,0,13146,10,400,2,more than 30,more than 30,1,7 years,over 65,No,No,External,3 to 5,no change,1 vehicle,1996,Liability
2,4,1,Toyota,Rural,3,9,1,Male,Married,58,Third Party,Sedan - Liability,Sport,20000 to 29000,0,13147,7,400,3,more than 30,more than 30,none,more than 7,51 to 65,No,No,External,1 to 2,4 to 8 years,2 vehicles,1996,Liability
9,2,7,Mazda,Urban,1,6,3,Female,Single,35,Policy Holder,Sedan - Collision,Sedan,20000 to 29000,0,13148,8,400,2,more than 30,more than 30,2 to 4,6 years,31 to 35,No,No,External,more than 5,no change,1 vehicle,1996,Collision
6,4,2,Pontiac,Urban,5,12,4,Male,Single,33,Third Party,Sedan - All Perils,Sedan,20000 to 29000,0,13149,11,400,2,more than 30,more than 30,none,7 years,31 to 35,No,No,External,1 to 2,no change,1 vehicle,1996,All Perils
12,4,7,Toyota,Urban,1,7,4,Female,Married,44,Policy Holder,Sedan - All Perils,Sedan,20000 to 29000,0,13150,13,400,2,more than 30,more than 30,1,7 years,36 to 40,No,No,External,none,no change,1 vehicle,1996,All Perils
6,4,3,Honda,Urban,2,8,1,Male,Single,31,Third Party,Sedan - Collision,Sedan,20000 to 29000,0,13151,13,400,1,more than 30,more than 30,2 to 4,5 years,31 to 35,No,No,External,none,no change,1 vehicle,1996,Collision
7,3,1,Chevrolet,Urban,3,7,1,Male,Married,43,Policy Holder,Sedan - Liability,Sport,30000 to 39000,0,13152,15,400,1,more than 30,more than 30,more than 4,7 years,36 to 40,No,No,External,none,no change,1 vehicle,1996,Liability
7,3,5,Mazda,Rural,4,10,3,Male,Married,43,Policy Holder,Utility - All Perils,Utility,more than 69000,0,13153,12,400,4,more than 30,more than 30,2 to 4,6 years,36 to 40,No,No,External,none,no change,1 vehicle,1996,All Perils
10,2,4,Toyota,Urban,4,8,4,Male,Married,29,Policy Holder,Sedan - All Perils,Sedan,more than 69000,0,13154,14,400,1,more than 30,more than 30,none,6 years,31 to 35,No,No,External,3 to 5,no change,1 vehicle,1996,All Perils
8,2,3,Toyota,Urban,1,9,2,Male,Married,33,Policy Holder,Sedan - Collision,Sedan,less than 20000,0,13155,3,400,3,more than 30,more than 30,2 to 4,7 years,31 to 35,No,No,External,none,no change,1 vehicle,1996,Collision
7,2,2,Mazda,Urban,3,9,3,Male,Single,29,Policy Holder,Sedan - Collision,Sedan,20000 to 29000,0,13156,13,400,3,more than 30,more than 30,1,6 years,31 to 35,No,No,External,none,no change,1 vehicle,1996,Collision
9,1,2,Toyota,Urban,6,9,1,Male,Single,33,Policy Holder,Sedan - Collision,Sedan,20000 to 29000,0,13157,2,400,4,more than 30,more than 30,1,6 years,31 to 35,No,No,External,3 to 5,no change,1 vehicle,1996,Collision
9,1,1,Mazda,Urban,6,7,2,Female,Married,44,Policy Holder,Sedan - Collision,Sedan,20000 to 29000,0,13158,16,400,4,more than 30,more than 30,none,7 years,36 to 40,No,No,External,more than 5,no change,1 vehicle,1996,Collision
6,4,4,Toyota,Urban,4,12,1,Male,Married,38,Third Party,Sedan - All Perils,Sedan,20000 to 29000,1,13159,14,500,4,more than 30,more than 30,2 to 4,7 years,36 to 40,No,No,External,none,2 to 3 years,1 vehicle,1996,All Perils
12,3,3,Honda,Urban,4,12,3,Male,Single,34,Policy Holder,Sedan - Collision,Sedan,20000 to 29000,0,13160,7,400,3,more than 30,more than 30,2 to 4,7 years,31 to 35,No,No,External,more than 5,no change,1 vehicle,1996,Collision
12,2,4,Pontiac,Urban,4,5,4,Male,Single,23,Policy Holder,Sedan - Collision,Sedan,20000 to 29000,0,13161,7,400,3,more than 30,more than 30,none,5 years,26 to 30,No,No,External,none,no change,1 vehicle,1996,Collision
5,1,2,Honda,Urban,2,5,1,Male,Single,47,Policy Holder,Sedan - Liability,Sport,more than 69000,0,13162,8,400,1,more than 30,more than 30,more than 4,new,41 to 50,No,No,External,none,no change,3 to 4,1996,Liability
5,1,7,Dodge,Urban,1,5,1,Male,Married,56,Policy Holder,Sedan - Collision,Sedan,40000 to 59000,0,13163,13,400,3,more than 30,more than 30,1,more than 7,51 to 65,No,No,External,none,no change,1 vehicle,1996,Collision
5,2,6,Toyota,Urban,1,4,2,Male,Married,31,Policy Holder,Sedan - Liability,Sport,30000 to 39000,0,13164,14,400,3,more than 30,more than 30,1,7 years,31 to 35,No,No,External,more than 5,no change,1 vehicle,1996,Liability
4,4,5,Honda,Urban,5,5,4,Male,Married,30,Policy Holder,Sedan - All Perils,Sedan,less than 20000,0,13165,14,400,3,more than 30,more than 30,2 to 4,6 years,31 to 35,No,No,External,none,no change,1 vehicle,1996,All Perils
4,3,1,Toyota,Urban,1,5,1,Female,Married,32,Policy Holder,Sedan - Liability,Sport,20000 to 29000,0,13166,4,400,3,more than 30,more than 30,2 to 4,6 years,31 to 35,No,No,External,none,no change,1 vehicle,1996,Liability
5,4,3,Chevrolet,Rural,4,8,4,Male,Married,43,Policy Holder,Sedan - Collision,Sedan,30000 to 39000,0,13167,6,400,4,more than 30,more than 30,2 to 4,7 years,36 to 40,No,No,External,more than 5,no change,1 vehicle,1996,Collision
8,4,1,Chevrolet,Urban,1,8,4,Male,Married,50,Policy Holder,Sedan - Liability,Sport,30000 to 39000,0,13168,5,400,3,more than 30,more than 30,more than 4,more than 7,41 to 50,No,No,External,1 to 2,4 to 8 years,2 vehicles,1996,Liability
8,2,5,Pontiac,Urban,1,10,2,Male,Married,53,Policy Holder,Sedan - Liability,Sport,30000 to 39000,0,13169,13,400,4,more than 30,more than 30,more than 4,more than 7,41 to 50,No,No,External,1 to 2,no change,1 vehicle,1996,Liability
10,3,1,Toyota,Urban,1,7,4,Female,Single,31,Third Party,Sedan - Liability,Sport,30000 to 39000,0,13170,5,400,3,more than 30,more than 30,2 to 4,6 years,31 to 35,No,No,External,none,no change,1 vehicle,1996,Liability
6,4,5,Accura,Urban,4,3,1,Male,Married,34,Third Party,Sedan - Liability,Sport,30000 to 39000,0,13171,7,400,3,more than 30,more than 30,2 to 4,7 years,31 to 35,No,No,External,none,no change,1 vehicle,1996,Liability
1,1,2,Toyota,Urban,5,4,1,Male,Married,41,Third Party,Sedan - All Perils,Sedan,20000 to 29000,0,13172,1,400,2,more than 30,more than 30,none,7 years,36 to 40,No,No,External,none,no change,1 vehicle,1996,All Perils
4,2,5,Honda,Urban,2,9,5,Male,Married,27,Policy Holder,Sport - Collision,Sport,more than 69000,0,13173,13,400,1,more than 30,more than 30,1,7 years,31 to 35,No,No,External,more than 5,no change,1 vehicle,1996,Collision
7,4,2,Pontiac,Urban,1,9,2,Male,Married,72,Policy Holder,Sedan - Collision,Sedan,20000 to 29000,0,13174,16,400,1,more than 30,more than 30,more than 4,more than 7,over 65,No,No,External,1 to 2,no change,1 vehicle,1996,Collision
8,1,6,Honda,Urban,4,11,2,Male,Married,58,Policy Holder,Sedan - Collision,Sedan,20000 to 29000,0,13175,15,400,4,more than 30,more than 30,1,more than 7,51 to 65,No,No,External,more than 5,no change,1 vehicle,1996,Collision
11,1,1,Mazda,Urban,3,12,2,Male,Married,48,Policy Holder,Sedan - Collision,Sedan,20000 to 29000,0,13176,2,700,1,more than 30,more than 30,2 to 4,7 years,41 to 50,No,No,External,more than 5,no change,1 vehicle,1996,Collision
10,4,6,Toyota,Urban,4,8,3,Male,Single,31,Policy Holder,Sedan - All Perils,Sedan,less than 20000,0,13177,15,400,1,more than 30,more than 30,1,7 years,31 to 35,No,No,External,none,no change,1 vehicle,1996,All Perils
8,2,5,Pontiac,Urban,1,9,3,Male,Single,26,Policy Holder,Sedan - All Perils,Sedan,20000 to 29000,0,13178,4,400,4,more than 30,more than 30,2 to 4,6 years,31 to 35,No,No,External,more than 5,no change,1 vehicle,1996,All Perils
6,5,5,Pontiac,Urban,3,12,2,Male,Married,47,Policy Holder,Utility - All Perils,Utility,40000 to 59000,0,13179,12,400,2,more than 30,more than 30,1,more than 7,41 to 50,No,No,External,none,no change,1 vehicle,1996,All Perils
12,3,5,Pontiac,Urban,3,11,4,Male,Married,46,Third Party,Sedan - Collision,Sedan,20000 to 29000,0,13180,14,400,2,more than 30,more than 30,none,6 years,41 to 50,No,No,External,none,no change,1 vehicle,1996,Collision
11,2,6,Chevrolet,Urban,1,10,4,Female,Married,29,Policy Holder,Sedan - Collision,Sedan,20000 to 29000,0,13181,16,400,2,more than 30,more than 30,2 to 4,4 years,31 to 35,No,No,External,more than 5,no change,1 vehicle,1996,Collision
10,1,5,Chevrolet,Urban,3,7,1,Male,Married,61,Third Party,Sedan - Collision,Sedan,20000 to 29000,0,13182,12,400,2,more than 30,more than 30,1,more than 7,51 to 65,No,No,External,none,no change,1 vehicle,1996,Collision
7,1,5,Pontiac,Urban,3,6,1,Male,Married,32,Policy Holder,Sedan - Liability,Sport,20000 to 29000,0,13183,5,400,4,more than 30,more than 30,2 to 4,7 years,31 to 35,No,No,External,more than 5,no change,1 vehicle,1996,Liability
6,2,7,Honda,Urban,3,4,4,Male,Single,0,Third Party,Sedan - All Perils,Sedan,more than 69000,0,13184,16,400,4,more than 30,more than 30,2 to 4,new,16 to 17,No,No,External,none,no change,1 vehicle,1996,All Perils
4,1,1,Accura,Urban,2,4,1,Male,Single,53,Policy Holder,Sedan - All Perils,Sedan,20000 to 29000,0,13185,3,400,3,more than 30,more than 30,more than 4,7 years,41 to 50,No,No,External,3 to 5,no change,1 vehicle,1996,All Perils
1,5,2,Pontiac,Urban,2,3,4,Male,Married,48,Policy Holder,Sedan - Liability,Sport,20000 to 29000,0,13186,15,400,1,more than 30,more than 30,2 to 4,7 years,41 to 50,No,No,External,1 to 2,no change,1 vehicle,1996,Liability
2,2,5,Pontiac,Urban,3,2,1,Male,Single,39,Policy Holder,Sedan - Liability,Sport,30000 to 39000,0,13187,7,400,2,more than 30,more than 30,more than 4,7 years,36 to 40,No,No,External,none,no change,1 vehicle,1996,Liability
2,2,5,Mazda,Urban,1,9,3,Female,Married,34,Policy Holder,Sedan - All Perils,Sedan,20000 to 29000,0,13188,11,400,4,more than 30,more than 30,none,5 years,31 to 35,No,No,External,none,no change,1 vehicle,1996,All Perils
9,3,2,Toyota,Urban,3,12,3,Male,Married,46,Policy Holder,Sedan - Liability,Sport,30000 to 39000,0,13189,10,400,1,more than 30,more than 30,none,more than 7,41 to 50,No,No,External,more than 5,4 to 8 years,2 vehicles,1996,Liability
12,3,7,Pontiac,Urban,1,12,3,Male,Married,29,Policy Holder,Sedan - Collision,Sedan,20000 to 29000,0,13190,16,400,1,more than 30,more than 30,1,7 years,31 to 35,No,No,External,1 to 2,no change,1 vehicle,1996,Collision
12,3,3,Honda,Urban,5,12,3,Male,Single,21,Policy Holder,Sedan - Collision,Sedan,20000 to 29000,0,13191,8,400,4,more than 30,more than 30,none,5 years,26 to 30,No,No,External,none,no change,1 vehicle,1996,Collision
11,4,4,Honda,Urban,1,9,3,Male,Married,36,Policy Holder,Sedan - Collision,Sedan,30000 to 39000,0,13192,1,400,4,more than 30,more than 30,2 to 4,7 years,36 to 40,No,No,External,none,no change,1 vehicle,1996,Collision
8,5,1,Chevrolet,Urban,1,3,1,Male,Married,45,Policy Holder,Sedan - Liability,Sport,40000 to 59000,0,13193,15,400,1,more than 30,more than 30,more than 4,7 years,36 to 40,No,No,External,3 to 5,no change,1 vehicle,1996,Liability
3,3,1,Mazda,Urban,2,11,4,Male,Married,48,Third Party,Sedan - All Perils,Sedan,30000 to 39000,0,13194,11,400,3,more than 30,more than 30,none,more than 7,41 to 50,No,No,External,1 to 2,no change,1 vehicle,1996,All Perils
11,3,6,Pontiac,Urban,2,11,3,Male,Single,29,Policy Holder,Sedan - Collision,Sedan,more than 69000,0,13195,10,400,3,more than 30,more than 30,none,7 years,31 to 35,No,No,External,none,no change,1 vehicle,1996,Collision
11,2,1,Pontiac,Urban,4,10,3,Male,Married,29,Policy Holder,Sedan - Liability,Sport,more than 69000,0,13196,10,400,1,more than 30,more than 30,none,7 years,31 to 35,No,No,External,3 to 5,1 year,1 vehicle,1996,Liability
10,2,6,Toyota,Urban,5,8,2,Male,Married,36,Policy Holder,Sedan - All Perils,Sedan,20000 to 29000,0,13197,7,400,1,more than 30,more than 30,none,7 years,36 to 40,No,No,External,1 to 2,no change,1 vehicle,1996,All Perils
8,1,2,Toyota,Urban,4,8,2,Male,Married,35,Third Party,Sedan - Liability,Sport,30000 to 39000,0,13198,16,400,4,more than 30,more than 30,more than 4,7 years,31 to 35,No,No,External,3 to 5,no change,1 vehicle,1996,Liability
8,1,6,Pontiac,Urban,2,8,1,Male,Married,78,Policy Holder,Sedan - All Perils,Sedan,20000 to 29000,0,13199,8,400,1,more than 30,more than 30,2 to 4,more than 7,over 65,No,No,External,more than 5,no change,1 vehicle,1996,All Perils
7,4,5,Chevrolet,Urban,5,4,1,Male,Married,44,Policy Holder,Sedan - Liability,Sport,30000 to 39000,0,13200,14,400,1,more than 30,more than 30,more than 4,7 years,36 to 40,No,No,External,none,no change,1 vehicle,1996,Liability
3,4,1,Pontiac,Urban,4,3,1,Male,Married,42,Policy Holder,Sedan - Collision,Sedan,30000 to 39000,0,13201,3,400,2,more than 30,more than 30,2 to 4,7 years,36 to 40,No,No,External,1 to 2,no change,1 vehicle,1996,Collision
3,4,2,Chevrolet,Urban,5,12,4,Male,Married,60,Policy Holder,Sedan - Collision,Sedan,30000 to 39000,0,13202,3,400,3,more than 30,more than 30,2 to 4,more than 7,51 to 65,No,No,External,more than 5,no change,1 vehicle,1996,Collision
9,3,3,Chevrolet,Urban,6,7,3,Male,Single,41,Policy Holder,Sedan - Collision,Sedan,20000 to 29000,0,13203,5,400,2,more than 30,more than 30,2 to 4,7 years,36 to 40,No,No,Internal,more than 5,no change,3 to 4,1996,Collision
6,5,4,Chevrolet,Urban,3,4,1,Male,Married,38,Third Party,Sedan - Collision,Sedan,20000 to 29000,0,13204,12,400,2,more than 30,more than 30,2 to 4,7 years,36 to 40,No,No,External,more than 5,no change,1 vehicle,1996,Collision
4,3,2,Accura,Urban,3,9,4,Male,Married,30,Policy Holder,Sedan - Liability,Sport,more than 69000,0,13205,9,400,1,more than 30,more than 30,2 to 4,6 years,31 to 35,No,No,External,more than 5,no change,1 vehicle,1996,Liability
9,3,1,Toyota,Urban,2,9,4,Male,Married,38,Policy Holder,Sedan - Liability,Sport,20000 to 29000,0,13206,2,400,3,more than 30,more than 30,1,7 years,36 to 40,No,No,External,none,no change,1 vehicle,1996,Liability
9,1,6,Mazda,Urban,2,8,1,Male,Single,35,Third Party,Sedan - Collision,Sedan,20000 to 29000,0,13207,7,400,4,more than 30,more than 30,1,6 years,31 to 35,No,No,External,none,no change,1 vehicle,1996,Collision
8,4,2,Honda,Urban,3,2,5,Male,Married,42,Policy Holder,Sedan - Collision,Sedan,20000 to 29000,0,13208,3,400,2,more than 30,more than 30,2 to 4,7 years,36 to 40,No,No,External,none,no change,1 vehicle,1996,Collision
2,1,2,Mazda,Urban,4,5,1,Male,Married,40,Third Party,Sedan - Collision,Sedan,20000 to 29000,0,13209,10,400,1,more than 30,more than 30,none,5 years,36 to 40,No,No,External,none,no change,1 vehicle,1996,Collision
5,1,3,VW,Urban,4,8,1,Male,Single,34,Policy Holder,Sedan - Collision,Sedan,20000 to 29000,0,13210,5,500,3,more than 30,more than 30,1,6 years,31 to 35,No,No,External,none,2 to 3 years,2 vehicles,1996,Collision
6,5,7,Ford,Rural,2,8,5,Male,Married,30,Policy Holder,Sedan - All Perils,Sedan,40000 to 59000,1,13211,6,400,2,more than 30,more than 30,more than 4,6 years,31 to 35,No,No,External,more than 5,no change,1 vehicle,1996,All Perils
8,5,4,Honda,Rural,2,7,5,Female,Single,26,Policy Holder,Sedan - Liability,Sport,30000 to 39000,0,13212,16,400,1,more than 30,more than 30,none,7 years,31 to 35,No,No,External,none,no change,1 vehicle,1996,Liability
6,5,6,Pontiac,Urban,2,9,1,Male,Married,29,Third Party,Sedan - Collision,Sedan,20000 to 29000,0,13213,1,400,1,more than 30,more than 30,1,6 years,31 to 35,No,No,External,3 to 5,no change,1 vehicle,1996,Collision
9,2,2,Mazda,Urban,2,9,2,Male,Single,29,Policy Holder,Sedan - Collision,Sedan,20000 to 29000,0,13214,9,400,1,more than 30,more than 30,more than 4,6 years,31 to 35,No,No,External,more than 5,no change,1 vehicle,1996,Collision
9,2,5,Pontiac,Urban,1,9,2,Male,Single,24,Policy Holder,Sedan - Collision,Sedan,20000 to 29000,0,13215,6,400,3,more than 30,more than 30,none,5 years,26 to 30,No,No,External,more than 5,no change,1 vehicle,1996,Collision
9,3,1,Pontiac,Urban,2,12,3,Male,Single,39,Policy Holder,Sedan - Collision,Sedan,20000 to 29000,0,13216,15,400,2,more than 30,more than 30,more than 4,7 years,36 to 40,No,No,External,none,no change,1 vehicle,1996,Collision
12,2,2,Toyota,Urban,3,5,3,Male,Single,46,Policy Holder,Sedan - All Perils,Sedan,more than 69000,0,13217,9,400,2,more than 30,more than 30,2 to 4,more than 7,41 to 50,No,No,External,more than 5,no change,1 vehicle,1996,All Perils
4,4,2,Toyota,Urban,4,5,1,Female,Married,37,Policy Holder,Sedan - Collision,Sedan,20000 to 29000,0,13218,9,400,3,more than 30,more than 30,none,7 years,36 to 40,No,No,External,1 to 2,no change,1 vehicle,1996,Collision
5,1,5,Chevrolet,Urban,5,5,1,Male,Married,30,Third Party,Sedan - All Perils,Sedan,20000 to 29000,0,13219,15,400,4,more than 30,more than 30,none,7 years,31 to 35,No,No,External,1 to 2,no change,1 vehicle,1996,All Perils
5,1,5,Ford,Urban,5,5,1,Male,Widow,64,Policy Holder,Sedan - Collision,Sedan,40000 to 59000,0,13220,3,400,2,more than 30,more than 30,1,more than 7,51 to 65,No,No,External,1 to 2,no change,1 vehicle,1996,Collision
5,1,6,Toyota,Urban,3,5,1,Male,Married,23,Policy Holder,Sedan - All Perils,Sedan,less than 20000,0,13221,14,400,3,more than 30,more than 30,1,5 years,26 to 30,No,No,External,more than 5,no change,1 vehicle,1996,All Perils
5,1,4,Mazda,Urban,4,9,4,Male,Married,36,Policy Holder,Sedan - Liability,Sport,20000 to 29000,0,13222,15,400,3,more than 30,more than 30,none,7 years,36 to 40,No,No,External,1 to 2,no change,1 vehicle,1996,Liability
9,2,1,Pontiac,Urban,1,9,2,Female,Single,19,Policy Holder,Sedan - Collision,Sedan,20000 to 29000,0,13223,9,400,4,more than 30,more than 30,none,2 years,21 to 25,No,No,External,more than 5,no change,1 vehicle,1996,Collision
9,2,2,Saab,Urban,5,9,2,Male,Single,28,Policy Holder,Sedan - Liability,Sport,30000 to 39000,0,13224,8,400,2,more than 30,more than 30,more than 4,6 years,31 to 35,No,No,External,3 to 5,no change,1 vehicle,1996,Liability
9,2,4,Pontiac,Urban,3,7,4,Male,Married,51,Policy Holder,Sedan - Liability,Sport,20000 to 29000,0,13225,5,400,3,more than 30,more than 30,more than 4,6 years,41 to 50,No,No,External,1 to 2,no change,1 vehicle,1996,Liability
6,5,1,Accura,Urban,4,10,2,Male,Married,57,Policy Holder,Utility - All Perils,Utility,more than 69000,1,13226,2,400,3,more than 30,more than 30,none,more than 7,51 to 65,No,No,External,none,no change,1 vehicle,1996,All Perils
9,3,6,Mazda,Rural,2,12,1,Male,Married,48,Policy Holder,Sedan - Collision,Sedan,20000 to 29000,0,13227,16,400,4,more than 30,more than 30,none,more than 7,41 to 50,No,No,External,1 to 2,no change,1 vehicle,1996,Collision
12,3,2,Pontiac,Urban,4,12,3,Female,Single,48,Policy Holder,Sedan - Collision,Sedan,30000 to 39000,0,13228,4,400,2,more than 30,more than 30,2 to 4,7 years,41 to 50,Yes,No,External,more than 5,no change,1 vehicle,1996,Collision
12,3,5,Pontiac,Urban,1,7,4,Male,Married,39,Policy Holder,Sedan - Liability,Sport,20000 to 29000,0,13229,16,400,3,more than 30,more than 30,2 to 4,7 years,36 to 40,No,No,External,3 to 5,no change,1 vehicle,1996,Liability
6,5,5,Chevrolet,Urban,3,12,1,Female,Single,64,Policy Holder,Sedan - Collision,Sedan,20000 to 29000,1,13230,11,400,2,more than 30,more than 30,more than 4,more than 7,51 to 65,No,No,External,1 to 2,no change,1 vehicle,1996,Collision
12,3,5,Chevrolet,Rural,3,7,4,Male,Single,29,Policy Holder,Sedan - Collision,Sedan,20000 to 29000,0,13231,7,400,3,more than 30,more than 30,1,5 years,31 to 35,No,No,External,none,4 to 8 years,2 vehicles,1996,Collision
6,5,1,Pontiac,Urban,4,12,1,Male,Divorced,46,Policy Holder,Sedan - Collision,Sedan,20000 to 29000,1,13232,4,400,4,more than 30,more than 30,none,6 years,41 to 50,No,No,External,3 to 5,no change,1 vehicle,1996,Collision
12,2,5,Honda,Urban,2,7,4,Male,Single,34,Third Party,Sedan - All Perils,Sedan,30000 to 39000,0,13233,15,400,1,more than 30,more than 30,1,7 years,31 to 35,No,No,External,more than 5,no change,1 vehicle,1996,All Perils
6,5,7,Honda,Urban,5,9,1,Male,Married,43,Policy Holder,Sedan - Collision,Sedan,30000 to 39000,1,13234,12,400,1,more than 30,more than 30,more than 4,more than 7,36 to 40,No,No,External,more than 5,no change,1 vehicle,1996,Collision
9,3,1,Mazda,Urban,2,9,4,Male,Married,29,Policy Holder,Sedan - Liability,Sport,20000 to 29000,0,13235,6,400,3,8 to 15,more than 30,none,6 years,31 to 35,No,No,External,none,no change,1 vehicle,1996,Liability
9,3,4,Chevrolet,Urban,2,9,3,Male,Married,46,Policy Holder,Sedan - Collision,Sedan,20000 to 29000,0,13236,9,400,2,more than 30,more than 30,none,6 years,41 to 50,Yes,No,External,none,no change,1 vehicle,1996,Collision
9,3,5,Chevrolet,Urban,4,7,3,Female,Single,38,Third Party,Sedan - Liability,Sport,20000 to 29000,0,13237,1,400,4,more than 30,more than 30,2 to 4,more than 7,36 to 40,No,No,External,none,no change,1 vehicle,1996,Liability
6,5,4,Chevrolet,Urban,5,9,2,Male,Single,56,Third Party,Sedan - Collision,Sedan,20000 to 29000,0,13238,4,700,3,more than 30,more than 30,more than 4,more than 7,51 to 65,No,No,External,3 to 5,no change,1 vehicle,1996,Collision
9,3,7,Pontiac,Urban,5,9,3,Male,Married,57,Policy Holder,Sedan - Collision,Sedan,20000 to 29000,0,13239,16,400,3,more than 30,more than 30,1,more than 7,51 to 65,No,No,External,none,no change,1 vehicle,1996,Collision
9,2,5,Pontiac,Urban,1,11,3,Female,Single,29,Policy Holder,Sedan - Collision,Sedan,20000 to 29000,0,13240,16,400,3,more than 30,more than 30,1,5 years,31 to 35,No,No,External,none,no change,1 vehicle,1996,Collision
9,2,5,Honda,Urban,2,7,3,Male,Married,26,Policy Holder,Sedan - Collision,Sedan,20000 to 29000,0,13241,5,400,3,more than 30,more than 30,2 to 4,6 years,31 to 35,No,No,External,1 to 2,no change,1 vehicle,1996,Collision
6,5,4,Chevrolet,Urban,2,5,1,Male,Single,30,Policy Holder,Sedan - All Perils,Sedan,20000 to 29000,1,13242,4,400,3,more than 30,more than 30,1,7 years,31 to 35,No,No,External,more than 5,no change,1 vehicle,1996,All Perils
5,2,3,Toyota,Urban,4,5,3,Female,Single,34,Policy Holder,Sedan - Collision,Sedan,20000 to 29000,0,13243,8,400,3,more than 30,more than 30,more than 4,6 years,31 to 35,Yes,No,External,none,no change,1 vehicle,1996,Collision
5,2,5,Mazda,Urban,1,7,2,Male,Divorced,26,Policy Holder,Sedan - Collision,Sedan,20000 to 29000,0,13244,7,400,4,8 to 15,8 to 15,none,7 years,31 to 35,No,No,External,none,no change,3 to 4,1996,Collision
6,5,6,Pontiac,Urban,5,5,1,Male,Married,65,Third Party,Sedan - All Perils,Sedan,30000 to 39000,0,13245,9,400,3,more than 30,more than 30,2 to 4,7 years,51 to 65,No,No,External,3 to 5,no change,1 vehicle,1996,All Perils
5,1,5,Pontiac,Urban,3,7,2,Male,Single,32,Policy Holder,Sedan - Liability,Sport,20000 to 29000,0,13246,6,400,2,more than 30,more than 30,1,5 years,31 to 35,No,No,External,none,no change,1 vehicle,1996,Liability
6,5,5,Honda,Urban,3,7,1,Male,Married,59,Policy Holder,Sedan - Collision,Sedan,30000 to 39000,1,13247,11,400,3,more than 30,more than 30,2 to 4,more than 7,51 to 65,No,No,External,more than 5,no change,1 vehicle,1996,Collision
6,5,5,Mazda,Urban,1,4,1,Male,Single,27,Third Party,Sedan - Collision,Sedan,20000 to 29000,0,13248,7,400,2,more than 30,more than 30,2 to 4,6 years,31 to 35,No,No,External,3 to 5,no change,1 vehicle,1996,Collision
4,3,7,Chevrolet,Rural,1,12,3,Male,Single,27,Third Party,Sedan - Collision,Sedan,20000 to 29000,0,13249,6,400,3,more than 30,more than 30,1,5 years,31 to 35,No,No,External,1 to 2,no change,1 vehicle,1996,Collision
12,2,6,Mazda,Urban,2,7,2,Male,Married,67,Policy Holder,Sedan - Liability,Sport,30000 to 39000,0,13250,7,400,4,more than 30,more than 30,1,7 years,over 65,No,No,External,1 to 2,no change,1 vehicle,1996,Liability
7,1,2,Pontiac,Urban,4,11,2,Male,Single,26,Third Party,Sedan - Collision,Sedan,30000 to 39000,0,13251,11,400,3,more than 30,more than 30,more than 4,7 years,31 to 35,No,No,Internal,more than 5,no change,1 vehicle,1996,Collision
11,2,4,Honda,Urban,4,9,2,Male,Married,26,Third Party,Sedan - Collision,Sedan,30000 to 39000,0,13252,4,400,2,more than 30,more than 30,none,7 years,31 to 35,No,No,Internal,none,no change,1 vehicle,1996,Collision
9,5,4,Mazda,Urban,1,10,5,Female,Married,49,Policy Holder,Sedan - Liability,Sport,30000 to 39000,0,13253,15,400,3,more than 30,more than 30,1,7 years,41 to 50,No,No,External,more than 5,no change,1 vehicle,1996,Liability
9,5,2,Mercury,Urban,2,10,1,Female,Married,49,Policy Holder,Sedan - Collision,Sedan,more than 69000,0,13254,9,400,3,more than 30,more than 30,1,7 years,41 to 50,No,No,External,1 to 2,no change,1 vehicle,1996,Collision
9,4,4,Chevrolet,Urban,5,9,1,Male,Married,43,Policy Holder,Sedan - Liability,Sport,30000 to 39000,0,13255,9,400,2,more than 30,more than 30,none,7 years,36 to 40,No,No,External,none,no change,1 vehicle,1996,Liability
9,1,1,Toyota,Rural,1,7,1,Male,Single,31,Third Party,Sedan - Liability,Sport,20000 to 29000,0,13256,15,400,1,more than 30,more than 30,2 to 4,6 years,31 to 35,No,No,External,none,no change,1 vehicle,1996,Liability
7,1,3,Mazda,Urban,3,5,1,Male,Married,21,Policy Holder,Sedan - Collision,Sedan,30000 to 39000,0,13257,15,400,4,more than 30,more than 30,2 to 4,6 years,26 to 30,No,No,External,more than 5,no change,1 vehicle,1996,Collision
5,3,4,Pontiac,Urban,4,5,3,Male,Single,27,Policy Holder,Sedan - Liability,Sport,20000 to 29000,0,13258,8,400,2,more than 30,more than 30,2 to 4,6 years,31 to 35,No,No,External,more than 5,no change,1 vehicle,1996,Liability
5,1,3,Pontiac,Urban,4,5,1,Male,Married,45,Policy Holder,Sedan - Liability,Sport,more than 69000,0,13259,4,400,1,more than 30,more than 30,2 to 4,7 years,36 to 40,No,No,External,3 to 5,no change,1 vehicle,1996,Liability
5,1,5,Ford,Urban,1,3,2,Male,Single,29,Policy Holder,Sedan - All Perils,Sedan,60000 to 69000,0,13260,4,400,1,more than 30,more than 30,1,7 years,31 to 35,No,No,External,1 to 2,no change,1 vehicle,1996,All Perils
2,1,4,Honda,Urban,1,4,1,Male,Married,44,Policy Holder,Sedan - Liability,Sport,30000 to 39000,0,13261,12,500,3,more than 30,more than 30,2 to 4,7 years,36 to 40,No,No,External,3 to 5,2 to 3 years,1 vehicle,1996,Liability
4,3,7,Chevrolet,Urban,1,6,4,Male,Married,63,Policy Holder,Sedan - All Perils,Sedan,30000 to 39000,0,13262,14,400,3,more than 30,more than 30,2 to 4,more than 7,51 to 65,No,No,External,none,no change,1 vehicle,1996,All Perils
6,2,6,Toyota,Urban,2,7,2,Male,Married,36,Policy Holder,Sedan - Liability,Sport,30000 to 39000,0,13263,9,400,2,more than 30,more than 30,2 to 4,7 years,36 to 40,No,No,External,1 to 2,no change,1 vehicle,1996,Liability
7,1,5,Pontiac,Urban,1,2,2,Male,Single,22,Policy Holder,Sedan - All Perils,Sedan,less than 20000,1,13264,3,400,4,more than 30,more than 30,2 to 4,5 years,26 to 30,Yes,No,External,more than 5,no change,1 vehicle,1996,All Perils
2,4,5,Pontiac,Urban,3,7,5,Male,Married,58,Policy Holder,Sedan - Liability,Sport,30000 to 39000,0,13265,8,400,4,more than 30,more than 30,2 to 4,more than 7,51 to 65,No,No,External,1 to 2,no change,1 vehicle,1996,Liability
7,3,3,Toyota,Urban,1,8,3,Female,Married,52,Policy Holder,Sedan - All Perils,Sedan,less than 20000,0,13266,8,400,2,more than 30,more than 30,1,6 years,41 to 50,No,No,External,3 to 5,no change,1 vehicle,1996,All Perils
8,1,3,Honda,Urban,5,7,2,Female,Single,29,Third Party,Sedan - All Perils,Sedan,less than 20000,0,13267,5,400,4,more than 30,more than 30,none,6 years,31 to 35,No,No,External,none,no change,1 vehicle,1996,All Perils
7,3,3,Pontiac,Rural,4,11,4,Female,Widow,45,Policy Holder,Sedan - Collision,Sedan,less than 20000,0,13268,6,400,1,more than 30,more than 30,none,5 years,36 to 40,No,No,External,more than 5,no change,1 vehicle,1996,Collision
11,3,3,Mazda,Urban,5,6,3,Male,Married,51,Policy Holder,Sedan - Liability,Sport,20000 to 29000,0,13269,4,700,3,more than 30,more than 30,2 to 4,7 years,41 to 50,No,No,External,more than 5,no change,1 vehicle,1996,Liability
6,3,6,Toyota,Urban,4,3,5,Male,Married,52,Third Party,Sedan - All Perils,Sedan,20000 to 29000,0,13270,9,400,4,more than 30,more than 30,none,more than 7,41 to 50,No,No,External,more than 5,no change,1 vehicle,1996,All Perils
3,3,2,Honda,Urban,3,10,4,Male,Married,42,Policy Holder,Sedan - Liability,Sport,20000 to 29000,0,13271,5,400,1,more than 30,more than 30,2 to 4,7 years,36 to 40,No,No,External,none,no change,1 vehicle,1996,Liability
10,3,4,VW,Urban,4,11,3,Male,Married,53,Policy Holder,Sedan - Liability,Sport,40000 to 59000,0,13272,2,400,1,more than 30,more than 30,2 to 4,7 years,41 to 50,No,No,External,none,no change,1 vehicle,1996,Liability
11,4,7,Mazda,Urban,2,4,5,Female,Single,27,Policy Holder,Sedan - Liability,Sport,20000 to 29000,0,13273,7,400,4,more than 30,more than 30,2 to 4,6 years,31 to 35,No,No,External,1 to 2,4 to 8 years,2 vehicles,1996,Liability
4,1,2,Honda,Urban,3,5,1,Male,Married,37,Third Party,Sedan - Liability,Sport,20000 to 29000,0,13274,9,400,3,more than 30,more than 30,more than 4,7 years,36 to 40,No,No,External,none,no change,1 vehicle,1996,Liability
5,1,4,Pontiac,Urban,2,4,1,Male,Single,34,Policy Holder,Sedan - Collision,Sedan,30000 to 39000,0,13275,4,400,2,more than 30,more than 30,1,6 years,31 to 35,No,No,External,none,no change,1 vehicle,1996,Collision
4,2,1,VW,Urban,2,8,2,Male,Single,60,Third Party,Sedan - All Perils,Sedan,more than 69000,0,13276,8,400,1,more than 30,more than 30,none,more than 7,51 to 65,No,No,External,1 to 2,no change,1 vehicle,1996,All Perils
8,2,4,Pontiac,Urban,7,1,2,Male,Married,26,Policy Holder,Sedan - All Perils,Sedan,20000 to 29000,0,13277,9,400,2,more than 30,more than 30,2 to 4,6 years,31 to 35,No,No,External,3 to 5,no change,1 vehicle,1996,All Perils
12,3,1,Pontiac,Rural,3,7,1,Male,Married,54,Third Party,Sedan - Liability,Sport,20000 to 29000,0,13278,7,400,4,more than 30,more than 30,more than 4,more than 7,41 to 50,No,No,External,none,no change,1 vehicle,1996,Liability
7,1,1,Pontiac,Rural,3,8,2,Male,Single,34,Third Party,Sedan - All Perils,Sedan,20000 to 29000,0,13279,10,400,3,more than 30,more than 30,none,6 years,31 to 35,No,No,External,none,no change,1 vehicle,1996,All Perils
7,5,2,Mazda,Urban,3,7,1,Female,Single,24,Third Party,Sedan - All Perils,Sedan,20000 to 29000,0,13280,1,400,4,more than 30,more than 30,1,4 years,26 to 30,No,No,External,3 to 5,no change,1 vehicle,1996,All Perils
7,4,3,Chevrolet,Urban,4,1,4,Male,Married,41,Third Party,Sedan - Liability,Sport,30000 to 39000,0,13281,15,400,4,more than 30,more than 30,1,more than 7,36 to 40,No,No,Internal,more than 5,no change,1 vehicle,1996,Liability
1,2,1,Toyota,Urban,1,5,2,Male,Married,36,Policy Holder,Sedan - Liability,Sport,20000 to 29000,0,13282,1,400,3,more than 30,more than 30,more than 4,6 years,36 to 40,No,No,External,none,no change,1 vehicle,1996,Liability
5,4,3,Mazda,Urban,3,4,4,Male,Single,43,Policy Holder,Sedan - Liability,Sport,30000 to 39000,0,13283,8,400,3,more than 30,more than 30,more than 4,7 years,36 to 40,No,No,External,more than 5,no change,1 vehicle,1996,Liability
3,5,7,Mazda,Urban,1,4,1,Male,Married,37,Third Party,Sedan - Liability,Sport,20000 to 29000,0,13284,14,400,2,more than 30,more than 30,1,7 years,36 to 40,No,No,External,more than 5,no change,1 vehicle,1996,Liability
4,3,4,Pontiac,Urban,1,6,3,Male,Married,26,Policy Holder,Sedan - Collision,Sedan,30000 to 39000,0,13285,3,400,3,more than 30,more than 30,1,7 years,31 to 35,No,No,External,none,no change,3 to 4,1996,Collision
6,1,1,Mercury,Urban,2,5,1,Male,Married,47,Policy Holder,Utility - Collision,Utility,20000 to 29000,0,13286,12,400,4,more than 30,more than 30,more than 4,more than 7,41 to 50,No,No,External,none,no change,1 vehicle,1996,Collision
5,3,1,Mazda,Urban,3,5,3,Male,Married,34,Third Party,Sedan - Collision,Sedan,20000 to 29000,0,13287,6,400,3,more than 30,more than 30,none,7 years,31 to 35,No,No,External,none,1 year,1 vehicle,1996,Collision
5,3,5,Chevrolet,Urban,2,9,3,Male,Married,40,Third Party,Sedan - All Perils,Sedan,30000 to 39000,0,13288,11,400,2,more than 30,more than 30,none,5 years,36 to 40,No,No,External,more than 5,no change,1 vehicle,1996,All Perils
9,4,6,Honda,Urban,1,10,4,Male,Married,34,Policy Holder,Sedan - Collision,Sedan,20000 to 29000,0,13289,4,400,1,more than 30,more than 30,1,6 years,31 to 35,No,No,External,none,no change,1 vehicle,1996,Collision
9,4,1,Pontiac,Urban,3,11,1,Male,Married,41,Third Party,Sedan - Liability,Sport,20000 to 29000,0,13290,16,400,1,more than 30,more than 30,none,7 years,36 to 40,No,No,External,none,no change,1 vehicle,1996,Liability
11,5,6,Accura,Urban,1,11,5,Male,Married,31,Policy Holder,Sedan - All Perils,Sedan,30000 to 39000,0,13291,10,400,2,more than 30,more than 30,2 to 4,7 years,31 to 35,No,No,External,1 to 2,no change,1 vehicle,1996,All Perils
11,1,5,Mazda,Urban,5,11,5,Male,Married,54,Policy Holder,Sedan - Collision,Sedan,30000 to 39000,0,13292,6,400,3,more than 30,more than 30,2 to 4,more than 7,41 to 50,Yes,No,External,more than 5,no change,1 vehicle,1996,Collision
11,1,3,Mazda,Urban,4,1,2,Male,Single,30,Third Party,Sedan - Collision,Sedan,more than 69000,0,13293,4,400,2,more than 30,more than 30,2 to 4,6 years,31 to 35,No,No,External,more than 5,no change,1 vehicle,1996,Collision
12,5,1,Honda,Rural,1,1,1,Female,Single,28,Third Party,Sedan - Collision,Sedan,20000 to 29000,0,13294,7,400,2,more than 30,more than 30,2 to 4,5 years,31 to 35,No,Yes,External,none,4 to 8 years,2 vehicles,1996,Collision
12,4,4,Pontiac,Urban,4,3,1,Male,Married,74,Policy Holder,Sedan - Liability,Sport,more than 69000,0,13295,11,400,4,more than 30,more than 30,none,more than 7,over 65,No,No,External,none,no change,1 vehicle,1996,Liability
3,3,4,Pontiac,Urban,1,5,4,Male,Single,21,Policy Holder,Sedan - All Perils,Sedan,less than 20000,0,13296,4,400,3,more than 30,more than 30,none,3 years,26 to 30,No,No,External,more than 5,no change,1 vehicle,1996,All Perils
5,3,6,Toyota,Urban,1,5,4,Female,Married,47,Policy Holder,Sedan - Liability,Sport,more than 69000,0,13297,14,400,3,more than 30,more than 30,2 to 4,6 years,41 to 50,Yes,No,External,none,no change,1 vehicle,1996,Liability
5,2,1,Toyota,Urban,2,7,3,Male,Married,42,Policy Holder,Sedan - All Perils,Sedan,20000 to 29000,0,13298,8,400,3,more than 30,more than 30,1,7 years,36 to 40,No,No,External,none,no change,1 vehicle,1996,All Perils
7,1,1,Toyota,Urban,2,8,2,Male,Married,53,Policy Holder,Sedan - Liability,Sport,20000 to 29000,1,13299,13,400,3,more than 30,more than 30,2 to 4,7 years,41 to 50,No,No,External,1 to 2,no change,1 vehicle,1996,Liability
8,5,5,Honda,Urban,1,8,5,Female,Married,38,Policy Holder,Sedan - Liability,Sport,more than 69000,0,13300,4,400,2,more than 30,more than 30,none,3 years,36 to 40,No,No,External,none,no change,1 vehicle,1996,Liability
8,4,1,Toyota,Urban,5,11,5,Male,Married,39,Third Party,Sedan - Collision,Sedan,30000 to 39000,0,13301,14,400,2,more than 30,more than 30,more than 4,7 years,36 to 40,Yes,No,External,1 to 2,no change,1 vehicle,1996,Collision
11,2,5,VW,Urban,5,9,4,Male,Married,52,Policy Holder,Sedan - Collision,Sedan,40000 to 59000,0,13302,6,400,1,more than 30,more than 30,none,more than 7,41 to 50,No,No,External,none,no change,1 vehicle,1996,Collision
9,4,4,Pontiac,Urban,4,9,4,Male,Married,50,Policy Holder,Sedan - Collision,Sedan,30000 to 39000,0,13303,14,400,4,more than 30,more than 30,2 to 4,7 years,41 to 50,No,No,External,none,no change,1 vehicle,1996,Collision
9,4,5,Mazda,Urban,2,12,4,Male,Married,30,Policy Holder,Sedan - Liability,Sport,more than 69000,0,13304,16,400,4,more than 30,more than 30,none,6 years,31 to 35,No,No,Internal,none,no change,1 vehicle,1996,Liability
12,4,3,Honda,Urban,2,12,4,Male,Married,53,Policy Holder,Sedan - All Perils,Sedan,20000 to 29000,0,13305,9,400,2,more than 30,more than 30,none,more than 7,41 to 50,No,No,External,3 to 5,no change,1 vehicle,1996,All Perils
12,3,4,Pontiac,Urban,2,12,4,Male,Married,49,Policy Holder,Sedan - Collision,Sedan,30000 to 39000,0,13306,12,400,1,more than 30,more than 30,none,more than 7,41 to 50,No,No,External,none,no change,1 vehicle,1996,Collision
12,4,1,Mazda,Urban,4,12,4,Male,Married,59,Policy Holder,Sedan - All Perils,Sedan,20000 to 29000,0,13307,7,400,2,more than 30,more than 30,2 to 4,more than 7,51 to 65,No,No,External,none,no change,1 vehicle,1996,All Perils
12,1,6,Pontiac,Urban,1,9,2,Male,Married,46,Third Party,Sedan - Collision,Sedan,20000 to 29000,0,13308,13,400,2,more than 30,more than 30,more than 4,more than 7,41 to 50,No,No,External,3 to 5,no change,1 vehicle,1996,Collision
9,4,5,Toyota,Urban,1,9,4,Female,Married,53,Policy Holder,Sedan - Collision,Sedan,20000 to 29000,0,13309,12,400,2,more than 30,more than 30,none,7 years,41 to 50,No,No,External,none,no change,1 vehicle,1996,Collision
9,4,3,Chevrolet,Urban,3,5,4,Male,Married,49,Third Party,Sedan - Collision,Sedan,30000 to 39000,0,13310,4,400,1,more than 30,more than 30,none,7 years,41 to 50,Yes,No,Internal,none,no change,1 vehicle,1996,Collision
4,4,5,Toyota,Urban,3,4,2,Male,Single,18,Policy Holder,Sedan - Collision,Sedan,20000 to 29000,0,13311,11,400,1,more than 30,more than 30,more than 4,4 years,21 to 25,No,No,External,more than 5,no change,1 vehicle,1996,Collision
4,2,1,Toyota,Urban,4,7,2,Female,Single,32,Policy Holder,Sedan - All Perils,Sedan,20000 to 29000,0,13312,13,500,2,more than 30,more than 30,more than 4,6 years,31 to 35,No,No,External,none,2 to 3 years,1 vehicle,1996,All Perils
7,1,1,Pontiac,Urban,3,12,1,Male,Married,54,Policy Holder,Sedan - All Perils,Sedan,less than 20000,1,13313,3,400,4,more than 30,more than 30,2 to 4,more than 7,41 to 50,No,No,External,3 to 5,no change,1 vehicle,1996,All Perils
12,2,2,Pontiac,Urban,1,10,3,Female,Married,36,Third Party,Sedan - Collision,Sedan,20000 to 29000,0,13314,2,400,2,more than 30,more than 30,none,7 years,36 to 40,No,No,External,none,no change,1 vehicle,1996,Collision
10,4,4,Honda,Urban,3,9,5,Male,Single,42,Third Party,Sedan - Collision,Sedan,more than 69000,0,13315,7,400,1,more than 30,more than 30,none,new,36 to 40,No,No,External,none,4 to 8 years,2 vehicles,1996,Collision
9,4,3,Pontiac,Rural,3,9,5,Male,Married,46,Policy Holder,Sedan - All Perils,Sedan,less than 20000,0,13316,7,400,2,more than 30,more than 30,2 to 4,more than 7,41 to 50,No,No,External,none,no change,1 vehicle,1996,All Perils
8,5,2,Mazda,Urban,2,7,2,Male,Married,63,Third Party,Sedan - Liability,Sport,less than 20000,0,13317,7,400,2,more than 30,more than 30,2 to 4,more than 7,51 to 65,No,No,External,more than 5,no change,1 vehicle,1996,Liability
7,1,3,Pontiac,Urban,3,2,2,Female,Married,60,Third Party,Sedan - Collision,Sedan,30000 to 39000,0,13318,8,400,2,more than 30,more than 30,2 to 4,more than 7,51 to 65,No,No,External,3 to 5,no change,1 vehicle,1996,Collision
1,4,6,Honda,Urban,2,1,1,Male,Married,76,Third Party,Sport - Collision,Sport,more than 69000,0,13319,16,400,2,more than 30,more than 30,2 to 4,6 years,over 65,No,No,External,none,no change,1 vehicle,1996,Collision
7,1,7,Honda,Urban,2,1,1,Male,Single,0,Policy Holder,Sedan - All Perils,Sedan,more than 69000,0,13320,6,400,3,more than 30,more than 30,none,new,16 to 17,No,No,External,none,no change,1 vehicle,1996,All Perils
1,1,7,Mazda,Urban,2,3,1,Male,Married,54,Policy Holder,Sedan - Collision,Sedan,more than 69000,0,13321,13,400,1,more than 30,more than 30,none,more than 7,41 to 50,No,No,External,none,no change,1 vehicle,1996,Collision
3,1,3,Honda,Rural,4,7,2,Male,Married,32,Third Party,Sedan - All Perils,Sedan,20000 to 29000,0,13322,7,400,4,more than 30,more than 30,none,7 years,31 to 35,No,No,External,more than 5,no change,1 vehicle,1996,All Perils
7,1,6,Toyota,Urban,4,5,2,Male,Married,33,Third Party,Sedan - Collision,Sedan,20000 to 29000,0,13323,14,400,2,more than 30,more than 30,1,6 years,31 to 35,No,No,External,none,no change,1 vehicle,1996,Collision
4,1,6,Toyota,Rural,4,12,2,Male,Single,28,Policy Holder,Sedan - All Perils,Sedan,20000 to 29000,0,13324,16,400,2,more than 30,more than 30,none,7 years,31 to 35,No,No,External,none,no change,1 vehicle,1996,All Perils
11,2,5,Pontiac,Urban,3,12,4,Male,Married,76,Policy Holder,Sedan - Collision,Sedan,30000 to 39000,0,13325,3,400,3,more than 30,more than 30,2 to 4,more than 7,over 65,Yes,No,External,3 to 5,no change,1 vehicle,1996,Collision
11,1,7,Honda,Urban,2,1,4,Male,Single,73,Policy Holder,Sedan - Liability,Sport,20000 to 29000,0,13326,6,400,3,more than 30,more than 30,2 to 4,more than 7,over 65,No,No,External,more than 5,no change,3 to 4,1996,Liability
1,2,2,Honda,Urban,5,7,2,Female,Single,25,Policy Holder,Sedan - Collision,Sedan,20000 to 29000,0,13327,5,400,3,more than 30,more than 30,1,3 years,26 to 30,No,No,External,none,no change,1 vehicle,1996,Collision
7,1,3,Honda,Urban,2,7,2,Male,Married,69,Third Party,Sport - Collision,Sport,more than 69000,0,13328,8,400,2,more than 30,more than 30,2 to 4,more than 7,over 65,No,No,External,none,no change,1 vehicle,1996,Collision
7,1,5,Accura,Urban,2,9,2,Male,Married,43,Third Party,Sedan - Collision,Sedan,30000 to 39000,0,13329,13,400,4,more than 30,more than 30,none,more than 7,36 to 40,No,No,External,3 to 5,no change,1 vehicle,1996,Collision
9,3,6,Chevrolet,Rural,3,9,3,Male,Single,56,Third Party,Sedan - Collision,Sedan,30000 to 39000,0,13330,4,400,2,more than 30,more than 30,1,more than 7,51 to 65,No,No,External,more than 5,no change,1 vehicle,1996,Collision
9,3,3,Dodge,Urban,3,6,4,Male,Single,35,Policy Holder,Sedan - Collision,Sedan,30000 to 39000,0,13331,10,400,4,more than 30,more than 30,2 to 4,6 years,31 to 35,No,No,External,more than 5,no change,1 vehicle,1996,Collision
6,2,1,Toyota,Urban,1,5,2,Male,Single,38,Policy Holder,Sedan - Liability,Sport,20000 to 29000,0,13332,2,400,1,more than 30,more than 30,none,7 years,36 to 40,No,No,External,more than 5,no change,1 vehicle,1996,Liability
5,2,6,Mazda,Urban,1,5,3,Male,Married,32,Third Party,Sedan - All Perils,Sedan,20000 to 29000,0,13333,14,400,4,more than 30,more than 30,1,7 years,31 to 35,No,No,External,none,no change,1 vehicle,1996,All Perils
5,2,2,Pontiac,Urban,3,11,2,Male,Married,62,Third Party,Sedan - All Perils,Sedan,20000 to 29000,0,13334,11,400,4,more than 30,more than 30,none,more than 7,51 to 65,No,No,External,1 to 2,no change,1 vehicle,1996,All Perils
11,3,6,Mazda,Urban,3,9,3,Female,Single,26,Policy Holder,Sedan - Liability,Sport,20000 to 29000,0,13335,8,400,4,more than 30,more than 30,more than 4,6 years,31 to 35,No,No,External,none,no change,1 vehicle,1996,Liability
8,2,4,Pontiac,Urban,3,8,5,Male,Married,60,Policy Holder,Sedan - Collision,Sedan,20000 to 29000,0,13336,3,400,1,more than 30,more than 30,none,more than 7,51 to 65,No,No,External,none,4 to 8 years,2 vehicles,1996,Collision
8,2,6,Honda,Urban,4,11,3,Female,Married,23,Third Party,Sedan - Collision,Sedan,20000 to 29000,0,13337,6,400,2,more than 30,more than 30,2 to 4,5 years,26 to 30,No,No,External,none,no change,1 vehicle,1996,Collision
2,4,2,Honda,Urban,5,3,2,Male,Married,60,Policy Holder,Sedan - Collision,Sedan,20000 to 29000,0,13338,9,400,1,more than 30,more than 30,2 to 4,more than 7,51 to 65,No,No,External,none,no change,1 vehicle,1996,Collision
3,2,1,Pontiac,Urban,4,2,2,Male,Married,50,Policy Holder,Sedan - Liability,Sport,20000 to 29000,0,13339,10,400,3,more than 30,more than 30,more than 4,7 years,41 to 50,No,No,External,3 to 5,no change,1 vehicle,1996,Liability
2,2,3,Pontiac,Urban,4,7,2,Male,Married,34,Policy Holder,Sedan - Collision,Sedan,20000 to 29000,0,13340,14,400,2,more than 30,more than 30,1,6 years,31 to 35,No,No,External,none,no change,1 vehicle,1996,Collision
7,3,7,Pontiac,Urban,2,9,4,Male,Married,39,Policy Holder,Sedan - All Perils,Sedan,20000 to 29000,0,13341,4,400,4,more than 30,more than 30,none,6 years,36 to 40,No,No,External,none,no change,1 vehicle,1996,All Perils
9,1,2,Chevrolet,Urban,3,11,2,Male,Married,45,Policy Holder,Sedan - Liability,Sport,30000 to 39000,0,13342,4,400,1,more than 30,more than 30,2 to 4,more than 7,36 to 40,No,No,External,more than 5,no change,1 vehicle,1996,Liability
11,1,3,Pontiac,Urban,4,1,1,Female,Single,26,Policy Holder,Sedan - Liability,Sport,20000 to 29000,0,13343,7,400,1,more than 30,more than 30,2 to 4,6 years,31 to 35,No,No,External,1 to 2,no change,1 vehicle,1996,Liability
1,1,2,Pontiac,Urban,2,5,1,Male,Single,50,Policy Holder,Sedan - Liability,Sport,20000 to 29000,0,13344,1,400,1,more than 30,more than 30,more than 4,7 years,41 to 50,No,No,External,none,no change,1 vehicle,1996,Liability
5,3,6,Pontiac,Urban,1,5,3,Male,Married,51,Policy Holder,Sedan - Liability,Sport,30000 to 39000,0,13345,1,400,1,more than 30,more than 30,1,more than 7,41 to 50,No,No,External,3 to 5,no change,1 vehicle,1996,Liability
5,4,2,VW,Urban,3,9,5,Male,Married,38,Policy Holder,Sedan - Liability,Sport,30000 to 39000,0,13346,7,400,3,more than 30,more than 30,2 to 4,6 years,36 to 40,No,No,External,none,no change,1 vehicle,1996,Liability
9,3,6,Pontiac,Urban,3,10,3,Female,Married,38,Policy Holder,Sedan - Liability,Sport,30000 to 39000,0,13347,12,400,1,more than 30,more than 30,2 to 4,7 years,36 to 40,No,No,External,none,no change,1 vehicle,1996,Liability
9,5,7,Honda,Urban,2,10,3,Female,Married,45,Policy Holder,Sport - Collision,Sport,more than 69000,0,13348,6,400,2,none,more than 30,none,7 years,36 to 40,No,No,External,none,no change,1 vehicle,1996,Collision
10,4,2,Honda,Urban,2,12,4,Male,Married,38,Policy Holder,Sport - Collision,Sport,more than 69000,0,13349,9,400,3,more than 30,more than 30,1,7 years,36 to 40,No,No,External,3 to 5,no change,1 vehicle,1996,Collision
12,4,4,Honda,Urban,2,7,4,Female,Single,31,Policy Holder,Sedan - Liability,Sport,20000 to 29000,0,13350,9,400,4,more than 30,more than 30,more than 4,5 years,31 to 35,Yes,No,External,none,no change,1 vehicle,1996,Liability
7,1,2,Toyota,Urban,2,12,2,Male,Married,45,Policy Holder,Sedan - Collision,Sedan,less than 20000,1,13351,10,400,3,more than 30,more than 30,none,more than 7,36 to 40,No,No,External,none,no change,1 vehicle,1996,Collision
12,4,1,Toyota,Urban,3,12,4,Male,Single,33,Policy Holder,Sedan - Collision,Sedan,20000 to 29000,0,13352,14,400,2,more than 30,more than 30,none,6 years,31 to 35,No,No,External,none,no change,1 vehicle,1996,Collision
12,4,4,Chevrolet,Urban,3,7,4,Male,Married,49,Policy Holder,Sedan - Liability,Sport,20000 to 29000,0,13353,4,400,3,more than 30,more than 30,1,7 years,41 to 50,No,No,External,none,no change,1 vehicle,1996,Liability
7,1,2,Honda,Urban,3,10,2,Male,Married,32,Third Party,Sedan - All Perils,Sedan,20000 to 29000,0,13354,10,400,1,more than 30,more than 30,2 to 4,7 years,31 to 35,Yes,No,External,none,no change,1 vehicle,1996,All Perils
10,1,7,Ferrari,Rural,1,10,1,Male,Married,43,Policy Holder,Utility - Collision,Utility,40000 to 59000,0,13355,1,400,3,more than 30,more than 30,1,7 years,36 to 40,No,No,External,3 to 5,no change,1 vehicle,1996,Collision
10,1,7,Honda,Urban,5,10,1,Male,Married,34,Policy Holder,Sedan - Collision,Sedan,30000 to 39000,0,13356,1,400,2,more than 30,more than 30,none,7 years,31 to 35,No,No,External,none,no change,1 vehicle,1996,Collision
10,1,4,Honda,Rural,2,7,1,Male,Married,56,Third Party,Sedan - All Perils,Sedan,20000 to 29000,0,13357,11,400,2,more than 30,more than 30,1,more than 7,51 to 65,No,No,External,1 to 2,4 to 8 years,2 vehicles,1996,All Perils
7,1,6,Mazda,Urban,3,10,2,Male,Married,23,Third Party,Sport - Collision,Sport,more than 69000,0,13358,1,400,2,more than 30,more than 30,2 to 4,5 years,26 to 30,No,No,External,more than 5,no change,1 vehicle,1996,Collision
9,5,3,Pontiac,Urban,5,9,1,Male,Single,24,Third Party,Sedan - All Perils,Sedan,20000 to 29000,0,13359,10,400,4,more than 30,more than 30,2 to 4,5 years,26 to 30,No,No,External,3 to 5,no change,1 vehicle,1996,All Perils
9,4,4,Mazda,Urban,4,7,5,Male,Single,34,Policy Holder,Sedan - Collision,Sedan,less than 20000,0,13360,12,400,2,more than 30,more than 30,2 to 4,6 years,31 to 35,No,No,External,more than 5,no change,1 vehicle,1996,Collision
7,1,7,Honda,Urban,4,6,1,Male,Single,46,Policy Holder,Sport - Collision,Sport,more than 69000,1,13361,11,400,3,more than 30,more than 30,1,more than 7,41 to 50,No,No,External,none,no change,1 vehicle,1996,Collision
5,5,4,Mazda,Urban,5,5,1,Male,Married,43,Third Party,Sedan - All Perils,Sedan,30000 to 39000,0,13362,10,700,2,more than 30,more than 30,none,7 years,36 to 40,Yes,No,External,none,no change,1 vehicle,1996,All Perils
5,4,5,Mazda,Urban,5,5,4,Male,Single,33,Policy Holder,Sedan - Collision,Sedan,20000 to 29000,0,13363,15,500,4,more than 30,more than 30,none,7 years,31 to 35,No,No,External,none,2 to 3 years,1 vehicle,1996,Collision
5,4,7,Pontiac,Urban,2,5,4,Male,Married,38,Policy Holder,Sedan - Collision,Sedan,less than 20000,0,13364,9,400,4,more than 30,more than 30,none,7 years,36 to 40,No,No,External,1 to 2,no change,1 vehicle,1996,Collision
5,4,7,Mazda,Urban,4,1,4,Male,Married,47,Third Party,Sedan - Collision,Sedan,20000 to 29000,0,13365,10,400,3,more than 30,more than 30,1,7 years,41 to 50,No,Yes,External,none,no change,1 vehicle,1996,Collision
1,3,1,Mazda,Urban,4,1,3,Female,Married,42,Policy Holder,Sedan - Liability,Sport,30000 to 39000,0,13366,3,400,4,more than 30,more than 30,2 to 4,7 years,36 to 40,No,No,External,1 to 2,no change,1 vehicle,1996,Liability
1,1,6,Honda,Urban,5,12,3,Male,Married,35,Policy Holder,Sedan - Liability,Sport,30000 to 39000,0,13367,14,400,1,more than 30,more than 30,2 to 4,7 years,31 to 35,No,No,External,3 to 5,no change,3 to 4,1996,Liability
11,3,5,Honda,Urban,2,7,1,Male,Married,33,Third Party,Sedan - Liability,Sport,20000 to 29000,0,13368,9,400,4,more than 30,more than 30,2 to 4,7 years,31 to 35,No,No,External,3 to 5,no change,1 vehicle,1996,Liability
7,2,4,Pontiac,Urban,5,11,2,Male,Married,35,Third Party,Sedan - Collision,Sedan,30000 to 39000,0,13369,6,400,1,more than 30,more than 30,2 to 4,6 years,31 to 35,No,No,External,none,no change,1 vehicle,1996,Collision
11,3,6,Pontiac,Urban,2,9,3,Male,Married,30,Policy Holder,Sedan - Collision,Sedan,30000 to 39000,0,13370,14,400,1,more than 30,more than 30,2 to 4,7 years,31 to 35,No,No,External,more than 5,no change,1 vehicle,1996,Collision
9,1,5,Honda,Urban,1,8,1,Male,Single,27,Policy Holder,Sedan - Collision,Sedan,20000 to 29000,0,13371,16,400,4,more than 30,more than 30,1,6 years,31 to 35,No,No,External,none,no change,1 vehicle,1996,Collision
7,4,5,Pontiac,Urban,1,7,1,Male,Married,54,Policy Holder,Sedan - Collision,Sedan,40000 to 59000,0,13372,12,400,1,more than 30,more than 30,none,more than 7,41 to 50,No,No,External,more than 5,no change,1 vehicle,1996,Collision
7,2,1,Honda,Rural,1,3,2,Male,Married,47,Third Party,Sedan - Collision,Sedan,20000 to 29000,0,13373,15,400,3,more than 30,more than 30,2 to 4,more than 7,41 to 50,Yes,No,External,3 to 5,no change,1 vehicle,1996,Collision
3,3,1,Honda,Urban,2,3,3,Male,Married,41,Policy Holder,Sedan - Liability,Sport,30000 to 39000,0,13374,3,400,4,more than 30,more than 30,2 to 4,7 years,36 to 40,No,No,External,more than 5,no change,1 vehicle,1996,Liability
3,2,2,Mazda,Urban,3,4,2,Male,Married,33,Third Party,Sedan - Collision,Sedan,20000 to 29000,0,13375,3,400,2,more than 30,more than 30,2 to 4,7 years,31 to 35,No,No,External,3 to 5,no change,1 vehicle,1996,Collision
4,2,3,Saab,Urban,3,1,2,Male,Single,29,Third Party,Sedan - Collision,Sedan,30000 to 39000,0,13376,6,400,1,more than 30,more than 30,none,6 years,31 to 35,No,No,External,none,no change,1 vehicle,1996,Collision
1,3,4,Pontiac,Urban,3,1,3,Male,Married,55,Policy Holder,Sedan - All Perils,Sedan,less than 20000,0,13377,5,400,4,more than 30,more than 30,none,7 years,41 to 50,No,No,External,1 to 2,no change,1 vehicle,1996,All Perils
1,2,1,Mazda,Urban,3,5,3,Male,Married,40,Policy Holder,Sedan - Collision,Sedan,20000 to 29000,0,13378,13,400,2,more than 30,more than 30,1,more than 7,36 to 40,No,No,External,more than 5,1 year,2 vehicles,1996,Collision
5,2,5,Pontiac,Urban,1,6,4,Male,Married,44,Third Party,Sedan - All Perils,Sedan,less than 20000,0,13379,15,400,2,more than 30,more than 30,1,6 years,36 to 40,No,No,External,more than 5,no change,1 vehicle,1996,All Perils
6,3,7,Ford,Rural,4,10,3,Male,Married,65,Policy Holder,Sedan - Collision,Sedan,40000 to 59000,0,13380,7,400,1,more than 30,more than 30,2 to 4,more than 7,51 to 65,No,No,External,none,no change,1 vehicle,1996,Collision
10,1,5,Honda,Rural,5,9,4,Male,Married,68,Policy Holder,Sedan - Collision,Sedan,more than 69000,0,13381,3,400,3,more than 30,more than 30,1,more than 7,over 65,No,No,External,more than 5,no change,1 vehicle,1996,Collision
9,3,6,Chevrolet,Rural,1,10,4,Male,Married,26,Policy Holder,Sedan - Liability,Sport,20000 to 29000,0,13382,9,400,1,more than 30,more than 30,2 to 4,6 years,31 to 35,No,No,External,1 to 2,no change,1 vehicle,1996,Liability
10,5,7,Pontiac,Urban,2,1,5,Female,Single,42,Policy Holder,Sedan - Liability,Sport,20000 to 29000,0,13383,12,400,2,more than 30,more than 30,more than 4,more than 7,36 to 40,No,No,External,more than 5,no change,1 vehicle,1996,Liability
10,5,5,Toyota,Urban,1,4,4,Male,Single,26,Policy Holder,Sedan - All Perils,Sedan,20000 to 29000,0,13384,15,400,3,more than 30,more than 30,1,6 years,31 to 35,No,No,External,none,no change,1 vehicle,1996,All Perils
4,3,3,Honda,Urban,4,11,4,Male,Single,43,Policy Holder,Sedan - Collision,Sedan,20000 to 29000,0,13385,7,400,1,more than 30,more than 30,none,6 years,36 to 40,No,No,External,1 to 2,no change,1 vehicle,1996,Collision
11,3,6,Toyota,Rural,2,11,3,Female,Married,37,Third Party,Sedan - Collision,Sedan,20000 to 29000,0,13386,15,400,3,more than 30,more than 30,none,6 years,36 to 40,No,No,External,more than 5,no change,1 vehicle,1996,Collision
11,2,5,Honda,Rural,3,5,3,Male,Single,35,Policy Holder,Sedan - Collision,Sedan,30000 to 39000,0,13387,11,400,4,more than 30,more than 30,2 to 4,6 years,31 to 35,No,No,External,none,no change,1 vehicle,1996,Collision
4,5,5,Honda,Urban,1,7,1,Male,Married,38,Third Party,Sedan - Liability,Sport,30000 to 39000,0,13388,7,400,3,more than 30,more than 30,1,7 years,36 to 40,No,No,External,more than 5,no change,1 vehicle,1996,Liability
7,2,4,Ford,Urban,4,9,3,Male,Married,56,Third Party,Sedan - All Perils,Sedan,30000 to 39000,0,13389,7,400,4,more than 30,more than 30,1,more than 7,51 to 65,No,No,External,3 to 5,no change,1 vehicle,1996,All Perils
9,4,6,Toyota,Urban,1,11,4,Male,Single,52,Third Party,Sedan - All Perils,Sedan,less than 20000,0,13390,4,400,4,more than 30,more than 30,none,7 years,41 to 50,No,No,External,1 to 2,no change,1 vehicle,1996,All Perils
11,4,4,Pontiac,Urban,3,11,5,Male,Married,37,Policy Holder,Sedan - Liability,Sport,20000 to 29000,0,13391,5,400,2,more than 30,more than 30,2 to 4,7 years,36 to 40,No,No,External,3 to 5,no change,1 vehicle,1996,Liability
11,1,7,Pontiac,Urban,1,5,2,Male,Married,29,Policy Holder,Sedan - Liability,Sport,30000 to 39000,0,13392,7,400,4,more than 30,more than 30,2 to 4,6 years,31 to 35,No,No,External,none,no change,1 vehicle,1996,Liability
4,5,1,Pontiac,Urban,2,6,4,Male,Married,48,Policy Holder,Sedan - All Perils,Sedan,20000 to 29000,0,13393,1,700,3,more than 30,more than 30,none,more than 7,41 to 50,No,No,External,none,no change,1 vehicle,1996,All Perils
6,4,6,Pontiac,Urban,2,6,4,Male,Married,39,Policy Holder,Sedan - All Perils,Sedan,30000 to 39000,0,13394,15,400,3,more than 30,more than 30,more than 4,7 years,36 to 40,No,No,External,more than 5,no change,1 vehicle,1996,All Perils
6,4,6,Chevrolet,Urban,3,8,4,Male,Married,62,Third Party,Sedan - All Perils,Sedan,20000 to 29000,0,13395,7,400,4,more than 30,more than 30,2 to 4,more than 7,51 to 65,No,No,External,more than 5,no change,1 vehicle,1996,All Perils
7,2,6,Pontiac,Urban,2,8,1,Male,Single,35,Policy Holder,Sedan - All Perils,Sedan,less than 20000,1,13396,15,400,4,more than 30,more than 30,1,6 years,31 to 35,No,No,External,none,no change,1 vehicle,1996,All Perils
8,3,2,Mercury,Urban,3,11,4,Male,Married,75,Third Party,Sedan - All Perils,Sedan,less than 20000,0,13397,10,400,3,more than 30,more than 30,1,more than 7,over 65,No,No,External,3 to 5,no change,1 vehicle,1996,All Perils
11,3,6,Toyota,Urban,4,4,3,Male,Married,42,Policy Holder,Sedan - All Perils,Sedan,30000 to 39000,0,13398,14,400,3,more than 30,more than 30,none,7 years,36 to 40,No,No,External,none,no change,1 vehicle,1996,All Perils
4,4,1,Pontiac,Urban,2,5,5,Female,Single,41,Policy Holder,Sedan - Liability,Sport,30000 to 39000,0,13399,9,400,3,more than 30,more than 30,1,7 years,36 to 40,No,No,External,none,4 to 8 years,2 vehicles,1996,Liability
4,4,5,Honda,Urban,1,1,1,Male,Single,0,Policy Holder,Sedan - Collision,Sedan,more than 69000,0,13400,16,400,4,more than 30,more than 30,2 to 4,new,16 to 17,No,No,External,none,no change,1 vehicle,1996,Collision
1,3,1,Pontiac,Urban,2,6,4,Female,Single,43,Policy Holder,Sedan - Collision,Sedan,20000 to 29000,0,13401,11,400,3,more than 30,more than 30,none,7 years,36 to 40,No,No,External,more than 5,no change,1 vehicle,1996,Collision
6,2,4,Toyota,Urban,2,5,3,Male,Married,52,Policy Holder,Sedan - Liability,Sport,20000 to 29000,0,13402,11,400,3,more than 30,more than 30,2 to 4,7 years,41 to 50,No,No,External,more than 5,no change,1 vehicle,1996,Liability
5,2,6,Pontiac,Urban,1,7,4,Male,Married,61,Policy Holder,Sedan - Collision,Sedan,20000 to 29000,0,13403,13,400,4,more than 30,more than 30,none,more than 7,51 to 65,No,No,External,3 to 5,no change,1 vehicle,1996,Collision
7,2,3,Honda,Urban,5,4,2,Male,Single,43,Third Party,Sport - Collision,Sport,more than 69000,0,13404,1,400,4,more than 30,more than 30,2 to 4,7 years,36 to 40,No,No,External,none,no change,1 vehicle,1996,Collision
4,4,7,Mazda,Urban,1,7,5,Male,Single,33,Policy Holder,Sedan - Liability,Sport,20000 to 29000,0,13405,6,400,2,more than 30,more than 30,more than 4,6 years,31 to 35,No,No,External,none,no change,1 vehicle,1996,Liability
7,2,6,Mazda,Urban,3,9,3,Female,Married,64,Policy Holder,Sedan - Liability,Sport,20000 to 29000,0,13406,11,400,2,more than 30,more than 30,more than 4,7 years,51 to 65,No,No,External,none,no change,1 vehicle,1996,Liability
9,2,3,Pontiac,Urban,1,11,4,Female,Married,62,Policy Holder,Sedan - Collision,Sedan,less than 20000,0,13407,6,400,2,more than 30,more than 30,2 to 4,more than 7,51 to 65,No,No,External,1 to 2,no change,1 vehicle,1996,Collision
11,2,3,Mazda,Urban,4,10,3,Male,Married,35,Policy Holder,Sedan - Collision,Sedan,20000 to 29000,0,13408,1,400,4,more than 30,more than 30,1,6 years,31 to 35,No,No,External,more than 5,no change,3 to 4,1996,Collision
10,2,5,Mazda,Urban,1,7,2,Male,Married,30,Policy Holder,Sedan - Liability,Sport,20000 to 29000,0,13409,10,400,4,more than 30,more than 30,2 to 4,4 years,31 to 35,No,No,External,none,no change,1 vehicle,1996,Liability
7,2,6,Honda,Urban,3,7,2,Male,Married,60,Third Party,Sedan - All Perils,Sedan,30000 to 39000,0,13410,12,400,3,more than 30,more than 30,1,more than 7,51 to 65,No,No,External,1 to 2,no change,1 vehicle,1996,All Perils
6,3,7,Chevrolet,Urban,1,10,1,Male,Married,36,Policy Holder,Sedan - Collision,Sedan,20000 to 29000,0,13411,4,400,1,more than 30,more than 30,1,6 years,36 to 40,No,No,External,more than 5,no change,1 vehicle,1996,Collision
9,3,5,Honda,Urban,1,10,1,Male,Single,28,Third Party,Sedan - Liability,Sport,20000 to 29000,0,13412,12,400,1,more than 30,more than 30,2 to 4,6 years,31 to 35,No,No,Internal,none,no change,1 vehicle,1996,Liability
9,3,4,Mazda,Urban,4,11,1,Male,Married,42,Policy Holder,Sedan - Liability,Sport,20000 to 29000,0,13413,8,400,1,more than 30,more than 30,2 to 4,7 years,36 to 40,No,No,External,1 to 2,no change,1 vehicle,1996,Liability
11,1,5,Pontiac,Urban,2,12,2,Female,Married,37,Policy Holder,Sedan - Liability,Sport,20000 to 29000,0,13414,9,500,3,more than 30,more than 30,none,more than 7,36 to 40,No,No,External,more than 5,2 to 3 years,1 vehicle,1996,Liability
12,3,1,Chevrolet,Urban,2,12,4,Male,Married,51,Third Party,Sedan - Collision,Sedan,30000 to 39000,0,13415,15,400,2,more than 30,more than 30,more than 4,more than 7,41 to 50,Yes,No,External,more than 5,no change,1 vehicle,1996,Collision
12,2,2,Pontiac,Urban,3,5,2,Male,Single,36,Policy Holder,Sedan - Liability,Sport,20000 to 29000,0,13416,15,400,4,more than 30,more than 30,2 to 4,7 years,36 to 40,No,No,External,none,no change,1 vehicle,1996,Liability
5,4,3,Pontiac,Urban,3,12,4,Male,Married,36,Policy Holder,Sedan - Collision,Sedan,30000 to 39000,0,13417,9,400,2,more than 30,more than 30,2 to 4,7 years,36 to 40,No,No,External,more than 5,no change,1 vehicle,1996,Collision
10,2,5,Chevrolet,Rural,5,9,5,Male,Married,28,Policy Holder,Utility - All Perils,Utility,more than 69000,0,13418,6,400,4,more than 30,more than 30,2 to 4,6 years,31 to 35,No,No,External,3 to 5,no change,1 vehicle,1996,All Perils
9,5,1,Chevrolet,Urban,1,9,5,Male,Married,47,Policy Holder,Sedan - Liability,Sport,more than 69000,0,13419,12,400,4,more than 30,more than 30,more than 4,6 years,41 to 50,No,No,External,more than 5,no change,1 vehicle,1996,Liability
9,4,2,Honda,Urban,1,3,4,Male,Single,0,Policy Holder,Sedan - All Perils,Sedan,more than 69000,0,13420,7,400,3,more than 30,more than 30,more than 4,new,16 to 17,No,No,External,none,4 to 8 years,2 vehicles,1996,All Perils
3,4,1,Pontiac,Urban,5,11,4,Male,Married,35,Third Party,Sedan - Collision,Sedan,20000 to 29000,0,13421,2,400,2,more than 30,more than 30,more than 4,6 years,31 to 35,No,No,External,more than 5,no change,1 vehicle,1996,Collision
11,3,2,Honda,Urban,1,10,4,Male,Married,26,Policy Holder,Sedan - Liability,Sport,20000 to 29000,0,13422,6,400,2,more than 30,more than 30,2 to 4,6 years,31 to 35,No,No,External,3 to 5,no change,1 vehicle,1996,Liability
8,1,4,Mazda,Urban,4,4,1,Male,Single,55,Policy Holder,Sedan - Liability,Sport,20000 to 29000,0,13423,7,400,1,more than 30,more than 30,more than 4,7 years,41 to 50,No,No,External,1 to 2,no change,1 vehicle,1996,Liability
4,4,6,Mazda,Urban,4,6,5,Male,Married,74,Policy Holder,Sedan - Liability,Sport,20000 to 29000,0,13424,8,700,2,more than 30,more than 30,none,more than 7,over 65,No,No,External,more than 5,no change,1 vehicle,1996,Liability
4,3,1,Honda,Urban,5,7,1,Male,Married,54,Policy Holder,Sedan - Liability,Sport,20000 to 29000,0,13425,12,400,1,more than 30,more than 30,1,more than 7,41 to 50,No,No,External,more than 5,no change,1 vehicle,1996,Liability
7,2,6,Toyota,Urban,1,9,4,Female,Married,30,Policy Holder,Sedan - All Perils,Sedan,20000 to 29000,1,13426,7,400,1,more than 30,more than 30,1,6 years,31 to 35,No,No,External,none,no change,1 vehicle,1996,All Perils
9,1,2,Pontiac,Urban,2,12,1,Male,Married,48,Policy Holder,Sedan - All Perils,Sedan,30000 to 39000,0,13427,4,400,3,more than 30,more than 30,none,more than 7,41 to 50,No,No,External,none,no change,1 vehicle,1996,All Perils
12,4,7,Pontiac,Urban,4,12,4,Female,Married,33,Policy Holder,Sedan - Collision,Sedan,20000 to 29000,0,13428,8,400,3,more than 30,more than 30,1,6 years,31 to 35,No,No,External,more than 5,no change,1 vehicle,1996,Collision
11,4,3,Toyota,Urban,3,12,1,Male,Single,29,Policy Holder,Sedan - Liability,Sport,20000 to 29000,0,13429,11,400,4,more than 30,more than 30,2 to 4,6 years,31 to 35,No,No,External,1 to 2,no change,1 vehicle,1996,Liability
10,4,1,Pontiac,Urban,2,7,2,Male,Married,40,Policy Holder,Sedan - Collision,Sedan,20000 to 29000,0,13430,1,400,1,more than 30,more than 30,2 to 4,6 years,36 to 40,No,No,External,none,no change,1 vehicle,1996,Collision
7,2,6,Chevrolet,Rural,1,8,3,Male,Married,37,Third Party,Utility - Liability,Utility,more than 69000,0,13431,3,400,1,more than 30,more than 30,2 to 4,7 years,36 to 40,No,No,External,more than 5,no change,1 vehicle,1996,Liability
8,3,1,Pontiac,Urban,1,9,4,Female,Single,43,Policy Holder,Sedan - Collision,Sedan,20000 to 29000,0,13432,16,400,1,more than 30,more than 30,none,7 years,36 to 40,No,No,External,none,no change,1 vehicle,1996,Collision
8,1,7,Honda,Urban,2,4,1,Male,Single,30,Third Party,Sedan - Liability,Sport,more than 69000,0,13433,7,400,1,more than 30,more than 30,2 to 4,7 years,31 to 35,No,No,External,3 to 5,no change,1 vehicle,1996,Liability
4,2,6,Accura,Urban,5,7,2,Male,Married,60,Policy Holder,Sedan - Collision,Sedan,20000 to 29000,0,13434,14,400,1,more than 30,more than 30,2 to 4,more than 7,51 to 65,No,No,External,none,no change,1 vehicle,1996,Collision
7,1,4,Chevrolet,Urban,4,7,3,Female,Married,37,Policy Holder,Sedan - Liability,Sport,20000 to 29000,0,13435,14,400,2,more than 30,more than 30,2 to 4,7 years,36 to 40,No,No,External,1 to 2,no change,1 vehicle,1996,Liability
6,5,1,Saturn,Urban,1,7,1,Male,Married,38,Policy Holder,Sedan - Collision,Sedan,30000 to 39000,0,13436,4,400,2,more than 30,more than 30,none,7 years,36 to 40,No,No,External,3 to 5,no change,1 vehicle,1996,Collision
7,2,1,Mazda,Urban,2,7,3,Female,Widow,55,Third Party,Sedan - Collision,Sedan,30000 to 39000,0,13437,15,400,2,more than 30,more than 30,1,7 years,41 to 50,No,No,External,none,no change,1 vehicle,1996,Collision
7,2,5,Pontiac,Urban,1,12,2,Male,Single,34,Third Party,Sedan - All Perils,Sedan,20000 to 29000,0,13438,15,400,3,more than 30,more than 30,2 to 4,6 years,31 to 35,No,No,External,1 to 2,no change,1 vehicle,1996,All Perils
12,3,3,Pontiac,Urban,2,8,3,Male,Married,39,Policy Holder,Sedan - All Perils,Sedan,20000 to 29000,0,13439,13,400,3,more than 30,more than 30,none,7 years,36 to 40,No,No,External,none,no change,1 vehicle,1996,All Perils
8,2,4,Mazda,Urban,5,8,4,Male,Married,62,Third Party,Sedan - All Perils,Sedan,20000 to 29000,0,13440,7,400,1,more than 30,more than 30,none,more than 7,51 to 65,No,No,External,more than 5,no change,1 vehicle,1996,All Perils
6,2,2,Accura,Urban,1,6,3,Male,Single,38,Policy Holder,Sedan - All Perils,Sedan,more than 69000,0,13441,6,400,1,more than 30,more than 30,1,7 years,36 to 40,No,No,External,more than 5,4 to 8 years,2 vehicles,1996,All Perils
5,5,6,Toyota,Urban,2,8,1,Male,Married,56,Third Party,Sedan - All Perils,Sedan,20000 to 29000,0,13442,15,400,4,more than 30,more than 30,1,more than 7,51 to 65,No,No,External,1 to 2,no change,1 vehicle,1996,All Perils
8,2,1,Toyota,Urban,2,11,3,Male,Married,70,Third Party,Sedan - All Perils,Sedan,20000 to 29000,0,13443,10,400,4,more than 30,more than 30,1,more than 7,over 65,No,No,External,3 to 5,no change,1 vehicle,1996,All Perils
11,3,3,Honda,Urban,3,4,3,Male,Married,29,Policy Holder,Sedan - Liability,Sport,30000 to 39000,0,13444,5,400,2,more than 30,more than 30,2 to 4,7 years,31 to 35,No,No,External,1 to 2,no change,1 vehicle,1996,Liability
4,3,7,Mazda,Urban,1,10,4,Male,Married,37,Third Party,Sedan - Liability,Sport,20000 to 29000,0,13445,12,400,3,more than 30,more than 30,none,7 years,36 to 40,No,No,External,3 to 5,no change,1 vehicle,1996,Liability
10,2,5,Pontiac,Urban,5,10,2,Female,Married,35,Policy Holder,Sedan - Collision,Sedan,20000 to 29000,0,13446,14,400,1,more than 30,more than 30,2 to 4,6 years,31 to 35,No,No,External,3 to 5,no change,1 vehicle,1996,Collision
10,3,1,Ford,Urban,3,7,3,Male,Married,49,Policy Holder,Sedan - Liability,Sport,more than 69000,0,13447,5,400,4,more than 30,more than 30,more than 4,more than 7,41 to 50,No,No,External,more than 5,no change,1 vehicle,1996,Liability
7,2,2,Toyota,Urban,3,10,2,Male,Married,46,Policy Holder,Sedan - Liability,Sport,30000 to 39000,1,13448,1,400,1,more than 30,15 to 30,none,more than 7,41 to 50,Yes,No,External,none,no change,1 vehicle,1996,Liability
7,2,1,Toyota,Urban,5,6,4,Male,Married,55,Policy Holder,Sedan - Collision,Sedan,less than 20000,1,13449,1,400,1,none,more than 30,none,7 years,41 to 50,No,No,External,none,no change,3 to 4,1996,Collision
6,2,6,Chevrolet,Urban,5,6,3,Male,Married,52,Policy Holder,Sedan - Liability,Sport,30000 to 39000,0,13450,3,400,2,more than 30,more than 30,1,more than 7,41 to 50,No,No,External,3 to 5,no change,1 vehicle,1996,Liability
6,2,5,Pontiac,Urban,5,6,3,Male,Married,46,Policy Holder,Utility - All Perils,Utility,40000 to 59000,0,13451,12,400,2,more than 30,more than 30,2 to 4,7 years,41 to 50,No,No,External,none,no change,1 vehicle,1996,All Perils
6,2,5,Pontiac,Urban,5,6,2,Male,Married,43,Policy Holder,Sedan - Liability,Sport,20000 to 29000,0,13452,11,400,1,more than 30,more than 30,2 to 4,7 years,36 to 40,No,No,External,1 to 2,no change,1 vehicle,1996,Liability
6,2,2,Pontiac,Urban,4,7,2,Male,Married,43,Policy Holder,Sedan - Collision,Sedan,30000 to 39000,0,13453,14,400,4,more than 30,more than 30,2 to 4,more than 7,36 to 40,No,No,External,1 to 2,no change,1 vehicle,1996,Collision
7,2,5,Ford,Urban,3,8,2,Male,Single,26,Third Party,Sedan - Collision,Sedan,40000 to 59000,0,13454,8,400,1,more than 30,more than 30,1,6 years,31 to 35,No,No,Internal,none,no change,1 vehicle,1996,Collision
8,2,5,Saab,Urban,4,7,4,Male,Married,48,Policy Holder,Sedan - Collision,Sedan,30000 to 39000,0,13455,4,700,1,more than 30,more than 30,more than 4,more than 7,41 to 50,No,No,External,3 to 5,no change,1 vehicle,1996,Collision
7,3,4,Pontiac,Urban,1,7,4,Female,Married,50,Policy Holder,Sedan - Liability,Sport,30000 to 39000,0,13456,2,400,4,more than 30,more than 30,1,7 years,41 to 50,No,No,External,none,no change,1 vehicle,1996,Liability
6,3,1,Mazda,Urban,5,6,3,Male,Married,33,Policy Holder,Sedan - Collision,Sedan,30000 to 39000,0,13457,12,400,2,more than 30,more than 30,1,7 years,31 to 35,No,No,External,more than 5,no change,1 vehicle,1996,Collision
5,5,7,Pontiac,Urban,2,7,1,Female,Married,26,Third Party,Sedan - All Perils,Sedan,30000 to 39000,0,13458,3,400,4,more than 30,more than 30,1,7 years,31 to 35,No,No,External,1 to 2,no change,1 vehicle,1996,All Perils
7,3,7,Mazda,Urban,3,11,3,Male,Single,35,Policy Holder,Sedan - Collision,Sedan,20000 to 29000,0,13459,1,400,2,more than 30,more than 30,2 to 4,6 years,31 to 35,No,No,External,3 to 5,no change,1 vehicle,1996,Collision
10,5,1,Pontiac,Urban,1,11,1,Male,Married,34,Policy Holder,Sedan - Collision,Sedan,20000 to 29000,0,13460,2,400,2,more than 30,more than 30,more than 4,6 years,31 to 35,No,No,External,none,no change,1 vehicle,1996,Collision
10,5,5,VW,Urban,2,10,4,Male,Single,32,Third Party,Sedan - All Perils,Sedan,30000 to 39000,0,13461,7,400,1,more than 30,more than 30,1,6 years,31 to 35,No,No,External,none,no change,1 vehicle,1996,All Perils
10,3,1,Pontiac,Urban,2,1,3,Male,Single,45,Policy Holder,Sedan - All Perils,Sedan,20000 to 29000,0,13462,16,400,4,more than 30,more than 30,2 to 4,7 years,36 to 40,No,No,External,3 to 5,4 to 8 years,2 vehicles,1996,All Perils
1,3,4,Toyota,Urban,2,8,5,Male,Married,43,Policy Holder,Sedan - All Perils,Sedan,20000 to 29000,0,13463,9,400,2,more than 30,more than 30,2 to 4,7 years,36 to 40,No,No,External,none,no change,1 vehicle,1996,All Perils
6,5,2,Toyota,Urban,3,7,2,Male,Single,32,Policy Holder,Sedan - Liability,Sport,less than 20000,0,13464,1,400,3,more than 30,more than 30,2 to 4,6 years,31 to 35,No,No,External,more than 5,no change,1 vehicle,1996,Liability
7,2,4,Honda,Rural,5,8,3,Female,Married,47,Third Party,Sedan - Collision,Sedan,20000 to 29000,0,13465,4,500,2,none,15 to 30,1,7 years,41 to 50,No,No,External,none,2 to 3 years,1 vehicle,1996,Collision
8,3,7,Pontiac,Rural,3,12,3,Male,Married,43,Third Party,Sedan - All Perils,Sedan,20000 to 29000,0,13466,16,400,4,more than 30,more than 30,1,7 years,36 to 40,No,No,External,none,no change,1 vehicle,1996,All Perils
12,1,3,Pontiac,Urban,5,12,2,Male,Married,34,Policy Holder,Sedan - Collision,Sedan,20000 to 29000,0,13467,8,400,4,more than 30,more than 30,1,7 years,31 to 35,No,No,External,1 to 2,no change,1 vehicle,1996,Collision
11,5,7,Pontiac,Urban,2,11,1,Male,Married,44,Policy Holder,Sedan - Liability,Sport,20000 to 29000,0,13468,11,400,1,more than 30,more than 30,more than 4,7 years,36 to 40,No,No,External,1 to 2,no change,1 vehicle,1996,Liability
11,4,3,Mazda,Urban,3,12,5,Male,Married,59,Policy Holder,Sedan - Collision,Sedan,30000 to 39000,0,13469,12,400,3,more than 30,more than 30,2 to 4,7 years,51 to 65,No,No,External,1 to 2,1 year,1 vehicle,1996,Collision
12,2,3,Mazda,Urban,4,12,2,Male,Married,41,Policy Holder,Sedan - Collision,Sedan,30000 to 39000,0,13470,1,400,3,more than 30,more than 30,2 to 4,7 years,36 to 40,No,No,Internal,3 to 5,no change,1 vehicle,1996,Collision
12,5,5,Toyota,Urban,2,6,5,Male,Single,66,Third Party,Sedan - Collision,Sedan,20000 to 29000,0,13471,14,400,2,more than 30,more than 30,1,7 years,over 65,No,No,External,none,no change,1 vehicle,1996,Collision
6,1,3,Mazda,Urban,1,6,1,Male,Married,64,Third Party,Sport - Collision,Sport,more than 69000,0,13472,15,400,3,more than 30,more than 30,none,more than 7,51 to 65,No,No,External,none,no change,1 vehicle,1996,Collision
5,5,5,Dodge,Urban,4,10,2,Male,Married,39,Policy Holder,Sedan - Liability,Sport,30000 to 39000,0,13473,15,400,2,more than 30,more than 30,none,more than 7,36 to 40,Yes,No,External,3 to 5,no change,1 vehicle,1996,Liability
10,2,7,Chevrolet,Urban,1,10,3,Male,Married,53,Policy Holder,Sedan - Liability,Sport,30000 to 39000,0,13474,13,400,2,more than 30,more than 30,none,more than 7,41 to 50,No,No,External,none,no change,1 vehicle,1996,Liability
10,3,4,Mazda,Urban,5,1,3,Female,Single,35,Policy Holder,Sedan - Liability,Sport,20000 to 29000,0,13475,1,400,1,more than 30,more than 30,more than 4,6 years,31 to 35,No,No,External,more than 5,no change,1 vehicle,1996,Liability
1,1,3,Ford,Urban,2,7,3,Female,Single,33,Third Party,Sedan - All Perils,Sedan,less than 20000,0,13476,12,400,4,more than 30,more than 30,2 to 4,7 years,31 to 35,No,No,External,none,no change,1 vehicle,1996,All Perils
7,2,2,Honda,Urban,5,6,4,Male,Single,27,Third Party,Sedan - Collision,Sedan,30000 to 39000,0,13477,16,400,4,more than 30,more than 30,none,7 years,31 to 35,No,No,External,none,no change,1 vehicle,1996,Collision
7,1,2,Pontiac,Urban,3,6,2,Male,Married,49,Policy Holder,Sedan - All Perils,Sedan,20000 to 29000,0,13478,6,400,3,more than 30,more than 30,2 to 4,6 years,41 to 50,Yes,No,External,more than 5,no change,1 vehicle,1996,All Perils
6,5,1,Chevrolet,Urban,3,6,5,Female,Single,35,Policy Holder,Sedan - Collision,Sedan,20000 to 29000,0,13479,11,400,1,more than 30,more than 30,2 to 4,6 years,31 to 35,No,No,External,none,no change,1 vehicle,1996,Collision
6,4,5,Mazda,Urban,1,9,5,Male,Married,55,Policy Holder,Sedan - Liability,Sport,20000 to 29000,0,13480,11,400,4,more than 30,more than 30,2 to 4,more than 7,41 to 50,No,No,External,1 to 2,no change,1 vehicle,1996,Liability
9,2,5,Chevrolet,Urban,5,7,4,Male,Married,50,Policy Holder,Sedan - All Perils,Sedan,20000 to 29000,0,13481,11,400,1,more than 30,more than 30,2 to 4,more than 7,41 to 50,No,No,External,none,no change,1 vehicle,1996,All Perils
7,5,2,Honda,Urban,2,11,5,Male,Married,37,Policy Holder,Sedan - Collision,Sedan,20000 to 29000,0,13482,1,400,2,more than 30,more than 30,none,7 years,36 to 40,No,No,External,1 to 2,no change,1 vehicle,1996,Collision
11,2,4,Dodge,Urban,2,11,2,Female,Married,28,Policy Holder,Sedan - Collision,Sedan,20000 to 29000,0,13483,6,400,3,more than 30,more than 30,none,6 years,31 to 35,No,No,External,more than 5,4 to 8 years,2 vehicles,1996,Collision
10,2,2,Saab,Urban,2,1,2,Male,Married,28,Policy Holder,Sedan - All Perils,Sedan,30000 to 39000,0,13484,11,400,3,more than 30,more than 30,none,6 years,31 to 35,No,No,External,none,no change,1 vehicle,1996,All Perils
1,4,2,Pontiac,Urban,3,12,4,Male,Married,44,Policy Holder,Sedan - Collision,Sedan,20000 to 29000,0,13485,4,400,2,more than 30,more than 30,none,7 years,36 to 40,No,No,External,none,no change,1 vehicle,1996,Collision
12,3,6,Pontiac,Rural,2,6,4,Male,Married,63,Third Party,Sedan - Collision,Sedan,20000 to 29000,0,13486,3,700,4,more than 30,more than 30,none,more than 7,51 to 65,No,No,External,3 to 5,no change,1 vehicle,1996,Collision
6,1,3,Dodge,Urban,4,5,1,Female,Married,27,Policy Holder,Sedan - Collision,Sedan,20000 to 29000,0,13487,16,400,1,more than 30,more than 30,none,6 years,31 to 35,No,No,External,none,no change,1 vehicle,1996,Collision
5,2,3,Pontiac,Urban,1,7,2,Male,Single,24,Policy Holder,Sedan - Liability,Sport,20000 to 29000,0,13488,5,400,4,more than 30,more than 30,1,5 years,26 to 30,No,No,External,1 to 2,no change,1 vehicle,1996,Liability
7,2,3,Pontiac,Urban,1,4,3,Female,Single,27,Policy Holder,Sedan - Collision,Sedan,20000 to 29000,1,13489,2,400,1,more than 30,more than 30,none,6 years,31 to 35,No,No,External,none,no change,1 vehicle,1996,Collision
3,2,2,Honda,Rural,4,2,3,Male,Single,0,Policy Holder,Sedan - Collision,Sedan,more than 69000,0,13490,15,400,2,more than 30,more than 30,1,new,16 to 17,No,No,External,none,no change,3 to 4,1996,Collision
1,5,1,Pontiac,Urban,3,11,1,Male,Single,37,Policy Holder,Sedan - All Perils,Sedan,20000 to 29000,0,13491,5,400,4,more than 30,more than 30,1,7 years,36 to 40,No,No,External,1 to 2,no change,1 vehicle,1996,All Perils
10,5,3,Pontiac,Urban,1,11,1,Male,Married,49,Policy Holder,Sedan - All Perils,Sedan,20000 to 29000,0,13492,4,400,1,more than 30,more than 30,1,more than 7,41 to 50,No,No,External,more than 5,no change,1 vehicle,1996,All Perils
11,1,7,Pontiac,Urban,3,11,4,Male,Married,28,Policy Holder,Sedan - All Perils,Sedan,20000 to 29000,0,13493,11,400,4,more than 30,more than 30,2 to 4,6 years,31 to 35,No,No,External,1 to 2,no change,1 vehicle,1996,All Perils
9,1,7,Honda,Urban,5,1,1,Male,Married,29,Policy Holder,Sedan - Liability,Sport,30000 to 39000,0,13494,9,400,2,more than 30,more than 30,2 to 4,5 years,31 to 35,No,No,External,none,no change,1 vehicle,1996,Liability
1,1,4,Pontiac,Urban,5,7,3,Female,Single,34,Third Party,Sedan - All Perils,Sedan,less than 20000,0,13495,11,400,4,more than 30,more than 30,none,5 years,31 to 35,No,No,External,more than 5,no change,1 vehicle,1996,All Perils
5,4,7,Toyota,Urban,1,10,5,Male,Married,34,Policy Holder,Sedan - All Perils,Sedan,20000 to 29000,0,13496,3,400,3,more than 30,more than 30,none,5 years,31 to 35,No,No,External,none,no change,1 vehicle,1996,All Perils
10,1,4,Mercury,Urban,2,10,2,Female,Single,28,Policy Holder,Sedan - All Perils,Sedan,20000 to 29000,0,13497,3,400,4,more than 30,more than 30,2 to 4,6 years,31 to 35,No,No,External,1 to 2,no change,1 vehicle,1996,All Perils
10,1,3,Mazda,Urban,2,9,3,Male,Divorced,31,Third Party,Sport - Collision,Sport,more than 69000,0,13498,15,400,1,more than 30,more than 30,none,7 years,31 to 35,No,No,External,none,no change,1 vehicle,1996,Collision
9,3,4,Chevrolet,Urban,4,2,4,Male,Married,65,Policy Holder,Sedan - Liability,Sport,20000 to 29000,0,13499,1,400,2,more than 30,more than 30,2 to 4,more than 7,51 to 65,No,No,External,more than 5,no change,1 vehicle,1996,Liability
2,1,4,Honda,Urban,5,2,1,Male,Single,27,Third Party,Sedan - Collision,Sedan,20000 to 29000,0,13500,14,400,1,more than 30,more than 30,1,7 years,31 to 35,No,No,External,more than 5,no change,1 vehicle,1996,Collision
2,1,1,Mazda,Urban,3,11,1,Male,Married,48,Third Party,Sedan - Liability,Sport,30000 to 39000,0,13501,2,400,4,more than 30,more than 30,1,more than 7,41 to 50,No,No,External,more than 5,no change,1 vehicle,1996,Liability
11,4,4,VW,Urban,4,7,4,Female,Single,41,Policy Holder,Sedan - Liability,Sport,more than 69000,0,13502,13,400,3,more than 30,more than 30,2 to 4,6 years,36 to 40,No,No,External,1 to 2,no change,1 vehicle,1996,Liability
7,4,4,Mazda,Urban,3,6,4,Male,Married,37,Third Party,Sedan - Liability,Sport,30000 to 39000,0,13503,8,400,4,more than 30,more than 30,2 to 4,more than 7,36 to 40,No,No,External,more than 5,no change,1 vehicle,1996,Liability
6,4,4,Honda,Urban,5,10,5,Male,Married,49,Policy Holder,Sedan - Liability,Sport,more than 69000,0,13504,13,400,2,more than 30,more than 30,2 to 4,5 years,41 to 50,No,No,External,none,4 to 8 years,2 vehicles,1996,Liability
10,3,5,Pontiac,Rural,2,1,4,Female,Single,29,Third Party,Sedan - Collision,Sedan,20000 to 29000,0,13505,15,400,4,more than 30,more than 30,1,4 years,31 to 35,No,Yes,External,1 to 2,no change,1 vehicle,1996,Collision
1,4,5,Mazda,Urban,5,8,5,Male,Married,33,Third Party,Sedan - Liability,Sport,30000 to 39000,0,13506,1,400,1,more than 30,more than 30,2 to 4,7 years,31 to 35,No,No,External,1 to 2,no change,1 vehicle,1996,Liability
7,5,4,Chevrolet,Urban,3,7,2,Female,Married,27,Policy Holder,Sedan - Collision,Sedan,20000 to 29000,0,13507,15,400,1,more than 30,more than 30,1,6 years,31 to 35,No,No,External,1 to 2,no change,1 vehicle,1996,Collision
7,2,2,Toyota,Urban,4,5,4,Male,Married,54,Third Party,Sedan - Collision,Sedan,20000 to 29000,0,13508,14,400,1,more than 30,more than 30,1,more than 7,41 to 50,No,No,External,none,no change,1 vehicle,1996,Collision
5,1,1,Pontiac,Urban,1,4,1,Female,Single,32,Policy Holder,Sedan - Liability,Sport,20000 to 29000,0,13509,13,400,2,more than 30,more than 30,1,4 years,31 to 35,No,No,External,none,no change,1 vehicle,1996,Liability
4,4,4,Honda,Rural,5,10,4,Female,Single,22,Policy Holder,Sedan - Liability,Sport,20000 to 29000,0,13510,10,400,2,more than 30,more than 30,2 to 4,5 years,26 to 30,No,No,External,1 to 2,no change,1 vehicle,1996,Liability
10,2,4,Mazda,Urban,5,10,2,Male,Single,29,Third Party,Sedan - Liability,Sport,20000 to 29000,0,13511,9,400,1,more than 30,more than 30,2 to 4,6 years,31 to 35,Yes,No,External,none,no change,1 vehicle,1996,Liability
10,2,1,Pontiac,Urban,1,10,2,Male,Single,25,Policy Holder,Sedan - Liability,Sport,20000 to 29000,0,13512,8,400,3,more than 30,more than 30,none,4 years,26 to 30,No,No,External,more than 5,no change,1 vehicle,1996,Liability
10,2,2,Mazda,Urban,3,10,2,Male,Married,34,Third Party,Sedan - All Perils,Sedan,30000 to 39000,0,13513,15,400,1,more than 30,more than 30,1,5 years,31 to 35,No,No,External,none,no change,1 vehicle,1996,All Perils
10,2,4,Accura,Urban,5,5,2,Male,Married,28,Policy Holder,Sedan - Collision,Sedan,30000 to 39000,0,13514,15,400,2,more than 30,more than 30,2 to 4,6 years,31 to 35,No,No,Internal,3 to 5,no change,1 vehicle,1996,Collision
5,1,5,Pontiac,Urban,2,10,1,Female,Married,65,Policy Holder,Sedan - Liability,Sport,20000 to 29000,0,13515,13,400,4,more than 30,more than 30,1,more than 7,51 to 65,No,No,External,none,no change,1 vehicle,1996,Liability
9,5,2,Toyota,Urban,3,2,1,Male,Married,36,Policy Holder,Sedan - Liability,Sport,more than 69000,0,13516,6,500,4,more than 30,more than 30,2 to 4,7 years,36 to 40,No,No,External,more than 5,2 to 3 years,1 vehicle,1996,Liability
2,3,4,Toyota,Urban,1,7,3,Male,Married,33,Third Party,Sedan - Liability,Sport,30000 to 39000,0,13517,10,400,1,more than 30,more than 30,2 to 4,6 years,31 to 35,No,No,External,none,no change,1 vehicle,1996,Liability
7,2,2,Mazda,Urban,4,1,3,Male,Single,37,Policy Holder,Sport - Collision,Sport,more than 69000,1,13518,16,400,1,more than 30,more than 30,none,more than 7,36 to 40,No,No,External,more than 5,no change,1 vehicle,1996,Collision
1,2,1,Pontiac,Urban,4,11,2,Male,Married,47,Third Party,Sedan - Liability,Sport,20000 to 29000,0,13519,12,400,4,more than 30,more than 30,none,more than 7,41 to 50,No,No,External,more than 5,no change,1 vehicle,1996,Liability
10,4,2,Toyota,Urban,5,10,1,Male,Married,64,Policy Holder,Sedan - Collision,Sedan,20000 to 29000,0,13520,3,400,1,more than 30,more than 30,none,more than 7,51 to 65,No,No,External,3 to 5,no change,1 vehicle,1996,Collision
10,1,1,Toyota,Urban,2,9,2,Male,Married,28,Policy Holder,Sedan - Liability,Sport,20000 to 29000,0,13521,7,400,3,more than 30,more than 30,2 to 4,6 years,31 to 35,No,No,External,none,no change,1 vehicle,1996,Liability
9,4,5,Chevrolet,Urban,5,9,4,Male,Married,34,Third Party,Sedan - All Perils,Sedan,20000 to 29000,0,13522,9,400,4,more than 30,more than 30,2 to 4,7 years,31 to 35,No,No,External,1 to 2,no change,1 vehicle,1996,All Perils
7,3,6,Ford,Urban,3,10,1,Male,Married,30,Policy Holder,Sedan - Collision,Sedan,40000 to 59000,1,13523,16,400,1,more than 30,more than 30,2 to 4,7 years,31 to 35,No,No,External,more than 5,no change,1 vehicle,1996,Collision
8,2,2,Chevrolet,Urban,1,6,2,Female,Single,32,Policy Holder,Sedan - All Perils,Sedan,20000 to 29000,0,13524,5,400,2,more than 30,more than 30,1,3 years,31 to 35,No,No,External,3 to 5,no change,1 vehicle,1996,All Perils
6,1,4,Mazda,Urban,4,6,2,Male,Married,35,Third Party,Sedan - All Perils,Sedan,20000 to 29000,0,13525,9,400,1,more than 30,more than 30,2 to 4,7 years,31 to 35,No,No,External,more than 5,4 to 8 years,2 vehicles,1996,All Perils
6,2,2,Chevrolet,Urban,3,11,2,Male,Married,26,Policy Holder,Sedan - All Perils,Sedan,30000 to 39000,0,13526,6,400,4,more than 30,more than 30,2 to 4,7 years,31 to 35,No,No,External,more than 5,no change,1 vehicle,1996,All Perils
11,4,5,VW,Urban,1,7,4,Female,Divorced,46,Policy Holder,Sedan - Liability,Sport,more than 69000,0,13527,2,400,2,more than 30,more than 30,2 to 4,6 years,41 to 50,No,No,External,none,no change,1 vehicle,1996,Liability
7,3,4,Toyota,Urban,2,1,4,Male,Married,48,Third Party,Sedan - All Perils,Sedan,20000 to 29000,0,13528,12,400,1,more than 30,more than 30,none,7 years,41 to 50,No,No,External,none,no change,1 vehicle,1996,All Perils
1,3,6,Toyota,Urban,3,3,4,Male,Single,29,Policy Holder,Sedan - Collision,Sedan,less than 20000,0,13529,2,400,4,more than 30,more than 30,2 to 4,7 years,31 to 35,No,No,External,3 to 5,no change,1 vehicle,1996,Collision
3,1,1,Mazda,Urban,1,1,3,Male,Married,45,Third Party,Sport - Collision,Sport,more than 69000,0,13530,7,400,1,more than 30,more than 30,none,more than 7,36 to 40,No,No,External,none,no change,1 vehicle,1996,Collision
1,5,3,Mazda,Urban,4,6,5,Male,Single,30,Policy Holder,Sedan - Collision,Sedan,20000 to 29000,0,13531,9,400,2,more than 30,more than 30,2 to 4,5 years,31 to 35,No,No,External,more than 5,no change,3 to 4,1996,Collision
6,2,6,Chevrolet,Urban,5,10,2,Male,Single,59,Third Party,Sedan - All Perils,Sedan,20000 to 29000,0,13532,4,400,4,more than 30,more than 30,2 to 4,more than 7,51 to 65,No,No,External,3 to 5,no change,1 vehicle,1996,All Perils
10,3,3,VW,Urban,3,3,3,Male,Married,45,Policy Holder,Sedan - Collision,Sedan,20000 to 29000,0,13533,14,400,2,more than 30,more than 30,none,6 years,36 to 40,No,No,External,none,no change,1 vehicle,1996,Collision
3,3,5,Honda,Urban,1,7,3,Male,Married,44,Policy Holder,Sedan - Liability,Sport,20000 to 29000,0,13534,13,400,1,more than 30,more than 30,none,6 years,36 to 40,No,No,External,3 to 5,no change,1 vehicle,1996,Liability
7,3,2,Chevrolet,Urban,3,2,3,Male,Married,60,Policy Holder,Sedan - Collision,Sedan,20000 to 29000,1,13535,9,400,3,more than 30,more than 30,2 to 4,7 years,51 to 65,No,No,External,3 to 5,no change,1 vehicle,1996,Collision
2,4,6,Honda,Urban,5,2,4,Male,Married,37,Third Party,Sedan - Collision,Sedan,20000 to 29000,0,13536,3,400,3,more than 30,more than 30,none,more than 7,36 to 40,No,No,External,more than 5,no change,1 vehicle,1996,Collision
1,5,6,Honda,Urban,1,1,1,Male,Married,52,Policy Holder,Sedan - All Perils,Sedan,20000 to 29000,0,13537,10,400,4,more than 30,more than 30,none,more than 7,41 to 50,No,No,External,3 to 5,no change,1 vehicle,1996,All Perils
1,5,4,Chevrolet,Urban,4,2,5,Female,Married,48,Policy Holder,Sedan - All Perils,Sedan,20000 to 29000,0,13538,9,400,4,more than 30,more than 30,none,more than 7,41 to 50,No,No,External,1 to 2,no change,1 vehicle,1996,All Perils
1,4,4,Toyota,Urban,3,2,2,Male,Married,58,Policy Holder,Sedan - All Perils,Sedan,20000 to 29000,0,13539,2,400,3,more than 30,more than 30,none,more than 7,51 to 65,No,No,External,none,no change,1 vehicle,1996,All Perils
1,4,4,Toyota,Urban,5,1,1,Male,Married,37,Third Party,Sedan - All Perils,Sedan,20000 to 29000,0,13540,11,400,2,more than 30,more than 30,none,7 years,36 to 40,No,No,External,3 to 5,no change,1 vehicle,1996,All Perils
1,4,6,Pontiac,Urban,1,7,4,Male,Married,29,Third Party,Sedan - All Perils,Sedan,less than 20000,0,13541,9,400,2,more than 30,more than 30,none,7 years,31 to 35,No,No,External,none,no change,1 vehicle,1996,All Perils
7,3,6,Mazda,Rural,1,1,4,Female,Married,41,Third Party,Sedan - Collision,Sedan,30000 to 39000,0,13542,1,400,3,more than 30,more than 30,1,7 years,36 to 40,No,No,External,none,no change,1 vehicle,1996,Collision
1,4,4,Mazda,Rural,5,1,4,Male,Married,36,Policy Holder,Sedan - Liability,Sport,20000 to 29000,0,13543,13,400,1,more than 30,more than 30,2 to 4,7 years,36 to 40,No,No,External,none,no change,1 vehicle,1996,Liability
1,2,3,Chevrolet,Urban,4,1,2,Male,Single,44,Policy Holder,Sedan - All Perils,Sedan,30000 to 39000,0,13544,9,400,4,more than 30,more than 30,none,7 years,36 to 40,No,No,External,more than 5,no change,1 vehicle,1996,All Perils
1,2,4,Mazda,Rural,2,1,2,Male,Married,28,Policy Holder,Sedan - Liability,Sport,30000 to 39000,0,13545,1,400,3,more than 30,more than 30,2 to 4,7 years,31 to 35,No,No,External,more than 5,no change,1 vehicle,1996,Liability
1,2,7,Pontiac,Urban,1,10,3,Male,Single,47,Policy Holder,Sedan - All Perils,Sedan,20000 to 29000,0,13546,6,400,4,more than 30,more than 30,2 to 4,more than 7,41 to 50,No,No,External,more than 5,4 to 8 years,2 vehicles,1996,All Perils
10,1,1,Pontiac,Urban,3,7,1,Male,Married,77,Policy Holder,Sedan - Collision,Sedan,more than 69000,0,13547,13,400,2,more than 30,more than 30,none,more than 7,over 65,No,No,External,1 to 2,no change,1 vehicle,1996,Collision
7,3,5,Toyota,Urban,1,7,3,Male,Single,42,Third Party,Sedan - All Perils,Sedan,20000 to 29000,0,13548,11,400,2,more than 30,more than 30,none,6 years,36 to 40,No,No,External,more than 5,no change,1 vehicle,1996,All Perils
7,1,4,Mazda,Urban,3,2,1,Male,Married,35,Policy Holder,Sedan - Collision,Sedan,20000 to 29000,0,13549,6,400,4,more than 30,more than 30,none,6 years,31 to 35,No,No,External,1 to 2,no change,1 vehicle,1996,Collision
2,1,5,Mazda,Urban,3,2,3,Male,Married,43,Third Party,Sedan - All Perils,Sedan,20000 to 29000,0,13550,1,400,1,more than 30,more than 30,none,more than 7,36 to 40,No,No,External,more than 5,no change,1 vehicle,1996,All Perils
2,1,6,Toyota,Urban,3,7,2,Male,Married,34,Policy Holder,Sedan - All Perils,Sedan,20000 to 29000,0,13551,15,400,4,more than 30,more than 30,2 to 4,7 years,31 to 35,No,No,External,none,no change,1 vehicle,1996,All Perils
7,3,2,Mazda,Urban,1,1,3,Male,Married,38,Third Party,Sedan - Collision,Sedan,20000 to 29000,0,13552,13,400,2,more than 30,more than 30,1,7 years,36 to 40,No,No,External,more than 5,no change,1 vehicle,1996,Collision
12,4,3,Pontiac,Urban,4,12,1,Male,Married,44,Policy Holder,Sedan - Collision,Sedan,30000 to 39000,0,13553,10,400,1,more than 30,more than 30,none,7 years,36 to 40,No,No,External,1 to 2,no change,1 vehicle,1996,Collision
12,2,4,Honda,Urban,4,3,3,Male,Single,0,Policy Holder,Sedan - All Perils,Sedan,more than 69000,0,13554,9,400,4,more than 30,more than 30,none,new,16 to 17,No,No,External,none,no change,1 vehicle,1996,All Perils
3,1,6,Honda,Urban,1,2,2,Male,Married,39,Policy Holder,Sedan - All Perils,Sedan,20000 to 29000,0,13555,11,400,4,more than 30,more than 30,2 to 4,7 years,36 to 40,No,No,External,more than 5,no change,1 vehicle,1996,All Perils
2,4,7,Toyota,Urban,1,2,4,Male,Married,34,Third Party,Sedan - Collision,Sedan,20000 to 29000,0,13556,6,400,1,more than 30,more than 30,2 to 4,6 years,31 to 35,No,No,External,1 to 2,no change,1 vehicle,1996,Collision
2,4,1,Pontiac,Urban,2,4,4,Male,Single,28,Third Party,Sedan - All Perils,Sedan,20000 to 29000,0,13557,16,400,3,more than 30,more than 30,none,6 years,31 to 35,No,No,External,none,no change,1 vehicle,1996,All Perils
4,2,7,Honda,Urban,1,3,2,Male,Single,0,Policy Holder,Sedan - Liability,Sport,more than 69000,0,13558,8,400,1,more than 30,more than 30,more than 4,new,16 to 17,No,No,External,none,no change,1 vehicle,1996,Liability
3,3,6,Ford,Urban,1,3,5,Male,Married,40,Policy Holder,Sedan - Liability,Sport,30000 to 39000,0,13559,8,400,4,more than 30,more than 30,2 to 4,7 years,36 to 40,No,No,External,more than 5,no change,1 vehicle,1996,Liability
3,1,1,Accura,Urban,3,3,2,Male,Single,55,Third Party,Sedan - Collision,Sedan,20000 to 29000,0,13560,1,400,2,more than 30,more than 30,none,more than 7,41 to 50,No,No,External,none,1 year,1 vehicle,1996,Collision
2,5,2,Dodge,Urban,4,2,1,Male,Married,39,Policy Holder,Sedan - All Perils,Sedan,20000 to 29000,0,13561,3,400,1,more than 30,more than 30,1,7 years,36 to 40,No,No,External,more than 5,no change,1 vehicle,1996,All Perils
2,2,3,Mazda,Urban,1,2,3,Male,Married,29,Policy Holder,Sedan - Collision,Sedan,30000 to 39000,0,13562,1,400,3,more than 30,more than 30,none,7 years,31 to 35,No,No,External,none,no change,5 to 8,1996,Collision
2,2,2,Pontiac,Urban,4,2,2,Male,Married,48,Policy Holder,Sedan - All Perils,Sedan,30000 to 39000,0,13563,13,400,2,more than 30,more than 30,2 to 4,more than 7,41 to 50,Yes,Yes,External,none,no change,1 vehicle,1996,All Perils
2,3,7,Pontiac,Urban,1,2,3,Male,Married,67,Policy Holder,Sedan - All Perils,Sedan,20000 to 29000,0,13564,6,400,2,more than 30,more than 30,1,7 years,over 65,No,No,External,none,no change,1 vehicle,1996,All Perils
2,2,2,Chevrolet,Urban,3,1,3,Male,Married,37,Policy Holder,Sedan - Liability,Sport,30000 to 39000,0,13565,13,400,4,more than 30,more than 30,2 to 4,more than 7,36 to 40,No,No,External,none,no change,1 vehicle,1996,Liability
1,3,1,Chevrolet,Urban,2,1,3,Male,Married,78,Policy Holder,Sedan - All Perils,Sedan,more than 69000,0,13566,16,400,1,more than 30,more than 30,1,more than 7,over 65,No,No,External,none,no change,1 vehicle,1996,All Perils
1,3,5,Honda,Urban,2,1,3,Female,Married,49,Policy Holder,Sedan - Liability,Sport,20000 to 29000,0,13567,2,500,2,more than 30,more than 30,2 to 4,more than 7,41 to 50,No,No,External,none,2 to 3 years,2 vehicles,1996,Liability
1,1,6,Pontiac,Urban,4,1,2,Male,Married,42,Policy Holder,Sedan - Liability,Sport,20000 to 29000,0,13568,7,400,2,more than 30,more than 30,none,7 years,36 to 40,No,No,Internal,none,no change,1 vehicle,1996,Liability
1,2,7,Pontiac,Urban,1,3,3,Male,Married,26,Policy Holder,Sedan - Liability,Sport,30000 to 39000,0,13569,7,400,2,more than 30,more than 30,2 to 4,7 years,31 to 35,No,No,External,none,no change,1 vehicle,1996,Liability
3,2,1,BMW,Urban,4,4,2,Male,Married,55,Policy Holder,Sedan - Liability,Sport,20000 to 29000,0,13570,5,400,2,more than 30,more than 30,2 to 4,more than 7,41 to 50,No,No,External,3 to 5,no change,1 vehicle,1996,Liability
3,2,3,Toyota,Urban,3,6,1,Male,Married,47,Policy Holder,Sedan - Collision,Sedan,20000 to 29000,0,13571,16,400,3,more than 30,more than 30,2 to 4,more than 7,41 to 50,No,No,External,none,no change,1 vehicle,1996,Collision
6,5,1,Honda,Urban,4,8,5,Male,Married,55,Policy Holder,Sedan - Liability,Sport,20000 to 29000,0,13572,7,400,2,more than 30,more than 30,2 to 4,7 years,41 to 50,No,No,External,more than 5,no change,3 to 4,1996,Liability
7,4,3,Accura,Rural,3,7,1,Male,Married,40,Policy Holder,Sedan - Liability,Sport,30000 to 39000,0,13573,15,400,2,more than 30,more than 30,more than 4,7 years,36 to 40,No,No,External,more than 5,no change,1 vehicle,1996,Liability
7,1,5,Toyota,Urban,5,3,2,Male,Married,59,Third Party,Sedan - All Perils,Sedan,20000 to 29000,0,13574,16,400,4,more than 30,more than 30,none,more than 7,51 to 65,No,No,External,more than 5,no change,1 vehicle,1996,All Perils
3,3,2,Accura,Urban,2,3,4,Male,Married,51,Policy Holder,Sedan - Collision,Sedan,30000 to 39000,0,13575,11,400,1,more than 30,more than 30,more than 4,7 years,41 to 50,No,No,External,none,no change,1 vehicle,1996,Collision
1,4,3,Accura,Urban,3,2,3,Male,Married,52,Policy Holder,Utility - All Perils,Utility,more than 69000,0,13576,8,400,3,more than 30,more than 30,none,7 years,41 to 50,No,No,External,more than 5,no change,1 vehicle,1996,All Perils
1,4,4,Toyota,Urban,5,1,1,Male,Married,48,Policy Holder,Sedan - Collision,Sedan,20000 to 29000,0,13577,13,400,3,more than 30,more than 30,none,more than 7,41 to 50,No,No,External,3 to 5,no change,1 vehicle,1996,Collision
6,1,2,Toyota,Urban,5,7,3,Male,Married,39,Third Party,Sedan - Liability,Sport,20000 to 29000,0,13578,13,400,4,more than 30,more than 30,more than 4,more than 7,36 to 40,No,No,External,more than 5,no change,1 vehicle,1996,Liability
5,3,1,Toyota,Urban,2,7,1,Female,Married,37,Policy Holder,Sedan - All Perils,Sedan,20000 to 29000,0,13579,13,700,4,more than 30,more than 30,none,more than 7,36 to 40,No,No,External,none,no change,1 vehicle,1996,All Perils
7,2,3,Mazda,Urban,4,6,2,Male,Married,57,Policy Holder,Utility - All Perils,Utility,more than 69000,0,13580,10,400,3,more than 30,more than 30,1,7 years,51 to 65,No,No,External,1 to 2,no change,1 vehicle,1996,All Perils
6,4,1,Mazda,Urban,1,7,5,Male,Married,35,Policy Holder,Sedan - Collision,Sedan,20000 to 29000,0,13581,13,400,3,more than 30,more than 30,1,7 years,31 to 35,No,No,External,none,no change,1 vehicle,1996,Collision
7,3,6,Chevrolet,Urban,2,4,4,Male,Married,53,Third Party,Sedan - Collision,Sedan,60000 to 69000,0,13582,2,400,1,more than 30,more than 30,2 to 4,more than 7,41 to 50,No,No,External,3 to 5,no change,1 vehicle,1996,Collision
4,2,4,Pontiac,Rural,4,4,2,Male,Married,39,Third Party,Sedan - Collision,Sedan,20000 to 29000,0,13583,4,400,3,more than 30,more than 30,2 to 4,more than 7,36 to 40,No,No,External,none,no change,1 vehicle,1996,Collision
4,1,1,Accura,Urban,1,7,1,Male,Single,30,Third Party,Sedan - Liability,Sport,20000 to 29000,0,13584,4,400,4,more than 30,more than 30,none,7 years,31 to 35,No,No,External,none,no change,1 vehicle,1996,Liability
7,3,1,Honda,Urban,3,5,3,Male,Married,31,Policy Holder,Sedan - Collision,Sedan,more than 69000,1,13585,3,400,4,more than 30,more than 30,1,6 years,31 to 35,No,No,External,none,no change,1 vehicle,1996,Collision
5,3,4,Pontiac,Rural,1,7,3,Male,Married,42,Policy Holder,Sedan - Liability,Sport,20000 to 29000,0,13586,2,400,4,more than 30,more than 30,more than 4,7 years,36 to 40,No,No,External,1 to 2,no change,1 vehicle,1996,Liability
7,3,5,Honda,Urban,2,8,4,Male,Married,41,Policy Holder,Sedan - Liability,Sport,30000 to 39000,0,13587,8,400,4,more than 30,more than 30,1,7 years,36 to 40,No,No,External,more than 5,no change,1 vehicle,1996,Liability
8,3,6,Toyota,Urban,3,1,5,Male,Married,30,Third Party,Sedan - Collision,Sedan,20000 to 29000,0,13588,11,400,3,more than 30,more than 30,2 to 4,7 years,31 to 35,No,No,External,none,4 to 8 years,2 vehicles,1996,Collision
1,2,1,Honda,Urban,2,7,4,Male,Married,59,Third Party,Sedan - Collision,Sedan,more than 69000,0,13589,5,400,2,more than 30,more than 30,none,new,51 to 65,No,No,External,none,no change,1 vehicle,1996,Collision
7,3,7,Honda,Urban,2,2,3,Male,Married,31,Third Party,Sedan - All Perils,Sedan,more than 69000,0,13590,5,400,1,more than 30,more than 30,1,7 years,31 to 35,No,No,External,3 to 5,no change,1 vehicle,1996,All Perils
1,4,4,Mazda,Urban,2,9,1,Male,Single,37,Third Party,Sedan - Collision,Sedan,20000 to 29000,0,13591,4,400,1,more than 30,more than 30,none,7 years,36 to 40,No,No,External,none,no change,1 vehicle,1996,Collision
9,2,4,Pontiac,Urban,1,9,2,Male,Single,29,Third Party,Sedan - Liability,Sport,20000 to 29000,0,13592,16,400,3,more than 30,more than 30,2 to 4,7 years,31 to 35,No,No,External,none,no change,1 vehicle,1996,Liability
9,1,5,Chevrolet,Urban,2,8,1,Male,Married,41,Policy Holder,Sedan - Collision,Sedan,30000 to 39000,0,13593,5,400,2,more than 30,more than 30,none,7 years,36 to 40,No,No,External,none,no change,1 vehicle,1996,Collision
7,5,5,Pontiac,Urban,3,10,1,Male,Single,32,Policy Holder,Sedan - All Perils,Sedan,20000 to 29000,0,13594,11,400,1,more than 30,more than 30,none,7 years,31 to 35,No,No,External,3 to 5,no change,1 vehicle,1996,All Perils
9,5,2,Pontiac,Urban,1,10,1,Male,Married,53,Policy Holder,Utility - All Perils,Utility,more than 69000,0,13595,13,400,4,more than 30,more than 30,1,more than 7,41 to 50,No,No,External,none,no change,1 vehicle,1996,All Perils
9,4,6,Chevrolet,Urban,2,4,1,Male,Married,42,Third Party,Sedan - Liability,Sport,30000 to 39000,0,13596,4,400,3,more than 30,more than 30,2 to 4,7 years,36 to 40,No,No,Internal,none,no change,1 vehicle,1996,Liability
4,4,7,Toyota,Urban,4,4,4,Male,Married,32,Policy Holder,Sedan - Liability,Sport,20000 to 29000,0,13597,9,400,4,more than 30,more than 30,1,6 years,31 to 35,No,No,External,none,no change,1 vehicle,1996,Liability
4,3,1,Pontiac,Urban,3,2,3,Male,Single,32,Policy Holder,Sedan - Collision,Sedan,30000 to 39000,0,13598,14,400,1,more than 30,more than 30,2 to 4,7 years,31 to 35,No,No,External,more than 5,no change,1 vehicle,1996,Collision
2,1,1,Honda,Urban,3,2,2,Female,Married,37,Third Party,Sedan - Collision,Sedan,20000 to 29000,0,13599,5,400,4,more than 30,more than 30,2 to 4,6 years,36 to 40,No,No,External,1 to 2,no change,1 vehicle,1996,Collision
2,1,1,Toyota,Urban,1,2,2,Male,Married,48,Policy Holder,Sedan - Liability,Sport,20000 to 29000,0,13600,9,400,1,more than 30,more than 30,1,6 years,41 to 50,No,No,External,3 to 5,no change,1 vehicle,1996,Liability
2,1,4,Chevrolet,Urban,5,6,1,Male,Single,49,Policy Holder,Sedan - Liability,Sport,30000 to 39000,0,13601,13,400,1,more than 30,more than 30,2 to 4,7 years,41 to 50,No,No,External,none,no change,1 vehicle,1996,Liability
6,3,1,Toyota,Urban,3,7,3,Male,Single,35,Third Party,Sedan - Collision,Sedan,20000 to 29000,0,13602,2,400,3,more than 30,more than 30,none,7 years,31 to 35,No,No,External,3 to 5,no change,1 vehicle,1996,Collision
7,3,3,Toyota,Urban,5,9,3,Male,Married,26,Third Party,Sedan - Collision,Sedan,30000 to 39000,0,13603,7,400,4,more than 30,more than 30,more than 4,7 years,31 to 35,No,No,External,more than 5,no change,1 vehicle,1996,Collision
9,2,6,Pontiac,Urban,5,9,3,Male,Married,28,Policy Holder,Sedan - Collision,Sedan,20000 to 29000,0,13604,9,400,3,more than 30,more than 30,none,6 years,31 to 35,No,No,External,none,no change,1 vehicle,1996,Collision
9,2,1,Honda,Urban,2,10,3,Male,Married,52,Third Party,Sedan - Liability,Sport,30000 to 39000,0,13605,12,400,4,more than 30,more than 30,none,7 years,41 to 50,No,No,External,none,no change,1 vehicle,1996,Liability
10,2,1,Chevrolet,Urban,1,12,2,Male,Married,65,Third Party,Sedan - All Perils,Sedan,20000 to 29000,0,13606,11,400,3,more than 30,more than 30,1,more than 7,51 to 65,Yes,No,External,none,no change,1 vehicle,1996,All Perils
12,3,4,Accura,Rural,2,2,3,Female,Married,39,Policy Holder,Sedan - All Perils,Sedan,20000 to 29000,0,13607,7,400,2,more than 30,more than 30,2 to 4,6 years,36 to 40,No,No,External,more than 5,no change,1 vehicle,1996,All Perils
1,2,4,Pontiac,Urban,5,1,2,Male,Single,44,Policy Holder,Sedan - All Perils,Sedan,less than 20000,0,13608,2,400,4,more than 30,more than 30,2 to 4,7 years,36 to 40,No,No,External,1 to 2,no change,1 vehicle,1996,All Perils
1,2,6,Honda,Urban,1,2,4,Male,Married,31,Policy Holder,Sedan - Collision,Sedan,20000 to 29000,0,13609,5,400,2,more than 30,more than 30,none,6 years,31 to 35,No,No,External,none,4 to 8 years,2 vehicles,1996,Collision
2,2,3,Mazda,Urban,3,2,4,Male,Married,76,Policy Holder,Sedan - All Perils,Sedan,20000 to 29000,0,13610,16,700,4,more than 30,more than 30,1,more than 7,over 65,No,No,External,none,no change,1 vehicle,1996,All Perils
2,2,5,Honda,Urban,5,7,2,Male,Single,0,Policy Holder,Sedan - Liability,Sport,more than 69000,0,13611,9,400,1,more than 30,more than 30,more than 4,new,16 to 17,No,No,External,none,no change,1 vehicle,1996,Liability
7,4,6,Accura,Urban,1,6,4,Male,Married,37,Policy Holder,Sedan - Collision,Sedan,30000 to 39000,0,13612,12,400,1,more than 30,more than 30,more than 4,7 years,36 to 40,No,No,External,3 to 5,no change,1 vehicle,1996,Collision
5,3,1,Chevrolet,Urban,4,6,4,Male,Married,51,Third Party,Sedan - Collision,Sedan,20000 to 29000,0,13613,12,400,4,more than 30,more than 30,2 to 4,more than 7,41 to 50,No,No,External,none,no change,3 to 4,1996,Collision
5,4,3,Toyota,Urban,4,9,4,Male,Married,51,Policy Holder,Sedan - Collision,Sedan,20000 to 29000,0,13614,16,400,2,more than 30,more than 30,2 to 4,more than 7,41 to 50,No,No,External,none,no change,1 vehicle,1996,Collision
9,1,6,Mazda,Urban,1,10,2,Male,Married,27,Policy Holder,Sedan - Collision,Sedan,30000 to 39000,0,13615,15,400,1,more than 30,more than 30,2 to 4,6 years,31 to 35,No,No,External,more than 5,no change,1 vehicle,1996,Collision
10,4,1,Pontiac,Urban,2,7,4,Male,Married,72,Third Party,Sedan - All Perils,Sedan,20000 to 29000,0,13616,2,400,3,more than 30,more than 30,2 to 4,more than 7,over 65,No,No,External,none,no change,1 vehicle,1996,All Perils
7,3,6,Chevrolet,Rural,2,10,3,Male,Single,28,Third Party,Sedan - All Perils,Sedan,30000 to 39000,0,13617,14,400,4,more than 30,more than 30,1,7 years,31 to 35,No,No,External,1 to 2,no change,1 vehicle,1996,All Perils
10,4,1,Pontiac,Urban,1,9,4,Male,Married,60,Third Party,Sedan - Collision,Sedan,20000 to 29000,0,13618,8,500,2,more than 30,more than 30,none,7 years,51 to 65,No,No,External,3 to 5,2 to 3 years,1 vehicle,1996,Collision
9,1,1,Toyota,Urban,2,12,1,Male,Single,27,Policy Holder,Sedan - Liability,Sport,60000 to 69000,0,13619,3,400,2,more than 30,more than 30,1,7 years,31 to 35,No,No,External,3 to 5,no change,1 vehicle,1996,Liability
12,2,3,Toyota,Urban,3,12,2,Female,Married,34,Policy Holder,Sedan - Collision,Sedan,20000 to 29000,0,13620,9,400,1,more than 30,more than 30,1,5 years,31 to 35,No,No,External,3 to 5,no change,1 vehicle,1996,Collision
12,2,3,Ford,Rural,4,8,4,Male,Married,24,Policy Holder,Sedan - Collision,Sedan,40000 to 59000,0,13621,5,400,2,more than 30,more than 30,none,5 years,26 to 30,No,No,External,none,no change,1 vehicle,1996,Collision
8,1,4,Honda,Urban,4,7,1,Male,Married,44,Policy Holder,Sedan - Collision,Sedan,30000 to 39000,0,13622,11,400,4,more than 30,more than 30,2 to 4,more than 7,36 to 40,No,No,External,none,no change,1 vehicle,1996,Collision
7,3,6,Pontiac,Urban,3,12,4,Male,Married,41,Third Party,Sedan - Liability,Sport,20000 to 29000,0,13623,10,400,3,more than 30,more than 30,none,more than 7,36 to 40,No,No,External,more than 5,no change,1 vehicle,1996,Liability
12,3,4,Mercury,Urban,5,12,5,Female,Single,29,Policy Holder,Sedan - Collision,Sedan,20000 to 29000,0,13624,11,400,4,more than 30,more than 30,none,6 years,31 to 35,No,No,External,none,no change,1 vehicle,1996,Collision
12,3,1,Pontiac,Urban,5,9,3,Male,Married,61,Policy Holder,Sedan - Liability,Sport,30000 to 39000,0,13625,16,400,3,more than 30,more than 30,2 to 4,more than 7,51 to 65,No,No,External,none,no change,1 vehicle,1996,Liability
7,3,4,Honda,Urban,5,10,3,Male,Single,27,Policy Holder,Sport - Collision,Sport,more than 69000,1,13626,16,400,3,more than 30,more than 30,none,5 years,31 to 35,No,No,External,none,no change,1 vehicle,1996,Collision
10,3,4,Mazda,Urban,2,10,3,Male,Married,54,Policy Holder,Sedan - Liability,Sport,30000 to 39000,0,13627,3,400,4,more than 30,more than 30,1,7 years,41 to 50,No,No,External,none,no change,1 vehicle,1996,Liability
10,3,4,Ford,Urban,5,6,5,Male,Married,59,Policy Holder,Sedan - All Perils,Sedan,20000 to 29000,0,13628,1,400,2,more than 30,more than 30,2 to 4,6 years,51 to 65,Yes,No,External,none,no change,1 vehicle,1996,All Perils
6,2,4,Toyota,Urban,2,4,4,Male,Married,51,Policy Holder,Sedan - All Perils,Sedan,more than 69000,0,13629,8,400,1,more than 30,more than 30,none,more than 7,41 to 50,No,No,External,1 to 2,no change,1 vehicle,1996,All Perils
4,2,2,Pontiac,Urban,5,9,3,Female,Single,26,Policy Holder,Sedan - Collision,Sedan,20000 to 29000,0,13630,5,400,1,more than 30,more than 30,1,6 years,31 to 35,No,No,External,more than 5,4 to 8 years,2 vehicles,1996,Collision
7,3,6,Ford,Urban,4,2,2,Male,Married,41,Policy Holder,Sedan - All Perils,Sedan,40000 to 59000,1,13631,15,400,4,more than 30,more than 30,2 to 4,more than 7,36 to 40,No,No,External,3 to 5,no change,1 vehicle,1996,All Perils
12,3,3,Pontiac,Urban,3,8,1,Male,Married,49,Policy Holder,Sedan - Liability,Sport,more than 69000,0,13632,16,400,4,more than 30,more than 30,1,more than 7,41 to 50,No,No,External,1 to 2,no change,1 vehicle,1996,Liability
8,2,5,Accura,Urban,1,8,2,Male,Married,38,Policy Holder,Sedan - Collision,Sedan,30000 to 39000,0,13633,9,400,2,more than 30,more than 30,none,more than 7,36 to 40,No,No,External,none,no change,1 vehicle,1996,Collision
8,1,1,Toyota,Urban,2,3,2,Male,Married,31,Policy Holder,Sedan - All Perils,Sedan,more than 69000,0,13634,11,400,3,more than 30,more than 30,1,5 years,31 to 35,No,No,External,more than 5,no change,1 vehicle,1996,All Perils
3,3,2,Ford,Urban,4,7,4,Male,Single,37,Policy Holder,Sedan - Liability,Sport,more than 69000,0,13635,13,400,3,more than 30,more than 30,2 to 4,6 years,36 to 40,No,No,External,more than 5,no change,1 vehicle,1996,Liability
7,3,3,Chevrolet,Urban,4,3,3,Male,Married,52,Third Party,Sedan - Collision,Sedan,20000 to 29000,0,13636,8,400,3,more than 30,more than 30,2 to 4,7 years,41 to 50,No,No,External,none,no change,1 vehicle,1996,Collision
3,1,1,Pontiac,Rural,1,5,1,Female,Single,27,Policy Holder,Sedan - Liability,Sport,30000 to 39000,0,13637,12,400,4,more than 30,more than 30,2 to 4,6 years,31 to 35,No,No,External,none,no change,1 vehicle,1996,Liability
4,4,6,Toyota,Urban,1,6,2,Male,Single,26,Policy Holder,Sedan - Liability,Sport,30000 to 39000,0,13638,3,400,1,more than 30,more than 30,more than 4,7 years,31 to 35,No,No,External,3 to 5,no change,1 vehicle,1996,Liability
6,2,4,Toyota,Urban,4,10,3,Male,Married,57,Policy Holder,Sedan - All Perils,Sedan,less than 20000,0,13639,9,400,3,more than 30,more than 30,none,7 years,51 to 65,No,No,External,none,no change,1 vehicle,1996,All Perils
10,3,6,Pontiac,Urban,3,4,3,Female,Single,35,Policy Holder,Sedan - Liability,Sport,20000 to 29000,0,13640,15,400,1,more than 30,more than 30,2 to 4,7 years,31 to 35,No,No,External,none,no change,1 vehicle,1996,Liability
4,2,5,VW,Urban,1,4,2,Female,Married,55,Policy Holder,Sedan - All Perils,Sedan,more than 69000,0,13641,1,700,4,more than 30,more than 30,none,7 years,41 to 50,No,No,External,1 to 2,no change,1 vehicle,1996,All Perils
4,2,4,Mazda,Urban,2,4,2,Female,Single,28,Policy Holder,Sedan - Liability,Sport,20000 to 29000,0,13642,11,400,3,more than 30,more than 30,2 to 4,5 years,31 to 35,No,No,External,none,no change,1 vehicle,1996,Liability
3,5,6,Toyota,Urban,1,4,1,Male,Single,28,Third Party,Sedan - Collision,Sedan,20000 to 29000,0,13643,11,400,1,more than 30,more than 30,1,5 years,31 to 35,No,No,External,none,no change,1 vehicle,1996,Collision
3,4,5,Pontiac,Urban,1,3,2,Female,Married,52,Third Party,Sedan - Collision,Sedan,20000 to 29000,0,13644,12,400,4,more than 30,more than 30,2 to 4,7 years,41 to 50,No,No,External,more than 5,no change,1 vehicle,1996,Collision
3,3,2,Mazda,Urban,2,9,3,Male,Single,26,Policy Holder,Sedan - Collision,Sedan,20000 to 29000,0,13645,5,400,1,more than 30,more than 30,none,6 years,31 to 35,No,No,External,none,no change,1 vehicle,1996,Collision
8,5,5,Toyota,Urban,3,11,1,Male,Married,54,Policy Holder,Sedan - Collision,Sedan,30000 to 39000,0,13646,8,400,4,more than 30,more than 30,none,more than 7,41 to 50,No,No,External,none,no change,1 vehicle,1996,Collision
5,3,4,Toyota,Urban,3,5,1,Male,Married,44,Policy Holder,Sedan - All Perils,Sedan,20000 to 29000,0,13647,7,400,3,more than 30,more than 30,2 to 4,6 years,36 to 40,No,No,External,none,no change,1 vehicle,1996,All Perils
5,3,6,VW,Rural,2,9,4,Male,Married,42,Policy Holder,Sedan - All Perils,Sedan,40000 to 59000,0,13648,16,400,4,more than 30,more than 30,2 to 4,6 years,36 to 40,No,No,External,3 to 5,no change,1 vehicle,1996,All Perils
9,1,1,Saab,Urban,4,12,1,Male,Married,32,Policy Holder,Sedan - Liability,Sport,30000 to 39000,0,13649,12,400,1,more than 30,more than 30,more than 4,7 years,31 to 35,No,No,External,more than 5,no change,1 vehicle,1996,Liability
12,4,3,VW,Urban,1,7,5,Female,Married,41,Third Party,Sedan - Liability,Sport,40000 to 59000,0,13650,5,400,1,more than 30,more than 30,more than 4,7 years,36 to 40,No,No,External,more than 5,no change,1 vehicle,1996,Liability
7,3,4,Toyota,Urban,5,2,4,Male,Married,43,Policy Holder,Sedan - All Perils,Sedan,20000 to 29000,1,13651,3,400,4,more than 30,more than 30,2 to 4,7 years,36 to 40,No,No,External,1 to 2,1 year,2 vehicles,1996,All Perils
2,1,4,Chevrolet,Urban,5,2,1,Female,Single,34,Policy Holder,Sedan - Liability,Sport,20000 to 29000,0,13652,4,400,4,more than 30,more than 30,2 to 4,7 years,31 to 35,No,No,External,more than 5,no change,1 vehicle,1996,Liability
2,1,6,Mazda,Urban,1,1,1,Male,Married,49,Policy Holder,Sedan - Liability,Sport,30000 to 39000,0,13653,10,400,2,more than 30,more than 30,more than 4,more than 7,41 to 50,No,No,External,none,no change,1 vehicle,1996,Liability
1,3,4,Accura,Urban,2,8,3,Male,Married,35,Policy Holder,Sedan - Collision,Sedan,40000 to 59000,0,13654,6,400,3,more than 30,more than 30,2 to 4,6 years,31 to 35,No,No,External,none,no change,3 to 4,1996,Collision
7,3,7,Toyota,Urban,4,2,1,Male,Married,28,Policy Holder,Sedan - All Perils,Sedan,less than 20000,1,13655,15,400,3,more than 30,more than 30,1,6 years,31 to 35,No,No,External,none,no change,1 vehicle,1996,All Perils
1,1,5,Mazda,Urban,1,1,1,Male,Married,27,Policy Holder,Sedan - Collision,Sedan,20000 to 29000,0,13656,4,400,1,more than 30,more than 30,none,7 years,31 to 35,No,No,External,3 to 5,no change,1 vehicle,1996,Collision
12,5,4,Chevrolet,Urban,5,7,3,Male,Married,38,Third Party,Utility - All Perils,Utility,more than 69000,0,13657,12,400,2,more than 30,more than 30,2 to 4,7 years,36 to 40,No,No,External,none,no change,1 vehicle,1996,All Perils
7,3,5,Mazda,Urban,3,1,4,Male,Single,29,Third Party,Sedan - Collision,Sedan,more than 69000,0,13658,7,400,1,more than 30,more than 30,none,7 years,31 to 35,No,No,External,none,no change,1 vehicle,1996,Collision
12,5,7,Accura,Urban,4,1,1,Male,Married,54,Policy Holder,Utility - All Perils,Utility,more than 69000,0,13659,1,400,1,more than 30,more than 30,2 to 4,more than 7,41 to 50,No,No,External,none,no change,1 vehicle,1996,All Perils
12,1,5,Honda,Urban,4,11,1,Female,Married,44,Policy Holder,Sedan - All Perils,Sedan,20000 to 29000,0,13660,15,400,1,more than 30,more than 30,1,more than 7,36 to 40,Yes,No,External,none,no change,1 vehicle,1996,All Perils
11,3,5,Mazda,Urban,5,6,4,Male,Single,32,Policy Holder,Sedan - Collision,Sedan,20000 to 29000,0,13661,11,400,3,more than 30,more than 30,more than 4,6 years,31 to 35,No,No,External,1 to 2,no change,1 vehicle,1996,Collision
6,4,6,Toyota,Urban,1,3,4,Male,Single,25,Policy Holder,Sedan - Liability,Sport,20000 to 29000,0,13662,5,400,3,more than 30,more than 30,2 to 4,3 years,26 to 30,No,No,External,none,no change,1 vehicle,1996,Liability
3,2,4,Chevrolet,Urban,1,3,3,Male,Married,39,Policy Holder,Sedan - All Perils,Sedan,20000 to 29000,0,13663,1,400,2,more than 30,more than 30,2 to 4,7 years,36 to 40,No,No,External,none,no change,1 vehicle,1996,All Perils
3,2,3,Mazda,Urban,4,2,3,Male,Married,46,Third Party,Sedan - All Perils,Sedan,20000 to 29000,0,13664,11,400,4,more than 30,more than 30,2 to 4,6 years,41 to 50,No,No,External,none,no change,1 vehicle,1996,All Perils
2,4,1,Honda,Urban,4,2,4,Male,Married,28,Third Party,Sedan - Liability,Sport,20000 to 29000,0,13665,1,400,3,more than 30,more than 30,2 to 4,6 years,31 to 35,No,No,External,1 to 2,no change,1 vehicle,1996,Liability
2,4,4,Pontiac,Urban,4,2,4,Female,Single,46,Policy Holder,Sedan - Liability,Sport,20000 to 29000,0,13666,7,400,4,more than 30,more than 30,2 to 4,more than 7,41 to 50,No,No,External,none,no change,1 vehicle,1996,Liability
2,2,2,Toyota,Urban,3,2,2,Male,Single,22,Policy Holder,Sedan - Collision,Sedan,less than 20000,0,13667,4,400,3,more than 30,more than 30,none,5 years,26 to 30,No,No,External,3 to 5,no change,1 vehicle,1996,Collision
2,1,3,Mazda,Urban,5,2,1,Male,Married,41,Policy Holder,Sedan - Liability,Sport,20000 to 29000,0,13668,10,400,3,more than 30,more than 30,2 to 4,more than 7,36 to 40,No,No,External,none,no change,1 vehicle,1996,Liability
2,1,1,Accura,Rural,3,2,1,Male,Married,60,Policy Holder,Utility - All Perils,Utility,more than 69000,0,13669,8,500,1,more than 30,more than 30,none,7 years,51 to 65,No,No,External,more than 5,2 to 3 years,1 vehicle,1996,All Perils
1,5,5,Pontiac,Urban,3,2,2,Male,Married,47,Policy Holder,Sedan - Liability,Sport,30000 to 39000,0,13670,9,400,4,more than 30,more than 30,2 to 4,more than 7,41 to 50,No,No,External,1 to 2,no change,1 vehicle,1996,Liability
1,4,6,VW,Urban,3,1,1,Male,Married,48,Policy Holder,Sedan - Collision,Sedan,more than 69000,0,13671,8,400,2,more than 30,more than 30,2 to 4,more than 7,41 to 50,No,No,External,none,no change,1 vehicle,1996,Collision
1,4,4,Mazda,Urban,4,1,4,Male,Single,32,Policy Holder,Sedan - Collision,Sedan,20000 to 29000,0,13672,3,400,4,more than 30,more than 30,2 to 4,6 years,31 to 35,No,No,External,3 to 5,4 to 8 years,2 vehicles,1996,Collision
1,3,7,Mazda,Urban,3,1,3,Female,Single,33,Policy Holder,Sedan - Liability,Sport,20000 to 29000,0,13673,8,400,3,more than 30,more than 30,more than 4,6 years,31 to 35,No,No,External,1 to 2,no change,1 vehicle,1996,Liability
9,3,5,Chevrolet,Urban,5,5,3,Male,Married,37,Policy Holder,Sedan - Collision,Sedan,20000 to 29000,0,13674,10,400,3,more than 30,more than 30,2 to 4,more than 7,36 to 40,No,No,External,1 to 2,no change,1 vehicle,1996,Collision
9,2,4,Pontiac,Urban,2,8,3,Male,Married,49,Policy Holder,Sedan - Collision,Sedan,30000 to 39000,0,13675,10,400,3,more than 30,more than 30,2 to 4,more than 7,41 to 50,No,No,External,1 to 2,no change,1 vehicle,1996,Collision
8,3,5,Honda,Urban,1,7,4,Male,Single,0,Policy Holder,Sedan - Collision,Sedan,more than 69000,0,13676,6,400,4,more than 30,more than 30,1,new,16 to 17,No,No,External,none,no change,1 vehicle,1996,Collision
7,4,6,Pontiac,Urban,5,2,4,Female,Single,43,Third Party,Sedan - Collision,Sedan,20000 to 29000,0,13677,10,400,2,8 to 15,8 to 15,1,7 years,36 to 40,Yes,No,External,none,no change,1 vehicle,1996,Collision
2,1,3,VW,Urban,5,8,3,Male,Married,35,Policy Holder,Sedan - Liability,Sport,30000 to 39000,0,13678,2,400,4,more than 30,more than 30,more than 4,6 years,31 to 35,No,No,External,more than 5,no change,1 vehicle,1996,Liability
8,2,1,Mazda,Urban,2,2,4,Female,Single,31,Policy Holder,Sedan - Collision,Sedan,30000 to 39000,0,13679,7,400,3,more than 30,more than 30,2 to 4,7 years,31 to 35,No,No,External,more than 5,no change,1 vehicle,1996,Collision
2,1,3,Toyota,Urban,5,2,2,Male,Married,57,Third Party,Sedan - All Perils,Sedan,20000 to 29000,0,13680,7,400,3,more than 30,more than 30,none,more than 7,51 to 65,No,No,External,3 to 5,no change,1 vehicle,1996,All Perils
1,4,4,Pontiac,Urban,4,1,3,Male,Married,30,Policy Holder,Sedan - Liability,Sport,20000 to 29000,0,13681,15,400,3,more than 30,more than 30,2 to 4,6 years,31 to 35,No,No,External,none,no change,1 vehicle,1996,Liability
9,3,2,Chevrolet,Urban,2,7,1,Male,Married,63,Policy Holder,Utility - All Perils,Utility,more than 69000,0,13682,14,400,3,more than 30,more than 30,1,more than 7,51 to 65,No,No,External,more than 5,no change,1 vehicle,1996,All Perils
6,5,1,Honda,Urban,3,7,1,Male,Single,32,Third Party,Sedan - Collision,Sedan,less than 20000,0,13683,16,400,2,more than 30,more than 30,more than 4,6 years,31 to 35,No,No,External,none,no change,1 vehicle,1996,Collision
6,4,3,Chevrolet,Urban,4,3,1,Male,Single,27,Policy Holder,Sedan - Liability,Sport,30000 to 39000,0,13684,4,400,1,more than 30,more than 30,2 to 4,6 years,31 to 35,No,No,External,more than 5,no change,1 vehicle,1996,Liability
3,3,2,Honda,Rural,4,3,4,Male,Single,0,Third Party,Utility - All Perils,Utility,more than 69000,0,13685,7,400,1,more than 30,more than 30,2 to 4,new,16 to 17,No,No,External,none,no change,1 vehicle,1996,All Perils
3,3,2,Accura,Urban,1,1,3,Male,Married,59,Policy Holder,Sedan - All Perils,Sedan,more than 69000,0,13686,7,400,1,more than 30,more than 30,1,more than 7,51 to 65,No,No,External,3 to 5,no change,1 vehicle,1996,All Perils
1,1,6,Mazda,Rural,3,1,2,Male,Married,26,Policy Holder,Sedan - Liability,Sport,30000 to 39000,0,13687,7,400,1,more than 30,more than 30,2 to 4,7 years,31 to 35,No,No,External,more than 5,no change,1 vehicle,1996,Liability
1,3,5,Honda,Urban,2,7,3,Male,Married,34,Third Party,Sedan - Collision,Sedan,20000 to 29000,0,13688,11,400,3,more than 30,more than 30,none,7 years,31 to 35,No,No,External,none,no change,1 vehicle,1996,Collision
7,4,1,Honda,Urban,1,12,4,Male,Married,41,Policy Holder,Sedan - Collision,Sedan,30000 to 39000,1,13689,6,400,2,more than 30,more than 30,2 to 4,7 years,36 to 40,No,No,External,none,no change,1 vehicle,1996,Collision
12,1,1,Mazda,Urban,3,11,1,Male,Married,27,Policy Holder,Sedan - Collision,Sedan,20000 to 29000,0,13690,11,400,2,more than 30,more than 30,1,7 years,31 to 35,No,No,External,3 to 5,no change,1 vehicle,1996,Collision
11,2,1,Toyota,Rural,7,7,4,Male,Married,44,Policy Holder,Sedan - Collision,Sedan,20000 to 29000,0,13691,14,400,4,more than 30,more than 30,none,7 years,36 to 40,No,No,External,none,no change,1 vehicle,1996,Collision
6,4,3,Pontiac,Urban,3,2,3,Male,Married,34,Third Party,Sedan - All Perils,Sedan,less than 20000,0,13692,4,400,2,more than 30,more than 30,none,6 years,31 to 35,No,No,External,more than 5,no change,1 vehicle,1996,All Perils
2,3,3,Mazda,Urban,3,6,3,Male,Single,28,Policy Holder,Sedan - Liability,Sport,30000 to 39000,0,13693,16,400,3,more than 30,more than 30,more than 4,6 years,31 to 35,No,No,External,none,4 to 8 years,2 vehicles,1996,Liability
2,3,3,Pontiac,Rural,4,2,2,Male,Married,43,Policy Holder,Sedan - Collision,Sedan,20000 to 29000,0,13694,10,400,3,more than 30,more than 30,1,7 years,36 to 40,No,No,External,more than 5,no change,1 vehicle,1996,Collision
2,3,7,Pontiac,Urban,3,10,3,Male,Married,32,Third Party,Sedan - All Perils,Sedan,20000 to 29000,0,13695,8,400,2,more than 30,more than 30,none,7 years,31 to 35,No,No,External,none,no change,3 to 4,1996,All Perils
10,3,3,Toyota,Urban,3,10,3,Male,Married,35,Policy Holder,Sedan - All Perils,Sedan,30000 to 39000,0,13696,12,400,1,more than 30,more than 30,2 to 4,5 years,31 to 35,No,No,External,none,no change,1 vehicle,1996,All Perils
10,1,5,Pontiac,Urban,2,9,1,Male,Married,44,Policy Holder,Sedan - Liability,Sport,20000 to 29000,0,13697,9,400,3,more than 30,more than 30,2 to 4,7 years,36 to 40,No,No,External,none,no change,1 vehicle,1996,Liability
9,4,5,Mazda,Urban,2,6,4,Male,Married,36,Policy Holder,Sedan - Collision,Sedan,20000 to 29000,0,13698,14,400,2,more than 30,more than 30,1,7 years,36 to 40,No,No,External,more than 5,no change,1 vehicle,1996,Collision
6,1,4,Pontiac,Urban,3,5,2,Female,Single,34,Third Party,Sedan - Liability,Sport,20000 to 29000,0,13699,5,400,1,more than 30,more than 30,more than 4,6 years,31 to 35,No,No,External,none,no change,1 vehicle,1996,Liability
4,4,2,Mazda,Urban,3,4,1,Male,Married,55,Third Party,Sedan - Collision,Sedan,20000 to 29000,0,13700,12,400,4,more than 30,more than 30,1,more than 7,41 to 50,No,No,External,1 to 2,no change,1 vehicle,1996,Collision
3,5,5,Mazda,Urban,2,2,1,Female,Married,61,Third Party,Sedan - All Perils,Sedan,less than 20000,0,13701,2,400,4,more than 30,more than 30,1,7 years,51 to 65,No,No,External,none,no change,1 vehicle,1996,All Perils
1,5,3,Toyota,Urban,1,6,1,Male,Single,30,Policy Holder,Sedan - All Perils,Sedan,20000 to 29000,0,13702,10,400,4,more than 30,more than 30,2 to 4,6 years,31 to 35,No,No,External,none,no change,1 vehicle,1996,All Perils
5,2,3,Pontiac,Urban,2,4,3,Male,Single,28,Policy Holder,Sedan - Collision,Sedan,less than 20000,0,13703,12,400,1,more than 30,more than 30,more than 4,5 years,31 to 35,No,No,External,none,no change,1 vehicle,1996,Collision
3,4,4,Honda,Urban,5,6,1,Male,Single,0,Policy Holder,Sedan - All Perils,Sedan,more than 69000,0,13704,14,400,1,more than 30,more than 30,none,new,16 to 17,No,No,External,none,no change,1 vehicle,1996,All Perils
6,2,3,Mazda,Urban,4,6,2,Male,Married,42,Policy Holder,Sedan - All Perils,Sedan,less than 20000,0,13705,6,400,3,more than 30,more than 30,none,7 years,36 to 40,No,No,External,more than 5,no change,1 vehicle,1996,All Perils
6,2,3,Accura,Urban,4,4,2,Female,Married,35,Policy Holder,Sedan - All Perils,Sedan,30000 to 39000,0,13706,16,400,2,more than 30,more than 30,none,4 years,31 to 35,No,No,External,more than 5,no change,1 vehicle,1996,All Perils
4,1,7,Accura,Urban,1,4,4,Male,Married,62,Policy Holder,Utility - All Perils,Utility,more than 69000,0,13707,15,400,2,more than 30,more than 30,2 to 4,more than 7,51 to 65,No,No,External,none,no change,1 vehicle,1996,All Perils
4,1,7,Mazda,Urban,3,7,2,Male,Married,33,Policy Holder,Sedan - Liability,Sport,30000 to 39000,0,13708,14,400,3,more than 30,more than 30,1,6 years,31 to 35,No,No,External,none,no change,1 vehicle,1996,Liability
7,4,6,Mazda,Urban,2,3,4,Female,Single,29,Third Party,Sedan - All Perils,Sedan,20000 to 29000,0,13709,16,400,3,more than 30,more than 30,none,6 years,31 to 35,No,No,External,none,no change,1 vehicle,1996,All Perils
2,3,2,Saab,Rural,2,2,2,Male,Married,50,Policy Holder,Sedan - Collision,Sedan,20000 to 29000,0,13710,4,400,3,more than 30,more than 30,1,7 years,41 to 50,No,No,External,none,no change,1 vehicle,1996,Collision
2,3,4,Toyota,Urban,5,2,3,Male,Married,52,Policy Holder,Sedan - Liability,Sport,20000 to 29000,0,13711,5,400,2,more than 30,more than 30,more than 4,more than 7,41 to 50,No,No,External,1 to 2,no change,1 vehicle,1996,Liability
2,3,7,Toyota,Urban,3,7,3,Female,Married,43,Policy Holder,Sedan - Collision,Sedan,20000 to 29000,0,13712,13,400,2,more than 30,more than 30,1,7 years,36 to 40,No,No,External,3 to 5,no change,1 vehicle,1996,Collision
7,4,7,Pontiac,Urban,4,7,4,Male,Married,49,Third Party,Sedan - All Perils,Sedan,30000 to 39000,0,13713,6,400,3,more than 30,more than 30,1,7 years,41 to 50,No,No,External,none,no change,1 vehicle,1996,All Perils
7,4,2,Pontiac,Urban,3,1,4,Male,Single,41,Policy Holder,Sedan - Collision,Sedan,20000 to 29000,1,13714,8,400,3,more than 30,more than 30,none,more than 7,36 to 40,No,No,External,1 to 2,4 to 8 years,2 vehicles,1996,Collision
1,2,2,Honda,Urban,4,1,2,Male,Single,0,Policy Holder,Sedan - All Perils,Sedan,more than 69000,0,13715,14,400,2,more than 30,more than 30,none,new,16 to 17,No,No,External,none,no change,1 vehicle,1996,All Perils
1,2,1,Pontiac,Urban,3,1,3,Male,Single,64,Third Party,Sedan - All Perils,Sedan,less than 20000,0,13716,8,400,1,more than 30,more than 30,none,7 years,51 to 65,No,No,External,none,no change,1 vehicle,1996,All Perils
1,2,3,Pontiac,Urban,1,1,2,Male,Married,58,Policy Holder,Utility - All Perils,Utility,more than 69000,0,13717,4,400,4,more than 30,more than 30,2 to 4,more than 7,51 to 65,No,No,External,more than 5,no change,1 vehicle,1996,All Perils
12,5,2,Honda,Urban,2,1,1,Male,Single,32,Policy Holder,Sedan - Liability,Sport,20000 to 29000,0,13718,1,400,4,more than 30,more than 30,1,5 years,31 to 35,No,No,External,1 to 2,no change,1 vehicle,1996,Liability
12,2,4,Honda,Urban,4,1,2,Male,Single,0,Third Party,Sedan - All Perils,Sedan,more than 69000,0,13719,12,400,1,more than 30,more than 30,none,new,16 to 17,No,No,External,none,no change,1 vehicle,1996,All Perils
12,1,2,Honda,Urban,3,1,4,Male,Married,41,Third Party,Sedan - Liability,Sport,20000 to 29000,0,13720,2,500,3,more than 30,more than 30,more than 4,7 years,36 to 40,No,No,External,none,2 to 3 years,1 vehicle,1996,Liability
12,3,7,Honda,Urban,3,1,1,Male,Married,36,Policy Holder,Sedan - Liability,Sport,20000 to 29000,0,13721,16,400,3,more than 30,more than 30,more than 4,more than 7,36 to 40,No,No,External,none,no change,1 vehicle,1996,Liability
12,4,7,Honda,Urban,3,3,2,Female,Married,55,Policy Holder,Sedan - Liability,Sport,30000 to 39000,0,13722,15,400,4,more than 30,more than 30,1,more than 7,41 to 50,No,No,Internal,more than 5,no change,1 vehicle,1996,Liability
12,4,6,Pontiac,Urban,4,1,2,Female,Married,41,Policy Holder,Sedan - All Perils,Sedan,20000 to 29000,0,13723,5,400,3,more than 30,more than 30,1,7 years,36 to 40,No,No,External,3 to 5,no change,1 vehicle,1996,All Perils
12,4,5,Pontiac,Urban,3,1,2,Female,Married,26,Third Party,Sedan - All Perils,Sedan,20000 to 29000,0,13724,14,400,3,more than 30,more than 30,2 to 4,5 years,31 to 35,No,No,External,none,no change,1 vehicle,1996,All Perils
12,4,4,Toyota,Urban,1,1,1,Male,Married,31,Third Party,Sedan - All Perils,Sedan,more than 69000,0,13725,13,400,3,more than 30,more than 30,2 to 4,6 years,31 to 35,No,No,External,none,no change,1 vehicle,1996,All Perils
12,5,1,Mazda,Urban,2,7,2,Male,Married,61,Policy Holder,Sedan - Collision,Sedan,30000 to 39000,0,13726,9,400,1,more than 30,more than 30,1,more than 7,51 to 65,No,No,External,1 to 2,no change,1 vehicle,1996,Collision
7,4,5,Mazda,Urban,2,1,4,Male,Married,30,Policy Holder,Sedan - Collision,Sedan,20000 to 29000,1,13727,15,400,4,more than 30,more than 30,2 to 4,6 years,31 to 35,No,No,External,none,no change,1 vehicle,1996,Collision
12,5,7,Pontiac,Urban,1,1,2,Male,Married,41,Policy Holder,Utility - All Perils,Utility,more than 69000,0,13728,9,400,4,more than 30,more than 30,2 to 4,7 years,36 to 40,No,No,External,none,no change,1 vehicle,1996,All Perils
1,1,1,Chevrolet,Urban,2,1,1,Female,Married,29,Policy Holder,Sedan - Liability,Sport,20000 to 29000,0,13729,6,400,3,more than 30,more than 30,more than 4,7 years,31 to 35,No,No,External,more than 5,no change,1 vehicle,1996,Liability
1,1,6,Honda,Urban,1,1,1,Male,Married,42,Policy Holder,Sedan - Collision,Sedan,more than 69000,0,13730,3,400,2,more than 30,more than 30,2 to 4,7 years,36 to 40,No,No,External,more than 5,no change,1 vehicle,1996,Collision
1,1,1,Mazda,Rural,3,1,1,Male,Married,37,Policy Holder,Sedan - Liability,Sport,30000 to 39000,0,13731,8,400,4,more than 30,more than 30,2 to 4,7 years,36 to 40,No,No,External,more than 5,no change,1 vehicle,1996,Liability
1,1,6,Toyota,Urban,4,1,1,Male,Married,38,Policy Holder,Sedan - All Perils,Sedan,20000 to 29000,0,13732,7,400,1,more than 30,more than 30,none,more than 7,36 to 40,No,No,External,1 to 2,no change,1 vehicle,1996,All Perils
1,1,3,Pontiac,Urban,1,1,2,Male,Married,56,Policy Holder,Sedan - Liability,Sport,20000 to 29000,0,13733,6,400,4,more than 30,more than 30,2 to 4,more than 7,51 to 65,No,No,External,1 to 2,no change,1 vehicle,1996,Liability
1,1,3,Chevrolet,Urban,4,1,2,Male,Married,57,Policy Holder,Utility - All Perils,Utility,more than 69000,0,13734,6,700,1,more than 30,more than 30,more than 4,more than 7,51 to 65,No,No,External,3 to 5,no change,1 vehicle,1996,All Perils
1,1,4,Toyota,Urban,1,2,1,Male,Married,40,Policy Holder,Sedan - Liability,Sport,30000 to 39000,0,13735,2,400,1,more than 30,more than 30,1,7 years,36 to 40,No,No,External,more than 5,4 to 8 years,2 vehicles,1996,Liability
1,1,2,Toyota,Urban,6,1,2,Male,Married,55,Third Party,Sedan - Liability,Sport,30000 to 39000,0,13736,12,400,4,more than 30,more than 30,more than 4,7 years,41 to 50,No,No,External,1 to 2,no change,3 to 4,1996,Liability
1,1,4,Toyota,Urban,1,1,2,Male,Married,54,Policy Holder,Sedan - Liability,Sport,20000 to 29000,0,13737,2,400,4,more than 30,more than 30,2 to 4,6 years,41 to 50,No,No,External,none,no change,1 vehicle,1996,Liability
1,1,1,Mazda,Urban,3,8,2,Male,Single,26,Policy Holder,Sedan - Liability,Sport,20000 to 29000,0,13738,14,400,1,more than 30,more than 30,more than 4,6 years,31 to 35,No,No,External,more than 5,no change,1 vehicle,1996,Liability
7,4,7,Mazda,Urban,5,1,1,Male,Married,42,Third Party,Sport - Collision,Sport,more than 69000,0,13739,16,400,4,more than 30,more than 30,none,7 years,36 to 40,No,No,External,more than 5,no change,1 vehicle,1996,Collision
1,2,5,Pontiac,Urban,3,1,3,Male,Married,60,Policy Holder,Sedan - Collision,Sedan,30000 to 39000,0,13740,7,400,2,more than 30,more than 30,2 to 4,more than 7,51 to 65,No,No,External,none,no change,1 vehicle,1996,Collision
1,2,1,Chevrolet,Urban,1,1,3,Male,Married,64,Policy Holder,Sport - All Perils,Sport,30000 to 39000,0,13741,8,400,4,more than 30,more than 30,none,more than 7,51 to 65,No,No,External,more than 5,no change,1 vehicle,1996,All Perils
1,2,2,Chevrolet,Rural,3,1,3,Female,Single,26,Policy Holder,Sedan - Liability,Sport,20000 to 29000,0,13742,2,400,2,more than 30,more than 30,none,6 years,31 to 35,No,No,External,more than 5,1 year,1 vehicle,1996,Liability
1,2,3,Pontiac,Urban,5,1,2,Male,Single,26,Policy Holder,Sedan - Liability,Sport,20000 to 29000,0,13743,14,400,3,more than 30,more than 30,more than 4,6 years,31 to 35,No,No,External,3 to 5,no change,1 vehicle,1996,Liability
1,2,4,Pontiac,Urban,4,1,3,Male,Married,54,Third Party,Sedan - All Perils,Sedan,20000 to 29000,0,13744,3,400,3,more than 30,more than 30,1,6 years,41 to 50,No,No,External,3 to 5,no change,1 vehicle,1996,All Perils
1,2,6,VW,Rural,1,1,2,Male,Single,43,Policy Holder,Sedan - All Perils,Sedan,more than 69000,0,13745,10,400,2,more than 30,more than 30,none,7 years,36 to 40,No,No,External,3 to 5,no change,1 vehicle,1996,All Perils
1,3,7,Mazda,Urban,4,1,3,Male,Married,73,Policy Holder,Sedan - Liability,Sport,30000 to 39000,0,13746,11,400,1,more than 30,more than 30,2 to 4,6 years,over 65,No,No,External,none,no change,1 vehicle,1996,Liability
1,3,3,Toyota,Rural,3,1,3,Male,Married,53,Policy Holder,Sedan - Collision,Sedan,20000 to 29000,0,13747,10,400,1,more than 30,more than 30,1,more than 7,41 to 50,No,No,External,none,no change,1 vehicle,1996,Collision
1,3,1,Pontiac,Urban,2,1,3,Female,Married,45,Policy Holder,Sedan - All Perils,Sedan,less than 20000,0,13748,4,400,1,more than 30,more than 30,1,7 years,36 to 40,No,No,External,3 to 5,no change,1 vehicle,1996,All Perils
1,3,4,Honda,Urban,1,1,3,Male,Single,56,Third Party,Sedan - Liability,Sport,20000 to 29000,0,13749,6,400,3,more than 30,more than 30,none,more than 7,51 to 65,No,No,External,more than 5,no change,1 vehicle,1996,Liability
1,3,1,Mazda,Urban,3,8,4,Male,Married,43,Policy Holder,Sedan - All Perils,Sedan,less than 20000,0,13750,8,400,2,more than 30,more than 30,2 to 4,7 years,36 to 40,No,No,External,1 to 2,no change,1 vehicle,1996,All Perils
7,4,6,Pontiac,Urban,3,2,1,Male,Married,31,Third Party,Sedan - All Perils,Sedan,20000 to 29000,0,13751,9,400,4,more than 30,more than 30,none,7 years,31 to 35,No,No,External,3 to 5,no change,1 vehicle,1996,All Perils
1,5,7,Chevrolet,Urban,1,1,1,Male,Married,34,Policy Holder,Sedan - All Perils,Sedan,more than 69000,0,13752,16,400,4,more than 30,more than 30,none,6 years,31 to 35,No,No,External,more than 5,no change,1 vehicle,1996,All Perils
1,5,2,Honda,Urban,3,2,5,Male,Single,0,Policy Holder,Sedan - Liability,Sport,more than 69000,0,13753,4,400,2,more than 30,more than 30,2 to 4,new,16 to 17,No,No,External,none,no change,1 vehicle,1996,Liability
2,3,5,Ford,Urban,5,2,3,Male,Married,28,Policy Holder,Sedan - Liability,Sport,40000 to 59000,0,13754,15,400,1,more than 30,more than 30,2 to 4,7 years,31 to 35,No,No,External,none,no change,1 vehicle,1996,Liability
2,4,2,Toyota,Urban,4,3,4,Male,Single,35,Policy Holder,Sedan - Collision,Sedan,20000 to 29000,0,13755,10,400,2,more than 30,more than 30,none,6 years,31 to 35,No,No,External,more than 5,no change,1 vehicle,1996,Collision
3,1,1,Toyota,Rural,1,3,1,Female,Single,48,Policy Holder,Sedan - Liability,Sport,20000 to 29000,0,13756,6,400,4,more than 30,more than 30,none,more than 7,41 to 50,No,No,External,1 to 2,4 to 8 years,2 vehicles,1996,Liability
3,2,2,Honda,Urban,2,3,2,Female,Divorced,36,Policy Holder,Sedan - Liability,Sport,20000 to 29000,0,13757,16,400,3,more than 30,more than 30,2 to 4,7 years,36 to 40,No,No,External,none,no change,1 vehicle,1996,Liability
3,2,2,Pontiac,Urban,3,8,2,Male,Single,31,Third Party,Sedan - Collision,Sedan,30000 to 39000,0,13758,16,400,3,more than 30,more than 30,1,6 years,31 to 35,No,No,External,none,no change,1 vehicle,1996,Collision
7,4,1,Pontiac,Urban,2,3,1,Male,Married,36,Third Party,Sedan - All Perils,Sedan,30000 to 39000,0,13759,1,400,1,more than 30,more than 30,1,6 years,36 to 40,No,No,External,1 to 2,no change,1 vehicle,1996,All Perils
3,4,3,Honda,Rural,5,5,4,Male,Single,0,Policy Holder,Sedan - Collision,Sedan,more than 69000,0,13760,3,400,3,more than 30,more than 30,none,new,16 to 17,No,No,External,none,no change,1 vehicle,1996,Collision
5,2,5,Ford,Urban,1,8,2,Male,Married,53,Third Party,Sedan - All Perils,Sedan,60000 to 69000,0,13761,15,400,1,more than 30,more than 30,1,more than 7,41 to 50,No,No,External,more than 5,no change,1 vehicle,1996,All Perils
8,3,4,Pontiac,Rural,5,9,4,Male,Married,34,Third Party,Sedan - Liability,Sport,20000 to 29000,0,13762,12,400,1,more than 30,more than 30,2 to 4,6 years,31 to 35,No,No,Internal,none,no change,1 vehicle,1996,Liability
9,1,6,Toyota,Urban,1,12,1,Male,Single,28,Third Party,Sedan - Collision,Sedan,20000 to 29000,0,13763,5,400,4,more than 30,more than 30,none,6 years,31 to 35,No,No,External,none,no change,1 vehicle,1996,Collision
11,4,5,Mazda,Urban,3,1,3,Female,Single,21,Policy Holder,Sedan - Collision,Sedan,20000 to 29000,0,13764,14,400,4,more than 30,more than 30,none,5 years,26 to 30,No,No,External,1 to 2,no change,1 vehicle,1996,Collision
12,4,3,Pontiac,Urban,5,8,1,Male,Married,72,Policy Holder,Sedan - All Perils,Sedan,20000 to 29000,0,13765,3,700,2,more than 30,more than 30,2 to 4,more than 7,over 65,No,No,External,none,no change,1 vehicle,1996,All Perils
7,4,7,Toyota,Urban,1,1,2,Female,Married,54,Policy Holder,Sedan - All Perils,Sedan,20000 to 29000,1,13766,8,400,1,more than 30,more than 30,2 to 4,7 years,41 to 50,No,No,External,1 to 2,no change,1 vehicle,1996,All Perils
1,1,1,Chevrolet,Urban,3,2,2,Female,Married,42,Policy Holder,Sedan - Collision,Sedan,20000 to 29000,0,13767,4,400,4,more than 30,more than 30,1,7 years,36 to 40,No,No,External,none,no change,1 vehicle,1996,Collision
1,1,2,Honda,Urban,4,1,2,Male,Married,55,Policy Holder,Sedan - Liability,Sport,20000 to 29000,0,13768,12,400,3,more than 30,more than 30,more than 4,7 years,41 to 50,No,No,External,3 to 5,no change,1 vehicle,1996,Liability
1,1,2,Pontiac,Urban,2,1,1,Male,Single,33,Policy Holder,Sedan - All Perils,Sedan,20000 to 29000,0,13769,6,400,2,more than 30,more than 30,none,7 years,31 to 35,No,No,External,3 to 5,no change,1 vehicle,1996,All Perils
1,1,4,Pontiac,Urban,1,1,1,Male,Single,27,Third Party,Sedan - All Perils,Sedan,20000 to 29000,0,13770,1,400,3,more than 30,more than 30,none,7 years,31 to 35,No,No,External,more than 5,no change,1 vehicle,1996,All Perils
1,1,5,Toyota,Urban,1,1,3,Male,Married,46,Policy Holder,Sedan - Liability,Sport,20000 to 29000,0,13771,1,500,1,more than 30,more than 30,2 to 4,7 years,41 to 50,No,No,External,more than 5,2 to 3 years,1 vehicle,1996,Liability
1,1,2,Honda,Urban,3,1,2,Male,Married,41,Policy Holder,Sedan - Liability,Sport,20000 to 29000,0,13772,12,400,1,more than 30,more than 30,1,7 years,36 to 40,No,No,External,none,no change,1 vehicle,1996,Liability
1,2,1,Toyota,Urban,1,1,2,Female,Married,39,Policy Holder,Sedan - Collision,Sedan,30000 to 39000,0,13773,8,400,2,more than 30,more than 30,1,7 years,36 to 40,No,No,Internal,none,no change,1 vehicle,1996,Collision
1,2,7,Mazda,Urban,4,2,3,Male,Single,26,Third Party,Sedan - Collision,Sedan,20000 to 29000,0,13774,16,400,2,more than 30,more than 30,2 to 4,7 years,31 to 35,No,No,External,3 to 5,no change,1 vehicle,1996,Collision
1,3,5,Chevrolet,Urban,5,1,1,Female,Married,55,Policy Holder,Sedan - Collision,Sedan,20000 to 29000,0,13775,5,400,2,more than 30,more than 30,2 to 4,6 years,41 to 50,No,No,External,1 to 2,no change,1 vehicle,1996,Collision
1,2,5,Honda,Urban,5,1,4,Male,Single,39,Third Party,Sedan - All Perils,Sedan,20000 to 29000,0,13776,14,400,1,more than 30,more than 30,1,more than 7,36 to 40,No,No,External,more than 5,no change,1 vehicle,1996,All Perils
1,2,1,Chevrolet,Rural,3,1,4,Male,Single,31,Policy Holder,Sedan - Liability,Sport,20000 to 29000,0,13777,15,400,2,more than 30,more than 30,2 to 4,6 years,31 to 35,No,No,External,none,4 to 8 years,3 to 4,1996,Liability
1,3,2,Toyota,Urban,5,1,3,Male,Married,44,Policy Holder,Sedan - Collision,Sedan,30000 to 39000,0,13778,8,400,2,more than 30,more than 30,none,7 years,36 to 40,No,No,External,none,no change,1 vehicle,1996,Collision
1,3,7,Toyota,Urban,1,1,3,Male,Married,78,Third Party,Sedan - All Perils,Sedan,less than 20000,0,13779,2,400,4,more than 30,more than 30,none,more than 7,over 65,No,No,External,1 to 2,no change,1 vehicle,1996,All Perils
1,3,1,Honda,Urban,1,1,3,Male,Single,32,Policy Holder,Sedan - Collision,Sedan,20000 to 29000,0,13780,16,400,4,more than 30,more than 30,none,6 years,31 to 35,No,No,External,none,no change,1 vehicle,1996,Collision
1,4,3,Chevrolet,Urban,5,2,5,Female,Married,29,Third Party,Sedan - Collision,Sedan,20000 to 29000,0,13781,15,400,3,more than 30,more than 30,2 to 4,7 years,31 to 35,No,No,External,3 to 5,no change,1 vehicle,1996,Collision
2,1,3,Pontiac,Urban,4,2,1,Male,Married,63,Policy Holder,Sedan - All Perils,Sedan,more than 69000,0,13782,10,400,4,more than 30,more than 30,none,more than 7,51 to 65,No,No,External,3 to 5,no change,1 vehicle,1996,All Perils
2,1,5,Pontiac,Urban,2,2,2,Male,Married,33,Policy Holder,Sedan - Collision,Sedan,20000 to 29000,0,13783,7,400,2,more than 30,more than 30,2 to 4,6 years,31 to 35,Yes,No,External,1 to 2,no change,1 vehicle,1996,Collision
2,1,1,Pontiac,Urban,1,2,2,Male,Married,53,Policy Holder,Sedan - Collision,Sedan,30000 to 39000,0,13784,10,400,1,more than 30,more than 30,1,more than 7,41 to 50,No,No,External,1 to 2,no change,1 vehicle,1996,Collision
2,1,2,Toyota,Rural,4,2,1,Male,Married,43,Policy Holder,Sedan - Collision,Sedan,20000 to 29000,0,13785,15,400,1,more than 30,more than 30,none,7 years,36 to 40,No,No,External,none,no change,1 vehicle,1996,Collision
2,2,6,Accura,Urban,4,2,2,Male,Married,35,Policy Holder,Sedan - All Perils,Sedan,30000 to 39000,0,13786,16,400,3,more than 30,more than 30,2 to 4,7 years,31 to 35,Yes,Yes,External,none,no change,1 vehicle,1996,All Perils
2,2,3,Pontiac,Urban,4,8,3,Male,Married,42,Policy Holder,Sedan - Collision,Sedan,20000 to 29000,0,13787,15,400,3,more than 30,more than 30,1,6 years,36 to 40,No,No,External,none,no change,1 vehicle,1996,Collision
7,4,7,Toyota,Urban,2,2,2,Female,Married,54,Third Party,Sedan - Collision,Sedan,20000 to 29000,0,13788,5,400,4,more than 30,more than 30,2 to 4,more than 7,41 to 50,No,No,External,none,no change,1 vehicle,1996,Collision
2,2,1,Chevrolet,Urban,1,2,4,Male,Married,51,Policy Holder,Sedan - All Perils,Sedan,30000 to 39000,0,13789,1,400,4,more than 30,more than 30,none,more than 7,41 to 50,No,No,External,more than 5,no change,1 vehicle,1996,All Perils
2,2,1,Toyota,Rural,3,2,2,Male,Married,34,Third Party,Sedan - Liability,Sport,20000 to 29000,0,13790,14,400,3,more than 30,more than 30,1,7 years,31 to 35,No,No,Internal,none,no change,1 vehicle,1996,Liability
2,2,5,Toyota,Urban,5,2,3,Male,Single,42,Third Party,Sedan - Collision,Sedan,20000 to 29000,0,13791,4,400,3,more than 30,more than 30,none,7 years,36 to 40,No,No,External,none,no change,1 vehicle,1996,Collision
2,4,3,Saab,Urban,1,10,4,Male,Married,23,Policy Holder,Sedan - Liability,Sport,30000 to 39000,0,13792,10,400,1,more than 30,more than 30,more than 4,6 years,26 to 30,No,No,External,more than 5,no change,1 vehicle,1996,Liability
7,4,1,Pontiac,Urban,2,3,5,Male,Married,45,Third Party,Sedan - Collision,Sedan,more than 69000,0,13793,7,400,4,more than 30,more than 30,2 to 4,6 years,36 to 40,No,No,External,1 to 2,no change,1 vehicle,1996,Collision
3,1,1,Toyota,Urban,1,4,2,Male,Married,52,Policy Holder,Sedan - Collision,Sedan,more than 69000,0,13794,8,400,3,more than 30,more than 30,1,more than 7,41 to 50,No,No,External,none,no change,1 vehicle,1996,Collision
4,2,4,Honda,Urban,5,5,2,Male,Single,26,Policy Holder,Sedan - Collision,Sedan,more than 69000,0,13795,15,400,2,more than 30,more than 30,2 to 4,6 years,31 to 35,No,No,External,more than 5,no change,1 vehicle,1996,Collision
5,3,3,Chevrolet,Rural,5,8,3,Female,Married,26,Policy Holder,Sedan - Collision,Sedan,20000 to 29000,0,13796,2,400,3,more than 30,more than 30,1,5 years,31 to 35,No,No,External,more than 5,no change,1 vehicle,1996,Collision
7,4,4,Toyota,Rural,5,6,1,Male,Married,29,Policy Holder,Sedan - All Perils,Sedan,20000 to 29000,1,13797,7,400,1,more than 30,more than 30,2 to 4,5 years,31 to 35,No,No,External,1 to 2,no change,1 vehicle,1996,All Perils
6,3,4,Mazda,Urban,4,8,3,Male,Married,43,Policy Holder,Sedan - Collision,Sedan,20000 to 29000,0,13798,7,400,1,more than 30,more than 30,2 to 4,6 years,36 to 40,No,No,External,1 to 2,4 to 8 years,2 vehicles,1996,Collision
7,4,4,Pontiac,Urban,1,6,1,Male,Married,38,Policy Holder,Utility - All Perils,Utility,40000 to 59000,1,13799,15,400,3,8 to 15,more than 30,2 to 4,more than 7,36 to 40,No,No,External,none,no change,1 vehicle,1996,All Perils
6,4,4,Toyota,Rural,3,10,4,Male,Married,46,Policy Holder,Sedan - All Perils,Sedan,20000 to 29000,0,13800,15,400,1,more than 30,more than 30,1,more than 7,41 to 50,No,No,External,more than 5,no change,1 vehicle,1996,All Perils
6,5,3,Mazda,Urban,4,10,4,Male,Married,73,Policy Holder,Sedan - Collision,Sedan,30000 to 39000,0,13801,13,400,4,more than 30,more than 30,2 to 4,more than 7,over 65,Yes,No,External,none,no change,1 vehicle,1996,Collision
10,4,4,Pontiac,Urban,4,8,4,Male,Married,46,Policy Holder,Sedan - Collision,Sedan,30000 to 39000,0,13802,10,400,3,more than 30,more than 30,2 to 4,more than 7,41 to 50,No,No,External,1 to 2,no change,1 vehicle,1996,Collision
7,4,5,Mazda,Urban,1,10,1,Male,Married,52,Policy Holder,Sedan - All Perils,Sedan,20000 to 29000,1,13803,7,400,4,more than 30,more than 30,2 to 4,more than 7,41 to 50,Yes,No,External,3 to 5,no change,1 vehicle,1996,All Perils
10,4,5,Mazda,Urban,2,10,5,Male,Single,35,Third Party,Sedan - All Perils,Sedan,20000 to 29000,0,13804,4,400,3,more than 30,more than 30,1,7 years,31 to 35,Yes,No,External,3 to 5,no change,1 vehicle,1996,All Perils
10,4,7,Toyota,Urban,5,11,5,Male,Single,29,Policy Holder,Sedan - Liability,Sport,20000 to 29000,0,13805,15,400,1,more than 30,more than 30,2 to 4,6 years,31 to 35,Yes,No,External,1 to 2,no change,1 vehicle,1996,Liability
10,5,2,Toyota,Urban,4,11,1,Male,Married,34,Third Party,Sedan - Collision,Sedan,20000 to 29000,0,13806,3,400,4,more than 30,more than 30,none,7 years,31 to 35,No,No,External,none,no change,1 vehicle,1996,Collision
10,5,2,Chevrolet,Urban,1,10,1,Male,Married,37,Policy Holder,Sedan - Collision,Sedan,20000 to 29000,0,13807,14,400,2,more than 30,more than 30,none,7 years,36 to 40,No,No,External,1 to 2,no change,1 vehicle,1996,Collision
10,4,2,Chevrolet,Rural,5,9,5,Male,Married,45,Third Party,Sedan - Collision,Sedan,20000 to 29000,0,13808,13,400,3,more than 30,more than 30,1,7 years,36 to 40,No,No,External,3 to 5,no change,1 vehicle,1996,Collision
9,3,3,Honda,Urban,3,8,5,Male,Married,48,Policy Holder,Sedan - Liability,Sport,30000 to 39000,0,13809,12,400,3,more than 30,more than 30,more than 4,more than 7,41 to 50,No,No,External,3 to 5,no change,1 vehicle,1996,Liability
8,4,2,Chevrolet,Urban,5,7,4,Male,Single,34,Policy Holder,Sedan - Collision,Sedan,30000 to 39000,0,13810,10,400,1,more than 30,more than 30,1,5 years,31 to 35,No,No,External,3 to 5,no change,1 vehicle,1996,Collision
7,4,5,Chevrolet,Urban,3,8,5,Female,Single,33,Third Party,Sedan - Collision,Sedan,20000 to 29000,0,13811,8,400,1,more than 30,more than 30,2 to 4,6 years,31 to 35,No,No,External,more than 5,no change,1 vehicle,1996,Collision
7,4,2,Toyota,Urban,4,7,1,Male,Married,27,Policy Holder,Sedan - Collision,Sedan,20000 to 29000,0,13812,1,400,4,more than 30,more than 30,none,6 years,31 to 35,No,No,External,none,no change,1 vehicle,1996,Collision
7,3,3,Mazda,Urban,4,6,3,Female,Single,31,Third Party,Sedan - Collision,Sedan,20000 to 29000,0,13813,9,400,1,more than 30,more than 30,none,6 years,31 to 35,No,No,External,none,no change,1 vehicle,1996,Collision
6,5,4,Pontiac,Urban,2,7,5,Male,Married,55,Policy Holder,Sedan - Liability,Sport,20000 to 29000,0,13814,2,400,2,more than 30,more than 30,2 to 4,6 years,41 to 50,No,No,External,more than 5,no change,1 vehicle,1996,Liability
6,5,4,Dodge,Rural,1,7,1,Male,Single,39,Policy Holder,Sedan - Collision,Sedan,30000 to 39000,0,13815,15,400,1,more than 30,more than 30,1,6 years,36 to 40,No,No,External,none,no change,1 vehicle,1996,Collision
6,5,3,Pontiac,Urban,3,6,1,Male,Married,31,Policy Holder,Sedan - Collision,Sedan,20000 to 29000,0,13816,2,400,1,more than 30,more than 30,1,6 years,31 to 35,No,No,External,none,no change,1 vehicle,1996,Collision
6,4,3,Pontiac,Urban,6,7,4,Male,Married,54,Third Party,Sedan - All Perils,Sedan,20000 to 29000,0,13817,9,400,2,more than 30,more than 30,none,more than 7,41 to 50,No,No,External,none,no change,1 vehicle,1996,All Perils
6,4,5,Honda,Urban,5,8,1,Female,Single,23,Policy Holder,Sedan - Collision,Sedan,20000 to 29000,0,13818,9,400,2,more than 30,more than 30,none,5 years,26 to 30,No,No,External,none,no change,3 to 4,1996,Collision
7,5,2,Toyota,Urban,2,6,1,Male,Single,35,Policy Holder,Sedan - Collision,Sedan,30000 to 39000,1,13819,15,400,1,more than 30,more than 30,none,6 years,31 to 35,No,No,External,1 to 2,4 to 8 years,2 vehicles,1996,Collision
6,2,4,Honda,Urban,4,7,2,Male,Single,34,Policy Holder,Sedan - Liability,Sport,20000 to 29000,0,13820,7,400,1,more than 30,more than 30,2 to 4,6 years,31 to 35,No,No,External,none,no change,1 vehicle,1996,Liability
6,3,3,Chevrolet,Urban,4,5,1,Male,Married,37,Policy Holder,Sedan - Collision,Sedan,30000 to 39000,0,13821,12,400,1,more than 30,more than 30,1,7 years,36 to 40,No,No,External,more than 5,no change,1 vehicle,1996,Collision
5,2,1,Toyota,Urban,1,5,3,Male,Married,41,Policy Holder,Sedan - Collision,Sedan,20000 to 29000,0,13822,1,500,3,more than 30,more than 30,none,more than 7,36 to 40,No,No,External,none,2 to 3 years,1 vehicle,1996,Collision
5,2,5,Honda,Rural,1,8,2,Male,Married,62,Policy Holder,Sedan - Collision,Sedan,less than 20000,0,13823,2,400,1,more than 30,more than 30,2 to 4,more than 7,51 to 65,No,No,External,none,no change,1 vehicle,1996,Collision
7,5,2,Pontiac,Urban,2,4,2,Male,Married,44,Third Party,Sedan - Collision,Sedan,more than 69000,0,13824,16,400,1,more than 30,more than 30,1,more than 7,36 to 40,No,No,External,none,no change,1 vehicle,1996,Collision
4,2,6,Toyota,Urban,1,4,2,Male,Married,60,Policy Holder,Sedan - Liability,Sport,30000 to 39000,0,13825,1,400,2,more than 30,more than 30,more than 4,more than 7,51 to 65,No,No,External,3 to 5,no change,1 vehicle,1996,Liability
4,1,5,Pontiac,Urban,1,4,1,Female,Married,35,Policy Holder,Sedan - Collision,Sedan,less than 20000,0,13826,14,400,3,more than 30,more than 30,more than 4,6 years,31 to 35,No,No,External,more than 5,no change,1 vehicle,1996,Collision
3,5,3,Honda,Urban,1,3,1,Male,Married,43,Policy Holder,Sedan - Collision,Sedan,20000 to 29000,0,13827,4,700,2,more than 30,more than 30,none,7 years,36 to 40,No,No,External,more than 5,no change,1 vehicle,1996,Collision
3,4,2,Mazda,Urban,3,4,4,Male,Married,28,Third Party,Sedan - Liability,Sport,20000 to 29000,0,13828,15,400,3,more than 30,more than 30,1,6 years,31 to 35,No,No,External,3 to 5,no change,1 vehicle,1996,Liability
3,4,5,Pontiac,Rural,5,3,4,Male,Single,30,Policy Holder,Sedan - Collision,Sedan,30000 to 39000,0,13829,6,400,4,more than 30,more than 30,none,6 years,31 to 35,No,No,External,none,no change,1 vehicle,1996,Collision
3,2,2,Mazda,Urban,2,3,2,Male,Married,57,Policy Holder,Sedan - Liability,Sport,30000 to 39000,0,13830,8,400,3,more than 30,more than 30,none,more than 7,51 to 65,No,No,External,none,no change,1 vehicle,1996,Liability
3,2,3,Chevrolet,Urban,4,3,2,Male,Married,42,Policy Holder,Sedan - Collision,Sedan,30000 to 39000,0,13831,2,400,1,more than 30,15 to 30,1,4 years,36 to 40,No,No,External,none,no change,1 vehicle,1996,Collision
3,2,5,Pontiac,Urban,3,3,2,Male,Single,28,Policy Holder,Sedan - Liability,Sport,more than 69000,0,13832,8,400,4,more than 30,more than 30,none,6 years,31 to 35,No,No,External,1 to 2,no change,1 vehicle,1996,Liability
3,1,5,Toyota,Urban,1,3,2,Male,Married,26,Third Party,Sedan - Collision,Sedan,30000 to 39000,0,13833,10,400,3,more than 30,more than 30,1,7 years,31 to 35,No,No,External,more than 5,1 year,1 vehicle,1996,Collision
3,1,2,Pontiac,Urban,3,3,3,Male,Married,32,Policy Holder,Sedan - All Perils,Sedan,20000 to 29000,0,13834,3,400,4,15 to 30,more than 30,1,5 years,31 to 35,No,No,External,none,no change,1 vehicle,1996,All Perils
2,5,1,Pontiac,Urban,3,3,1,Male,Married,53,Policy Holder,Sedan - All Perils,Sedan,less than 20000,0,13835,9,400,1,more than 30,more than 30,1,7 years,41 to 50,No,No,External,none,no change,1 vehicle,1996,All Perils
2,4,5,Toyota,Urban,5,2,1,Male,Married,28,Third Party,Sedan - All Perils,Sedan,20000 to 29000,0,13836,7,400,4,more than 30,more than 30,1,7 years,31 to 35,No,No,External,more than 5,no change,1 vehicle,1996,All Perils
2,4,5,Honda,Urban,3,3,4,Male,Married,61,Policy Holder,Sedan - Collision,Sedan,20000 to 29000,0,13837,16,400,3,more than 30,more than 30,1,6 years,51 to 65,No,No,External,none,no change,1 vehicle,1996,Collision
2,4,7,Pontiac,Urban,5,2,1,Male,Married,35,Policy Holder,Sedan - Liability,Sport,30000 to 39000,0,13838,5,400,2,more than 30,more than 30,2 to 4,7 years,31 to 35,No,No,External,more than 5,no change,1 vehicle,1996,Liability
2,3,5,Pontiac,Urban,5,2,4,Male,Married,37,Third Party,Sedan - Collision,Sedan,20000 to 29000,0,13839,11,400,4,more than 30,more than 30,1,more than 7,36 to 40,No,No,External,1 to 2,no change,1 vehicle,1996,Collision
2,3,7,Toyota,Urban,5,2,3,Male,Married,43,Third Party,Sedan - All Perils,Sedan,less than 20000,0,13840,4,400,2,more than 30,more than 30,none,more than 7,36 to 40,No,No,External,more than 5,4 to 8 years,2 vehicles,1996,All Perils
2,3,3,Toyota,Urban,2,2,4,Male,Married,76,Policy Holder,Sedan - Collision,Sedan,20000 to 29000,0,13841,14,400,3,more than 30,more than 30,none,more than 7,over 65,No,No,External,none,no change,1 vehicle,1996,Collision
2,3,5,VW,Urban,3,3,5,Male,Married,63,Policy Holder,Sedan - Collision,Sedan,40000 to 59000,0,13842,6,400,3,more than 30,more than 30,1,more than 7,51 to 65,No,No,Internal,more than 5,no change,1 vehicle,1996,Collision
2,3,3,Mazda,Urban,5,2,3,Male,Married,36,Policy Holder,Sedan - All Perils,Sedan,20000 to 29000,0,13843,6,400,3,more than 30,more than 30,1,7 years,36 to 40,No,No,External,3 to 5,no change,1 vehicle,1996,All Perils
2,3,6,Ford,Urban,1,2,3,Male,Single,40,Policy Holder,Sedan - All Perils,Sedan,30000 to 39000,0,13844,14,400,3,more than 30,more than 30,1,6 years,36 to 40,No,No,External,3 to 5,no change,1 vehicle,1996,All Perils
2,2,7,Pontiac,Urban,1,2,2,Male,Single,30,Third Party,Sedan - Liability,Sport,30000 to 39000,0,13845,8,400,3,more than 30,more than 30,2 to 4,7 years,31 to 35,Yes,No,External,1 to 2,no change,1 vehicle,1996,Liability
2,2,2,Toyota,Urban,7,2,3,Male,Single,32,Third Party,Sedan - Collision,Sedan,20000 to 29000,0,13846,4,400,4,more than 30,more than 30,1,6 years,31 to 35,No,No,External,1 to 2,no change,5 to 8,1996,Collision
2,2,6,Chevrolet,Urban,3,3,3,Female,Divorced,43,Policy Holder,Sedan - Liability,Sport,20000 to 29000,0,13847,7,400,4,more than 30,more than 30,2 to 4,7 years,36 to 40,No,No,External,none,no change,1 vehicle,1996,Liability
2,1,5,Pontiac,Urban,2,3,1,Male,Married,30,Policy Holder,Sedan - Collision,Sedan,20000 to 29000,0,13848,7,400,3,more than 30,more than 30,1,7 years,31 to 35,No,No,External,more than 5,no change,1 vehicle,1996,Collision
2,1,3,Mazda,Urban,4,1,3,Male,Single,32,Policy Holder,Sedan - Collision,Sedan,20000 to 29000,0,13849,12,400,1,more than 30,more than 30,none,6 years,31 to 35,No,No,External,none,no change,1 vehicle,1996,Collision
1,3,6,Mazda,Urban,2,8,3,Male,Married,43,Policy Holder,Sedan - Collision,Sedan,20000 to 29000,0,13850,7,400,4,more than 30,more than 30,1,more than 7,36 to 40,No,No,External,3 to 5,no change,1 vehicle,1996,Collision
7,5,1,Honda,Urban,3,2,1,Male,Married,41,Policy Holder,Sedan - Collision,Sedan,30000 to 39000,1,13851,7,400,1,more than 30,more than 30,2 to 4,5 years,36 to 40,No,No,External,none,no change,1 vehicle,1996,Collision
1,2,3,Saab,Urban,5,1,3,Female,Single,40,Policy Holder,Sedan - All Perils,Sedan,30000 to 39000,0,13852,10,400,1,more than 30,more than 30,none,7 years,36 to 40,No,No,External,none,no change,1 vehicle,1996,All Perils
1,1,3,Chevrolet,Urban,4,12,4,Male,Married,54,Third Party,Sedan - Liability,Sport,30000 to 39000,0,13853,11,400,4,more than 30,more than 30,2 to 4,more than 7,41 to 50,No,No,External,1 to 2,no change,1 vehicle,1996,Liability
12,5,5,Honda,Urban,5,11,5,Female,Married,29,Policy Holder,Sedan - All Perils,Sedan,20000 to 29000,0,13854,4,400,1,more than 30,more than 30,2 to 4,7 years,31 to 35,No,No,External,more than 5,no change,1 vehicle,1996,All Perils
10,5,6,Toyota,Urban,4,8,1,Male,Married,62,Policy Holder,Sedan - Collision,Sedan,20000 to 29000,0,13855,5,400,3,more than 30,more than 30,1,7 years,51 to 65,No,No,External,more than 5,no change,1 vehicle,1996,Collision
7,5,3,Honda,Urban,4,10,1,Male,Single,19,Policy Holder,Sport - Collision,Sport,more than 69000,1,13856,2,400,4,more than 30,more than 30,2 to 4,3 years,21 to 25,No,No,External,3 to 5,no change,1 vehicle,1996,Collision
10,3,5,Toyota,Rural,3,10,3,Male,Married,37,Third Party,Sedan - All Perils,Sedan,20000 to 29000,0,13857,15,400,2,more than 30,more than 30,none,6 years,36 to 40,No,No,External,none,no change,1 vehicle,1996,All Perils
10,3,1,Toyota,Urban,2,9,3,Male,Married,36,Third Party,Sedan - Collision,Sedan,20000 to 29000,0,13858,7,700,3,more than 30,more than 30,2 to 4,7 years,36 to 40,No,No,External,none,no change,1 vehicle,1996,Collision
9,4,1,Chevrolet,Urban,3,10,4,Female,Single,32,Policy Holder,Sedan - Collision,Sedan,20000 to 29000,0,13859,7,400,2,more than 30,more than 30,none,3 years,31 to 35,Yes,No,External,none,no change,1 vehicle,1996,Collision
9,2,4,Pontiac,Urban,2,9,1,Male,Married,54,Third Party,Sedan - All Perils,Sedan,20000 to 29000,0,13860,8,400,2,8 to 15,more than 30,1,more than 7,41 to 50,No,No,External,none,no change,1 vehicle,1996,All Perils
9,2,3,Toyota,Urban,5,9,4,Male,Married,28,Policy Holder,Sedan - Collision,Sedan,20000 to 29000,0,13861,9,400,4,more than 30,more than 30,2 to 4,6 years,31 to 35,No,No,External,none,4 to 8 years,2 vehicles,1996,Collision
8,5,1,Honda,Urban,4,8,1,Male,Single,35,Third Party,Sedan - All Perils,Sedan,20000 to 29000,0,13862,3,400,2,more than 30,more than 30,none,6 years,31 to 35,No,No,External,none,no change,1 vehicle,1996,All Perils
8,1,7,Toyota,Urban,1,8,1,Male,Married,53,Policy Holder,Sedan - Liability,Sport,30000 to 39000,0,13863,16,400,3,more than 30,more than 30,2 to 4,7 years,41 to 50,No,No,External,none,no change,1 vehicle,1996,Liability
7,5,1,Honda,Urban,2,7,1,Male,Single,33,Third Party,Sport - Collision,Sport,more than 69000,0,13864,5,400,1,more than 30,more than 30,none,5 years,31 to 35,No,No,External,none,no change,1 vehicle,1996,Collision
7,2,1,Mazda,Urban,2,7,2,Male,Married,77,Third Party,Sedan - All Perils,Sedan,20000 to 29000,0,13865,15,400,4,more than 30,more than 30,none,more than 7,over 65,No,No,External,1 to 2,no change,1 vehicle,1996,All Perils
7,2,3,Honda,Urban,1,6,2,Male,Married,42,Third Party,Sedan - Liability,Sport,30000 to 39000,0,13866,7,400,2,more than 30,more than 30,1,7 years,36 to 40,No,No,External,3 to 5,no change,1 vehicle,1996,Liability
6,3,1,Pontiac,Urban,4,9,3,Male,Married,39,Third Party,Sedan - All Perils,Sedan,30000 to 39000,0,13867,8,400,4,more than 30,more than 30,1,6 years,36 to 40,No,No,External,1 to 2,no change,1 vehicle,1996,All Perils
7,5,7,Ford,Rural,1,5,3,Male,Married,45,Third Party,Sedan - Collision,Sedan,30000 to 39000,0,13868,13,400,3,more than 30,more than 30,1,7 years,36 to 40,No,No,External,none,no change,1 vehicle,1996,Collision
5,3,2,Pontiac,Urban,5,5,3,Male,Married,53,Policy Holder,Sedan - Liability,Sport,20000 to 29000,0,13869,10,400,2,more than 30,more than 30,2 to 4,7 years,41 to 50,No,No,External,3 to 5,no change,1 vehicle,1996,Liability
5,2,1,Pontiac,Rural,2,5,2,Male,Married,39,Third Party,Sedan - All Perils,Sedan,less than 20000,0,13870,6,400,4,more than 30,more than 30,none,5 years,36 to 40,No,No,External,3 to 5,no change,1 vehicle,1996,All Perils
5,2,1,Pontiac,Urban,1,4,5,Male,Married,52,Policy Holder,Sedan - All Perils,Sedan,less than 20000,0,13871,2,400,1,more than 30,more than 30,none,7 years,41 to 50,No,No,External,1 to 2,no change,1 vehicle,1996,All Perils
4,2,1,Honda,Urban,3,4,2,Male,Married,28,Third Party,Sedan - Liability,Sport,20000 to 29000,0,13872,3,400,2,more than 30,more than 30,none,7 years,31 to 35,No,No,External,more than 5,no change,1 vehicle,1996,Liability
3,4,1,Toyota,Urban,4,3,1,Female,Single,29,Policy Holder,Sedan - Liability,Sport,20000 to 29000,0,13873,1,500,3,more than 30,more than 30,1,6 years,31 to 35,No,No,External,none,2 to 3 years,1 vehicle,1996,Liability
3,4,1,Honda,Urban,3,8,4,Male,Single,0,Policy Holder,Sedan - Liability,Sport,more than 69000,0,13874,9,400,2,more than 30,more than 30,more than 4,new,16 to 17,No,No,External,none,no change,1 vehicle,1996,Liability
7,5,2,Honda,Urban,3,3,1,Male,Single,33,Third Party,Sedan - All Perils,Sedan,20000 to 29000,0,13875,12,400,1,more than 30,more than 30,1,5 years,31 to 35,No,No,External,none,no change,1 vehicle,1996,All Perils
3,2,7,Honda,Urban,4,3,2,Male,Single,0,Policy Holder,Sedan - Liability,Sport,more than 69000,0,13876,8,400,1,more than 30,more than 30,more than 4,new,16 to 17,No,No,External,none,no change,1 vehicle,1996,Liability
3,1,7,Honda,Rural,1,3,2,Male,Single,0,Policy Holder,Sedan - Collision,Sedan,more than 69000,0,13877,7,400,3,more than 30,more than 30,2 to 4,new,16 to 17,Yes,No,External,none,no change,1 vehicle,1996,Collision
3,1,3,Chevrolet,Urban,3,3,4,Male,Single,26,Policy Holder,Sedan - Liability,Sport,more than 69000,0,13878,9,400,1,more than 30,more than 30,2 to 4,6 years,31 to 35,No,No,Internal,more than 5,no change,1 vehicle,1996,Liability
3,1,3,Toyota,Urban,5,3,1,Male,Married,27,Third Party,Sedan - All Perils,Sedan,30000 to 39000,0,13879,14,400,1,more than 30,more than 30,1,6 years,31 to 35,No,No,External,none,no change,1 vehicle,1996,All Perils
3,1,7,Mazda,Urban,2,3,1,Male,Single,35,Third Party,Sedan - Collision,Sedan,20000 to 29000,0,13880,4,400,3,more than 30,more than 30,1,6 years,31 to 35,No,No,External,none,no change,1 vehicle,1996,Collision
2,4,2,Chevrolet,Urban,1,8,1,Male,Married,36,Third Party,Sedan - All Perils,Sedan,20000 to 29000,0,13881,2,400,3,more than 30,more than 30,1,6 years,36 to 40,No,No,External,more than 5,no change,1 vehicle,1996,All Perils
8,1,2,Accura,Urban,2,3,2,Male,Married,29,Policy Holder,Utility - All Perils,Utility,more than 69000,1,13882,6,400,3,more than 30,more than 30,none,6 years,31 to 35,No,No,External,none,4 to 8 years,2 vehicles,1996,All Perils
3,1,6,Honda,Urban,4,3,2,Female,Single,30,Policy Holder,Sedan - Liability,Sport,20000 to 29000,0,13883,7,400,1,more than 30,more than 30,more than 4,6 years,31 to 35,No,No,External,more than 5,no change,1 vehicle,1996,Liability
2,4,5,Pontiac,Rural,4,3,1,Female,Married,52,Third Party,Sedan - Liability,Sport,30000 to 39000,0,13884,11,400,4,more than 30,more than 30,none,7 years,41 to 50,No,No,External,more than 5,no change,1 vehicle,1996,Liability
2,4,5,Accura,Urban,5,2,1,Male,Married,37,Policy Holder,Sedan - Liability,Sport,20000 to 29000,0,13885,5,400,3,more than 30,more than 30,2 to 4,7 years,36 to 40,No,No,External,none,no change,1 vehicle,1996,Liability
2,3,3,Ford,Urban,1,2,3,Male,Single,50,Policy Holder,Sedan - Liability,Sport,30000 to 39000,0,13886,9,400,2,more than 30,more than 30,more than 4,more than 7,41 to 50,No,No,External,more than 5,no change,1 vehicle,1996,Liability
2,3,4,Mazda,Urban,5,2,4,Male,Married,26,Policy Holder,Sedan - All Perils,Sedan,20000 to 29000,0,13887,9,400,3,more than 30,more than 30,none,6 years,31 to 35,No,No,External,1 to 2,no change,1 vehicle,1996,All Perils
2,3,7,Honda,Urban,4,3,3,Male,Married,27,Policy Holder,Sedan - Liability,Sport,more than 69000,0,13888,3,400,2,more than 30,more than 30,1,5 years,31 to 35,No,No,External,none,no change,1 vehicle,1996,Liability
2,1,7,Accura,Rural,1,2,1,Male,Married,32,Third Party,Sedan - All Perils,Sedan,30000 to 39000,0,13889,4,400,3,more than 30,more than 30,none,6 years,31 to 35,No,No,External,none,no change,1 vehicle,1996,All Perils
2,1,4,Toyota,Rural,4,8,2,Male,Married,72,Policy Holder,Sedan - All Perils,Sedan,20000 to 29000,0,13890,16,400,3,more than 30,more than 30,none,more than 7,over 65,No,No,External,3 to 5,no change,1 vehicle,1996,All Perils
8,1,4,Pontiac,Urban,2,2,2,Female,Married,41,Third Party,Sedan - Collision,Sedan,less than 20000,0,13891,7,400,3,more than 30,more than 30,none,7 years,36 to 40,No,No,External,none,no change,1 vehicle,1996,Collision
1,4,3,Pontiac,Urban,3,1,1,Male,Single,26,Policy Holder,Sedan - All Perils,Sedan,less than 20000,0,13892,7,400,1,more than 30,more than 30,2 to 4,7 years,31 to 35,No,No,External,more than 5,no change,1 vehicle,1996,All Perils
1,4,3,Honda,Urban,5,2,4,Male,Single,0,Policy Holder,Sedan - Liability,Sport,more than 69000,0,13893,12,400,2,more than 30,more than 30,more than 4,new,16 to 17,No,No,External,none,no change,1 vehicle,1996,Liability
1,3,2,Honda,Urban,1,2,2,Male,Married,29,Policy Holder,Sedan - All Perils,Sedan,20000 to 29000,0,13894,6,400,3,more than 30,more than 30,2 to 4,6 years,31 to 35,No,No,External,none,no change,1 vehicle,1996,All Perils
1,3,3,Toyota,Urban,2,2,2,Male,Married,57,Third Party,Sedan - All Perils,Sedan,20000 to 29000,0,13895,11,400,3,more than 30,more than 30,none,more than 7,51 to 65,No,No,External,none,no change,1 vehicle,1996,All Perils
1,2,3,Mazda,Urban,4,1,1,Male,Married,31,Policy Holder,Sedan - Collision,Sedan,20000 to 29000,0,13896,4,400,2,more than 30,more than 30,1,7 years,31 to 35,No,No,External,none,no change,1 vehicle,1996,Collision
1,2,1,Pontiac,Urban,1,1,2,Female,Married,44,Policy Holder,Sedan - Collision,Sedan,20000 to 29000,0,13897,5,400,1,more than 30,more than 30,1,6 years,36 to 40,No,No,External,more than 5,no change,1 vehicle,1996,Collision
1,2,2,Toyota,Urban,4,2,4,Male,Married,57,Policy Holder,Sedan - Collision,Sedan,20000 to 29000,0,13898,4,400,3,more than 30,more than 30,none,more than 7,51 to 65,No,No,External,none,no change,1 vehicle,1996,Collision
12,5,4,Pontiac,Rural,1,8,4,Female,Single,57,Policy Holder,Sedan - All Perils,Sedan,20000 to 29000,0,13899,3,400,3,more than 30,more than 30,none,more than 7,51 to 65,No,No,External,none,no change,1 vehicle,1996,All Perils
8,1,2,Toyota,Urban,4,10,2,Female,Married,36,Policy Holder,Sedan - All Perils,Sedan,less than 20000,1,13900,11,400,1,more than 30,more than 30,1,7 years,36 to 40,No,No,External,1 to 2,no change,3 to 4,1996,All Perils
12,4,7,Mazda,Urban,3,5,1,Male,Married,54,Policy Holder,Utility - All Perils,Utility,more than 69000,0,13901,16,400,3,more than 30,more than 30,none,7 years,41 to 50,No,No,External,more than 5,no change,1 vehicle,1996,All Perils
12,1,2,Honda,Rural,4,4,2,Male,Single,28,Policy Holder,Sedan - Collision,Sedan,20000 to 29000,0,13902,3,400,1,more than 30,more than 30,2 to 4,5 years,31 to 35,No,No,External,1 to 2,no change,1 vehicle,1996,Collision
4,3,4,Pontiac,Urban,5,4,4,Male,Married,49,Third Party,Sedan - Liability,Sport,20000 to 29000,0,13903,13,400,1,more than 30,more than 30,2 to 4,5 years,41 to 50,No,No,External,none,4 to 8 years,2 vehicles,1996,Liability
4,2,6,Accura,Urban,4,4,2,Male,Single,49,Third Party,Sedan - Collision,Sedan,30000 to 39000,0,13904,2,400,2,more than 30,more than 30,none,more than 7,41 to 50,No,No,External,none,no change,1 vehicle,1996,Collision
4,1,5,Chevrolet,Urban,2,4,2,Male,Single,27,Third Party,Sedan - Collision,Sedan,30000 to 39000,0,13905,1,400,4,more than 30,more than 30,2 to 4,7 years,31 to 35,No,No,External,1 to 2,no change,1 vehicle,1996,Collision
4,1,4,Honda,Rural,5,4,1,Male,Single,0,Policy Holder,Sedan - Liability,Sport,more than 69000,0,13906,3,400,2,more than 30,more than 30,none,new,16 to 17,No,No,External,none,no change,1 vehicle,1996,Liability
3,4,3,Saturn,Rural,3,4,1,Male,Married,37,Policy Holder,Sedan - Collision,Sedan,20000 to 29000,0,13907,7,400,2,more than 30,more than 30,1,7 years,36 to 40,No,No,External,none,no change,1 vehicle,1996,Collision
3,4,6,Honda,Urban,2,4,2,Male,Single,25,Policy Holder,Sedan - Collision,Sedan,20000 to 29000,0,13908,4,400,2,more than 30,more than 30,2 to 4,6 years,26 to 30,No,No,External,3 to 5,no change,1 vehicle,1996,Collision
4,3,5,Pontiac,Urban,1,8,4,Male,Divorced,53,Policy Holder,Sedan - Collision,Sedan,20000 to 29000,0,13909,1,400,1,more than 30,more than 30,2 to 4,7 years,41 to 50,No,No,External,3 to 5,no change,1 vehicle,1996,Collision
8,1,1,Ford,Urban,1,6,2,Male,Married,53,Policy Holder,Sedan - All Perils,Sedan,40000 to 59000,1,13910,3,400,1,more than 30,more than 30,none,more than 7,41 to 50,No,No,External,3 to 5,no change,1 vehicle,1996,All Perils
6,1,6,Pontiac,Urban,2,10,1,Male,Married,34,Policy Holder,Sedan - Collision,Sedan,30000 to 39000,0,13911,14,400,3,more than 30,more than 30,1,7 years,31 to 35,No,No,External,3 to 5,no change,1 vehicle,1996,Collision
10,4,5,Mazda,Urban,1,11,4,Male,Married,36,Policy Holder,Sedan - Liability,Sport,30000 to 39000,0,13912,11,400,4,more than 30,more than 30,more than 4,7 years,36 to 40,No,No,External,more than 5,no change,1 vehicle,1996,Liability
11,1,6,Mazda,Urban,2,9,2,Male,Married,45,Policy Holder,Utility - All Perils,Utility,more than 69000,0,13913,13,400,1,more than 30,more than 30,2 to 4,7 years,36 to 40,No,No,External,more than 5,no change,1 vehicle,1996,All Perils
8,1,5,Mazda,Urban,5,3,2,Female,Married,57,Third Party,Sedan - All Perils,Sedan,20000 to 29000,0,13914,11,400,1,more than 30,more than 30,1,more than 7,51 to 65,No,No,External,1 to 2,no change,1 vehicle,1996,All Perils
3,3,6,Honda,Urban,4,8,3,Female,Married,36,Policy Holder,Sedan - Collision,Sedan,30000 to 39000,0,13915,8,400,1,more than 30,more than 30,1,7 years,36 to 40,No,No,External,none,no change,1 vehicle,1996,Collision
8,1,4,Mazda,Urban,5,8,2,Male,Single,34,Policy Holder,Sport - Collision,Sport,more than 69000,1,13916,15,400,1,more than 30,more than 30,none,6 years,31 to 35,No,No,External,3 to 5,no change,1 vehicle,1996,Collision
8,1,4,Toyota,Urban,4,12,2,Male,Married,64,Third Party,Sedan - All Perils,Sedan,20000 to 29000,0,13917,5,400,2,more than 30,more than 30,none,more than 7,51 to 65,No,No,External,more than 5,no change,1 vehicle,1996,All Perils
12,2,3,Chevrolet,Urban,4,4,2,Male,Married,38,Policy Holder,Sedan - Liability,Sport,40000 to 59000,0,13918,2,400,2,more than 30,more than 30,2 to 4,more than 7,36 to 40,No,No,External,none,no change,1 vehicle,1996,Liability
4,4,4,Mercury,Urban,5,4,5,Female,Married,39,Policy Holder,Sedan - Collision,Sedan,more than 69000,0,13919,16,400,4,more than 30,more than 30,1,more than 7,36 to 40,No,No,External,none,no change,1 vehicle,1996,Collision
4,5,1,VW,Urban,2,3,5,Male,Married,63,Policy Holder,Sedan - Liability,Sport,60000 to 69000,0,13920,13,400,1,more than 30,more than 30,more than 4,6 years,51 to 65,No,No,External,3 to 5,no change,1 vehicle,1996,Liability
3,3,2,Honda,Urban,5,7,3,Male,Married,30,Policy Holder,Sedan - Liability,Sport,20000 to 29000,0,13921,6,400,1,more than 30,more than 30,1,7 years,31 to 35,No,No,External,1 to 2,no change,1 vehicle,1996,Liability
6,5,1,Mercury,Urban,4,6,1,Male,Married,35,Policy Holder,Sedan - Collision,Sedan,20000 to 29000,0,13922,11,400,1,more than 30,more than 30,2 to 4,7 years,31 to 35,No,No,External,none,no change,1 vehicle,1996,Collision
6,2,2,Pontiac,Urban,2,9,3,Male,Single,45,Policy Holder,Sedan - Collision,Sedan,20000 to 29000,0,13923,1,400,3,more than 30,more than 30,2 to 4,7 years,36 to 40,No,No,External,3 to 5,no change,1 vehicle,1996,Collision
9,4,3,Honda,Urban,4,9,4,Male,Single,41,Policy Holder,Sedan - Liability,Sport,30000 to 39000,0,13924,6,500,1,more than 30,more than 30,2 to 4,7 years,36 to 40,No,No,External,none,1 year,2 vehicles,1996,Liability
9,5,6,Pontiac,Urban,3,4,5,Male,Married,32,Third Party,Sedan - All Perils,Sedan,30000 to 39000,0,13925,2,400,1,more than 30,more than 30,2 to 4,6 years,31 to 35,No,No,External,3 to 5,no change,1 vehicle,1996,All Perils
4,3,2,Honda,Urban,3,5,3,Female,Married,54,Third Party,Sedan - Collision,Sedan,less than 20000,0,13926,5,400,1,more than 30,more than 30,none,more than 7,41 to 50,No,No,External,none,no change,1 vehicle,1996,Collision
5,1,2,Toyota,Urban,2,4,1,Male,Married,46,Third Party,Sedan - Collision,Sedan,20000 to 29000,0,13927,5,400,2,more than 30,more than 30,none,more than 7,41 to 50,No,No,External,more than 5,no change,1 vehicle,1996,Collision
4,4,3,Mazda,Urban,3,8,4,Male,Married,44,Policy Holder,Sedan - Collision,Sedan,30000 to 39000,0,13928,4,400,2,more than 30,more than 30,2 to 4,7 years,36 to 40,No,No,External,1 to 2,no change,1 vehicle,1996,Collision
8,5,1,Mazda,Urban,2,8,5,Male,Married,57,Policy Holder,Sedan - Liability,Sport,20000 to 29000,0,13929,6,400,1,more than 30,more than 30,2 to 4,7 years,51 to 65,No,No,External,more than 5,no change,1 vehicle,1996,Liability
8,2,1,Mazda,Rural,2,8,2,Male,Single,42,Policy Holder,Sedan - Liability,Sport,20000 to 29000,0,13930,5,400,3,more than 30,more than 30,2 to 4,7 years,36 to 40,No,No,External,none,no change,1 vehicle,1996,Liability
8,2,6,Chevrolet,Urban,4,8,2,Female,Single,55,Policy Holder,Sedan - Liability,Sport,20000 to 29000,0,13931,15,400,3,more than 30,more than 30,2 to 4,6 years,41 to 50,No,No,External,none,no change,1 vehicle,1996,Liability
8,1,5,Mazda,Urban,5,6,3,Male,Married,29,Third Party,Sport - Collision,Sport,more than 69000,0,13932,5,400,3,more than 30,more than 30,2 to 4,7 years,31 to 35,Yes,No,External,none,no change,1 vehicle,1996,Collision
6,4,3,Honda,Urban,1,5,4,Male,Single,48,Policy Holder,Sedan - All Perils,Sedan,20000 to 29000,0,13933,8,400,2,more than 30,more than 30,1,more than 7,41 to 50,No,No,External,more than 5,no change,1 vehicle,1996,All Perils
5,4,7,Mazda,Urban,3,9,5,Male,Married,23,Policy Holder,Sedan - Collision,Sedan,more than 69000,0,13934,15,400,4,more than 30,more than 30,none,5 years,26 to 30,No,No,External,more than 5,no change,1 vehicle,1996,Collision
9,1,5,Honda,Urban,2,7,2,Male,Married,48,Third Party,Sedan - All Perils,Sedan,20000 to 29000,0,13935,16,400,2,more than 30,more than 30,1,more than 7,41 to 50,No,No,External,3 to 5,no change,1 vehicle,1996,All Perils
7,4,5,Pontiac,Rural,1,12,4,Male,Married,48,Policy Holder,Sedan - Collision,Sedan,20000 to 29000,0,13936,14,400,4,more than 30,more than 30,2 to 4,more than 7,41 to 50,No,No,External,more than 5,no change,1 vehicle,1996,Collision
12,1,5,Accura,Urban,5,4,2,Male,Married,50,Policy Holder,Sedan - All Perils,Sedan,30000 to 39000,0,13937,8,400,3,more than 30,more than 30,none,more than 7,41 to 50,No,No,External,none,no change,1 vehicle,1996,All Perils
4,4,3,Mazda,Urban,4,10,5,Female,Married,31,Policy Holder,Sedan - Collision,Sedan,20000 to 29000,0,13938,16,400,1,more than 30,more than 30,1,7 years,31 to 35,No,No,External,none,no change,1 vehicle,1996,Collision
9,3,7,Pontiac,Urban,1,10,1,Male,Married,68,Policy Holder,Utility - All Perils,Utility,40000 to 59000,0,13939,11,400,1,more than 30,more than 30,1,more than 7,over 65,No,No,External,more than 5,no change,1 vehicle,1996,All Perils
10,4,4,Pontiac,Rural,1,11,4,Male,Single,29,Third Party,Sedan - All Perils,Sedan,20000 to 29000,0,13940,4,400,1,more than 30,more than 30,2 to 4,6 years,31 to 35,No,No,External,more than 5,no change,1 vehicle,1996,All Perils
10,1,3,Toyota,Urban,3,12,1,Male,Married,56,Policy Holder,Sedan - Collision,Sedan,30000 to 39000,0,13941,13,400,3,more than 30,more than 30,more than 4,more than 7,51 to 65,No,No,External,more than 5,no change,3 to 4,1996,Collision
12,3,7,Toyota,Urban,5,8,3,Male,Single,71,Policy Holder,Sedan - Collision,Sedan,20000 to 29000,0,13942,8,400,1,more than 30,more than 30,1,more than 7,over 65,No,No,External,more than 5,no change,1 vehicle,1996,Collision
8,1,6,Honda,Urban,1,10,3,Male,Married,53,Policy Holder,Sedan - Collision,Sedan,20000 to 29000,1,13943,1,400,4,more than 30,more than 30,none,more than 7,41 to 50,No,No,External,more than 5,no change,1 vehicle,1996,Collision
10,2,1,Toyota,Urban,2,10,2,Male,Single,32,Third Party,Sedan - Collision,Sedan,20000 to 29000,0,13944,12,400,1,more than 30,more than 30,none,7 years,31 to 35,No,No,External,1 to 2,no change,1 vehicle,1996,Collision
10,2,4,Mazda,Urban,4,4,2,Male,Married,46,Policy Holder,Sedan - Liability,Sport,30000 to 39000,0,13945,6,400,4,more than 30,more than 30,more than 4,7 years,41 to 50,No,No,External,none,4 to 8 years,2 vehicles,1996,Liability
4,2,1,Pontiac,Urban,4,8,2,Male,Single,25,Policy Holder,Sedan - Collision,Sedan,20000 to 29000,0,13946,5,400,1,more than 30,more than 30,2 to 4,5 years,26 to 30,No,No,External,1 to 2,no change,1 vehicle,1996,Collision
8,2,2,Honda,Urban,4,7,3,Male,Married,46,Policy Holder,Sedan - Collision,Sedan,30000 to 39000,1,13947,8,400,1,more than 30,more than 30,1,more than 7,41 to 50,No,No,External,more than 5,no change,1 vehicle,1996,Collision
7,1,5,VW,Urban,1,8,1,Male,Married,55,Policy Holder,Sedan - Liability,Sport,60000 to 69000,0,13948,5,400,4,more than 30,more than 30,none,more than 7,41 to 50,No,No,Internal,1 to 2,no change,1 vehicle,1996,Liability
7,5,1,Pontiac,Urban,4,8,3,Female,Married,42,Policy Holder,Sedan - Collision,Sedan,less than 20000,0,13949,6,400,1,more than 30,more than 30,2 to 4,6 years,36 to 40,No,No,External,more than 5,no change,1 vehicle,1996,Collision
8,2,7,Chevrolet,Urban,2,9,2,Male,Married,52,Third Party,Sedan - Collision,Sedan,more than 69000,0,13950,12,400,4,more than 30,more than 30,more than 4,more than 7,41 to 50,No,No,External,3 to 5,no change,1 vehicle,1996,Collision
8,3,1,Honda,Urban,4,10,3,Male,Divorced,27,Policy Holder,Sedan - Collision,Sedan,20000 to 29000,0,13951,7,400,4,8 to 15,more than 30,1,6 years,31 to 35,No,No,External,none,no change,1 vehicle,1996,Collision
10,1,2,Pontiac,Urban,4,9,1,Female,Married,34,Policy Holder,Sedan - Collision,Sedan,20000 to 29000,0,13952,1,400,3,more than 30,more than 30,1,6 years,31 to 35,No,No,External,3 to 5,no change,1 vehicle,1996,Collision
8,4,5,Chevrolet,Urban,2,10,1,Male,Married,52,Third Party,Sedan - All Perils,Sedan,more than 69000,0,13953,8,400,3,more than 30,more than 30,none,more than 7,41 to 50,No,No,External,more than 5,no change,1 vehicle,1996,All Perils
9,4,1,Chevrolet,Urban,5,9,1,Male,Married,65,Policy Holder,Sedan - Collision,Sedan,more than 69000,0,13954,7,400,2,more than 30,more than 30,none,more than 7,51 to 65,No,No,External,none,no change,1 vehicle,1996,Collision
8,2,3,Pontiac,Urban,4,6,4,Male,Married,41,Third Party,Sedan - Collision,Sedan,less than 20000,0,13955,12,400,2,15 to 30,more than 30,none,more than 7,36 to 40,No,No,External,none,no change,1 vehicle,1996,Collision
6,2,6,Chevrolet,Urban,3,11,3,Male,Single,27,Policy Holder,Sedan - Collision,Sedan,20000 to 29000,0,13956,4,400,2,more than 30,more than 30,1,7 years,31 to 35,No,No,External,1 to 2,no change,1 vehicle,1996,Collision
10,3,3,Pontiac,Urban,2,3,1,Male,Married,64,Policy Holder,Sedan - Collision,Sedan,30000 to 39000,0,13957,8,400,1,more than 30,more than 30,2 to 4,7 years,51 to 65,No,No,External,1 to 2,no change,1 vehicle,1996,Collision
3,3,1,Mazda,Urban,2,3,4,Male,Married,30,Third Party,Sport - Collision,Sport,more than 69000,0,13958,1,400,2,more than 30,more than 30,2 to 4,6 years,31 to 35,No,No,External,none,no change,1 vehicle,1996,Collision
3,1,1,Pontiac,Urban,2,2,2,Male,Single,30,Policy Holder,Sedan - Collision,Sedan,20000 to 29000,0,13959,3,400,4,more than 30,more than 30,none,6 years,31 to 35,No,No,External,none,no change,1 vehicle,1996,Collision
2,3,2,Pontiac,Urban,1,8,4,Male,Married,42,Policy Holder,Sedan - Collision,Sedan,20000 to 29000,0,13960,5,400,1,more than 30,more than 30,2 to 4,more than 7,36 to 40,No,No,External,1 to 2,no change,1 vehicle,1996,Collision
8,2,5,Saab,Urban,2,7,3,Male,Married,39,Policy Holder,Sedan - Collision,Sedan,20000 to 29000,1,13961,2,400,2,more than 30,more than 30,none,more than 7,36 to 40,No,No,External,none,no change,1 vehicle,1996,Collision
7,1,6,Honda,Rural,3,7,1,Male,Single,32,Third Party,Sedan - All Perils,Sedan,20000 to 29000,0,13962,2,400,3,more than 30,more than 30,2 to 4,6 years,31 to 35,No,No,External,none,no change,1 vehicle,1996,All Perils
7,1,5,Honda,Urban,3,2,1,Male,Married,60,Policy Holder,Sedan - Collision,Sedan,20000 to 29000,0,13963,15,400,2,more than 30,more than 30,1,more than 7,51 to 65,No,No,External,1 to 2,no change,1 vehicle,1996,Collision
2,1,4,Mazda,Urban,4,11,2,Male,Single,35,Policy Holder,Sedan - Collision,Sedan,20000 to 29000,0,13964,5,400,2,more than 30,more than 30,none,5 years,31 to 35,No,No,External,none,no change,1 vehicle,1996,Collision
11,4,7,Toyota,Urban,2,12,4,Male,Married,41,Policy Holder,Sedan - Collision,Sedan,20000 to 29000,0,13965,2,400,2,more than 30,more than 30,2 to 4,6 years,36 to 40,No,No,External,none,no change,1 vehicle,1996,Collision
12,2,2,Mazda,Urban,4,8,2,Male,Single,30,Policy Holder,Sedan - Liability,Sport,20000 to 29000,0,13966,5,400,2,more than 30,more than 30,2 to 4,5 years,31 to 35,No,No,External,none,4 to 8 years,2 vehicles,1996,Liability
8,2,4,Honda,Rural,5,8,2,Male,Single,24,Third Party,Sedan - Collision,Sedan,20000 to 29000,0,13967,15,400,3,8 to 15,15 to 30,1,5 years,26 to 30,No,No,External,none,no change,1 vehicle,1996,Collision
8,1,3,Pontiac,Urban,5,7,1,Male,Married,31,Policy Holder,Sedan - Collision,Sedan,30000 to 39000,0,13968,5,400,2,more than 30,more than 30,2 to 4,6 years,31 to 35,No,No,Internal,more than 5,no change,1 vehicle,1996,Collision
7,2,5,Pontiac,Urban,3,7,3,Male,Single,31,Policy Holder,Sedan - All Perils,Sedan,20000 to 29000,0,13969,7,400,3,more than 30,more than 30,none,5 years,31 to 35,No,No,External,none,no change,1 vehicle,1996,All Perils
7,3,2,Pontiac,Urban,2,9,4,Male,Married,30,Policy Holder,Sedan - All Perils,Sedan,20000 to 29000,0,13970,3,400,2,more than 30,more than 30,more than 4,7 years,31 to 35,No,No,External,3 to 5,no change,1 vehicle,1996,All Perils
9,4,7,Honda,Rural,4,6,4,Male,Married,42,Policy Holder,Sedan - Liability,Sport,20000 to 29000,0,13971,10,400,3,more than 30,more than 30,2 to 4,7 years,36 to 40,No,No,External,more than 5,no change,1 vehicle,1996,Liability
6,2,4,Ford,Urban,1,1,3,Female,Single,47,Policy Holder,Sedan - Liability,Sport,30000 to 39000,0,13972,15,400,1,more than 30,more than 30,1,more than 7,41 to 50,No,No,External,3 to 5,no change,1 vehicle,1996,Liability
12,3,4,Honda,Urban,5,8,4,Male,Married,51,Policy Holder,Sedan - Liability,Sport,40000 to 59000,0,13973,4,400,4,more than 30,more than 30,2 to 4,7 years,41 to 50,No,No,External,more than 5,no change,1 vehicle,1996,Liability
8,2,3,Mazda,Urban,5,8,2,Female,Married,30,Third Party,Sedan - All Perils,Sedan,20000 to 29000,0,13974,13,400,4,more than 30,more than 30,none,7 years,31 to 35,No,No,External,none,no change,1 vehicle,1996,All Perils
8,2,2,Toyota,Urban,3,6,4,Male,Single,27,Policy Holder,Sedan - Collision,Sedan,20000 to 29000,1,13975,15,500,3,more than 30,more than 30,2 to 4,6 years,31 to 35,No,No,External,none,2 to 3 years,1 vehicle,1996,Collision
6,2,2,Pontiac,Urban,3,6,3,Male,Single,30,Third Party,Sedan - All Perils,Sedan,20000 to 29000,0,13976,1,400,1,more than 30,more than 30,2 to 4,6 years,31 to 35,No,No,External,more than 5,no change,1 vehicle,1996,All Perils
6,2,7,Toyota,Rural,4,4,2,Male,Married,42,Policy Holder,Sedan - Collision,Sedan,20000 to 29000,0,13977,12,400,3,more than 30,more than 30,2 to 4,6 years,36 to 40,No,No,External,none,no change,1 vehicle,1996,Collision
3,4,6,Pontiac,Urban,3,3,2,Male,Married,28,Policy Holder,Sedan - Collision,Sedan,20000 to 29000,0,13978,10,400,3,more than 30,more than 30,2 to 4,6 years,31 to 35,No,No,External,1 to 2,no change,1 vehicle,1996,Collision
3,2,5,Accura,Urban,4,8,3,Male,Married,40,Policy Holder,Utility - All Perils,Utility,more than 69000,0,13979,7,400,1,more than 30,more than 30,none,more than 7,36 to 40,No,No,External,none,no change,1 vehicle,1996,All Perils
8,2,6,Honda,Urban,1,3,3,Male,Married,53,Third Party,Sedan - Collision,Sedan,20000 to 29000,0,13980,9,400,2,more than 30,more than 30,2 to 4,more than 7,41 to 50,No,No,External,none,no change,1 vehicle,1996,Collision
3,2,1,Honda,Urban,3,3,3,Male,Single,0,Policy Holder,Sedan - Liability,Sport,more than 69000,0,13981,8,400,1,more than 30,more than 30,2 to 4,new,16 to 17,No,No,External,none,no change,1 vehicle,1996,Liability
2,4,6,Mazda,Urban,4,3,1,Male,Single,26,Third Party,Sedan - Collision,Sedan,20000 to 29000,0,13982,5,400,1,more than 30,more than 30,1,6 years,31 to 35,No,No,External,1 to 2,no change,3 to 4,1996,Collision
2,2,3,Pontiac,Urban,3,2,1,Male,Married,42,Policy Holder,Sedan - Collision,Sedan,20000 to 29000,0,13983,1,400,2,more than 30,more than 30,2 to 4,7 years,36 to 40,No,No,External,more than 5,no change,1 vehicle,1996,Collision
2,2,3,Honda,Urban,2,2,2,Male,Single,0,Policy Holder,Sedan - All Perils,Sedan,more than 69000,0,13984,12,400,3,more than 30,more than 30,1,new,16 to 17,No,No,External,none,no change,1 vehicle,1996,All Perils
2,1,7,Ford,Urban,1,11,2,Male,Married,43,Policy Holder,Sedan - All Perils,Sedan,20000 to 29000,0,13985,15,400,3,more than 30,more than 30,none,7 years,36 to 40,No,No,External,none,no change,1 vehicle,1996,All Perils
11,1,1,Ford,Urban,1,7,1,Male,Married,65,Policy Holder,Sedan - Liability,Sport,more than 69000,0,13986,1,400,2,more than 30,more than 30,1,more than 7,51 to 65,No,No,External,more than 5,no change,1 vehicle,1996,Liability
7,2,1,Mazda,Urban,1,7,3,Male,Married,44,Policy Holder,Sedan - Liability,Sport,30000 to 39000,0,13987,11,400,4,more than 30,more than 30,2 to 4,more than 7,36 to 40,No,No,External,more than 5,4 to 8 years,2 vehicles,1996,Liability
7,2,5,Ford,Urban,2,7,2,Male,Married,55,Policy Holder,Sedan - Liability,Sport,40000 to 59000,0,13988,14,400,4,more than 30,more than 30,more than 4,7 years,41 to 50,No,No,External,more than 5,no change,1 vehicle,1996,Liability
7,2,1,Pontiac,Urban,2,11,2,Male,Married,38,Policy Holder,Sedan - Collision,Sedan,20000 to 29000,0,13989,10,400,2,more than 30,more than 30,more than 4,more than 7,36 to 40,No,No,External,none,no change,1 vehicle,1996,Collision
11,2,5,Pontiac,Urban,5,10,2,Male,Married,32,Policy Holder,Sedan - Liability,Sport,less than 20000,0,13990,11,400,2,more than 30,more than 30,more than 4,7 years,31 to 35,No,No,External,3 to 5,no change,1 vehicle,1996,Liability
10,5,6,Saab,Urban,2,8,5,Male,Married,30,Policy Holder,Sedan - Liability,Sport,30000 to 39000,0,13991,3,400,2,more than 30,more than 30,more than 4,6 years,31 to 35,No,No,External,more than 5,no change,1 vehicle,1996,Liability
7,5,5,Mazda,Urban,1,5,1,Male,Married,30,Third Party,Sedan - Collision,Sedan,20000 to 29000,0,13992,8,400,2,more than 30,more than 30,1,5 years,31 to 35,No,No,External,none,no change,1 vehicle,1996,Collision
5,3,3,Toyota,Urban,3,5,4,Male,Single,34,Policy Holder,Sedan - Liability,Sport,20000 to 29000,0,13993,12,400,2,more than 30,more than 30,2 to 4,6 years,31 to 35,No,No,External,3 to 5,no change,1 vehicle,1996,Liability
5,2,4,Pontiac,Urban,5,6,2,Male,Single,31,Policy Holder,Sedan - Collision,Sedan,more than 69000,0,13994,13,400,2,more than 30,more than 30,2 to 4,6 years,31 to 35,No,No,External,3 to 5,no change,1 vehicle,1996,Collision
5,1,4,VW,Urban,4,5,2,Male,Single,29,Policy Holder,Sedan - Collision,Sedan,30000 to 39000,0,13995,7,400,2,more than 30,more than 30,1,7 years,31 to 35,No,No,External,none,no change,1 vehicle,1996,Collision
5,1,7,Chevrolet,Urban,2,2,1,Male,Single,35,Policy Holder,Sedan - Liability,Sport,30000 to 39000,0,13996,11,400,3,more than 30,more than 30,2 to 4,6 years,31 to 35,No,No,External,more than 5,no change,1 vehicle,1996,Liability
1,2,3,Accura,Urban,1,9,5,Male,Married,61,Policy Holder,Utility - All Perils,Utility,more than 69000,0,13997,5,400,4,more than 30,more than 30,2 to 4,more than 7,51 to 65,No,No,External,more than 5,no change,1 vehicle,1996,All Perils
7,5,2,Pontiac,Urban,1,8,2,Male,Married,35,Policy Holder,Sedan - All Perils,Sedan,20000 to 29000,0,13998,11,400,3,more than 30,more than 30,none,7 years,31 to 35,No,No,External,none,no change,1 vehicle,1996,All Perils
7,3,6,Honda,Urban,3,8,4,Male,Single,0,Policy Holder,Sedan - All Perils,Sedan,more than 69000,0,13999,15,400,4,more than 30,more than 30,none,new,16 to 17,No,Yes,External,none,no change,1 vehicle,1996,All Perils
8,2,7,Pontiac,Urban,1,2,4,Male,Married,40,Third Party,Sedan - Collision,Sedan,20000 to 29000,0,14000,1,400,1,more than 30,more than 30,2 to 4,7 years,36 to 40,No,No,External,1 to 2,no change,1 vehicle,1996,Collision
1,2,6,Toyota,Rural,2,8,3,Male,Single,33,Policy Holder,Sedan - Collision,Sedan,30000 to 39000,0,14001,15,400,2,more than 30,more than 30,2 to 4,6 years,31 to 35,No,No,External,none,no change,1 vehicle,1996,Collision
8,2,1,Toyota,Urban,1,1,4,Male,Single,33,Policy Holder,Sedan - Liability,Sport,30000 to 39000,0,14002,3,400,3,more than 30,more than 30,1,7 years,31 to 35,No,No,External,more than 5,no change,1 vehicle,1996,Liability
1,3,2,Honda,Urban,4,2,3,Male,Single,0,Policy Holder,Sedan - Liability,Sport,more than 69000,0,14003,5,400,1,more than 30,more than 30,more than 4,new,16 to 17,No,No,External,none,no change,1 vehicle,1996,Liability
2,1,3,Toyota,Urban,4,2,1,Female,Married,46,Policy Holder,Sedan - Liability,Sport,20000 to 29000,0,14004,12,400,1,more than 30,more than 30,1,more than 7,41 to 50,No,No,External,none,no change,1 vehicle,1996,Liability
2,1,3,Toyota,Urban,4,2,1,Male,Married,42,Policy Holder,Sedan - Collision,Sedan,less than 20000,0,14005,4,400,2,more than 30,more than 30,1,7 years,36 to 40,No,No,External,none,no change,1 vehicle,1996,Collision
2,2,2,Pontiac,Urban,3,2,2,Male,Married,54,Policy Holder,Sedan - All Perils,Sedan,20000 to 29000,0,14006,6,400,1,more than 30,more than 30,1,more than 7,41 to 50,No,No,External,none,no change,1 vehicle,1996,All Perils
2,2,6,Toyota,Rural,1,8,2,Male,Married,37,Policy Holder,Sedan - Liability,Sport,20000 to 29000,0,14007,16,400,1,more than 30,more than 30,more than 4,7 years,36 to 40,No,No,External,none,no change,1 vehicle,1996,Liability
8,2,1,Accura,Urban,1,2,3,Male,Married,40,Third Party,Sedan - All Perils,Sedan,40000 to 59000,0,14008,13,400,2,more than 30,more than 30,none,7 years,36 to 40,No,No,External,none,4 to 8 years,2 vehicles,1996,All Perils
2,4,5,Chevrolet,Urban,3,3,4,Male,Married,52,Policy Holder,Sedan - Liability,Sport,30000 to 39000,0,14009,9,400,1,more than 30,more than 30,more than 4,more than 7,41 to 50,No,No,External,none,no change,1 vehicle,1996,Liability
3,3,7,Pontiac,Urban,3,8,4,Male,Married,39,Policy Holder,Sedan - Collision,Sedan,30000 to 39000,0,14010,3,400,1,more than 30,more than 30,2 to 4,more than 7,36 to 40,No,No,External,1 to 2,no change,1 vehicle,1996,Collision
8,2,6,Accura,Urban,5,4,3,Male,Married,32,Policy Holder,Utility - All Perils,Utility,more than 69000,1,14011,8,400,1,more than 30,more than 30,none,6 years,31 to 35,No,No,External,none,no change,1 vehicle,1996,All Perils
4,1,7,Pontiac,Urban,4,4,2,Male,Married,28,Third Party,Sedan - Liability,Sport,20000 to 29000,0,14012,11,400,1,more than 30,more than 30,more than 4,7 years,31 to 35,No,No,External,none,no change,1 vehicle,1996,Liability
4,1,1,Chevrolet,Urban,2,4,2,Male,Married,52,Policy Holder,Utility - Collision,Utility,more than 69000,0,14013,13,400,3,more than 30,more than 30,2 to 4,6 years,41 to 50,No,No,External,none,no change,1 vehicle,1996,Collision
4,1,6,Honda,Urban,3,4,2,Male,Single,0,Policy Holder,Sedan - Liability,Sport,more than 69000,0,14014,3,400,4,more than 30,more than 30,2 to 4,new,16 to 17,No,No,External,none,no change,1 vehicle,1996,Liability
4,2,7,Pontiac,Urban,5,8,3,Male,Single,26,Policy Holder,Sedan - All Perils,Sedan,20000 to 29000,0,14015,8,400,3,more than 30,more than 30,2 to 4,3 years,31 to 35,No,No,External,none,1 year,1 vehicle,1996,All Perils
8,2,5,Pontiac,Rural,2,4,3,Female,Married,42,Policy Holder,Sedan - All Perils,Sedan,less than 20000,1,14016,5,400,3,more than 30,more than 30,none,6 years,36 to 40,No,No,External,none,no change,1 vehicle,1996,All Perils
4,3,6,Ford,Urban,5,4,4,Male,Married,47,Third Party,Sedan - Collision,Sedan,30000 to 39000,0,14017,10,400,4,more than 30,more than 30,1,more than 7,41 to 50,No,No,External,more than 5,no change,1 vehicle,1996,Collision
4,3,2,Toyota,Urban,3,4,4,Male,Married,56,Policy Holder,Sedan - All Perils,Sedan,20000 to 29000,0,14018,1,400,3,more than 30,more than 30,none,more than 7,51 to 65,No,No,External,none,no change,1 vehicle,1996,All Perils
4,3,1,Honda,Urban,4,5,4,Male,Single,0,Policy Holder,Sedan - All Perils,Sedan,more than 69000,0,14019,13,400,2,more than 30,more than 30,1,new,16 to 17,No,No,External,none,no change,1 vehicle,1996,All Perils
4,4,1,Pontiac,Urban,3,8,1,Male,Married,53,Third Party,Sedan - All Perils,Sedan,less than 20000,0,14020,9,400,2,more than 30,more than 30,none,more than 7,41 to 50,No,No,External,none,no change,1 vehicle,1996,All Perils
8,3,1,Toyota,Urban,2,5,5,Male,Single,35,Policy Holder,Sedan - All Perils,Sedan,20000 to 29000,1,14021,8,400,4,more than 30,more than 30,none,7 years,31 to 35,No,No,External,none,no change,1 vehicle,1996,All Perils
5,1,7,Ford,Urban,2,6,1,Male,Married,39,Policy Holder,Sedan - All Perils,Sedan,30000 to 39000,0,14022,15,400,4,more than 30,more than 30,more than 4,6 years,36 to 40,No,No,External,none,no change,1 vehicle,1996,All Perils
5,5,6,Toyota,Urban,1,5,2,Male,Married,27,Policy Holder,Sedan - Liability,Sport,20000 to 29000,0,14023,5,400,1,none,15 to 30,2 to 4,5 years,31 to 35,No,No,External,none,no change,3 to 4,1996,Liability
5,5,4,Honda,Rural,4,6,5,Male,Single,0,Policy Holder,Sedan - Liability,Sport,more than 69000,0,14024,7,400,2,more than 30,more than 30,none,new,16 to 17,No,No,External,none,no change,1 vehicle,1996,Liability
6,2,1,Pontiac,Urban,2,9,2,Male,Married,31,Policy Holder,Sedan - All Perils,Sedan,20000 to 29000,0,14025,16,400,1,more than 30,more than 30,none,6 years,31 to 35,No,No,External,none,no change,1 vehicle,1996,All Perils
8,3,2,Pontiac,Urban,4,6,3,Male,Married,38,Policy Holder,Sedan - Liability,Sport,40000 to 59000,0,14026,3,500,4,more than 30,more than 30,1,more than 7,36 to 40,No,No,External,more than 5,2 to 3 years,1 vehicle,1996,Liability
6,4,4,Pontiac,Urban,4,9,4,Male,Married,50,Third Party,Sedan - Liability,Sport,20000 to 29000,0,14027,1,400,2,more than 30,more than 30,2 to 4,more than 7,41 to 50,No,No,External,none,no change,1 vehicle,1996,Liability
9,4,4,Honda,Rural,4,9,4,Male,Married,42,Third Party,Sedan - Liability,Sport,20000 to 29000,0,14028,8,400,1,more than 30,more than 30,more than 4,7 years,36 to 40,No,No,External,none,no change,1 vehicle,1996,Liability
9,5,1,Toyota,Urban,2,10,5,Male,Married,47,Policy Holder,Sedan - Liability,Sport,20000 to 29000,0,14029,9,400,1,more than 30,more than 30,none,more than 7,41 to 50,No,No,External,none,4 to 8 years,2 vehicles,1996,Liability
10,1,4,Toyota,Rural,3,10,1,Male,Single,32,Policy Holder,Sedan - All Perils,Sedan,less than 20000,0,14030,9,400,1,more than 30,more than 30,1,6 years,31 to 35,No,No,External,none,no change,1 vehicle,1996,All Perils
10,2,7,Mazda,Urban,1,10,3,Male,Married,32,Third Party,Sedan - Collision,Sedan,20000 to 29000,0,14031,11,400,3,more than 30,more than 30,2 to 4,6 years,31 to 35,No,No,External,none,no change,1 vehicle,1996,Collision
10,4,1,Honda,Urban,5,4,5,Male,Single,24,Third Party,Sport - Collision,Sport,more than 69000,0,14032,11,400,4,more than 30,more than 30,none,new,26 to 30,No,No,External,none,no change,1 vehicle,1996,Collision
12,1,7,Pontiac,Urban,4,2,5,Male,Married,37,Third Party,Sedan - Collision,Sedan,30000 to 39000,0,14033,5,400,4,more than 30,more than 30,1,more than 7,36 to 40,No,No,External,more than 5,no change,1 vehicle,1996,Collision
1,5,7,Toyota,Urban,5,2,4,Male,Married,49,Policy Holder,Sedan - Liability,Sport,20000 to 29000,0,14034,2,400,1,more than 30,more than 30,more than 4,7 years,41 to 50,No,No,External,none,no change,1 vehicle,1996,Liability
2,2,2,Toyota,Urban,5,2,3,Male,Married,34,Policy Holder,Sedan - Liability,Sport,20000 to 29000,0,14035,8,400,3,more than 30,more than 30,more than 4,6 years,31 to 35,No,No,External,more than 5,no change,1 vehicle,1996,Liability
2,4,6,Chevrolet,Urban,1,3,4,Male,Married,34,Third Party,Sedan - All Perils,Sedan,30000 to 39000,0,14036,9,400,1,more than 30,more than 30,none,6 years,31 to 35,No,No,External,none,no change,1 vehicle,1996,All Perils
3,2,1,Mazda,Urban,1,3,2,Male,Married,54,Third Party,Sedan - Liability,Sport,30000 to 39000,0,14037,16,400,1,more than 30,more than 30,more than 4,more than 7,41 to 50,No,No,External,none,no change,1 vehicle,1996,Liability
3,2,2,Mazda,Urban,2,4,2,Male,Single,28,Policy Holder,Sedan - Collision,Sedan,20000 to 29000,0,14038,11,400,4,more than 30,more than 30,1,6 years,31 to 35,No,No,External,none,no change,1 vehicle,1996,Collision
4,1,4,Toyota,Urban,5,5,1,Male,Married,44,Policy Holder,Sedan - Liability,Sport,20000 to 29000,0,14039,1,400,1,more than 30,more than 30,2 to 4,6 years,36 to 40,No,No,External,none,no change,1 vehicle,1996,Liability
5,1,7,Toyota,Urban,5,5,1,Female,Single,27,Third Party,Sedan - Liability,Sport,20000 to 29000,0,14040,3,400,3,more than 30,more than 30,none,7 years,31 to 35,No,No,External,more than 5,no change,1 vehicle,1996,Liability
5,3,2,Toyota,Urban,3,8,3,Male,Married,51,Policy Holder,Sedan - Collision,Sedan,20000 to 29000,0,14041,16,400,4,more than 30,more than 30,1,7 years,41 to 50,No,No,External,none,no change,1 vehicle,1996,Collision
8,3,1,Pontiac,Urban,2,6,4,Male,Single,21,Third Party,Sedan - All Perils,Sedan,20000 to 29000,0,14042,2,400,1,more than 30,more than 30,none,5 years,26 to 30,No,No,External,none,no change,1 vehicle,1996,All Perils
6,1,6,Pontiac,Rural,1,7,1,Male,Married,44,Third Party,Sedan - Collision,Sedan,20000 to 29000,0,14043,1,400,3,more than 30,more than 30,2 to 4,6 years,36 to 40,No,No,External,more than 5,no change,1 vehicle,1996,Collision
7,1,7,Pontiac,Urban,1,7,2,Male,Single,33,Policy Holder,Sedan - Liability,Sport,30000 to 39000,0,14044,7,700,1,more than 30,more than 30,more than 4,7 years,31 to 35,No,No,External,3 to 5,no change,1 vehicle,1996,Liability
7,1,2,Chevrolet,Urban,5,7,1,Male,Single,31,Policy Holder,Sedan - Collision,Sedan,30000 to 39000,0,14045,15,400,2,more than 30,more than 30,1,5 years,31 to 35,No,No,Internal,3 to 5,no change,1 vehicle,1996,Collision
7,1,3,Toyota,Urban,3,7,2,Male,Married,44,Third Party,Sedan - Liability,Sport,20000 to 29000,0,14046,10,400,3,more than 30,more than 30,2 to 4,7 years,36 to 40,No,No,External,1 to 2,no change,1 vehicle,1996,Liability
7,1,3,Chevrolet,Urban,4,9,1,Male,Married,79,Policy Holder,Sedan - All Perils,Sedan,20000 to 29000,0,14047,3,400,4,more than 30,more than 30,2 to 4,more than 7,over 65,No,No,External,more than 5,no change,1 vehicle,1996,All Perils
9,2,5,Mazda,Urban,2,10,3,Male,Married,50,Policy Holder,Sedan - Liability,Sport,30000 to 39000,0,14048,6,400,1,more than 30,more than 30,more than 4,more than 7,41 to 50,No,No,External,none,no change,1 vehicle,1996,Liability
10,2,2,Chevrolet,Urban,4,11,3,Male,Married,64,Third Party,Sedan - All Perils,Sedan,20000 to 29000,0,14049,1,400,2,more than 30,more than 30,none,more than 7,51 to 65,No,No,External,3 to 5,no change,1 vehicle,1996,All Perils
10,5,5,Mazda,Urban,1,11,1,Male,Married,28,Third Party,Sedan - All Perils,Sedan,20000 to 29000,0,14050,7,400,2,more than 30,more than 30,2 to 4,7 years,31 to 35,No,No,External,3 to 5,4 to 8 years,2 vehicles,1996,All Perils
11,1,5,Pontiac,Urban,5,11,1,Male,Married,48,Policy Holder,Sedan - Liability,Sport,30000 to 39000,0,14051,10,400,2,more than 30,more than 30,2 to 4,more than 7,41 to 50,Yes,No,External,none,no change,1 vehicle,1996,Liability
11,1,7,Pontiac,Urban,1,11,1,Male,Married,26,Policy Holder,Sedan - Collision,Sedan,20000 to 29000,0,14052,7,400,4,more than 30,more than 30,2 to 4,7 years,31 to 35,No,No,External,1 to 2,no change,1 vehicle,1996,Collision
11,1,6,Chevrolet,Urban,2,11,2,Male,Married,41,Third Party,Sedan - Collision,Sedan,30000 to 39000,0,14053,8,400,1,more than 30,more than 30,1,more than 7,36 to 40,No,No,Internal,more than 5,no change,1 vehicle,1996,Collision
11,1,5,Pontiac,Rural,2,11,2,Male,Married,57,Third Party,Sedan - Collision,Sedan,30000 to 39000,0,14054,9,400,4,more than 30,more than 30,none,more than 7,51 to 65,No,No,Internal,none,no change,1 vehicle,1996,Collision
11,1,5,Pontiac,Urban,1,10,3,Male,Single,75,Policy Holder,Utility - All Perils,Utility,40000 to 59000,0,14055,1,400,4,more than 30,more than 30,2 to 4,more than 7,over 65,Yes,No,External,3 to 5,no change,1 vehicle,1996,All Perils
10,2,2,Honda,Urban,5,8,3,Male,Married,37,Policy Holder,Sedan - Collision,Sedan,20000 to 29000,0,14056,16,400,2,more than 30,more than 30,more than 4,7 years,36 to 40,No,No,External,more than 5,no change,1 vehicle,1996,Collision
8,3,2,Toyota,Urban,2,8,3,Male,Married,40,Policy Holder,Sedan - All Perils,Sedan,20000 to 29000,1,14057,6,400,4,more than 30,more than 30,1,5 years,36 to 40,No,No,External,1 to 2,no change,1 vehicle,1996,All Perils
8,3,5,Chevrolet,Urban,3,10,4,Male,Married,41,Policy Holder,Sedan - Collision,Sedan,20000 to 29000,1,14058,1,400,4,more than 30,more than 30,2 to 4,7 years,36 to 40,No,No,External,none,no change,1 vehicle,1996,Collision
9,2,4,Toyota,Urban,1,9,4,Male,Single,33,Policy Holder,Sedan - All Perils,Sedan,20000 to 29000,0,14059,8,400,4,more than 30,more than 30,2 to 4,6 years,31 to 35,No,No,External,none,no change,1 vehicle,1996,All Perils
8,2,6,Honda,Rural,5,7,1,Female,Married,80,Policy Holder,Sedan - Collision,Sedan,more than 69000,0,14060,14,400,3,more than 30,more than 30,2 to 4,7 years,over 65,No,No,External,more than 5,no change,1 vehicle,1996,Collision
7,2,5,Mazda,Urban,5,7,3,Male,Married,34,Third Party,Sedan - Collision,Sedan,40000 to 59000,0,14061,12,400,1,more than 30,more than 30,none,7 years,31 to 35,No,No,Internal,none,no change,1 vehicle,1996,Collision
7,2,4,Chevrolet,Urban,2,7,2,Male,Married,53,Policy Holder,Sedan - Liability,Sport,40000 to 59000,0,14062,11,400,4,more than 30,more than 30,2 to 4,7 years,41 to 50,No,No,External,1 to 2,no change,1 vehicle,1996,Liability
7,1,1,Toyota,Urban,5,7,3,Male,Married,31,Third Party,Sedan - All Perils,Sedan,20000 to 29000,0,14063,10,400,4,more than 30,more than 30,1,7 years,31 to 35,No,No,External,none,no change,1 vehicle,1996,All Perils
7,1,5,Toyota,Urban,1,7,3,Male,Single,34,Policy Holder,Sedan - Liability,Sport,20000 to 29000,0,14064,4,400,2,more than 30,more than 30,2 to 4,7 years,31 to 35,No,No,External,none,no change,3 to 4,1996,Liability
6,5,6,Pontiac,Urban,4,6,1,Male,Married,56,Policy Holder,Sedan - Collision,Sedan,20000 to 29000,0,14065,13,400,1,more than 30,more than 30,none,7 years,51 to 65,No,No,External,none,no change,1 vehicle,1996,Collision
6,2,6,VW,Urban,1,6,3,Male,Married,53,Policy Holder,Sedan - Collision,Sedan,40000 to 59000,0,14066,7,400,4,more than 30,more than 30,none,more than 7,41 to 50,No,No,External,none,no change,1 vehicle,1996,Collision
6,1,1,Pontiac,Urban,4,6,2,Female,Married,36,Policy Holder,Sedan - Liability,Sport,less than 20000,0,14067,7,400,3,more than 30,more than 30,2 to 4,7 years,36 to 40,No,No,External,more than 5,no change,1 vehicle,1996,Liability
5,5,5,Mazda,Urban,2,5,1,Female,Single,26,Policy Holder,Sedan - Liability,Sport,20000 to 29000,0,14068,16,400,2,more than 30,more than 30,1,6 years,31 to 35,No,No,External,none,no change,1 vehicle,1996,Liability
5,4,6,Toyota,Rural,5,5,5,Male,Married,48,Third Party,Sedan - All Perils,Sedan,20000 to 29000,0,14069,8,400,2,more than 30,more than 30,2 to 4,7 years,41 to 50,No,No,External,none,no change,1 vehicle,1996,All Perils
5,2,1,Pontiac,Urban,2,6,3,Male,Married,44,Third Party,Sedan - Collision,Sedan,20000 to 29000,0,14070,5,400,3,more than 30,more than 30,none,7 years,36 to 40,No,No,External,more than 5,no change,1 vehicle,1996,Collision
5,2,4,Toyota,Urban,4,5,2,Male,Married,39,Policy Holder,Sedan - Liability,Sport,30000 to 39000,0,14071,15,400,2,more than 30,more than 30,more than 4,7 years,36 to 40,No,No,External,3 to 5,4 to 8 years,2 vehicles,1996,Liability
5,1,5,Pontiac,Urban,5,5,1,Male,Married,32,Policy Holder,Sedan - All Perils,Sedan,20000 to 29000,0,14072,3,400,1,more than 30,more than 30,none,6 years,31 to 35,No,No,External,none,no change,1 vehicle,1996,All Perils
5,1,5,Honda,Urban,5,4,1,Male,Married,42,Policy Holder,Sedan - Liability,Sport,20000 to 29000,0,14073,9,400,2,more than 30,more than 30,more than 4,7 years,36 to 40,No,No,External,more than 5,no change,1 vehicle,1996,Liability
4,2,3,Chevrolet,Rural,3,4,2,Female,Single,34,Policy Holder,Sedan - Liability,Sport,20000 to 29000,0,14074,5,400,1,more than 30,more than 30,2 to 4,5 years,31 to 35,No,No,External,3 to 5,no change,1 vehicle,1996,Liability
4,1,2,Mazda,Urban,2,4,1,Male,Single,27,Policy Holder,Sedan - Liability,Sport,20000 to 29000,0,14075,4,400,4,more than 30,more than 30,more than 4,5 years,31 to 35,No,No,External,more than 5,no change,1 vehicle,1996,Liability
4,1,1,Mazda,Urban,1,4,1,Male,Married,26,Policy Holder,Sedan - Collision,Sedan,20000 to 29000,0,14076,6,400,3,more than 30,more than 30,2 to 4,6 years,31 to 35,No,No,External,more than 5,no change,1 vehicle,1996,Collision
4,1,3,Chevrolet,Rural,3,8,1,Male,Married,50,Policy Holder,Sedan - Collision,Sedan,20000 to 29000,0,14077,6,500,1,more than 30,more than 30,2 to 4,more than 7,41 to 50,No,No,External,none,2 to 3 years,1 vehicle,1996,Collision
8,3,1,Pontiac,Urban,5,4,3,Male,Married,75,Policy Holder,Sedan - Liability,Sport,20000 to 29000,0,14078,3,400,1,more than 30,more than 30,none,7 years,over 65,No,No,External,3 to 5,no change,1 vehicle,1996,Liability
3,4,7,Toyota,Urban,3,3,2,Male,Married,54,Policy Holder,Sedan - Liability,Sport,20000 to 29000,0,14079,7,400,4,more than 30,more than 30,2 to 4,more than 7,41 to 50,No,No,External,none,no change,1 vehicle,1996,Liability
3,3,6,Toyota,Urban,6,3,4,Male,Married,26,Policy Holder,Sedan - Liability,Sport,30000 to 39000,0,14080,15,400,3,more than 30,more than 30,2 to 4,7 years,31 to 35,No,No,External,more than 5,no change,1 vehicle,1996,Liability
3,2,6,Pontiac,Urban,2,3,2,Male,Married,71,Third Party,Sedan - All Perils,Sedan,20000 to 29000,0,14081,15,400,1,more than 30,more than 30,1,more than 7,over 65,No,No,External,1 to 2,no change,1 vehicle,1996,All Perils
3,2,1,Toyota,Urban,1,2,3,Male,Married,42,Policy Holder,Sedan - Collision,Sedan,40000 to 59000,0,14082,12,400,2,more than 30,more than 30,2 to 4,more than 7,36 to 40,No,No,External,more than 5,no change,1 vehicle,1996,Collision
2,2,3,Pontiac,Urban,4,9,2,Male,Married,34,Policy Holder,Sedan - Liability,Sport,20000 to 29000,0,14083,16,400,2,more than 30,more than 30,more than 4,7 years,31 to 35,No,No,External,3 to 5,no change,1 vehicle,1996,Liability
8,3,3,Accura,Urban,3,12,3,Male,Married,38,Policy Holder,Sedan - Collision,Sedan,30000 to 39000,1,14084,5,400,4,more than 30,more than 30,more than 4,more than 7,36 to 40,No,No,External,more than 5,no change,1 vehicle,1996,Collision
12,4,2,Pontiac,Urban,3,11,5,Male,Married,32,Third Party,Sedan - Liability,Sport,30000 to 39000,0,14085,9,400,1,more than 30,more than 30,more than 4,7 years,31 to 35,No,No,External,3 to 5,no change,1 vehicle,1996,Liability
11,5,4,Honda,Rural,1,12,5,Male,Married,26,Policy Holder,Sedan - Collision,Sedan,more than 69000,0,14086,10,400,2,more than 30,more than 30,2 to 4,6 years,31 to 35,No,No,External,none,no change,1 vehicle,1996,Collision
12,1,5,Chevrolet,Rural,5,11,2,Male,Married,35,Policy Holder,Sedan - Liability,Sport,20000 to 29000,0,14087,14,400,1,more than 30,more than 30,1,7 years,31 to 35,No,No,External,more than 5,no change,1 vehicle,1996,Liability
11,1,1,Accura,Urban,1,10,1,Male,Single,33,Policy Holder,Sedan - Liability,Sport,20000 to 29000,0,14088,10,400,2,more than 30,more than 30,more than 4,6 years,31 to 35,No,No,Internal,1 to 2,no change,1 vehicle,1996,Liability
10,4,1,Mazda,Urban,1,11,4,Male,Single,31,Policy Holder,Sedan - Liability,Sport,20000 to 29000,0,14089,13,400,4,more than 30,more than 30,2 to 4,5 years,31 to 35,No,No,External,more than 5,no change,1 vehicle,1996,Liability
10,4,5,Accura,Urban,1,10,2,Male,Married,59,Policy Holder,Sedan - All Perils,Sedan,30000 to 39000,0,14090,4,400,2,more than 30,more than 30,2 to 4,more than 7,51 to 65,No,No,External,more than 5,no change,1 vehicle,1996,All Perils
10,4,3,Honda,Urban,3,9,4,Female,Married,74,Policy Holder,Sedan - Collision,Sedan,20000 to 29000,0,14091,4,400,3,more than 30,more than 30,2 to 4,5 years,over 65,No,No,Internal,none,no change,1 vehicle,1996,Collision
9,5,3,Toyota,Rural,4,8,5,Male,Married,47,Policy Holder,Sedan - Collision,Sedan,less than 20000,0,14092,8,400,2,more than 30,more than 30,1,more than 7,41 to 50,No,No,External,none,4 to 8 years,2 vehicles,1996,Collision
8,3,3,Mazda,Urban,3,9,3,Male,Married,35,Policy Holder,Sedan - Collision,Sedan,more than 69000,1,14093,2,400,1,more than 30,more than 30,2 to 4,7 years,31 to 35,No,No,External,more than 5,no change,1 vehicle,1996,Collision
9,3,1,Pontiac,Urban,1,8,3,Male,Married,31,Policy Holder,Sedan - Collision,Sedan,20000 to 29000,0,14094,2,400,1,more than 30,more than 30,1,7 years,31 to 35,No,No,External,more than 5,no change,1 vehicle,1996,Collision
8,4,3,Toyota,Urban,4,8,4,Male,Married,30,Policy Holder,Sedan - Liability,Sport,30000 to 39000,0,14095,14,400,3,more than 30,more than 30,2 to 4,6 years,31 to 35,No,No,External,1 to 2,no change,1 vehicle,1996,Liability
8,3,6,Honda,Urban,3,8,4,Male,Married,48,Policy Holder,Sport - Collision,Sport,more than 69000,1,14096,14,400,1,more than 30,more than 30,none,more than 7,41 to 50,No,No,External,1 to 2,no change,1 vehicle,1996,Collision
7,5,5,Honda,Urban,5,7,1,Male,Married,68,Policy Holder,Sedan - All Perils,Sedan,40000 to 59000,0,14097,11,400,3,more than 30,more than 30,none,more than 7,over 65,No,No,External,none,no change,1 vehicle,1996,All Perils
7,2,1,Mazda,Urban,4,6,2,Male,Single,31,Policy Holder,Sedan - Liability,Sport,30000 to 39000,0,14098,12,400,1,more than 30,more than 30,more than 4,6 years,31 to 35,No,No,External,none,no change,1 vehicle,1996,Liability
6,4,2,Pontiac,Urban,3,6,5,Male,Married,43,Third Party,Sedan - Collision,Sedan,20000 to 29000,0,14099,5,400,1,more than 30,more than 30,2 to 4,7 years,36 to 40,No,No,External,1 to 2,no change,1 vehicle,1996,Collision
6,4,4,Chevrolet,Urban,3,9,4,Female,Married,64,Policy Holder,Sedan - Collision,Sedan,more than 69000,0,14100,16,400,1,more than 30,more than 30,1,7 years,51 to 65,No,No,External,more than 5,no change,1 vehicle,1996,Collision
8,3,3,Pontiac,Urban,2,6,3,Male,Married,56,Third Party,Sedan - Collision,Sedan,20000 to 29000,0,14101,7,400,3,1 to 7,more than 30,1,more than 7,51 to 65,Yes,Yes,External,none,no change,1 vehicle,1996,Collision
6,4,3,Honda,Urban,3,6,5,Female,Married,58,Policy Holder,Sedan - Liability,Sport,20000 to 29000,0,14102,14,400,1,more than 30,more than 30,none,7 years,51 to 65,No,No,External,none,no change,1 vehicle,1996,Liability
6,2,5,Mazda,Urban,5,6,2,Female,Single,31,Policy Holder,Sedan - Liability,Sport,30000 to 39000,0,14103,5,400,4,more than 30,more than 30,2 to 4,6 years,31 to 35,No,No,External,more than 5,no change,1 vehicle,1996,Liability
6,2,6,Ford,Urban,2,6,2,Male,Married,55,Policy Holder,Utility - All Perils,Utility,more than 69000,0,14104,9,400,3,more than 30,more than 30,1,7 years,41 to 50,No,No,External,more than 5,no change,1 vehicle,1996,All Perils
6,1,4,Toyota,Urban,3,6,2,Male,Married,33,Policy Holder,Sedan - Liability,Sport,20000 to 29000,0,14105,1,400,3,more than 30,more than 30,none,7 years,31 to 35,No,No,External,more than 5,no change,3 to 4,1996,Liability
6,1,3,Honda,Urban,2,6,3,Male,Married,37,Third Party,Sedan - All Perils,Sedan,20000 to 29000,0,14106,16,700,4,more than 30,more than 30,none,more than 7,36 to 40,No,No,External,none,1 year,1 vehicle,1996,All Perils
6,1,1,Pontiac,Urban,3,5,2,Male,Married,52,Policy Holder,Sedan - Collision,Sedan,30000 to 39000,0,14107,3,400,1,more than 30,more than 30,2 to 4,7 years,41 to 50,No,No,External,1 to 2,no change,1 vehicle,1996,Collision
5,1,1,Mazda,Urban,5,5,1,Female,Married,29,Policy Holder,Sedan - Collision,Sedan,20000 to 29000,0,14108,11,400,1,more than 30,more than 30,2 to 4,6 years,31 to 35,No,No,External,none,no change,1 vehicle,1996,Collision
4,4,4,Pontiac,Rural,5,8,4,Male,Single,30,Policy Holder,Sedan - Liability,Sport,20000 to 29000,0,14109,3,400,1,more than 30,more than 30,2 to 4,5 years,31 to 35,No,No,External,none,no change,1 vehicle,1996,Liability
8,3,2,Honda,Urban,2,4,3,Male,Single,46,Policy Holder,Sedan - Collision,Sedan,20000 to 29000,1,14110,7,400,3,more than 30,more than 30,1,7 years,41 to 50,No,No,External,3 to 5,no change,1 vehicle,1996,Collision
4,3,3,Toyota,Rural,5,4,3,Male,Single,38,Policy Holder,Sedan - Liability,Sport,20000 to 29000,0,14111,10,400,3,more than 30,more than 30,more than 4,7 years,36 to 40,No,No,External,none,no change,1 vehicle,1996,Liability
4,3,1,Toyota,Urban,4,4,5,Male,Single,31,Policy Holder,Sedan - Collision,Sedan,20000 to 29000,0,14112,5,400,4,more than 30,more than 30,none,6 years,31 to 35,No,No,External,none,no change,1 vehicle,1996,Collision
4,3,4,Honda,Urban,3,4,4,Female,Single,21,Policy Holder,Sedan - Liability,Sport,more than 69000,0,14113,7,400,3,more than 30,more than 30,none,5 years,26 to 30,No,No,External,none,4 to 8 years,2 vehicles,1996,Liability
4,3,5,Chevrolet,Urban,5,4,3,Female,Married,40,Policy Holder,Sedan - Liability,Sport,more than 69000,0,14114,9,400,4,more than 30,more than 30,2 to 4,7 years,36 to 40,No,No,External,none,no change,1 vehicle,1996,Liability
4,2,4,Pontiac,Urban,6,8,2,Male,Married,26,Third Party,Sedan - Collision,Sedan,less than 20000,0,14115,8,400,3,more than 30,more than 30,2 to 4,7 years,31 to 35,No,No,External,1 to 2,no change,1 vehicle,1996,Collision
8,3,6,Toyota,Urban,2,4,3,Male,Married,57,Policy Holder,Sedan - All Perils,Sedan,less than 20000,1,14116,16,400,4,more than 30,more than 30,1,7 years,51 to 65,No,No,External,more than 5,no change,1 vehicle,1996,All Perils
4,2,4,Mazda,Urban,1,9,3,Male,Married,29,Third Party,Sedan - Liability,Sport,30000 to 39000,0,14117,6,400,2,more than 30,more than 30,1,4 years,31 to 35,No,No,External,more than 5,no change,1 vehicle,1996,Liability
8,3,7,Honda,Rural,2,4,1,Male,Single,23,Third Party,Sedan - All Perils,Sedan,20000 to 29000,0,14118,11,400,3,more than 30,more than 30,none,3 years,26 to 30,No,No,External,1 to 2,no change,1 vehicle,1996,All Perils
4,1,1,Toyota,Urban,4,4,1,Female,Single,43,Policy Holder,Sedan - All Perils,Sedan,20000 to 29000,0,14119,1,400,1,more than 30,more than 30,1,6 years,36 to 40,No,No,External,3 to 5,no change,1 vehicle,1996,All Perils
4,1,6,Pontiac,Urban,2,4,2,Female,Married,55,Policy Holder,Sedan - Liability,Sport,30000 to 39000,0,14120,6,400,2,more than 30,more than 30,2 to 4,more than 7,41 to 50,No,No,External,none,no change,1 vehicle,1996,Liability
4,1,1,Mazda,Urban,1,4,2,Male,Single,28,Policy Holder,Sedan - Liability,Sport,20000 to 29000,0,14121,1,400,1,more than 30,more than 30,2 to 4,6 years,31 to 35,No,No,External,none,no change,1 vehicle,1996,Liability
3,5,1,Pontiac,Urban,3,5,1,Male,Married,70,Third Party,Sedan - Collision,Sedan,30000 to 39000,0,14122,15,400,1,more than 30,more than 30,none,more than 7,over 65,No,No,External,none,no change,1 vehicle,1996,Collision
3,5,4,Toyota,Urban,1,4,1,Male,Single,24,Policy Holder,Sedan - Collision,Sedan,less than 20000,0,14123,4,400,1,more than 30,more than 30,more than 4,3 years,26 to 30,No,No,External,more than 5,no change,1 vehicle,1996,Collision
3,4,5,Honda,Urban,5,3,1,Male,Married,48,Policy Holder,Sedan - Collision,Sedan,30000 to 39000,0,14124,2,400,2,more than 30,more than 30,2 to 4,more than 7,41 to 50,No,No,External,1 to 2,no change,1 vehicle,1996,Collision
3,3,5,Honda,Urban,5,8,3,Male,Married,42,Policy Holder,Sedan - Collision,Sedan,more than 69000,0,14125,11,400,3,more than 30,more than 30,none,7 years,36 to 40,No,No,External,more than 5,no change,1 vehicle,1996,Collision
8,3,5,Pontiac,Urban,1,8,3,Male,Married,57,Third Party,Sedan - All Perils,Sedan,less than 20000,0,14126,10,400,2,more than 30,more than 30,1,7 years,51 to 65,No,No,External,1 to 2,no change,1 vehicle,1996,All Perils
8,3,2,Pontiac,Urban,5,2,4,Male,Married,26,Policy Holder,Sedan - All Perils,Sedan,20000 to 29000,1,14127,10,400,3,more than 30,more than 30,none,6 years,31 to 35,No,No,External,more than 5,no change,1 vehicle,1996,All Perils
2,3,1,Honda,Urban,2,2,3,Male,Married,31,Third Party,Sedan - Collision,Sedan,20000 to 29000,1,14128,6,500,4,more than 30,more than 30,more than 4,6 years,31 to 35,No,No,External,none,2 to 3 years,1 vehicle,1996,Collision
2,3,2,Pontiac,Urban,3,2,3,Male,Married,43,Policy Holder,Sedan - Liability,Sport,20000 to 29000,0,14129,15,400,1,more than 30,more than 30,more than 4,7 years,36 to 40,No,No,External,more than 5,no change,1 vehicle,1996,Liability
2,2,5,Honda,Urban,5,2,2,Male,Married,41,Policy Holder,Sedan - Liability,Sport,20000 to 29000,0,14130,9,400,3,more than 30,more than 30,more than 4,7 years,36 to 40,No,No,External,more than 5,no change,5 to 8,1996,Liability
2,1,2,Pontiac,Rural,4,2,1,Male,Married,31,Policy Holder,Sedan - Collision,Sedan,20000 to 29000,0,14131,6,400,4,more than 30,more than 30,2 to 4,7 years,31 to 35,No,No,External,none,no change,1 vehicle,1996,Collision
2,1,5,Pontiac,Urban,2,8,2,Male,Married,27,Policy Holder,Sedan - Liability,Sport,20000 to 29000,0,14132,6,400,1,more than 30,more than 30,2 to 4,7 years,31 to 35,No,No,External,none,no change,1 vehicle,1996,Liability
8,3,5,Ford,Urban,1,8,4,Male,Married,37,Third Party,Sedan - Collision,Sedan,40000 to 59000,0,14133,9,400,1,more than 30,more than 30,1,5 years,36 to 40,No,No,External,more than 5,no change,1 vehicle,1996,Collision
8,3,5,Mazda,Urban,2,1,4,Female,Married,31,Policy Holder,Sedan - Collision,Sedan,30000 to 39000,1,14134,3,400,4,more than 30,more than 30,1,6 years,31 to 35,No,No,External,3 to 5,4 to 8 years,2 vehicles,1996,Collision
10,3,5,Pontiac,Urban,6,5,4,Male,Married,54,Policy Holder,Sedan - Collision,Sedan,20000 to 29000,0,14135,13,400,1,more than 30,more than 30,1,more than 7,41 to 50,No,No,External,none,no change,1 vehicle,1996,Collision
5,2,1,Pontiac,Urban,1,7,3,Male,Married,72,Policy Holder,Sedan - All Perils,Sedan,20000 to 29000,0,14136,5,400,2,more than 30,more than 30,none,more than 7,over 65,No,No,External,3 to 5,no change,1 vehicle,1996,All Perils
7,1,3,Mazda,Urban,5,9,1,Male,Single,35,Policy Holder,Sedan - Liability,Sport,30000 to 39000,0,14137,11,400,2,more than 30,more than 30,more than 4,6 years,31 to 35,No,No,External,more than 5,no change,1 vehicle,1996,Liability
8,5,2,Saturn,Urban,1,7,1,Male,Married,33,Policy Holder,Sedan - All Perils,Sedan,30000 to 39000,0,14138,5,400,1,more than 30,more than 30,2 to 4,7 years,31 to 35,No,No,External,none,no change,1 vehicle,1996,All Perils
7,2,4,Pontiac,Rural,5,11,3,Female,Married,37,Policy Holder,Sedan - Liability,Sport,40000 to 59000,0,14139,6,400,3,more than 30,more than 30,2 to 4,6 years,36 to 40,No,No,External,1 to 2,no change,1 vehicle,1996,Liability
11,3,2,Toyota,Urban,4,11,3,Female,Married,64,Policy Holder,Sedan - Liability,Sport,20000 to 29000,0,14140,9,400,1,more than 30,more than 30,1,more than 7,51 to 65,No,No,External,none,no change,1 vehicle,1996,Liability
11,1,5,Honda,Urban,5,8,1,Male,Married,58,Third Party,Sedan - All Perils,Sedan,20000 to 29000,0,14141,9,400,1,more than 30,more than 30,none,more than 7,51 to 65,No,No,External,none,no change,1 vehicle,1996,All Perils
8,3,3,Pontiac,Urban,3,7,4,Male,Married,61,Policy Holder,Sedan - All Perils,Sedan,30000 to 39000,1,14142,7,400,4,more than 30,more than 30,more than 4,more than 7,51 to 65,No,No,External,3 to 5,no change,1 vehicle,1996,All Perils
7,1,1,Chevrolet,Rural,5,6,3,Male,Married,42,Policy Holder,Sedan - Liability,Sport,30000 to 39000,0,14143,11,400,2,more than 30,more than 30,2 to 4,7 years,36 to 40,No,No,External,more than 5,no change,1 vehicle,1996,Liability
6,1,1,Mazda,Urban,4,10,2,Male,Married,49,Policy Holder,Sedan - Collision,Sedan,20000 to 29000,0,14144,8,400,1,more than 30,more than 30,2 to 4,more than 7,41 to 50,No,No,External,more than 5,no change,1 vehicle,1996,Collision
10,2,5,Toyota,Rural,3,8,3,Male,Married,43,Policy Holder,Sedan - All Perils,Sedan,more than 69000,0,14145,10,400,2,more than 30,more than 30,none,6 years,36 to 40,No,No,External,3 to 5,no change,1 vehicle,1996,All Perils
8,2,4,Toyota,Rural,2,4,5,Male,Single,23,Third Party,Sedan - All Perils,Sedan,less than 20000,0,14146,7,400,2,more than 30,more than 30,2 to 4,5 years,26 to 30,No,No,External,3 to 5,no change,3 to 4,1996,All Perils
4,2,1,Toyota,Urban,1,12,3,Male,Married,51,Policy Holder,Sedan - Liability,Sport,more than 69000,0,14147,12,400,3,more than 30,more than 30,2 to 4,more than 7,41 to 50,No,No,External,more than 5,no change,1 vehicle,1996,Liability
12,3,6,Mazda,Urban,5,9,3,Male,Married,44,Policy Holder,Sedan - Liability,Sport,20000 to 29000,0,14148,3,400,3,more than 30,more than 30,2 to 4,7 years,36 to 40,No,No,External,none,no change,1 vehicle,1996,Liability
8,3,1,Pontiac,Rural,1,9,2,Male,Single,28,Third Party,Sedan - Collision,Sedan,30000 to 39000,0,14149,16,400,1,more than 30,more than 30,1,7 years,31 to 35,Yes,Yes,External,none,no change,1 vehicle,1996,Collision
9,4,3,Toyota,Urban,4,5,4,Male,Married,43,Third Party,Sedan - Liability,Sport,more than 69000,0,14150,2,400,4,more than 30,more than 30,more than 4,more than 7,36 to 40,No,No,External,3 to 5,no change,1 vehicle,1996,Liability
4,3,1,Mazda,Urban,2,7,2,Male,Single,29,Policy Holder,Sedan - Collision,Sedan,30000 to 39000,0,14151,16,400,2,more than 30,more than 30,more than 4,6 years,31 to 35,No,No,External,3 to 5,no change,1 vehicle,1996,Collision
7,3,5,Pontiac,Urban,2,7,3,Male,Single,26,Policy Holder,Sedan - Collision,Sedan,20000 to 29000,0,14152,1,400,1,more than 30,more than 30,none,7 years,31 to 35,No,No,External,none,no change,1 vehicle,1996,Collision
7,1,5,Pontiac,Urban,1,10,1,Male,Married,52,Policy Holder,Sedan - Collision,Sedan,20000 to 29000,0,14153,4,400,4,more than 30,more than 30,none,more than 7,41 to 50,No,No,External,none,no change,1 vehicle,1996,Collision
10,2,3,Toyota,Urban,5,8,2,Male,Single,32,Policy Holder,Sedan - All Perils,Sedan,20000 to 29000,0,14154,12,400,2,more than 30,more than 30,none,7 years,31 to 35,No,No,External,none,no change,1 vehicle,1996,All Perils
8,2,3,Pontiac,Urban,3,8,2,Male,Single,39,Third Party,Sedan - All Perils,Sedan,less than 20000,0,14155,15,400,4,more than 30,more than 30,none,3 years,36 to 40,No,No,External,none,4 to 8 years,2 vehicles,1996,All Perils
8,2,3,Toyota,Rural,3,3,4,Male,Widow,55,Policy Holder,Sedan - Liability,Sport,more than 69000,0,14156,1,400,3,more than 30,more than 30,2 to 4,more than 7,41 to 50,No,No,External,more than 5,no change,1 vehicle,1996,Liability
3,3,6,Toyota,Urban,1,10,3,Male,Married,53,Policy Holder,Sedan - Liability,Sport,30000 to 39000,0,14157,4,400,3,more than 30,more than 30,2 to 4,7 years,41 to 50,No,No,External,none,no change,1 vehicle,1996,Liability
10,3,5,Pontiac,Urban,3,7,3,Male,Single,26,Policy Holder,Sedan - All Perils,Sedan,less than 20000,0,14158,14,400,4,more than 30,more than 30,none,6 years,31 to 35,No,No,External,none,no change,1 vehicle,1996,All Perils
4,4,4,Chevrolet,Urban,5,1,3,Male,Married,52,Policy Holder,Sedan - Liability,Sport,40000 to 59000,0,14159,6,400,4,more than 30,more than 30,1,7 years,41 to 50,No,No,External,none,no change,1 vehicle,1996,Liability
1,1,4,Chevrolet,Urban,2,1,2,Male,Single,31,Policy Holder,Sedan - Liability,Sport,30000 to 39000,0,14160,10,400,3,15 to 30,more than 30,more than 4,6 years,31 to 35,No,No,External,none,no change,1 vehicle,1996,Liability
12,5,6,Toyota,Urban,1,1,4,Male,Married,62,Policy Holder,Sedan - Collision,Sedan,20000 to 29000,0,14161,12,400,4,more than 30,more than 30,2 to 4,more than 7,51 to 65,No,No,External,3 to 5,no change,1 vehicle,1996,Collision
1,1,7,Chevrolet,Urban,2,5,1,Male,Married,36,Policy Holder,Sedan - Liability,Sport,30000 to 39000,0,14162,14,400,4,8 to 15,8 to 15,none,7 years,36 to 40,No,No,External,none,no change,1 vehicle,1996,Liability
5,2,1,Pontiac,Urban,2,4,3,Male,Married,55,Third Party,Sedan - Collision,Sedan,20000 to 29000,0,14163,13,400,2,more than 30,more than 30,2 to 4,more than 7,41 to 50,No,No,External,none,no change,1 vehicle,1996,Collision
4,2,1,Honda,Urban,1,4,2,Female,Single,42,Third Party,Sedan - Liability,Sport,20000 to 29000,0,14164,10,400,4,more than 30,more than 30,2 to 4,7 years,36 to 40,No,No,External,3 to 5,no change,1 vehicle,1996,Liability
4,2,2,Pontiac,Rural,5,9,2,Male,Married,45,Third Party,Sedan - Liability,Sport,20000 to 29000,0,14165,1,400,3,more than 30,more than 30,1,7 years,36 to 40,No,No,External,none,no change,1 vehicle,1996,Liability
8,1,3,Mazda,Urban,4,9,2,Male,Married,27,Policy Holder,Sedan - Collision,Sedan,20000 to 29000,0,14166,6,400,1,more than 30,more than 30,2 to 4,7 years,31 to 35,No,No,External,none,no change,1 vehicle,1996,Collision
9,2,3,Chevrolet,Urban,3,10,2,Male,Single,35,Policy Holder,Sedan - All Perils,Sedan,30000 to 39000,0,14167,15,400,3,more than 30,more than 30,2 to 4,7 years,31 to 35,No,No,External,none,no change,1 vehicle,1996,All Perils
9,2,2,Honda,Urban,2,8,3,Male,Married,55,Policy Holder,Sedan - Collision,Sedan,30000 to 39000,0,14168,16,700,4,more than 30,more than 30,none,more than 7,41 to 50,No,No,External,1 to 2,no change,1 vehicle,1996,Collision
8,5,5,Mazda,Urban,2,9,5,Male,Married,42,Policy Holder,Sedan - Liability,Sport,30000 to 39000,0,14169,3,400,3,more than 30,more than 30,2 to 4,7 years,36 to 40,No,No,External,none,no change,1 vehicle,1996,Liability
9,4,5,Ford,Urban,2,9,4,Male,Married,59,Third Party,Sedan - All Perils,Sedan,less than 20000,0,14170,7,400,4,more than 30,more than 30,none,7 years,51 to 65,No,No,External,none,no change,1 vehicle,1996,All Perils
9,2,6,Toyota,Urban,4,9,2,Male,Married,79,Policy Holder,Sedan - All Perils,Sedan,20000 to 29000,0,14171,1,400,4,more than 30,more than 30,none,7 years,over 65,No,No,External,none,no change,1 vehicle,1996,All Perils
9,2,7,Toyota,Urban,4,1,3,Male,Married,66,Policy Holder,Sedan - All Perils,Sedan,less than 20000,0,14172,9,400,4,more than 30,more than 30,none,more than 7,over 65,No,No,External,none,no change,1 vehicle,1996,All Perils
1,3,2,Pontiac,Urban,2,3,3,Male,Married,75,Policy Holder,Sedan - All Perils,Sedan,30000 to 39000,0,14173,13,400,1,more than 30,more than 30,none,more than 7,over 65,No,No,External,1 to 2,no change,1 vehicle,1996,All Perils
3,2,5,Ford,Urban,2,3,2,Male,Married,29,Policy Holder,Sedan - Collision,Sedan,40000 to 59000,0,14174,13,400,4,more than 30,more than 30,none,5 years,31 to 35,Yes,No,External,1 to 2,no change,1 vehicle,1996,Collision
3,1,3,Pontiac,Urban,3,3,2,Male,Married,71,Policy Holder,Sedan - All Perils,Sedan,20000 to 29000,0,14175,12,400,3,more than 30,more than 30,2 to 4,more than 7,over 65,Yes,No,External,more than 5,no change,1 vehicle,1996,All Perils
3,1,4,Pontiac,Urban,4,5,1,Female,Married,39,Policy Holder,Sedan - Collision,Sedan,20000 to 29000,0,14176,4,400,4,more than 30,more than 30,1,7 years,36 to 40,No,No,External,none,4 to 8 years,2 vehicles,1996,Collision
5,3,1,Pontiac,Urban,3,6,3,Male,Married,39,Third Party,Sedan - Liability,Sport,20000 to 29000,0,14177,6,400,3,more than 30,more than 30,2 to 4,7 years,36 to 40,No,No,External,3 to 5,no change,1 vehicle,1996,Liability
6,4,7,Toyota,Urban,2,7,5,Male,Married,51,Policy Holder,Sedan - Liability,Sport,30000 to 39000,0,14178,6,400,3,more than 30,more than 30,1,more than 7,41 to 50,No,No,External,3 to 5,no change,1 vehicle,1996,Liability
6,4,2,Pontiac,Urban,3,7,1,Female,Married,45,Policy Holder,Sedan - Liability,Sport,30000 to 39000,0,14179,16,500,3,more than 30,more than 30,2 to 4,7 years,36 to 40,No,No,External,3 to 5,2 to 3 years,1 vehicle,1996,Liability
7,4,6,Pontiac,Urban,1,11,4,Male,Married,68,Policy Holder,Sedan - Liability,Sport,30000 to 39000,0,14180,15,400,4,more than 30,more than 30,more than 4,more than 7,over 65,No,No,External,more than 5,no change,1 vehicle,1996,Liability
11,3,3,Honda,Urban,1,11,3,Female,Single,43,Policy Holder,Sedan - Liability,Sport,more than 69000,0,14181,8,400,2,more than 30,more than 30,2 to 4,7 years,36 to 40,No,No,External,3 to 5,no change,1 vehicle,1996,Liability
11,3,1,Mazda,Urban,2,8,3,Male,Married,66,Policy Holder,Sedan - Liability,Sport,less than 20000,0,14182,11,400,2,more than 30,more than 30,2 to 4,more than 7,over 65,No,No,External,1 to 2,no change,1 vehicle,1996,Liability
8,4,3,Mazda,Urban,3,11,4,Male,Single,23,Policy Holder,Sedan - All Perils,Sedan,20000 to 29000,1,14183,3,400,4,more than 30,more than 30,none,5 years,26 to 30,No,No,External,3 to 5,no change,1 vehicle,1996,All Perils
11,3,6,Toyota,Urban,1,11,3,Male,Married,68,Third Party,Sedan - All Perils,Sedan,30000 to 39000,0,14184,3,400,4,more than 30,more than 30,1,more than 7,over 65,No,No,External,more than 5,no change,1 vehicle,1996,All Perils
11,2,2,VW,Urban,4,11,2,Male,Married,50,Third Party,Sedan - Liability,Sport,40000 to 59000,0,14185,14,400,4,more than 30,more than 30,2 to 4,more than 7,41 to 50,No,No,External,more than 5,no change,1 vehicle,1996,Liability
10,5,4,Toyota,Urban,4,10,1,Male,Married,57,Third Party,Sedan - All Perils,Sedan,less than 20000,0,14186,1,400,3,more than 30,more than 30,none,more than 7,51 to 65,No,No,External,none,no change,1 vehicle,1996,All Perils
10,4,6,Honda,Rural,1,7,4,Male,Married,41,Third Party,Sedan - Collision,Sedan,30000 to 39000,0,14187,12,400,2,more than 30,more than 30,none,7 years,36 to 40,No,No,External,1 to 2,no change,3 to 4,1996,Collision
7,4,2,Pontiac,Urban,3,7,4,Male,Single,32,Third Party,Sedan - Collision,Sedan,30000 to 39000,0,14188,15,400,3,more than 30,more than 30,2 to 4,6 years,31 to 35,No,No,External,none,no change,1 vehicle,1996,Collision
7,3,1,Dodge,Urban,2,7,4,Male,Single,32,Policy Holder,Sedan - Liability,Sport,30000 to 39000,0,14189,9,400,1,more than 30,more than 30,more than 4,7 years,31 to 35,No,No,External,none,no change,1 vehicle,1996,Liability
7,3,1,Chevrolet,Urban,2,6,3,Male,Married,41,Policy Holder,Sedan - Liability,Sport,more than 69000,0,14190,3,400,4,more than 30,more than 30,more than 4,7 years,36 to 40,No,No,External,more than 5,no change,1 vehicle,1996,Liability
6,3,1,Chevrolet,Rural,2,6,3,Male,Married,26,Third Party,Sedan - Collision,Sedan,20000 to 29000,0,14191,13,400,4,more than 30,more than 30,1,7 years,31 to 35,No,No,External,more than 5,no change,1 vehicle,1996,Collision
6,3,2,Honda,Urban,5,8,3,Male,Married,43,Policy Holder,Sedan - Liability,Sport,30000 to 39000,0,14192,11,400,4,more than 30,more than 30,more than 4,6 years,36 to 40,No,No,External,none,no change,1 vehicle,1996,Liability
8,4,6,Toyota,Urban,5,6,4,Male,Single,28,Third Party,Sedan - All Perils,Sedan,20000 to 29000,0,14193,4,400,3,more than 30,more than 30,none,6 years,31 to 35,No,No,External,more than 5,no change,1 vehicle,1996,All Perils
6,1,7,Toyota,Urban,3,5,5,Female,Married,28,Policy Holder,Sedan - All Perils,Sedan,20000 to 29000,0,14194,7,400,1,more than 30,more than 30,none,7 years,31 to 35,No,No,External,1 to 2,no change,1 vehicle,1996,All Perils
4,5,6,Toyota,Rural,1,4,2,Male,Married,24,Policy Holder,Sedan - Collision,Sedan,30000 to 39000,0,14195,10,400,3,more than 30,more than 30,none,5 years,26 to 30,No,No,Internal,3 to 5,no change,1 vehicle,1996,Collision
4,1,4,VW,Urban,5,3,1,Male,Married,62,Policy Holder,Sedan - Collision,Sedan,more than 69000,0,14196,9,400,4,more than 30,more than 30,none,more than 7,51 to 65,No,No,External,more than 5,no change,1 vehicle,1996,Collision
3,5,4,Honda,Urban,2,3,5,Male,Single,30,Policy Holder,Sport - Collision,Sport,more than 69000,0,14197,15,400,2,more than 30,more than 30,1,7 years,31 to 35,No,No,External,1 to 2,1 year,2 vehicles,1996,Collision
3,4,5,Mazda,Urban,1,3,5,Male,Single,20,Third Party,Sedan - All Perils,Sedan,20000 to 29000,0,14198,4,400,3,15 to 30,more than 30,1,3 years,21 to 25,No,No,External,none,no change,1 vehicle,1996,All Perils
3,2,4,Toyota,Urban,1,3,2,Male,Single,26,Policy Holder,Sedan - All Perils,Sedan,more than 69000,0,14199,10,400,2,more than 30,more than 30,none,6 years,31 to 35,No,No,External,more than 5,no change,1 vehicle,1996,All Perils
3,1,1,Honda,Urban,3,3,1,Male,Married,43,Policy Holder,Sedan - All Perils,Sedan,20000 to 29000,0,14200,10,400,4,more than 30,more than 30,2 to 4,4 years,36 to 40,No,No,External,none,no change,1 vehicle,1996,All Perils
2,4,3,Dodge,Urban,3,2,1,Male,Married,57,Policy Holder,Sedan - Collision,Sedan,20000 to 29000,0,14201,3,400,4,more than 30,more than 30,none,more than 7,51 to 65,No,No,External,none,no change,5 to 8,1996,Collision
2,2,3,Mazda,Urban,5,2,2,Male,Married,76,Policy Holder,Sedan - Liability,Sport,20000 to 29000,0,14202,6,400,4,more than 30,more than 30,1,more than 7,over 65,No,No,External,1 to 2,no change,1 vehicle,1996,Liability
2,2,3,Chevrolet,Urban,4,12,2,Male,Married,46,Policy Holder,Sedan - Liability,Sport,40000 to 59000,0,14203,14,400,2,more than 30,more than 30,1,7 years,41 to 50,No,No,External,none,no change,1 vehicle,1996,Liability
12,3,4,Mazda,Urban,4,11,4,Male,Single,28,Third Party,Sport - Collision,Sport,more than 69000,0,14204,16,400,1,more than 30,more than 30,2 to 4,6 years,31 to 35,No,No,External,3 to 5,no change,1 vehicle,1996,Collision
11,2,7,Toyota,Urban,2,11,2,Female,Married,26,Policy Holder,Sedan - Liability,Sport,30000 to 39000,0,14205,16,400,2,more than 30,more than 30,1,5 years,31 to 35,Yes,No,External,none,no change,1 vehicle,1996,Liability
10,5,2,Pontiac,Urban,4,10,1,Male,Married,63,Policy Holder,Utility - All Perils,Utility,more than 69000,0,14206,15,400,3,more than 30,more than 30,2 to 4,6 years,51 to 65,No,No,External,1 to 2,no change,1 vehicle,1996,All Perils
10,3,6,Honda,Urban,3,10,4,Male,Married,29,Third Party,Sedan - All Perils,Sedan,20000 to 29000,0,14207,10,400,3,more than 30,more than 30,2 to 4,6 years,31 to 35,No,No,External,none,no change,1 vehicle,1996,All Perils
10,3,6,Honda,Urban,3,9,4,Male,Married,36,Third Party,Sedan - Liability,Sport,20000 to 29000,0,14208,5,400,1,more than 30,more than 30,none,7 years,36 to 40,No,No,External,none,no change,1 vehicle,1996,Liability
9,2,2,Pontiac,Urban,4,7,3,Male,Married,66,Third Party,Sedan - All Perils,Sedan,20000 to 29000,0,14209,9,400,4,more than 30,more than 30,1,more than 7,over 65,No,No,External,none,no change,1 vehicle,1996,All Perils
7,2,1,Honda,Rural,5,7,3,Male,Single,40,Policy Holder,Sedan - Liability,Sport,20000 to 29000,0,14210,16,400,3,8 to 15,15 to 30,more than 4,5 years,36 to 40,No,No,External,none,no change,1 vehicle,1996,Liability
7,2,5,Pontiac,Urban,2,6,3,Male,Married,27,Third Party,Sedan - Liability,Sport,20000 to 29000,0,14211,9,400,1,more than 30,more than 30,more than 4,6 years,31 to 35,No,No,External,none,no change,1 vehicle,1996,Liability
6,3,1,Toyota,Urban,2,5,4,Male,Married,31,Policy Holder,Sedan - Liability,Sport,20000 to 29000,0,14212,12,400,3,more than 30,more than 30,1,6 years,31 to 35,No,No,External,more than 5,no change,1 vehicle,1996,Liability
5,2,1,Toyota,Urban,3,5,2,Male,Married,62,Third Party,Sedan - Collision,Sedan,20000 to 29000,0,14213,11,400,2,more than 30,more than 30,1,more than 7,51 to 65,No,No,External,1 to 2,no change,1 vehicle,1996,Collision
5,2,2,Mazda,Urban,5,4,2,Male,Married,41,Policy Holder,Sedan - Collision,Sedan,20000 to 29000,0,14214,5,400,1,more than 30,more than 30,1,7 years,36 to 40,No,No,External,none,no change,1 vehicle,1996,Collision
3,4,1,Dodge,Urban,2,3,1,Male,Single,32,Third Party,Sedan - All Perils,Sedan,30000 to 39000,0,14215,9,400,3,more than 30,more than 30,1,7 years,31 to 35,No,No,External,none,no change,1 vehicle,1996,All Perils
3,2,1,Pontiac,Urban,1,3,3,Male,Married,46,Policy Holder,Sedan - All Perils,Sedan,20000 to 29000,0,14216,9,400,2,more than 30,more than 30,2 to 4,more than 7,41 to 50,No,No,External,1 to 2,no change,1 vehicle,1996,All Perils
3,2,5,Toyota,Urban,5,3,2,Male,Married,35,Policy Holder,Sedan - Collision,Sedan,20000 to 29000,0,14217,16,400,2,more than 30,more than 30,2 to 4,7 years,31 to 35,No,No,External,1 to 2,no change,1 vehicle,1996,Collision
3,1,2,Toyota,Urban,4,3,1,Female,Single,21,Third Party,Sedan - All Perils,Sedan,less than 20000,0,14218,15,400,2,more than 30,more than 30,1,5 years,26 to 30,No,No,External,3 to 5,4 to 8 years,2 vehicles,1996,All Perils
3,1,4,Mazda,Urban,4,3,1,Female,Married,35,Third Party,Sedan - Collision,Sedan,20000 to 29000,0,14219,5,400,2,more than 30,more than 30,none,7 years,31 to 35,No,No,External,none,no change,1 vehicle,1996,Collision
2,4,5,Pontiac,Urban,2,2,1,Female,Single,72,Policy Holder,Sedan - Liability,Sport,20000 to 29000,0,14220,1,400,2,more than 30,more than 30,2 to 4,more than 7,over 65,No,No,External,none,no change,1 vehicle,1996,Liability
2,3,6,Mazda,Urban,1,2,4,Female,Married,31,Policy Holder,Sedan - Liability,Sport,30000 to 39000,0,14221,7,400,3,more than 30,more than 30,2 to 4,6 years,31 to 35,No,No,External,more than 5,no change,1 vehicle,1996,Liability
2,3,2,Toyota,Rural,3,1,4,Female,Married,50,Policy Holder,Sedan - Liability,Sport,more than 69000,0,14222,16,400,1,more than 30,more than 30,more than 4,more than 7,41 to 50,No,No,External,3 to 5,no change,1 vehicle,1996,Liability
1,2,5,Honda,Urban,5,12,3,Male,Single,0,Policy Holder,Sedan - Liability,Sport,more than 69000,0,14223,1,400,4,more than 30,more than 30,2 to 4,new,16 to 17,No,No,External,none,no change,1 vehicle,1996,Liability
8,4,6,Pontiac,Urban,1,10,1,Male,Married,39,Policy Holder,Sedan - Collision,Sedan,more than 69000,1,14224,9,400,3,none,more than 30,none,7 years,36 to 40,No,No,External,none,no change,1 vehicle,1996,Collision
3,4,7,Chevrolet,Rural,5,4,1,Male,Married,64,Policy Holder,Sedan - All Perils,Sedan,20000 to 29000,0,14225,12,400,3,more than 30,more than 30,1,more than 7,51 to 65,No,No,External,3 to 5,no change,1 vehicle,1996,All Perils
4,3,7,Toyota,Urban,1,10,4,Female,Single,26,Third Party,Sedan - All Perils,Sedan,less than 20000,0,14226,6,400,4,more than 30,more than 30,2 to 4,6 years,31 to 35,No,No,External,more than 5,no change,1 vehicle,1996,All Perils
10,3,4,Toyota,Urban,4,7,3,Male,Married,63,Third Party,Sedan - All Perils,Sedan,20000 to 29000,0,14227,7,400,3,more than 30,more than 30,none,more than 7,51 to 65,No,No,External,3 to 5,no change,1 vehicle,1996,All Perils
7,2,5,VW,Urban,3,11,2,Male,Married,45,Policy Holder,Sedan - Collision,Sedan,40000 to 59000,0,14228,6,400,4,more than 30,more than 30,2 to 4,7 years,36 to 40,No,No,External,none,no change,3 to 4,1996,Collision
10,3,4,Accura,Urban,5,8,4,Male,Married,44,Policy Holder,Sedan - All Perils,Sedan,20000 to 29000,0,14229,12,400,3,more than 30,more than 30,2 to 4,7 years,36 to 40,No,No,External,3 to 5,no change,1 vehicle,1996,All Perils
8,1,4,Toyota,Urban,2,11,1,Male,Married,27,Policy Holder,Sedan - Liability,Sport,30000 to 39000,0,14230,15,700,4,more than 30,more than 30,2 to 4,7 years,31 to 35,No,No,External,more than 5,2 to 3 years,1 vehicle,1996,Liability
7,3,4,Chevrolet,Urban,5,8,5,Female,Married,45,Third Party,Sedan - Liability,Sport,more than 69000,0,14231,15,400,4,more than 30,more than 30,2 to 4,7 years,36 to 40,No,No,External,more than 5,no change,1 vehicle,1996,Liability
7,4,3,Honda,Urban,3,8,2,Male,Married,54,Third Party,Sedan - Liability,Sport,20000 to 29000,0,14232,4,400,4,more than 30,more than 30,1,more than 7,41 to 50,No,No,External,1 to 2,no change,1 vehicle,1996,Liability
7,3,7,Mazda,Urban,1,4,4,Male,Single,35,Policy Holder,Sedan - Collision,Sedan,30000 to 39000,0,14233,14,400,3,more than 30,more than 30,1,6 years,31 to 35,No,No,External,none,no change,1 vehicle,1996,Collision
3,2,1,Accura,Urban,1,2,2,Male,Married,42,Policy Holder,Sedan - Liability,Sport,30000 to 39000,0,14234,12,400,4,more than 30,more than 30,1,7 years,36 to 40,No,No,External,3 to 5,no change,1 vehicle,1996,Liability
2,2,3,Pontiac,Urban,4,3,2,Male,Married,49,Policy Holder,Sedan - Liability,Sport,20000 to 29000,0,14235,10,400,3,more than 30,more than 30,none,more than 7,41 to 50,No,No,External,none,no change,1 vehicle,1996,Liability
3,1,7,Toyota,Urban,2,3,1,Male,Widow,37,Policy Holder,Sedan - Liability,Sport,30000 to 39000,0,14236,15,400,1,more than 30,more than 30,more than 4,7 years,36 to 40,No,No,External,more than 5,no change,1 vehicle,1996,Liability
3,2,7,Pontiac,Urban,1,3,3,Male,Married,31,Policy Holder,Sedan - Liability,Sport,30000 to 39000,0,14237,2,400,3,more than 30,more than 30,more than 4,7 years,31 to 35,No,No,External,more than 5,no change,1 vehicle,1996,Liability
3,4,3,Chevrolet,Rural,2,5,5,Male,Married,41,Policy Holder,Sedan - Liability,Sport,20000 to 29000,0,14238,13,400,3,more than 30,more than 30,2 to 4,7 years,36 to 40,No,No,External,none,no change,1 vehicle,1996,Liability
4,4,5,Toyota,Urban,1,5,1,Male,Married,37,Policy Holder,Sedan - Liability,Sport,30000 to 39000,0,14239,14,400,4,more than 30,more than 30,1,more than 7,36 to 40,No,No,External,more than 5,4 to 8 years,2 vehicles,1996,Liability
5,2,2,Mazda,Urban,3,6,3,Male,Married,40,Policy Holder,Sedan - Liability,Sport,30000 to 39000,0,14240,5,400,3,more than 30,more than 30,2 to 4,7 years,36 to 40,No,No,External,more than 5,no change,1 vehicle,1996,Liability
6,3,3,Pontiac,Urban,5,8,3,Male,Single,27,Third Party,Sedan - All Perils,Sedan,20000 to 29000,0,14241,10,400,2,more than 30,more than 30,none,6 years,31 to 35,No,No,External,none,no change,1 vehicle,1996,All Perils
6,3,7,Mazda,Urban,1,6,3,Male,Married,36,Third Party,Sedan - Collision,Sedan,30000 to 39000,0,14242,5,400,1,more than 30,more than 30,more than 4,7 years,36 to 40,No,No,External,more than 5,no change,1 vehicle,1996,Collision
6,4,4,Chevrolet,Urban,1,9,4,Male,Single,39,Policy Holder,Sedan - Collision,Sedan,20000 to 29000,0,14243,3,400,2,more than 30,more than 30,none,more than 7,36 to 40,No,No,External,more than 5,no change,1 vehicle,1996,Collision
6,5,7,Pontiac,Urban,3,7,2,Female,Single,27,Policy Holder,Sedan - Collision,Sedan,30000 to 39000,0,14244,16,400,2,more than 30,more than 30,1,7 years,31 to 35,No,No,External,1 to 2,no change,1 vehicle,1996,Collision
7,1,3,Pontiac,Urban,4,7,4,Female,Married,34,Policy Holder,Sedan - All Perils,Sedan,less than 20000,0,14245,11,400,1,more than 30,more than 30,none,4 years,31 to 35,No,No,External,none,no change,1 vehicle,1996,All Perils
7,4,5,Chevrolet,Rural,1,11,5,Male,Married,35,Policy Holder,Sedan - Collision,Sedan,20000 to 29000,0,14246,14,400,4,more than 30,more than 30,2 to 4,6 years,31 to 35,No,No,External,more than 5,no change,1 vehicle,1996,Collision
10,5,3,Mazda,Urban,4,11,2,Female,Married,56,Policy Holder,Sedan - Liability,Sport,30000 to 39000,0,14247,16,400,2,more than 30,more than 30,1,3 years,51 to 65,No,No,External,more than 5,no change,1 vehicle,1996,Liability
11,1,7,Honda,Urban,5,9,1,Male,Single,33,Policy Holder,Sedan - Liability,Sport,20000 to 29000,0,14248,16,400,4,8 to 15,15 to 30,none,6 years,31 to 35,No,No,External,none,no change,1 vehicle,1996,Liability
8,4,1,Honda,Urban,4,12,1,Male,Single,0,Policy Holder,Sedan - Collision,Sedan,more than 69000,1,14249,5,400,2,more than 30,more than 30,none,new,16 to 17,No,No,External,none,no change,1 vehicle,1996,Collision
11,5,5,Pontiac,Urban,5,2,1,Male,Married,64,Third Party,Sedan - All Perils,Sedan,30000 to 39000,0,14250,3,400,3,more than 30,more than 30,1,7 years,51 to 65,No,No,External,none,no change,1 vehicle,1996,All Perils
2,4,6,Pontiac,Urban,5,3,4,Male,Married,34,Policy Holder,Sedan - Collision,Sedan,20000 to 29000,0,14251,2,400,4,more than 30,more than 30,1,7 years,31 to 35,No,No,External,1 to 2,no change,1 vehicle,1996,Collision
2,4,7,Toyota,Urban,4,3,1,Male,Married,40,Policy Holder,Sedan - All Perils,Sedan,less than 20000,0,14252,9,400,4,more than 30,more than 30,none,7 years,36 to 40,No,No,External,1 to 2,no change,1 vehicle,1996,All Perils
2,4,6,Toyota,Urban,2,3,1,Male,Single,35,Policy Holder,Sedan - All Perils,Sedan,20000 to 29000,0,14253,5,400,1,more than 30,more than 30,none,5 years,31 to 35,No,No,External,none,no change,1 vehicle,1996,All Perils
3,1,2,Pontiac,Urban,2,3,4,Male,Married,34,Policy Holder,Sedan - Collision,Sedan,40000 to 59000,0,14254,4,400,3,more than 30,more than 30,more than 4,7 years,31 to 35,No,No,External,none,no change,1 vehicle,1996,Collision
3,2,7,Chevrolet,Urban,4,4,2,Male,Married,30,Policy Holder,Sedan - Liability,Sport,40000 to 59000,0,14255,4,400,1,more than 30,more than 30,2 to 4,7 years,31 to 35,No,No,External,3 to 5,no change,1 vehicle,1996,Liability
4,3,6,Pontiac,Urban,4,7,3,Male,Married,41,Policy Holder,Sedan - Collision,Sedan,30000 to 39000,0,14256,11,400,2,more than 30,more than 30,none,7 years,36 to 40,No,No,External,none,no change,1 vehicle,1996,Collision
5,3,6,Chevrolet,Urban,1,6,1,Male,Married,44,Policy Holder,Sedan - Liability,Sport,20000 to 29000,0,14257,12,400,4,more than 30,more than 30,2 to 4,7 years,36 to 40,No,No,External,more than 5,no change,1 vehicle,1996,Liability
6,2,5,Pontiac,Urban,4,7,3,Male,Married,34,Policy Holder,Sedan - Collision,Sedan,20000 to 29000,0,14258,3,400,1,more than 30,more than 30,1,6 years,31 to 35,No,No,External,none,no change,1 vehicle,1996,Collision
7,3,6,Mazda,Urban,2,7,3,Female,Married,29,Policy Holder,Sedan - Collision,Sedan,20000 to 29000,0,14259,14,400,3,more than 30,more than 30,none,6 years,31 to 35,No,No,External,more than 5,no change,1 vehicle,1996,Collision
7,3,7,Saturn,Rural,1,7,3,Male,Married,45,Policy Holder,Sedan - Collision,Sedan,40000 to 59000,0,14260,11,400,1,more than 30,more than 30,1,more than 7,36 to 40,No,No,External,more than 5,4 to 8 years,2 vehicles,1996,Collision
7,3,5,Toyota,Urban,1,8,3,Female,Single,22,Policy Holder,Sedan - Collision,Sedan,less than 20000,0,14261,11,400,2,more than 30,more than 30,none,3 years,26 to 30,No,No,External,none,no change,1 vehicle,1996,Collision
8,1,2,Toyota,Rural,3,9,2,Male,Single,22,Third Party,Sedan - All Perils,Sedan,20000 to 29000,0,14262,13,400,1,more than 30,more than 30,2 to 4,5 years,26 to 30,No,No,External,none,no change,1 vehicle,1996,All Perils
9,4,3,Accura,Rural,5,11,4,Female,Married,39,Policy Holder,Sedan - Collision,Sedan,30000 to 39000,0,14263,7,400,4,more than 30,more than 30,2 to 4,7 years,36 to 40,No,No,External,1 to 2,no change,1 vehicle,1996,Collision
11,2,2,Pontiac,Urban,2,11,2,Male,Married,41,Policy Holder,Sedan - Collision,Sedan,20000 to 29000,0,14264,14,400,3,more than 30,more than 30,none,7 years,36 to 40,No,No,External,none,no change,1 vehicle,1996,Collision
11,3,1,Toyota,Urban,1,11,3,Female,Single,34,Policy Holder,Sedan - Liability,Sport,20000 to 29000,0,14265,2,400,3,more than 30,more than 30,none,6 years,31 to 35,No,No,External,none,no change,1 vehicle,1996,Liability
11,4,2,Pontiac,Urban,2,11,4,Male,Married,55,Policy Holder,Sedan - Collision,Sedan,30000 to 39000,0,14266,12,400,3,more than 30,more than 30,more than 4,more than 7,41 to 50,No,No,Internal,3 to 5,no change,1 vehicle,1996,Collision
11,5,6,Honda,Urban,1,10,5,Male,Single,28,Policy Holder,Sedan - Liability,Sport,20000 to 29000,0,14267,3,400,2,more than 30,more than 30,none,7 years,31 to 35,No,No,External,1 to 2,no change,1 vehicle,1996,Liability
10,2,3,Pontiac,Rural,4,9,2,Male,Married,57,Policy Holder,Sedan - Collision,Sedan,30000 to 39000,0,14268,8,400,1,more than 30,more than 30,none,more than 7,51 to 65,No,No,External,more than 5,no change,1 vehicle,1996,Collision
9,3,3,Toyota,Urban,1,7,4,Male,Married,65,Third Party,Sedan - All Perils,Sedan,less than 20000,0,14269,10,400,1,more than 30,more than 30,2 to 4,more than 7,51 to 65,No,No,External,3 to 5,no change,3 to 4,1996,All Perils
7,3,6,Accura,Urban,2,8,4,Male,Married,51,Policy Holder,Utility - All Perils,Utility,30000 to 39000,0,14270,1,400,4,more than 30,more than 30,more than 4,more than 7,41 to 50,No,No,External,none,no change,1 vehicle,1996,All Perils
7,3,6,Toyota,Urban,3,6,1,Male,Single,33,Third Party,Sedan - Collision,Sedan,20000 to 29000,0,14271,9,400,1,more than 30,more than 30,more than 4,6 years,31 to 35,No,No,External,none,no change,1 vehicle,1996,Collision
5,3,1,Pontiac,Urban,1,5,4,Male,Married,32,Policy Holder,Sedan - Collision,Sedan,20000 to 29000,0,14272,1,400,1,more than 30,more than 30,none,7 years,31 to 35,No,No,External,none,no change,1 vehicle,1996,Collision
5,4,7,Toyota,Urban,2,9,4,Male,Married,35,Third Party,Sedan - Collision,Sedan,20000 to 29000,0,14273,10,400,3,more than 30,more than 30,2 to 4,7 years,31 to 35,No,No,External,none,no change,1 vehicle,1996,Collision
8,4,2,Mercury,Urban,1,5,4,Male,Single,31,Third Party,Sedan - Collision,Sedan,20000 to 29000,0,14274,6,400,2,more than 30,more than 30,2 to 4,6 years,31 to 35,No,No,External,more than 5,no change,1 vehicle,1996,Collision
4,4,5,Toyota,Urban,1,3,2,Male,Married,62,Policy Holder,Sedan - Collision,Sedan,30000 to 39000,0,14275,3,400,1,more than 30,more than 30,2 to 4,more than 7,51 to 65,No,No,External,more than 5,no change,1 vehicle,1996,Collision
3,4,4,Pontiac,Urban,4,3,4,Male,Married,71,Policy Holder,Sedan - Liability,Sport,20000 to 29000,0,14276,3,400,2,more than 30,more than 30,2 to 4,6 years,over 65,No,No,External,3 to 5,no change,1 vehicle,1996,Liability
3,4,4,Toyota,Urban,2,5,4,Female,Single,29,Third Party,Sedan - Collision,Sedan,20000 to 29000,0,14277,9,400,1,more than 30,more than 30,none,6 years,31 to 35,No,No,External,none,no change,1 vehicle,1996,Collision
3,4,2,Honda,Urban,4,3,3,Male,Single,41,Policy Holder,Sport - Collision,Sport,more than 69000,0,14278,7,400,4,more than 30,more than 30,none,7 years,36 to 40,No,No,External,none,no change,1 vehicle,1996,Collision
2,5,2,Pontiac,Urban,3,1,1,Female,Married,50,Policy Holder,Sedan - Liability,Sport,20000 to 29000,0,14279,13,400,3,more than 30,more than 30,1,more than 7,41 to 50,No,No,External,none,no change,1 vehicle,1996,Liability
1,3,2,Honda,Urban,2,11,3,Male,Married,53,Policy Holder,Sedan - Collision,Sedan,20000 to 29000,0,14280,5,400,2,more than 30,more than 30,2 to 4,4 years,41 to 50,No,No,External,none,no change,1 vehicle,1996,Collision
11,2,6,Honda,Urban,1,11,2,Male,Married,55,Policy Holder,Sedan - Liability,Sport,20000 to 29000,0,14281,5,500,4,more than 30,more than 30,none,more than 7,41 to 50,No,No,External,none,2 to 3 years,2 vehicles,1996,Liability
11,1,2,Pontiac,Urban,5,11,4,Female,Married,27,Policy Holder,Sedan - Collision,Sedan,20000 to 29000,0,14282,5,400,2,more than 30,more than 30,none,5 years,31 to 35,No,No,External,none,no change,1 vehicle,1996,Collision
11,1,1,Mazda,Rural,5,9,1,Male,Single,31,Third Party,Sedan - Liability,Sport,30000 to 39000,0,14283,12,400,2,more than 30,more than 30,2 to 4,7 years,31 to 35,Yes,No,External,3 to 5,no change,1 vehicle,1996,Liability
9,1,7,VW,Urban,2,8,2,Male,Married,74,Policy Holder,Sedan - All Perils,Sedan,20000 to 29000,0,14284,16,400,1,more than 30,more than 30,none,more than 7,over 65,No,No,External,none,no change,1 vehicle,1996,All Perils
8,5,1,Pontiac,Urban,1,8,5,Male,Single,27,Policy Holder,Sedan - Liability,Sport,30000 to 39000,0,14285,10,400,2,more than 30,more than 30,more than 4,7 years,31 to 35,No,No,External,more than 5,no change,1 vehicle,1996,Liability
8,5,3,Pontiac,Urban,2,7,5,Female,Single,26,Policy Holder,Sedan - Liability,Sport,20000 to 29000,0,14286,5,400,4,more than 30,more than 30,more than 4,6 years,31 to 35,No,No,External,none,no change,1 vehicle,1996,Liability
7,1,2,Pontiac,Urban,4,7,3,Female,Single,36,Policy Holder,Sedan - Liability,Sport,20000 to 29000,0,14287,14,400,3,more than 30,more than 30,none,7 years,36 to 40,No,No,External,none,no change,1 vehicle,1996,Liability
7,1,1,Toyota,Urban,3,8,2,Male,Married,29,Third Party,Sedan - All Perils,Sedan,less than 20000,0,14288,11,400,1,more than 30,more than 30,2 to 4,7 years,31 to 35,No,No,External,1 to 2,1 year,1 vehicle,1996,All Perils
8,5,2,Chevrolet,Urban,3,5,5,Male,Married,59,Policy Holder,Sedan - Collision,Sedan,20000 to 29000,1,14289,7,400,4,more than 30,more than 30,2 to 4,more than 7,51 to 65,No,No,External,none,no change,1 vehicle,1996,Collision
5,4,4,Chevrolet,Urban,4,5,4,Male,Single,58,Third Party,Sedan - All Perils,Sedan,20000 to 29000,0,14290,13,400,1,more than 30,more than 30,2 to 4,6 years,51 to 65,No,No,External,3 to 5,no change,1 vehicle,1996,All Perils
5,3,5,Toyota,Urban,1,5,3,Male,Single,28,Policy Holder,Sedan - Liability,Sport,20000 to 29000,0,14291,13,400,4,more than 30,more than 30,2 to 4,7 years,31 to 35,No,No,External,more than 5,no change,1 vehicle,1996,Liability
5,1,3,Toyota,Rural,3,5,2,Male,Married,58,Policy Holder,Sedan - Collision,Sedan,20000 to 29000,0,14292,7,700,1,more than 30,more than 30,2 to 4,more than 7,51 to 65,No,No,External,1 to 2,no change,1 vehicle,1996,Collision
5,1,3,VW,Urban,4,5,1,Female,Married,48,Policy Holder,Sedan - Liability,Sport,30000 to 39000,0,14293,7,400,4,more than 30,more than 30,more than 4,more than 7,41 to 50,No,No,External,1 to 2,no change,1 vehicle,1996,Liability
5,1,3,Mazda,Rural,5,4,2,Male,Married,28,Policy Holder,Utility - All Perils,Utility,more than 69000,0,14294,12,400,4,more than 30,more than 30,2 to 4,5 years,31 to 35,No,No,External,none,no change,1 vehicle,1996,All Perils
4,4,5,Pontiac,Urban,3,4,5,Male,Single,38,Third Party,Sedan - Collision,Sedan,20000 to 29000,0,14295,7,400,1,more than 30,more than 30,1,7 years,36 to 40,No,No,External,more than 5,no change,1 vehicle,1996,Collision
3,4,5,Chevrolet,Urban,5,11,1,Male,Married,44,Third Party,Sedan - All Perils,Sedan,40000 to 59000,0,14296,10,400,1,more than 30,more than 30,none,7 years,36 to 40,No,No,External,none,no change,1 vehicle,1996,All Perils
3,2,4,Chevrolet,Urban,4,3,3,Male,Married,56,Policy Holder,Sedan - All Perils,Sedan,20000 to 29000,0,14297,6,400,3,more than 30,more than 30,more than 4,7 years,51 to 65,No,No,External,more than 5,no change,1 vehicle,1996,All Perils
3,2,7,Pontiac,Urban,4,3,2,Male,Married,30,Policy Holder,Sedan - Liability,Sport,20000 to 29000,0,14298,3,400,1,more than 30,more than 30,2 to 4,6 years,31 to 35,No,No,External,none,no change,1 vehicle,1996,Liability
3,1,3,Pontiac,Urban,1,3,2,Female,Married,38,Policy Holder,Sedan - Liability,Sport,20000 to 29000,0,14299,9,400,1,more than 30,more than 30,none,7 years,36 to 40,No,No,External,more than 5,no change,1 vehicle,1996,Liability
3,1,7,Ford,Rural,5,2,2,Female,Married,38,Third Party,Sedan - All Perils,Sedan,30000 to 39000,0,14300,12,400,1,more than 30,more than 30,1,7 years,36 to 40,No,No,External,1 to 2,no change,1 vehicle,1996,All Perils
2,1,1,Chevrolet,Urban,2,1,2,Male,Married,44,Third Party,Sedan - Collision,Sedan,more than 69000,0,14301,7,400,4,more than 30,more than 30,1,7 years,36 to 40,No,No,External,none,no change,1 vehicle,1996,Collision
1,3,2,Toyota,Urban,3,8,4,Female,Married,46,Policy Holder,Sedan - Collision,Sedan,20000 to 29000,0,14302,3,400,3,more than 30,more than 30,more than 4,7 years,41 to 50,No,No,External,none,4 to 8 years,2 vehicles,1996,Collision
8,1,4,Mazda,Urban,1,8,1,Female,Married,36,Policy Holder,Sedan - Collision,Sedan,20000 to 29000,0,14303,6,400,1,more than 30,more than 30,2 to 4,7 years,36 to 40,No,No,External,more than 5,no change,1 vehicle,1996,Collision
8,1,6,Honda,Urban,1,12,2,Male,Single,26,Policy Holder,Sedan - Collision,Sedan,20000 to 29000,0,14304,16,400,2,more than 30,more than 30,2 to 4,5 years,31 to 35,No,No,External,none,no change,1 vehicle,1996,Collision
12,3,2,Saab,Urban,3,11,3,Male,Married,38,Policy Holder,Sedan - Liability,Sport,30000 to 39000,0,14305,9,400,2,more than 30,more than 30,more than 4,7 years,36 to 40,No,No,External,1 to 2,no change,1 vehicle,1996,Liability
11,3,4,Honda,Urban,5,12,3,Male,Married,62,Policy Holder,Sedan - Liability,Sport,30000 to 39000,0,14306,6,400,1,more than 30,more than 30,2 to 4,more than 7,51 to 65,No,No,Internal,none,no change,1 vehicle,1996,Liability
11,4,2,Pontiac,Urban,4,11,1,Male,Single,26,Policy Holder,Sedan - Collision,Sedan,20000 to 29000,0,14307,10,400,1,more than 30,more than 30,2 to 4,7 years,31 to 35,No,No,External,none,no change,1 vehicle,1996,Collision
11,4,2,Toyota,Urban,3,8,4,Male,Married,41,Policy Holder,Sedan - All Perils,Sedan,more than 69000,0,14308,10,400,2,more than 30,more than 30,2 to 4,7 years,36 to 40,No,No,External,more than 5,no change,1 vehicle,1996,All Perils
8,5,2,Dodge,Urban,4,11,5,Male,Married,47,Third Party,Sedan - Collision,Sedan,30000 to 39000,0,14309,7,400,4,more than 30,more than 30,none,more than 7,41 to 50,No,No,External,none,no change,1 vehicle,1996,Collision
11,4,7,Pontiac,Urban,1,10,4,Male,Married,62,Policy Holder,Sedan - Collision,Sedan,20000 to 29000,0,14310,15,400,1,more than 30,more than 30,1,more than 7,51 to 65,No,No,External,1 to 2,no change,3 to 4,1996,Collision
10,3,1,Pontiac,Urban,1,1,3,Female,Married,27,Third Party,Sedan - Collision,Sedan,less than 20000,0,14311,14,400,4,more than 30,more than 30,2 to 4,7 years,31 to 35,No,No,External,none,no change,1 vehicle,1996,Collision
12,4,4,Accura,Urban,5,3,4,Male,Married,48,Policy Holder,Sedan - All Perils,Sedan,20000 to 29000,0,14312,2,400,1,more than 30,more than 30,none,7 years,41 to 50,No,No,External,none,no change,1 vehicle,1996,All Perils
1,3,7,Toyota,Urban,3,3,4,Female,Married,27,Policy Holder,Sedan - Liability,Sport,20000 to 29000,0,14313,5,400,3,more than 30,more than 30,2 to 4,6 years,31 to 35,No,No,External,none,no change,1 vehicle,1996,Liability
1,1,1,Toyota,Urban,4,7,2,Male,Married,36,Policy Holder,Sedan - Collision,Sedan,less than 20000,0,14314,7,400,2,more than 30,more than 30,2 to 4,7 years,36 to 40,No,No,External,3 to 5,no change,1 vehicle,1996,Collision
7,2,1,Honda,Urban,2,7,4,Male,Married,44,Policy Holder,Sedan - Collision,Sedan,20000 to 29000,0,14315,9,400,1,more than 30,more than 30,2 to 4,7 years,36 to 40,No,No,External,3 to 5,no change,1 vehicle,1996,Collision
7,2,3,Chevrolet,Urban,4,9,2,Male,Married,37,Policy Holder,Sedan - Liability,Sport,20000 to 29000,0,14316,9,400,3,more than 30,more than 30,1,7 years,36 to 40,No,No,External,none,no change,1 vehicle,1996,Liability
8,5,1,Honda,Urban,3,8,1,Male,Married,43,Policy Holder,Sedan - Collision,Sedan,30000 to 39000,0,14317,8,400,4,more than 30,more than 30,none,7 years,36 to 40,No,No,External,none,no change,1 vehicle,1996,Collision
8,5,2,Chevrolet,Rural,2,8,5,Male,Single,48,Policy Holder,Sedan - All Perils,Sedan,more than 69000,0,14318,5,400,2,more than 30,more than 30,none,more than 7,41 to 50,No,No,External,1 to 2,no change,1 vehicle,1996,All Perils
8,5,7,Honda,Urban,2,9,5,Male,Single,19,Third Party,Sedan - All Perils,Sedan,less than 20000,0,14319,12,400,2,more than 30,more than 30,1,2 years,21 to 25,No,No,External,1 to 2,no change,1 vehicle,1996,All Perils
9,3,7,Pontiac,Urban,1,9,4,Male,Married,65,Policy Holder,Sedan - All Perils,Sedan,less than 20000,0,14320,16,400,1,more than 30,more than 30,1,7 years,51 to 65,No,No,External,none,no change,1 vehicle,1996,All Perils
9,3,7,Pontiac,Urban,4,9,3,Male,Married,47,Policy Holder,Sedan - Collision,Sedan,20000 to 29000,0,14321,7,400,3,more than 30,more than 30,1,more than 7,41 to 50,No,No,External,more than 5,no change,1 vehicle,1996,Collision
9,2,2,Toyota,Urban,4,12,3,Male,Single,33,Third Party,Sedan - All Perils,Sedan,30000 to 39000,0,14322,7,400,2,more than 30,more than 30,1,6 years,31 to 35,No,No,External,none,no change,1 vehicle,1996,All Perils
12,2,6,Pontiac,Urban,1,11,3,Male,Married,50,Third Party,Sedan - All Perils,Sedan,20000 to 29000,0,14323,12,700,3,more than 30,more than 30,2 to 4,more than 7,41 to 50,No,No,External,none,4 to 8 years,2 vehicles,1996,All Perils
11,4,4,Pontiac,Urban,2,6,5,Male,Married,30,Third Party,Sedan - All Perils,Sedan,20000 to 29000,0,14324,13,400,2,more than 30,more than 30,2 to 4,7 years,31 to 35,No,No,External,more than 5,no change,1 vehicle,1996,All Perils
5,3,2,Pontiac,Urban,2,5,2,Male,Married,32,Policy Holder,Sedan - Liability,Sport,20000 to 29000,0,14325,14,400,2,more than 30,more than 30,2 to 4,5 years,31 to 35,No,No,External,none,no change,1 vehicle,1996,Liability
5,2,3,Honda,Rural,3,5,2,Male,Single,26,Policy Holder,Sedan - Collision,Sedan,20000 to 29000,0,14326,15,400,2,more than 30,more than 30,1,5 years,31 to 35,No,No,External,none,no change,1 vehicle,1996,Collision
5,2,3,Chevrolet,Urban,4,6,3,Female,Married,64,Policy Holder,Sedan - Liability,Sport,40000 to 59000,0,14327,15,400,3,more than 30,more than 30,2 to 4,more than 7,51 to 65,No,No,External,3 to 5,no change,1 vehicle,1996,Liability
6,4,7,Chevrolet,Urban,1,6,4,Male,Single,35,Third Party,Sedan - Collision,Sedan,20000 to 29000,0,14328,12,400,4,more than 30,more than 30,none,7 years,31 to 35,No,No,External,1 to 2,no change,1 vehicle,1996,Collision
6,3,1,Ford,Urban,2,9,3,Male,Married,30,Third Party,Sedan - Liability,Sport,40000 to 59000,0,14329,10,400,3,more than 30,more than 30,2 to 4,7 years,31 to 35,No,No,Internal,more than 5,no change,1 vehicle,1996,Liability
8,3,2,Mazda,Urban,4,8,1,Male,Married,36,Policy Holder,Sedan - Collision,Sedan,20000 to 29000,0,14330,6,400,2,more than 30,more than 30,2 to 4,7 years,36 to 40,No,No,External,none,no change,1 vehicle,1996,Collision
8,1,1,Honda,Urban,2,9,1,Male,Single,20,Third Party,Sport - Collision,Sport,more than 69000,0,14331,14,400,1,more than 30,more than 30,2 to 4,4 years,21 to 25,No,No,External,none,no change,1 vehicle,1996,Collision
9,3,7,Toyota,Urban,3,8,3,Female,Single,33,Policy Holder,Sedan - Liability,Sport,20000 to 29000,0,14332,12,300,3,more than 30,more than 30,2 to 4,5 years,31 to 35,No,No,External,none,2 to 3 years,1 vehicle,1996,Liability
8,4,1,Toyota,Rural,2,8,5,Male,Married,78,Third Party,Sedan - All Perils,Sedan,20000 to 29000,0,14333,13,400,3,more than 30,more than 30,1,more than 7,over 65,No,No,External,none,no change,1 vehicle,1996,All Perils
8,4,4,Honda,Rural,5,11,4,Male,Single,32,Third Party,Sedan - All Perils,Sedan,more than 69000,0,14334,6,400,2,more than 30,more than 30,2 to 4,new,31 to 35,No,No,External,none,no change,1 vehicle,1996,All Perils
11,3,3,Mazda,Urban,5,9,3,Male,Married,74,Policy Holder,Sedan - All Perils,Sedan,20000 to 29000,0,14335,12,400,2,more than 30,more than 30,none,more than 7,over 65,No,No,External,more than 5,no change,1 vehicle,1996,All Perils
8,5,5,Accura,Urban,2,11,4,Male,Single,41,Policy Holder,Utility - All Perils,Utility,more than 69000,1,14336,5,400,4,more than 30,more than 30,1,6 years,36 to 40,No,No,External,none,no change,1 vehicle,1996,All Perils
11,3,1,Honda,Urban,1,9,4,Male,Married,50,Third Party,Sedan - All Perils,Sedan,20000 to 29000,0,14337,6,400,4,more than 30,more than 30,none,more than 7,41 to 50,No,No,External,none,no change,1 vehicle,1996,All Perils
9,1,4,Mazda,Urban,5,9,1,Male,Married,42,Policy Holder,Sedan - Collision,Sedan,30000 to 39000,0,14338,4,400,4,more than 30,more than 30,2 to 4,7 years,36 to 40,No,No,External,1 to 2,no change,1 vehicle,1996,Collision
8,5,2,Pontiac,Urban,1,11,2,Male,Married,49,Third Party,Sedan - All Perils,Sedan,20000 to 29000,0,14339,4,400,3,more than 30,more than 30,none,more than 7,41 to 50,No,No,External,1 to 2,no change,1 vehicle,1996,All Perils
11,5,3,Mazda,Urban,4,12,2,Male,Married,48,Policy Holder,Sedan - Liability,Sport,20000 to 29000,0,14340,7,400,1,more than 30,more than 30,2 to 4,more than 7,41 to 50,No,No,External,1 to 2,no change,1 vehicle,1996,Liability
11,1,4,Chevrolet,Rural,2,9,3,Female,Married,45,Policy Holder,Sedan - All Perils,Sedan,20000 to 29000,0,14341,12,400,2,more than 30,more than 30,1,7 years,36 to 40,No,No,External,1 to 2,no change,1 vehicle,1996,All Perils
8,5,4,Toyota,Urban,5,2,1,Male,Married,31,Policy Holder,Sedan - Collision,Sedan,less than 20000,1,14342,16,400,2,more than 30,more than 30,none,6 years,31 to 35,No,No,External,3 to 5,no change,1 vehicle,1996,Collision
2,1,3,Toyota,Urban,5,2,1,Male,Married,36,Policy Holder,Sedan - Liability,Sport,20000 to 29000,0,14343,13,400,1,more than 30,more than 30,more than 4,7 years,36 to 40,No,No,External,none,no change,5 to 8,1996,Liability
2,2,7,VW,Urban,1,4,2,Male,Married,26,Policy Holder,Sedan - Collision,Sedan,40000 to 59000,0,14344,3,400,4,more than 30,more than 30,1,7 years,31 to 35,No,No,External,more than 5,4 to 8 years,2 vehicles,1996,Collision
4,4,6,Toyota,Rural,4,5,4,Male,Single,19,Policy Holder,Sedan - All Perils,Sedan,20000 to 29000,0,14345,4,400,1,more than 30,more than 30,1,3 years,21 to 25,No,No,External,1 to 2,no change,1 vehicle,1996,All Perils
4,4,4,Ford,Urban,4,5,1,Male,Single,38,Third Party,Utility - All Perils,Utility,more than 69000,0,14346,15,400,4,more than 30,more than 30,more than 4,7 years,36 to 40,No,No,External,1 to 2,no change,1 vehicle,1996,All Perils
4,4,3,Pontiac,Urban,3,6,1,Male,Single,36,Policy Holder,Sedan - All Perils,Sedan,less than 20000,0,14347,4,400,1,more than 30,more than 30,none,more than 7,36 to 40,No,No,External,1 to 2,no change,1 vehicle,1996,All Perils
4,3,3,Toyota,Urban,4,6,3,Male,Married,50,Policy Holder,Sedan - All Perils,Sedan,20000 to 29000,0,14348,16,400,4,more than 30,more than 30,none,more than 7,41 to 50,No,No,External,1 to 2,no change,1 vehicle,1996,All Perils
6,2,7,Pontiac,Urban,1,6,3,Male,Single,24,Policy Holder,Sedan - Collision,Sedan,30000 to 39000,0,14349,13,400,1,more than 30,more than 30,2 to 4,5 years,26 to 30,No,No,External,none,no change,1 vehicle,1996,Collision
6,1,1,Mazda,Urban,5,8,1,Female,Married,79,Policy Holder,Sedan - Liability,Sport,less than 20000,0,14350,15,400,3,more than 30,more than 30,2 to 4,7 years,over 65,No,No,External,1 to 2,no change,1 vehicle,1996,Liability
8,3,6,Pontiac,Urban,4,8,3,Male,Single,30,Policy Holder,Sedan - All Perils,Sedan,20000 to 29000,0,14351,10,400,2,more than 30,more than 30,1,6 years,31 to 35,No,No,External,none,no change,3 to 4,1996,All Perils
7,5,1,Mazda,Urban,1,7,1,Male,Married,47,Third Party,Sedan - All Perils,Sedan,30000 to 39000,0,14352,2,400,3,more than 30,more than 30,none,more than 7,41 to 50,No,No,External,none,no change,1 vehicle,1996,All Perils
6,4,5,Pontiac,Urban,1,9,3,Male,Married,46,Policy Holder,Sedan - Collision,Sedan,more than 69000,0,14353,10,400,1,more than 30,more than 30,1,7 years,41 to 50,No,No,External,more than 5,no change,1 vehicle,1996,Collision
9,4,1,Honda,Urban,1,9,4,Male,Married,35,Policy Holder,Sedan - Liability,Sport,30000 to 39000,0,14354,8,700,2,more than 30,more than 30,none,7 years,31 to 35,No,No,External,more than 5,no change,1 vehicle,1996,Liability
9,3,4,Honda,Urban,5,10,3,Male,Married,51,Policy Holder,Sedan - Liability,Sport,20000 to 29000,0,14355,12,400,3,more than 30,more than 30,2 to 4,7 years,41 to 50,No,No,External,more than 5,no change,1 vehicle,1996,Liability
10,1,5,Pontiac,Urban,1,9,2,Male,Single,27,Policy Holder,Sedan - Liability,Sport,30000 to 39000,0,14356,16,400,3,more than 30,more than 30,more than 4,7 years,31 to 35,No,No,External,more than 5,no change,1 vehicle,1996,Liability
9,1,3,Nisson,Rural,4,10,1,Male,Married,28,Policy Holder,Sedan - Liability,Sport,more than 69000,0,14357,2,400,3,more than 30,more than 30,more than 4,4 years,31 to 35,No,No,External,more than 5,no change,1 vehicle,1996,Liability
10,4,3,Mazda,Urban,5,12,4,Male,Single,34,Third Party,Sedan - Collision,Sedan,20000 to 29000,0,14358,6,400,2,more than 30,more than 30,none,6 years,31 to 35,No,No,External,none,no change,1 vehicle,1996,Collision
12,4,3,Toyota,Urban,5,12,4,Female,Married,28,Policy Holder,Sedan - All Perils,Sedan,less than 20000,0,14359,15,400,4,more than 30,more than 30,none,6 years,31 to 35,No,No,External,none,no change,1 vehicle,1996,All Perils
12,2,1,Toyota,Urban,1,2,2,Male,Single,34,Third Party,Sedan - Collision,Sedan,20000 to 29000,0,14360,5,400,4,more than 30,more than 30,none,6 years,31 to 35,No,No,External,none,no change,1 vehicle,1996,Collision
2,3,5,Honda,Urban,5,9,3,Male,Married,37,Policy Holder,Sedan - Liability,Sport,20000 to 29000,0,14361,1,400,4,more than 30,more than 30,more than 4,7 years,36 to 40,No,No,External,none,no change,1 vehicle,1996,Liability
9,1,1,Pontiac,Rural,2,4,1,Male,Married,33,Policy Holder,Sedan - Liability,Sport,30000 to 39000,0,14362,10,400,1,more than 30,more than 30,more than 4,6 years,31 to 35,No,No,External,none,no change,1 vehicle,1996,Liability
4,1,1,Pontiac,Urban,2,6,1,Male,Married,43,Policy Holder,Sedan - Liability,Sport,20000 to 29000,0,14363,12,400,3,more than 30,more than 30,more than 4,5 years,36 to 40,No,No,External,more than 5,no change,1 vehicle,1996,Liability
6,1,5,Toyota,Urban,4,8,1,Male,Single,49,Policy Holder,Sedan - Liability,Sport,20000 to 29000,0,14364,15,400,1,more than 30,more than 30,more than 4,more than 7,41 to 50,No,No,External,1 to 2,no change,1 vehicle,1996,Liability
8,2,6,Ford,Urban,5,9,3,Male,Married,49,Policy Holder,Utility - All Perils,Utility,more than 69000,0,14365,6,400,1,more than 30,more than 30,none,more than 7,41 to 50,No,No,External,none,4 to 8 years,2 vehicles,1996,All Perils
8,2,6,Toyota,Urban,2,9,2,Male,Single,31,Policy Holder,Sedan - All Perils,Sedan,less than 20000,0,14366,11,400,2,more than 30,more than 30,2 to 4,7 years,31 to 35,No,No,External,none,no change,1 vehicle,1996,All Perils
9,1,5,Toyota,Urban,1,9,1,Female,Married,28,Policy Holder,Sedan - Collision,Sedan,20000 to 29000,1,14367,3,400,2,more than 30,more than 30,none,5 years,31 to 35,No,No,External,none,no change,1 vehicle,1996,Collision
9,2,2,Nisson,Urban,1,10,2,Male,Married,40,Policy Holder,Sedan - Collision,Sedan,more than 69000,0,14368,14,400,2,more than 30,more than 30,2 to 4,7 years,36 to 40,No,No,External,none,no change,1 vehicle,1996,Collision
10,2,3,Pontiac,Urban,2,10,5,Male,Single,34,Third Party,Sedan - Collision,Sedan,20000 to 29000,0,14369,7,400,4,more than 30,more than 30,none,6 years,31 to 35,No,No,External,more than 5,no change,1 vehicle,1996,Collision
10,1,1,Toyota,Urban,1,12,3,Male,Married,37,Third Party,Sedan - All Perils,Sedan,less than 20000,0,14370,7,400,2,more than 30,more than 30,1,6 years,36 to 40,No,No,External,none,no change,1 vehicle,1996,All Perils
12,2,1,Toyota,Rural,1,11,2,Male,Single,28,Policy Holder,Sedan - Collision,Sedan,30000 to 39000,0,14371,16,400,1,more than 30,more than 30,2 to 4,6 years,31 to 35,No,No,External,1 to 2,no change,1 vehicle,1996,Collision
11,1,3,Toyota,Urban,4,10,1,Male,Single,69,Policy Holder,Sedan - Liability,Sport,30000 to 39000,0,14372,16,400,1,more than 30,more than 30,none,7 years,over 65,No,No,External,3 to 5,no change,1 vehicle,1996,Liability
10,2,4,Toyota,Urban,2,9,4,Male,Married,34,Policy Holder,Sedan - All Perils,Sedan,20000 to 29000,0,14373,13,400,2,more than 30,more than 30,1,7 years,31 to 35,No,No,External,more than 5,no change,1 vehicle,1996,All Perils
8,3,6,Toyota,Urban,2,8,3,Female,Married,27,Policy Holder,Sedan - Liability,Sport,20000 to 29000,0,14374,9,400,2,more than 30,more than 30,1,6 years,31 to 35,No,No,External,none,no change,1 vehicle,1996,Liability
7,2,1,Toyota,Urban,2,7,1,Male,Married,29,Policy Holder,Sedan - All Perils,Sedan,less than 20000,0,14375,9,400,3,more than 30,more than 30,2 to 4,6 years,31 to 35,No,No,External,none,no change,1 vehicle,1996,All Perils
7,1,6,Honda,Urban,4,7,1,Male,Married,36,Policy Holder,Sedan - Collision,Sedan,more than 69000,0,14376,6,400,4,more than 30,more than 30,none,6 years,36 to 40,Yes,No,External,none,no change,1 vehicle,1996,Collision
7,1,2,Chevrolet,Urban,3,5,4,Male,Married,53,Policy Holder,Sedan - Collision,Sedan,30000 to 39000,0,14377,1,400,1,more than 30,more than 30,2 to 4,more than 7,41 to 50,No,No,External,more than 5,no change,1 vehicle,1996,Collision
5,3,5,Pontiac,Urban,5,6,3,Male,Single,35,Policy Holder,Sedan - Collision,Sedan,20000 to 29000,0,14378,10,400,3,more than 30,more than 30,2 to 4,5 years,31 to 35,No,No,External,none,no change,1 vehicle,1996,Collision
5,2,6,Pontiac,Urban,4,5,1,Male,Married,41,Policy Holder,Sedan - Liability,Sport,30000 to 39000,0,14379,7,400,1,more than 30,more than 30,2 to 4,7 years,36 to 40,No,No,External,none,1 year,1 vehicle,1996,Liability
5,1,2,Pontiac,Urban,3,4,3,Male,Married,63,Third Party,Sedan - All Perils,Sedan,30000 to 39000,0,14380,12,400,3,more than 30,more than 30,none,more than 7,51 to 65,No,No,External,3 to 5,no change,1 vehicle,1996,All Perils
4,1,6,Mercury,Urban,4,9,2,Male,Married,26,Policy Holder,Sedan - All Perils,Sedan,less than 20000,0,14381,12,400,2,more than 30,more than 30,2 to 4,6 years,31 to 35,No,No,External,more than 5,no change,1 vehicle,1996,All Perils
9,1,7,Mazda,Urban,2,3,2,Male,Married,40,Policy Holder,Sedan - Collision,Sedan,30000 to 39000,1,14382,14,400,2,more than 30,more than 30,none,7 years,36 to 40,No,No,External,1 to 2,no change,1 vehicle,1996,Collision
3,3,3,Honda,Urban,3,2,4,Female,Single,34,Policy Holder,Sedan - Collision,Sedan,20000 to 29000,0,14383,12,500,2,more than 30,more than 30,none,6 years,31 to 35,No,No,External,none,2 to 3 years,1 vehicle,1996,Collision
2,1,2,Toyota,Urban,3,11,2,Male,Married,32,Policy Holder,Sedan - Liability,Sport,20000 to 29000,0,14384,12,400,1,more than 30,more than 30,1,6 years,31 to 35,No,No,External,none,no change,1 vehicle,1996,Liability
10,4,2,Pontiac,Urban,2,5,1,Female,Married,31,Policy Holder,Sedan - Collision,Sedan,20000 to 29000,0,14385,14,400,4,more than 30,more than 30,2 to 4,5 years,31 to 35,No,No,External,none,no change,1 vehicle,1996,Collision
9,4,6,Accura,Urban,2,8,4,Male,Married,27,Policy Holder,Sedan - Collision,Sedan,30000 to 39000,0,14386,14,400,2,more than 30,more than 30,1,7 years,31 to 35,No,No,External,none,4 to 8 years,2 vehicles,1996,Collision
8,3,6,Pontiac,Urban,5,9,4,Female,Married,40,Third Party,Sedan - Liability,Sport,20000 to 29000,0,14387,14,400,1,more than 30,more than 30,none,5 years,36 to 40,No,No,External,none,no change,1 vehicle,1996,Liability
9,1,7,Toyota,Urban,3,6,3,Female,Married,48,Policy Holder,Sedan - All Perils,Sedan,less than 20000,1,14388,14,400,4,more than 30,more than 30,none,more than 7,41 to 50,No,No,External,none,no change,1 vehicle,1996,All Perils
5,5,7,Pontiac,Urban,3,7,4,Female,Married,28,Policy Holder,Sedan - Liability,Sport,20000 to 29000,0,14389,8,400,1,more than 30,more than 30,2 to 4,6 years,31 to 35,No,No,External,more than 5,no change,1 vehicle,1996,Liability
5,5,7,Honda,Urban,1,9,4,Male,Married,46,Policy Holder,Sedan - Collision,Sedan,20000 to 29000,0,14390,3,400,3,none,more than 30,2 to 4,more than 7,41 to 50,No,No,External,none,no change,1 vehicle,1996,Collision
9,1,7,Mazda,Urban,3,5,1,Male,Single,23,Policy Holder,Sedan - All Perils,Sedan,less than 20000,1,14391,3,400,3,more than 30,more than 30,1,5 years,26 to 30,No,No,External,more than 5,no change,1 vehicle,1996,All Perils
5,1,7,Pontiac,Urban,4,9,1,Male,Single,26,Policy Holder,Sedan - Collision,Sedan,30000 to 39000,0,14392,5,400,4,more than 30,more than 30,1,7 years,31 to 35,No,No,External,none,no change,3 to 4,1996,Collision
9,1,3,Pontiac,Urban,4,4,2,Male,Single,28,Policy Holder,Sedan - Collision,Sedan,20000 to 29000,1,14393,7,400,3,more than 30,more than 30,1,6 years,31 to 35,No,No,External,none,no change,1 vehicle,1996,Collision
4,3,5,Toyota,Urban,1,4,5,Male,Married,50,Policy Holder,Sedan - Liability,Sport,40000 to 59000,0,14394,16,400,4,more than 30,more than 30,more than 4,more than 7,41 to 50,No,No,External,none,no change,1 vehicle,1996,Liability
4,3,3,Honda,Urban,4,4,3,Male,Single,45,Third Party,Sedan - All Perils,Sedan,20000 to 29000,0,14395,9,400,3,more than 30,more than 30,none,7 years,36 to 40,No,No,External,1 to 2,no change,1 vehicle,1996,All Perils
4,2,2,Mazda,Urban,3,5,3,Male,Married,43,Policy Holder,Sedan - Collision,Sedan,more than 69000,0,14396,13,400,4,more than 30,more than 30,2 to 4,7 years,36 to 40,No,No,External,more than 5,no change,1 vehicle,1996,Collision
4,1,7,Honda,Urban,2,4,1,Female,Married,54,Policy Holder,Sedan - Liability,Sport,20000 to 29000,0,14397,9,400,2,more than 30,more than 30,2 to 4,more than 7,41 to 50,No,No,External,1 to 2,no change,1 vehicle,1996,Liability
4,1,7,Mazda,Urban,2,6,1,Male,Married,28,Policy Holder,Sedan - Collision,Sedan,20000 to 29000,0,14398,4,400,3,more than 30,more than 30,2 to 4,6 years,31 to 35,No,No,External,1 to 2,no change,1 vehicle,1996,Collision
4,1,5,Chevrolet,Urban,5,4,2,Male,Married,56,Policy Holder,Utility - Collision,Utility,more than 69000,0,14399,4,400,4,more than 30,more than 30,more than 4,more than 7,51 to 65,No,No,External,more than 5,no change,1 vehicle,1996,Collision
3,3,5,Honda,Urban,5,4,4,Male,Single,0,Policy Holder,Sedan - All Perils,Sedan,more than 69000,0,14400,16,400,2,more than 30,more than 30,none,new,16 to 17,No,No,External,none,no change,1 vehicle,1996,All Perils
3,3,1,Honda,Urban,4,9,1,Female,Single,32,Third Party,Sedan - All Perils,Sedan,20000 to 29000,0,14401,7,400,4,more than 30,more than 30,none,5 years,31 to 35,No,No,External,none,no change,1 vehicle,1996,All Perils
9,1,7,Chevrolet,Urban,1,2,2,Female,Married,31,Third Party,Sedan - Collision,Sedan,20000 to 29000,0,14402,16,400,4,more than 30,more than 30,1,6 years,31 to 35,No,No,External,none,no change,1 vehicle,1996,Collision
2,2,3,Pontiac,Urban,5,2,3,Male,Married,40,Policy Holder,Sedan - All Perils,Sedan,less than 20000,0,14403,12,400,4,more than 30,more than 30,none,more than 7,36 to 40,No,No,External,none,no change,1 vehicle,1996,All Perils
2,1,1,Mercury,Urban,4,1,1,Male,Single,43,Policy Holder,Sedan - Liability,Sport,20000 to 29000,0,14404,1,400,1,more than 30,more than 30,more than 4,6 years,36 to 40,No,No,External,none,no change,1 vehicle,1996,Liability
1,4,1,VW,Rural,3,9,4,Male,Married,52,Policy Holder,Sedan - Collision,Sedan,30000 to 39000,0,14405,15,400,1,more than 30,more than 30,more than 4,more than 7,41 to 50,Yes,No,External,more than 5,no change,1 vehicle,1996,Collision
9,1,6,Pontiac,Urban,1,11,2,Male,Single,34,Policy Holder,Sedan - Collision,Sedan,30000 to 39000,1,14406,4,400,3,more than 30,more than 30,more than 4,5 years,31 to 35,No,No,External,more than 5,no change,1 vehicle,1996,Collision
11,4,2,Honda,Urban,3,7,4,Male,Married,36,Policy Holder,Sedan - Collision,Sedan,20000 to 29000,0,14407,7,400,4,more than 30,more than 30,2 to 4,more than 7,36 to 40,Yes,No,External,1 to 2,4 to 8 years,2 vehicles,1996,Collision
7,3,1,Mazda,Urban,3,7,4,Male,Married,29,Policy Holder,Sedan - Collision,Sedan,20000 to 29000,0,14408,7,400,1,more than 30,more than 30,1,7 years,31 to 35,No,No,External,none,no change,1 vehicle,1996,Collision
7,3,1,Honda,Urban,3,9,3,Male,Married,74,Third Party,Sedan - All Perils,Sedan,more than 69000,0,14409,12,400,1,more than 30,more than 30,none,5 years,over 65,No,No,External,none,no change,1 vehicle,1996,All Perils
9,1,1,Ford,Urban,4,1,1,Male,Married,60,Policy Holder,Sedan - Liability,Sport,30000 to 39000,0,14410,6,400,4,more than 30,more than 30,1,7 years,51 to 65,No,No,External,none,no change,1 vehicle,1996,Liability
1,1,2,Toyota,Urban,3,10,1,Male,Married,30,Policy Holder,Sedan - Liability,Sport,30000 to 39000,0,14411,2,400,3,more than 30,more than 30,more than 4,7 years,31 to 35,No,No,External,more than 5,no change,1 vehicle,1996,Liability
10,4,1,Honda,Urban,4,9,4,Male,Single,29,Third Party,Sport - Collision,Sport,more than 69000,0,14412,12,400,2,more than 30,more than 30,none,3 years,31 to 35,No,No,External,more than 5,no change,1 vehicle,1996,Collision
9,1,1,Mazda,Urban,1,7,2,Male,Single,31,Third Party,Sport - Collision,Sport,more than 69000,0,14413,6,400,1,more than 30,more than 30,none,6 years,31 to 35,Yes,No,External,none,no change,1 vehicle,1996,Collision
7,4,6,Toyota,Urban,2,8,4,Male,Single,34,Policy Holder,Sedan - Collision,Sedan,20000 to 29000,0,14414,11,400,2,more than 30,more than 30,none,6 years,31 to 35,No,No,External,3 to 5,no change,1 vehicle,1996,Collision
7,4,2,Pontiac,Urban,1,12,1,Male,Married,36,Policy Holder,Sedan - Liability,Sport,20000 to 29000,0,14415,16,400,4,more than 30,more than 30,none,5 years,36 to 40,Yes,No,External,more than 5,no change,1 vehicle,1996,Liability
9,1,7,Toyota,Urban,1,7,3,Male,Single,28,Policy Holder,Sedan - All Perils,Sedan,20000 to 29000,1,14416,13,400,2,more than 30,more than 30,1,6 years,31 to 35,No,No,External,more than 5,no change,1 vehicle,1996,All Perils
6,4,7,Pontiac,Rural,2,6,2,Male,Married,44,Policy Holder,Sedan - Liability,Sport,20000 to 29000,0,14417,5,400,3,more than 30,more than 30,none,7 years,36 to 40,No,No,External,none,no change,1 vehicle,1996,Liability
6,4,3,Pontiac,Urban,6,6,4,Male,Married,45,Policy Holder,Sedan - Collision,Sedan,30000 to 39000,0,14418,16,400,4,more than 30,more than 30,2 to 4,7 years,36 to 40,No,No,External,more than 5,no change,1 vehicle,1996,Collision
6,3,4,Pontiac,Urban,1,7,3,Male,Married,61,Policy Holder,Sedan - All Perils,Sedan,30000 to 39000,0,14419,9,400,1,more than 30,more than 30,2 to 4,more than 7,51 to 65,No,No,External,more than 5,no change,1 vehicle,1996,All Perils
6,3,2,Pontiac,Urban,3,9,2,Male,Married,45,Third Party,Sedan - Collision,Sedan,more than 69000,0,14420,1,400,3,more than 30,more than 30,1,7 years,36 to 40,No,No,External,none,no change,1 vehicle,1996,Collision
9,1,5,Honda,Urban,5,3,1,Male,Married,52,Third Party,Sport - Collision,Sport,more than 69000,0,14421,13,400,2,more than 30,more than 30,2 to 4,more than 7,41 to 50,No,No,External,3 to 5,no change,1 vehicle,1996,Collision
1,3,5,Ford,Urban,6,1,3,Male,Married,43,Policy Holder,Utility - All Perils,Utility,more than 69000,0,14422,15,400,1,more than 30,more than 30,1,7 years,36 to 40,No,No,External,more than 5,no change,1 vehicle,1996,All Perils
1,2,5,Mazda,Rural,1,11,3,Female,Married,55,Policy Holder,Sedan - Collision,Sedan,less than 20000,0,14423,11,400,2,more than 30,more than 30,none,7 years,41 to 50,No,No,External,none,no change,1 vehicle,1996,Collision
11,2,7,Toyota,Urban,5,12,3,Male,Married,46,Policy Holder,Sedan - Liability,Sport,20000 to 29000,0,14424,7,400,2,more than 30,more than 30,none,more than 7,41 to 50,No,No,Internal,1 to 2,no change,1 vehicle,1996,Liability
10,5,5,Chevrolet,Rural,1,11,2,Male,Married,53,Policy Holder,Sedan - Collision,Sedan,30000 to 39000,0,14425,11,400,1,more than 30,more than 30,2 to 4,7 years,41 to 50,No,No,External,3 to 5,no change,1 vehicle,1996,Collision
10,5,3,Toyota,Urban,3,10,2,Male,Single,31,Policy Holder,Sedan - All Perils,Sedan,20000 to 29000,0,14426,16,400,1,more than 30,more than 30,none,7 years,31 to 35,No,No,External,more than 5,no change,1 vehicle,1996,All Perils
10,3,5,Honda,Urban,5,10,3,Female,Married,44,Policy Holder,Sedan - Liability,Sport,20000 to 29000,0,14427,15,400,1,more than 30,more than 30,more than 4,7 years,36 to 40,No,No,External,more than 5,no change,1 vehicle,1996,Liability
10,3,4,Pontiac,Urban,4,6,3,Male,Married,65,Policy Holder,Utility - All Perils,Utility,40000 to 59000,0,14428,2,400,1,more than 30,more than 30,1,more than 7,51 to 65,No,No,External,more than 5,4 to 8 years,2 vehicles,1996,All Perils
6,3,2,Accura,Urban,3,5,3,Male,Married,58,Policy Holder,Sedan - All Perils,Sedan,more than 69000,0,14429,8,400,1,more than 30,more than 30,more than 4,7 years,51 to 65,No,No,External,1 to 2,no change,1 vehicle,1996,All Perils
5,3,1,Mazda,Urban,3,5,3,Male,Married,33,Policy Holder,Sedan - Liability,Sport,20000 to 29000,0,14430,4,400,4,more than 30,more than 30,2 to 4,7 years,31 to 35,No,No,External,more than 5,no change,1 vehicle,1996,Liability
5,3,7,Pontiac,Urban,2,5,3,Female,Married,41,Third Party,Sedan - All Perils,Sedan,less than 20000,0,14431,4,400,2,more than 30,more than 30,none,7 years,36 to 40,No,No,External,none,no change,1 vehicle,1996,All Perils
5,3,7,Honda,Urban,5,5,3,Male,Single,0,Policy Holder,Sedan - All Perils,Sedan,more than 69000,0,14432,6,400,1,more than 30,more than 30,none,new,16 to 17,No,No,External,none,no change,1 vehicle,1996,All Perils
5,2,6,Chevrolet,Urban,3,5,2,Male,Married,27,Third Party,Sedan - All Perils,Sedan,more than 69000,0,14433,9,400,2,more than 30,more than 30,none,6 years,31 to 35,No,No,External,none,no change,3 to 4,1996,All Perils
5,2,4,Saturn,Urban,4,9,2,Male,Single,36,Policy Holder,Sedan - Collision,Sedan,40000 to 59000,0,14434,12,500,4,more than 30,more than 30,2 to 4,more than 7,36 to 40,No,No,External,3 to 5,2 to 3 years,1 vehicle,1996,Collision
9,2,7,Toyota,Urban,1,10,3,Male,Married,29,Policy Holder,Sedan - Collision,Sedan,30000 to 39000,1,14435,16,400,4,more than 30,more than 30,2 to 4,7 years,31 to 35,No,No,External,none,no change,1 vehicle,1996,Collision
10,1,4,Honda,Urban,5,8,1,Male,Single,30,Policy Holder,Sedan - Collision,Sedan,20000 to 29000,0,14436,16,400,1,more than 30,more than 30,2 to 4,7 years,31 to 35,No,No,External,more than 5,no change,1 vehicle,1996,Collision
8,4,3,Mazda,Urban,4,8,4,Male,Married,51,Policy Holder,Sedan - Collision,Sedan,20000 to 29000,0,14437,5,400,3,more than 30,more than 30,more than 4,more than 7,41 to 50,No,No,External,more than 5,no change,1 vehicle,1996,Collision
8,2,7,Chevrolet,Rural,3,2,3,Male,Married,40,Policy Holder,Sedan - Collision,Sedan,40000 to 59000,0,14438,4,400,2,more than 30,more than 30,none,7 years,36 to 40,No,No,External,none,no change,1 vehicle,1996,Collision
2,3,4,Pontiac,Urban,2,9,4,Male,Married,35,Policy Holder,Sedan - Liability,Sport,20000 to 29000,0,14439,7,400,1,more than 30,more than 30,2 to 4,7 years,31 to 35,No,No,External,more than 5,no change,1 vehicle,1996,Liability
9,2,5,Ford,Urban,5,4,4,Male,Single,34,Third Party,Sedan - All Perils,Sedan,less than 20000,0,14440,3,400,2,more than 30,more than 30,none,6 years,31 to 35,No,No,External,none,no change,1 vehicle,1996,All Perils
4,2,1,Pontiac,Urban,3,4,5,Male,Single,21,Policy Holder,Sedan - Collision,Sedan,20000 to 29000,0,14441,8,400,4,more than 30,more than 30,2 to 4,5 years,26 to 30,No,No,External,more than 5,no change,1 vehicle,1996,Collision
4,2,3,Accura,Urban,3,4,2,Male,Married,47,Policy Holder,Sedan - All Perils,Sedan,more than 69000,0,14442,4,400,3,more than 30,more than 30,1,more than 7,41 to 50,Yes,No,External,more than 5,no change,1 vehicle,1996,All Perils
4,2,4,Honda,Urban,4,7,2,Male,Married,55,Third Party,Sedan - Collision,Sedan,20000 to 29000,0,14443,11,400,1,more than 30,more than 30,none,more than 7,41 to 50,No,No,External,none,no change,1 vehicle,1996,Collision
7,3,3,Honda,Urban,5,8,3,Male,Married,51,Policy Holder,Sedan - Liability,Sport,20000 to 29000,0,14444,14,400,2,more than 30,more than 30,more than 4,7 years,41 to 50,No,No,External,none,no change,1 vehicle,1996,Liability
8,1,7,Toyota,Urban,1,10,1,Male,Single,34,Third Party,Sedan - Collision,Sedan,20000 to 29000,0,14445,13,400,2,more than 30,more than 30,none,7 years,31 to 35,No,No,External,none,no change,1 vehicle,1996,Collision
10,3,6,Honda,Urban,1,11,3,Male,Married,29,Policy Holder,Sedan - Liability,Sport,20000 to 29000,0,14446,3,400,4,more than 30,more than 30,2 to 4,7 years,31 to 35,No,No,External,more than 5,no change,1 vehicle,1996,Liability
11,3,5,Pontiac,Urban,1,11,4,Male,Single,26,Third Party,Sedan - Liability,Sport,20000 to 29000,0,14447,7,400,3,more than 30,more than 30,more than 4,6 years,31 to 35,No,No,External,none,no change,1 vehicle,1996,Liability
11,3,4,Chevrolet,Urban,4,1,4,Female,Married,42,Policy Holder,Sedan - All Perils,Sedan,more than 69000,0,14448,10,400,4,more than 30,more than 30,1,7 years,36 to 40,No,No,External,1 to 2,no change,1 vehicle,1996,All Perils
12,3,2,Pontiac,Urban,4,3,3,Male,Married,26,Policy Holder,Sedan - Collision,Sedan,20000 to 29000,0,14449,15,400,3,more than 30,more than 30,1,6 years,31 to 35,No,No,External,3 to 5,4 to 8 years,2 vehicles,1996,Collision
3,3,7,Pontiac,Urban,4,3,3,Male,Married,58,Policy Holder,Sedan - Liability,Sport,20000 to 29000,0,14450,2,400,3,more than 30,more than 30,2 to 4,more than 7,51 to 65,No,No,External,3 to 5,no change,1 vehicle,1996,Liability
3,3,2,Pontiac,Urban,3,3,4,Male,Married,29,Policy Holder,Sedan - Collision,Sedan,20000 to 29000,0,14451,9,400,2,more than 30,more than 30,none,7 years,31 to 35,No,No,External,none,no change,1 vehicle,1996,Collision
3,4,3,Pontiac,Urban,1,4,4,Male,Single,28,Policy Holder,Sedan - Collision,Sedan,30000 to 39000,0,14452,15,400,1,more than 30,more than 30,1,7 years,31 to 35,No,No,External,none,no change,1 vehicle,1996,Collision
4,3,4,Toyota,Urban,1,7,4,Female,Widow,39,Policy Holder,Sedan - Liability,Sport,less than 20000,0,14453,12,400,2,more than 30,more than 30,more than 4,7 years,36 to 40,No,No,External,more than 5,no change,1 vehicle,1996,Liability
7,2,2,Chevrolet,Urban,4,11,3,Male,Married,40,Third Party,Sedan - Liability,Sport,40000 to 59000,0,14454,13,400,1,more than 30,more than 30,2 to 4,7 years,36 to 40,No,No,External,more than 5,no change,1 vehicle,1996,Liability
11,4,6,Pontiac,Rural,1,11,4,Male,Married,35,Policy Holder,Sedan - Liability,Sport,30000 to 39000,0,14455,16,400,1,more than 30,more than 30,1,7 years,31 to 35,No,No,External,3 to 5,no change,1 vehicle,1996,Liability
11,4,4,Honda,Urban,1,11,4,Male,Married,57,Policy Holder,Sedan - Collision,Sedan,less than 20000,0,14456,13,400,3,more than 30,more than 30,1,7 years,51 to 65,No,No,External,1 to 2,no change,1 vehicle,1996,Collision
11,4,5,Honda,Urban,2,9,4,Male,Single,29,Policy Holder,Sedan - Collision,Sedan,30000 to 39000,0,14457,11,400,4,more than 30,more than 30,none,6 years,31 to 35,No,No,External,1 to 2,no change,1 vehicle,1996,Collision
9,2,4,Ford,Urban,1,12,2,Male,Married,38,Policy Holder,Sedan - All Perils,Sedan,less than 20000,1,14458,2,400,4,more than 30,more than 30,none,6 years,36 to 40,No,No,External,none,no change,1 vehicle,1996,All Perils
11,4,6,Toyota,Urban,1,11,1,Male,Single,41,Third Party,Sedan - All Perils,Sedan,20000 to 29000,0,14459,4,400,2,more than 30,more than 30,none,7 years,36 to 40,No,No,External,3 to 5,no change,1 vehicle,1996,All Perils
10,5,2,Ford,Urban,3,11,1,Male,Married,62,Policy Holder,Sedan - Collision,Sedan,30000 to 39000,0,14460,3,400,2,more than 30,more than 30,none,7 years,51 to 65,No,No,External,1 to 2,no change,1 vehicle,1996,Collision
9,1,5,Ford,Urban,1,9,5,Male,Married,47,Policy Holder,Sedan - All Perils,Sedan,less than 20000,0,14461,16,400,3,more than 30,more than 30,none,7 years,41 to 50,No,No,External,none,no change,1 vehicle,1996,All Perils
9,2,2,Mazda,Urban,3,8,2,Male,Married,54,Third Party,Sedan - Collision,Sedan,20000 to 29000,0,14462,4,400,4,more than 30,more than 30,none,more than 7,41 to 50,No,No,External,none,no change,1 vehicle,1996,Collision
8,2,4,Pontiac,Urban,5,7,2,Male,Married,44,Policy Holder,Sedan - Collision,Sedan,30000 to 39000,0,14463,9,400,1,more than 30,more than 30,2 to 4,7 years,36 to 40,No,No,External,more than 5,no change,1 vehicle,1996,Collision
7,2,4,Toyota,Urban,2,10,3,Male,Married,62,Policy Holder,Sedan - All Perils,Sedan,less than 20000,0,14464,3,400,2,more than 30,more than 30,none,more than 7,51 to 65,No,No,External,none,no change,1 vehicle,1996,All Perils
7,2,2,Honda,Rural,2,4,1,Male,Single,24,Policy Holder,Sedan - Liability,Sport,30000 to 39000,0,14465,8,400,2,more than 30,more than 30,more than 4,5 years,26 to 30,No,No,External,1 to 2,no change,1 vehicle,1996,Liability
3,4,4,Pontiac,Urban,4,3,1,Male,Married,30,Policy Holder,Sedan - Collision,Sedan,20000 to 29000,0,14466,9,400,2,more than 30,more than 30,more than 4,6 years,31 to 35,No,No,External,none,no change,1 vehicle,1996,Collision
3,4,4,Pontiac,Rural,1,12,4,Male,Married,29,Policy Holder,Sedan - Collision,Sedan,20000 to 29000,0,14467,1,400,3,more than 30,more than 30,2 to 4,6 years,31 to 35,No,No,External,3 to 5,no change,1 vehicle,1996,Collision
12,3,5,Honda,Urban,2,12,3,Male,Married,45,Third Party,Sport - Collision,Sport,more than 69000,0,14468,14,400,4,more than 30,more than 30,1,more than 7,36 to 40,Yes,No,External,none,no change,1 vehicle,1996,Collision
12,3,6,Pontiac,Urban,3,11,4,Male,Married,26,Policy Holder,Sedan - All Perils,Sedan,less than 20000,0,14469,12,400,2,more than 30,more than 30,2 to 4,6 years,31 to 35,No,No,External,none,no change,1 vehicle,1996,All Perils
11,3,6,Chevrolet,Urban,5,12,5,Male,Married,34,Policy Holder,Sedan - All Perils,Sedan,30000 to 39000,0,14470,16,400,3,more than 30,more than 30,1,6 years,31 to 35,No,No,External,none,1 year,2 vehicles,1996,All Perils
11,3,5,Toyota,Urban,3,9,1,Female,Married,32,Policy Holder,Sedan - All Perils,Sedan,less than 20000,0,14471,12,400,1,more than 30,more than 30,none,5 years,31 to 35,No,No,External,3 to 5,no change,1 vehicle,1996,All Perils
9,2,2,Honda,Urban,1,11,4,Male,Married,53,Policy Holder,Sedan - All Perils,Sedan,less than 20000,1,14472,4,400,2,more than 30,more than 30,none,more than 7,41 to 50,No,No,External,1 to 2,no change,1 vehicle,1996,All Perils
11,3,6,Chevrolet,Urban,4,12,4,Male,Single,26,Policy Holder,Sedan - Liability,Sport,20000 to 29000,0,14473,5,400,2,more than 30,more than 30,2 to 4,6 years,31 to 35,No,No,External,3 to 5,no change,1 vehicle,1996,Liability
10,3,5,Toyota,Urban,5,10,1,Female,Married,27,Third Party,Sedan - Liability,Sport,30000 to 39000,0,14474,1,400,4,more than 30,more than 30,2 to 4,5 years,31 to 35,No,No,External,none,no change,3 to 4,1996,Liability
10,2,5,Toyota,Urban,5,8,2,Male,Married,28,Policy Holder,Sedan - All Perils,Sedan,20000 to 29000,0,14475,7,400,2,more than 30,more than 30,none,5 years,31 to 35,No,No,External,none,no change,1 vehicle,1996,All Perils
8,2,5,VW,Urban,4,7,2,Female,Divorced,52,Policy Holder,Sedan - Liability,Sport,more than 69000,0,14476,4,400,4,more than 30,more than 30,2 to 4,7 years,41 to 50,No,No,External,1 to 2,no change,1 vehicle,1996,Liability
7,1,5,Chevrolet,Urban,3,6,2,Male,Married,41,Policy Holder,Sedan - All Perils,Sedan,30000 to 39000,0,14477,2,400,4,more than 30,more than 30,1,7 years,36 to 40,No,No,External,1 to 2,no change,1 vehicle,1996,All Perils
6,3,2,Honda,Urban,4,6,5,Male,Married,37,Policy Holder,Sedan - Liability,Sport,20000 to 29000,0,14478,9,700,1,more than 30,more than 30,2 to 4,7 years,36 to 40,No,No,External,none,no change,1 vehicle,1996,Liability
6,2,7,Honda,Urban,4,5,2,Male,Single,0,Policy Holder,Sedan - Liability,Sport,more than 69000,0,14479,2,400,2,more than 30,more than 30,more than 4,new,16 to 17,No,No,External,none,no change,1 vehicle,1996,Liability
4,4,2,Chevrolet,Urban,3,4,1,Male,Married,59,Policy Holder,Sedan - Liability,Sport,30000 to 39000,0,14480,4,400,2,more than 30,more than 30,more than 4,more than 7,51 to 65,No,No,External,1 to 2,no change,1 vehicle,1996,Liability
4,3,1,Chevrolet,Urban,4,4,4,Male,Single,30,Third Party,Sedan - Collision,Sedan,20000 to 29000,0,14481,2,400,1,more than 30,more than 30,none,6 years,31 to 35,No,No,External,3 to 5,no change,1 vehicle,1996,Collision
4,2,6,Honda,Urban,1,4,4,Male,Married,27,Policy Holder,Sedan - Collision,Sedan,more than 69000,0,14482,11,400,2,more than 30,more than 30,none,6 years,31 to 35,No,No,External,3 to 5,no change,1 vehicle,1996,Collision
4,2,7,Honda,Rural,1,7,2,Male,Married,30,Policy Holder,Sedan - Liability,Sport,20000 to 29000,0,14483,7,400,3,more than 30,more than 30,more than 4,6 years,31 to 35,No,No,External,3 to 5,no change,1 vehicle,1996,Liability
4,1,5,Toyota,Urban,3,9,3,Male,Married,51,Third Party,Sedan - Collision,Sedan,less than 20000,0,14484,3,400,3,more than 30,more than 30,1,more than 7,41 to 50,No,No,External,none,no change,1 vehicle,1996,Collision
9,2,4,Honda,Urban,5,2,2,Female,Single,24,Policy Holder,Sport - Collision,Sport,more than 69000,1,14485,1,400,2,8 to 15,15 to 30,none,5 years,26 to 30,No,No,External,none,2 to 3 years,1 vehicle,1996,Collision
2,3,2,Toyota,Urban,2,8,3,Male,Single,34,Policy Holder,Sedan - Liability,Sport,20000 to 29000,0,14486,4,400,4,more than 30,more than 30,2 to 4,6 years,31 to 35,No,No,External,none,no change,1 vehicle,1996,Liability
8,2,1,Honda,Urban,4,5,3,Male,Married,26,Policy Holder,Sedan - Liability,Sport,20000 to 29000,0,14487,16,400,3,more than 30,more than 30,none,6 years,31 to 35,No,No,External,none,no change,1 vehicle,1996,Liability
5,3,7,Pontiac,Rural,2,5,3,Male,Single,27,Third Party,Sedan - Collision,Sedan,20000 to 29000,0,14488,13,400,2,more than 30,more than 30,none,7 years,31 to 35,No,Yes,External,none,no change,1 vehicle,1996,Collision
5,3,1,Honda,Urban,1,8,3,Male,Married,49,Policy Holder,Sedan - Collision,Sedan,more than 69000,0,14489,1,400,4,more than 30,more than 30,2 to 4,7 years,41 to 50,No,No,Internal,none,no change,1 vehicle,1996,Collision
8,1,1,Toyota,Urban,2,9,1,Male,Single,33,Policy Holder,Sedan - Collision,Sedan,20000 to 29000,0,14490,5,400,2,more than 30,more than 30,2 to 4,5 years,31 to 35,No,No,External,1 to 2,no change,1 vehicle,1996,Collision
9,2,6,Honda,Urban,5,9,2,Female,Single,27,Policy Holder,Sedan - Collision,Sedan,20000 to 29000,0,14491,12,400,1,more than 30,more than 30,none,5 years,31 to 35,No,No,External,none,4 to 8 years,2 vehicles,1996,Collision
9,2,5,VW,Urban,5,9,3,Male,Married,75,Policy Holder,Sedan - Liability,Sport,40000 to 59000,0,14492,5,400,3,more than 30,more than 30,more than 4,more than 7,over 65,No,No,External,1 to 2,no change,1 vehicle,1996,Liability
9,1,7,Chevrolet,Urban,4,11,2,Male,Married,55,Policy Holder,Sedan - All Perils,Sedan,20000 to 29000,0,14493,9,400,1,more than 30,more than 30,1,more than 7,41 to 50,No,No,External,more than 5,no change,1 vehicle,1996,All Perils
10,5,3,Pontiac,Urban,2,1,3,Male,Married,65,Policy Holder,Sedan - All Perils,Sedan,less than 20000,0,14494,10,400,2,more than 30,more than 30,none,more than 7,51 to 65,No,No,External,none,no change,1 vehicle,1996,All Perils
12,5,6,Honda,Urban,1,11,1,Male,Married,56,Third Party,Sedan - Liability,Sport,20000 to 29000,0,14495,4,400,2,more than 30,more than 30,more than 4,7 years,51 to 65,No,No,External,3 to 5,no change,1 vehicle,1996,Liability
11,4,6,Ford,Rural,3,9,5,Male,Single,30,Policy Holder,Sedan - Liability,Sport,30000 to 39000,0,14496,8,400,1,more than 30,more than 30,more than 4,5 years,31 to 35,No,No,External,none,no change,1 vehicle,1996,Liability
9,2,1,Chevrolet,Urban,1,4,2,Male,Married,55,Third Party,Sedan - Collision,Sedan,30000 to 39000,0,14497,14,400,3,more than 30,more than 30,none,more than 7,41 to 50,No,No,External,none,no change,1 vehicle,1996,Collision
4,2,7,Chevrolet,Urban,4,10,2,Male,Married,46,Policy Holder,Sedan - Collision,Sedan,30000 to 39000,0,14498,11,400,1,more than 30,more than 30,2 to 4,more than 7,41 to 50,No,No,External,none,no change,1 vehicle,1996,Collision
8,4,2,Mazda,Urban,3,8,1,Female,Single,25,Policy Holder,Sedan - Collision,Sedan,30000 to 39000,0,14499,11,400,3,more than 30,more than 30,none,5 years,26 to 30,No,No,External,1 to 2,no change,1 vehicle,1996,Collision
8,4,5,Honda,Urban,1,5,4,Male,Married,32,Policy Holder,Sedan - Liability,Sport,20000 to 29000,0,14500,8,400,4,more than 30,more than 30,2 to 4,6 years,31 to 35,No,No,External,more than 5,no change,1 vehicle,1996,Liability
11,3,5,Mazda,Urban,2,2,4,Male,Married,29,Policy Holder,Sedan - Collision,Sedan,20000 to 29000,0,14501,5,400,4,more than 30,more than 30,more than 4,6 years,31 to 35,No,No,External,more than 5,no change,1 vehicle,1996,Collision
2,1,6,Chevrolet,Rural,1,2,2,Male,Married,61,Policy Holder,Sedan - All Perils,Sedan,30000 to 39000,0,14502,2,400,2,more than 30,more than 30,none,more than 7,51 to 65,No,No,External,none,no change,1 vehicle,1996,All Perils
1,5,3,Honda,Urban,5,2,2,Male,Married,46,Third Party,Sedan - Collision,Sedan,more than 69000,0,14503,4,400,1,more than 30,more than 30,2 to 4,new,41 to 50,No,No,External,none,no change,1 vehicle,1996,Collision
2,2,2,Pontiac,Urban,5,2,2,Male,Married,40,Policy Holder,Sedan - Liability,Sport,20000 to 29000,0,14504,12,400,2,more than 30,more than 30,1,7 years,36 to 40,No,No,External,1 to 2,no change,1 vehicle,1996,Liability
2,2,1,Pontiac,Urban,4,6,2,Male,Married,52,Policy Holder,Sedan - All Perils,Sedan,less than 20000,0,14505,3,400,3,more than 30,more than 30,none,more than 7,41 to 50,No,No,External,none,no change,1 vehicle,1996,All Perils
3,5,4,Pontiac,Urban,5,6,1,Male,Married,51,Policy Holder,Utility - All Perils,Utility,40000 to 59000,0,14506,5,400,4,more than 30,more than 30,1,more than 7,41 to 50,No,No,External,3 to 5,no change,1 vehicle,1996,All Perils
6,1,3,Honda,Urban,2,6,1,Male,Married,55,Third Party,Sedan - Liability,Sport,30000 to 39000,0,14507,8,400,1,more than 30,more than 30,more than 4,more than 7,41 to 50,No,No,External,more than 5,no change,1 vehicle,1996,Liability
6,1,6,VW,Urban,1,5,2,Male,Married,41,Policy Holder,Sedan - Liability,Sport,40000 to 59000,0,14508,7,400,4,more than 30,more than 30,2 to 4,5 years,36 to 40,No,No,External,none,no change,1 vehicle,1996,Liability
5,5,4,Toyota,Urban,2,9,5,Female,Single,34,Policy Holder,Sedan - All Perils,Sedan,less than 20000,0,14509,8,400,2,more than 30,more than 30,1,6 years,31 to 35,No,No,External,none,no change,1 vehicle,1996,All Perils
9,3,6,Toyota,Urban,4,8,3,Female,Single,20,Policy Holder,Sedan - Collision,Sedan,less than 20000,0,14510,5,400,4,more than 30,more than 30,1,2 years,21 to 25,No,No,External,none,no change,1 vehicle,1996,Collision
8,3,2,Ford,Urban,2,11,4,Male,Married,37,Policy Holder,Utility - All Perils,Utility,more than 69000,0,14511,16,400,2,more than 30,more than 30,2 to 4,7 years,36 to 40,No,No,External,more than 5,no change,1 vehicle,1996,All Perils
10,1,4,Mazda,Urban,2,10,5,Male,Married,41,Policy Holder,Sedan - Liability,Sport,20000 to 29000,0,14512,15,400,1,more than 30,more than 30,2 to 4,7 years,36 to 40,No,No,Internal,none,no change,1 vehicle,1996,Liability
9,4,7,Honda,Urban,1,9,1,Female,Married,45,Third Party,Sport - Collision,Sport,more than 69000,0,14513,15,400,3,more than 30,more than 30,1,7 years,36 to 40,No,No,External,none,no change,1 vehicle,1996,Collision
9,2,1,Pontiac,Urban,2,9,2,Female,Single,34,Policy Holder,Sedan - Collision,Sedan,20000 to 29000,1,14514,3,400,2,more than 30,more than 30,more than 4,5 years,31 to 35,No,No,External,none,no change,1 vehicle,1996,Collision
9,2,1,Ford,Urban,7,10,2,Male,Married,62,Third Party,Sedan - Collision,Sedan,60000 to 69000,0,14515,11,400,3,more than 30,more than 30,2 to 4,more than 7,51 to 65,No,No,External,more than 5,no change,3 to 4,1996,Collision
9,2,5,Toyota,Rural,2,2,1,Male,Married,53,Policy Holder,Sedan - Collision,Sedan,20000 to 29000,1,14516,1,400,3,more than 30,more than 30,1,more than 7,41 to 50,No,No,External,more than 5,no change,1 vehicle,1996,Collision
2,2,7,Toyota,Urban,2,6,3,Male,Married,36,Policy Holder,Sedan - All Perils,Sedan,20000 to 29000,0,14517,9,400,3,more than 30,more than 30,2 to 4,more than 7,36 to 40,No,No,External,none,no change,1 vehicle,1996,All Perils
6,1,1,Toyota,Urban,4,6,1,Male,Married,50,Policy Holder,Sedan - All Perils,Sedan,20000 to 29000,0,14518,15,400,2,more than 30,more than 30,1,7 years,41 to 50,No,No,External,none,no change,1 vehicle,1996,All Perils
6,1,6,Pontiac,Urban,5,6,2,Male,Single,33,Third Party,Sedan - All Perils,Sedan,20000 to 29000,0,14519,12,400,3,more than 30,more than 30,none,7 years,31 to 35,No,No,External,more than 5,no change,1 vehicle,1996,All Perils
5,4,7,Chevrolet,Rural,2,7,1,Male,Single,32,Policy Holder,Sedan - Collision,Sedan,20000 to 29000,0,14520,13,400,2,more than 30,more than 30,2 to 4,6 years,31 to 35,No,No,External,3 to 5,no change,1 vehicle,1996,Collision
7,2,1,Dodge,Rural,4,9,2,Female,Single,32,Third Party,Sedan - Liability,Sport,20000 to 29000,0,14521,7,400,2,more than 30,more than 30,more than 4,6 years,31 to 35,No,No,External,more than 5,no change,1 vehicle,1996,Liability
9,2,6,Pontiac,Urban,2,11,3,Male,Married,29,Policy Holder,Sedan - Collision,Sedan,20000 to 29000,0,14522,3,400,2,more than 30,more than 30,1,6 years,31 to 35,Yes,No,External,none,no change,1 vehicle,1996,Collision
11,1,1,Pontiac,Urban,2,9,2,Male,Divorced,41,Policy Holder,Sedan - All Perils,Sedan,30000 to 39000,0,14523,4,400,2,more than 30,more than 30,2 to 4,7 years,36 to 40,No,No,External,more than 5,no change,1 vehicle,1996,All Perils
9,2,4,Honda,Urban,1,10,2,Male,Married,32,Policy Holder,Sedan - Collision,Sedan,20000 to 29000,1,14524,4,400,4,more than 30,more than 30,2 to 4,7 years,31 to 35,No,No,External,none,no change,1 vehicle,1996,Collision
10,2,2,Toyota,Urban,6,1,3,Male,Married,33,Third Party,Sedan - Collision,Sedan,30000 to 39000,0,14525,3,400,1,more than 30,more than 30,none,6 years,31 to 35,No,No,External,1 to 2,no change,1 vehicle,1996,Collision
12,4,7,Mazda,Urban,2,2,1,Male,Married,26,Policy Holder,Sedan - Collision,Sedan,40000 to 59000,0,14526,5,400,2,more than 30,more than 30,more than 4,7 years,31 to 35,No,No,External,none,no change,1 vehicle,1996,Collision
2,1,3,Mazda,Urban,4,5,2,Female,Married,32,Policy Holder,Sedan - Liability,Sport,20000 to 29000,0,14527,9,400,4,more than 30,more than 30,2 to 4,7 years,31 to 35,No,No,External,none,no change,1 vehicle,1996,Liability
5,1,4,Chevrolet,Urban,4,7,1,Female,Married,34,Policy Holder,Sedan - All Perils,Sedan,more than 69000,0,14528,15,400,2,more than 30,more than 30,2 to 4,4 years,31 to 35,No,No,External,none,no change,1 vehicle,1996,All Perils
7,2,2,Honda,Urban,3,11,4,Male,Married,27,Policy Holder,Sedan - Collision,Sedan,20000 to 29000,0,14529,4,400,2,more than 30,more than 30,2 to 4,5 years,31 to 35,No,No,External,3 to 5,no change,1 vehicle,1996,Collision
11,5,2,Accura,Urban,3,11,5,Male,Married,73,Policy Holder,Sedan - All Perils,Sedan,more than 69000,0,14530,14,400,1,more than 30,more than 30,more than 4,more than 7,over 65,No,No,External,more than 5,no change,1 vehicle,1996,All Perils
11,5,5,Pontiac,Urban,1,2,5,Male,Married,53,Policy Holder,Sedan - Liability,Sport,30000 to 39000,0,14531,14,400,3,more than 30,more than 30,2 to 4,5 years,41 to 50,No,No,External,none,no change,1 vehicle,1996,Liability
2,3,6,Pontiac,Rural,3,4,3,Male,Married,76,Policy Holder,Sedan - All Perils,Sedan,20000 to 29000,0,14532,13,400,4,more than 30,more than 30,none,more than 7,over 65,No,No,External,1 to 2,no change,1 vehicle,1996,All Perils
4,3,7,Honda,Urban,3,6,3,Male,Married,26,Policy Holder,Sport - Collision,Sport,more than 69000,0,14533,8,400,3,more than 30,more than 30,none,5 years,31 to 35,No,No,External,none,4 to 8 years,2 vehicles,1996,Collision
6,2,1,Pontiac,Urban,2,4,4,Male,Single,35,Policy Holder,Sedan - Liability,Sport,20000 to 29000,0,14534,8,400,3,more than 30,more than 30,more than 4,6 years,31 to 35,No,No,External,none,no change,1 vehicle,1996,Liability
4,4,2,Pontiac,Urban,2,11,4,Male,Married,65,Policy Holder,Sedan - Liability,Sport,20000 to 29000,0,14535,2,400,1,more than 30,more than 30,2 to 4,more than 7,51 to 65,No,No,External,more than 5,no change,1 vehicle,1996,Liability
11,2,2,Toyota,Urban,2,11,2,Male,Single,35,Policy Holder,Sedan - Collision,Sedan,more than 69000,0,14536,15,500,2,more than 30,more than 30,2 to 4,6 years,31 to 35,No,No,External,1 to 2,2 to 3 years,1 vehicle,1996,Collision
11,5,5,Ford,Urban,2,11,5,Male,Single,37,Policy Holder,Sedan - Liability,Sport,40000 to 59000,0,14537,12,400,3,more than 30,more than 30,2 to 4,more than 7,36 to 40,Yes,No,External,more than 5,no change,1 vehicle,1996,Liability
10,3,1,Pontiac,Urban,3,9,4,Male,Married,29,Policy Holder,Sedan - All Perils,Sedan,30000 to 39000,0,14538,5,400,3,more than 30,more than 30,2 to 4,7 years,31 to 35,No,No,External,more than 5,no change,1 vehicle,1996,All Perils
9,2,2,Dodge,Urban,3,9,3,Male,Single,18,Policy Holder,Sedan - Collision,Sedan,20000 to 29000,1,14539,16,400,2,more than 30,more than 30,none,4 years,21 to 25,No,No,External,3 to 5,no change,1 vehicle,1996,Collision
9,3,3,Mazda,Urban,1,8,3,Male,Married,32,Policy Holder,Sedan - Liability,Sport,30000 to 39000,0,14540,3,700,4,more than 30,more than 30,more than 4,7 years,31 to 35,No,No,External,none,no change,1 vehicle,1996,Liability
8,1,4,Pontiac,Urban,2,8,2,Male,Married,54,Policy Holder,Sedan - All Perils,Sedan,20000 to 29000,0,14541,8,400,4,more than 30,more than 30,1,more than 7,41 to 50,No,No,External,none,no change,1 vehicle,1996,All Perils
8,1,6,Honda,Urban,3,12,2,Male,Married,41,Policy Holder,Sedan - Liability,Sport,30000 to 39000,0,14542,8,400,4,more than 30,more than 30,2 to 4,7 years,36 to 40,No,No,External,3 to 5,no change,1 vehicle,1996,Liability
12,1,6,Mazda,Urban,4,12,2,Male,Married,26,Policy Holder,Sedan - Collision,Sedan,20000 to 29000,0,14543,12,400,3,more than 30,more than 30,more than 4,5 years,31 to 35,No,No,External,none,no change,1 vehicle,1996,Collision
11,1,3,Toyota,Urban,2,11,1,Female,Married,57,Policy Holder,Sedan - Collision,Sedan,20000 to 29000,0,14544,9,400,2,more than 30,more than 30,1,more than 7,51 to 65,No,No,External,more than 5,no change,1 vehicle,1996,Collision
11,1,3,Chevrolet,Urban,1,10,2,Male,Married,65,Policy Holder,Sedan - Liability,Sport,20000 to 29000,0,14545,11,400,1,more than 30,more than 30,2 to 4,more than 7,51 to 65,No,No,External,none,no change,1 vehicle,1996,Liability
10,4,1,Toyota,Urban,1,9,5,Male,Single,22,Policy Holder,Sedan - Collision,Sedan,30000 to 39000,0,14546,5,400,2,more than 30,more than 30,none,4 years,26 to 30,No,No,External,more than 5,no change,1 vehicle,1996,Collision
9,2,3,Honda,Urban,5,7,2,Male,Single,23,Policy Holder,Sport - Collision,Sport,more than 69000,1,14547,11,400,2,more than 30,more than 30,1,5 years,26 to 30,No,No,External,none,no change,1 vehicle,1996,Collision
6,5,4,Toyota,Urban,5,7,1,Male,Married,42,Policy Holder,Sedan - Liability,Sport,30000 to 39000,0,14548,7,400,3,more than 30,more than 30,2 to 4,7 years,36 to 40,No,No,External,1 to 2,no change,1 vehicle,1996,Liability
6,5,6,Honda,Urban,5,7,1,Male,Single,0,Policy Holder,Sedan - Liability,Sport,more than 69000,0,14549,7,400,3,more than 30,more than 30,2 to 4,new,16 to 17,No,No,External,none,no change,1 vehicle,1996,Liability
6,4,1,Pontiac,Urban,1,6,1,Male,Married,46,Policy Holder,Sedan - Liability,Sport,20000 to 29000,0,14550,9,400,1,more than 30,more than 30,none,more than 7,41 to 50,No,No,External,more than 5,no change,1 vehicle,1996,Liability
6,2,3,Toyota,Urban,2,6,2,Male,Married,38,Policy Holder,Sedan - Liability,Sport,more than 69000,0,14551,6,400,2,more than 30,more than 30,more than 4,more than 7,36 to 40,No,No,External,1 to 2,no change,1 vehicle,1996,Liability
5,4,3,Toyota,Urban,4,5,3,Male,Married,34,Policy Holder,Sedan - Liability,Sport,more than 69000,0,14552,13,400,3,more than 30,more than 30,more than 4,7 years,31 to 35,No,No,External,more than 5,no change,1 vehicle,1996,Liability
4,4,1,Honda,Urban,1,4,2,Male,Married,30,Policy Holder,Sedan - Collision,Sedan,20000 to 29000,0,14553,15,400,2,more than 30,more than 30,2 to 4,7 years,31 to 35,No,No,External,1 to 2,no change,1 vehicle,1996,Collision
3,2,1,Pontiac,Urban,2,3,2,Male,Married,33,Third Party,Sedan - Collision,Sedan,20000 to 29000,0,14554,10,400,1,more than 30,more than 30,2 to 4,6 years,31 to 35,No,No,External,more than 5,4 to 8 years,2 vehicles,1996,Collision
3,2,2,Mazda,Urban,4,9,2,Female,Single,41,Third Party,Sedan - Liability,Sport,20000 to 29000,0,14555,8,400,1,more than 30,more than 30,more than 4,7 years,36 to 40,No,No,External,more than 5,no change,1 vehicle,1996,Liability
9,2,1,Pontiac,Urban,5,12,3,Male,Single,29,Policy Holder,Sedan - Collision,Sedan,30000 to 39000,1,14556,12,400,3,more than 30,more than 30,1,7 years,31 to 35,No,No,External,1 to 2,no change,3 to 4,1996,Collision
12,3,5,Mazda,Urban,2,4,4,Male,Married,63,Third Party,Sport - Collision,Sport,more than 69000,0,14557,15,400,1,more than 30,more than 30,1,more than 7,51 to 65,No,No,External,none,no change,1 vehicle,1996,Collision
2,1,1,Honda,Urban,1,12,1,Male,Married,37,Policy Holder,Sedan - All Perils,Sedan,20000 to 29000,0,14558,4,400,2,more than 30,more than 30,1,6 years,36 to 40,No,No,External,none,no change,1 vehicle,1996,All Perils
12,2,2,Honda,Urban,2,12,2,Female,Married,36,Policy Holder,Sedan - Liability,Sport,20000 to 29000,0,14559,1,400,1,more than 30,more than 30,2 to 4,7 years,36 to 40,No,No,External,none,no change,1 vehicle,1996,Liability
12,1,2,Honda,Urban,5,12,1,Male,Married,39,Policy Holder,Sedan - Liability,Sport,30000 to 39000,0,14560,1,400,4,more than 30,more than 30,more than 4,7 years,36 to 40,No,No,External,more than 5,no change,1 vehicle,1996,Liability
11,2,5,Chevrolet,Urban,1,9,1,Male,Married,29,Policy Holder,Sedan - Collision,Sedan,30000 to 39000,0,14561,2,400,1,more than 30,more than 30,none,7 years,31 to 35,No,No,External,none,1 year,1 vehicle,1996,Collision
9,3,2,Pontiac,Urban,4,9,4,Male,Single,41,Policy Holder,Sedan - All Perils,Sedan,30000 to 39000,0,14562,9,400,3,more than 30,more than 30,2 to 4,7 years,36 to 40,No,No,External,3 to 5,no change,1 vehicle,1996,All Perils
9,2,4,Toyota,Urban,2,8,3,Male,Married,44,Third Party,Sedan - All Perils,Sedan,20000 to 29000,0,14563,14,400,3,more than 30,more than 30,none,7 years,36 to 40,No,No,External,none,no change,1 vehicle,1996,All Perils
8,3,5,Accura,Urban,3,8,4,Male,Married,52,Policy Holder,Sedan - Collision,Sedan,30000 to 39000,0,14564,3,400,2,more than 30,more than 30,none,6 years,41 to 50,Yes,No,External,more than 5,no change,1 vehicle,1996,Collision
8,2,4,Chevrolet,Urban,2,8,4,Male,Married,36,Third Party,Sedan - Collision,Sedan,20000 to 29000,0,14565,13,400,2,more than 30,more than 30,none,5 years,36 to 40,No,No,External,none,no change,1 vehicle,1996,Collision
8,2,6,Toyota,Urban,1,7,4,Male,Married,29,Policy Holder,Sedan - Liability,Sport,20000 to 29000,0,14566,1,400,4,more than 30,more than 30,2 to 4,7 years,31 to 35,No,No,External,more than 5,no change,1 vehicle,1996,Liability
7,1,5,Honda,Urban,1,6,1,Female,Single,32,Third Party,Sedan - Collision,Sedan,20000 to 29000,0,14567,4,400,2,more than 30,more than 30,none,7 years,31 to 35,No,No,External,1 to 2,no change,1 vehicle,1996,Collision
6,2,1,Pontiac,Urban,4,3,3,Male,Married,50,Third Party,Sedan - Collision,Sedan,more than 69000,0,14568,3,400,4,more than 30,more than 30,none,more than 7,41 to 50,No,No,External,none,no change,1 vehicle,1996,Collision
3,4,3,VW,Urban,1,10,5,Male,Married,64,Policy Holder,Sedan - Liability,Sport,60000 to 69000,0,14569,16,400,1,more than 30,more than 30,more than 4,more than 7,51 to 65,No,No,External,3 to 5,no change,1 vehicle,1996,Liability
9,2,3,Toyota,Rural,2,12,2,Male,Married,36,Policy Holder,Sedan - Collision,Sedan,30000 to 39000,1,14570,7,400,3,more than 30,more than 30,2 to 4,7 years,36 to 40,No,No,External,1 to 2,no change,1 vehicle,1996,Collision
12,2,3,Toyota,Urban,1,9,2,Male,Married,27,Policy Holder,Sedan - Collision,Sedan,20000 to 29000,0,14571,12,700,4,more than 30,more than 30,1,7 years,31 to 35,No,No,External,more than 5,no change,1 vehicle,1996,Collision
9,2,4,Pontiac,Urban,2,11,3,Male,Married,40,Policy Holder,Sedan - Collision,Sedan,20000 to 29000,1,14572,1,400,2,more than 30,more than 30,none,6 years,36 to 40,No,No,External,none,no change,1 vehicle,1996,Collision
11,4,4,Honda,Urban,4,11,5,Male,Married,29,Policy Holder,Sedan - Liability,Sport,20000 to 29000,0,14573,7,400,1,more than 30,more than 30,2 to 4,7 years,31 to 35,No,No,External,none,no change,1 vehicle,1996,Liability
11,1,4,Toyota,Urban,5,11,1,Male,Married,50,Policy Holder,Sedan - Collision,Sedan,20000 to 29000,0,14574,15,400,4,more than 30,more than 30,1,more than 7,41 to 50,No,No,External,1 to 2,no change,1 vehicle,1996,Collision
11,1,7,Toyota,Urban,4,8,1,Male,Married,61,Policy Holder,Sedan - All Perils,Sedan,less than 20000,0,14575,14,400,2,more than 30,more than 30,none,more than 7,51 to 65,No,No,External,more than 5,4 to 8 years,2 vehicles,1996,All Perils
7,2,2,Pontiac,Urban,2,6,1,Female,Married,45,Policy Holder,Sedan - Liability,Sport,20000 to 29000,0,14576,3,400,2,more than 30,more than 30,more than 4,7 years,36 to 40,No,No,External,none,no change,1 vehicle,1996,Liability
6,4,7,Toyota,Urban,3,6,4,Male,Married,41,Third Party,Sedan - Collision,Sedan,more than 69000,0,14577,10,400,2,more than 30,more than 30,1,6 years,36 to 40,No,No,External,more than 5,no change,1 vehicle,1996,Collision
6,2,5,Mazda,Urban,1,11,4,Male,Married,63,Policy Holder,Sedan - Liability,Sport,20000 to 29000,0,14578,8,400,4,more than 30,more than 30,1,more than 7,51 to 65,No,No,External,none,no change,1 vehicle,1996,Liability
6,2,3,Honda,Urban,3,9,4,Male,Single,0,Policy Holder,Sedan - Liability,Sport,more than 69000,0,14579,6,400,1,more than 30,more than 30,2 to 4,new,16 to 17,No,No,External,none,no change,1 vehicle,1996,Liability
9,2,6,Pontiac,Urban,4,6,2,Male,Single,31,Policy Holder,Sedan - Collision,Sedan,20000 to 29000,1,14580,1,400,2,more than 30,more than 30,more than 4,7 years,31 to 35,No,No,External,more than 5,no change,1 vehicle,1996,Collision
5,5,7,Accura,Urban,2,5,1,Male,Married,53,Third Party,Sedan - All Perils,Sedan,30000 to 39000,0,14581,10,400,1,more than 30,more than 30,none,7 years,41 to 50,No,No,External,none,no change,1 vehicle,1996,All Perils
5,4,6,Pontiac,Rural,5,6,4,Male,Married,53,Policy Holder,Sedan - Collision,Sedan,30000 to 39000,0,14582,4,400,1,more than 30,more than 30,2 to 4,6 years,41 to 50,No,No,External,more than 5,no change,1 vehicle,1996,Collision
5,4,1,Saturn,Urban,5,2,1,Male,Married,55,Policy Holder,Sedan - Collision,Sedan,40000 to 59000,0,14583,2,400,1,more than 30,more than 30,2 to 4,more than 7,41 to 50,No,No,External,more than 5,no change,1 vehicle,1996,Collision
1,4,6,Honda,Rural,3,12,1,Male,Single,0,Policy Holder,Sedan - Liability,Sport,more than 69000,0,14584,15,400,3,more than 30,more than 30,none,new,16 to 17,No,No,External,none,no change,1 vehicle,1996,Liability
4,4,3,Honda,Urban,3,12,5,Male,Single,0,Policy Holder,Utility - All Perils,Utility,more than 69000,0,14585,11,400,4,more than 30,more than 30,none,new,16 to 17,No,No,External,none,no change,1 vehicle,1996,All Perils
12,3,1,Pontiac,Urban,4,9,3,Male,Married,29,Policy Holder,Sedan - Liability,Sport,20000 to 29000,0,14586,4,400,3,more than 30,more than 30,none,6 years,31 to 35,No,No,External,none,no change,1 vehicle,1996,Liability
9,3,7,Pontiac,Urban,2,10,4,Male,Single,31,Third Party,Sedan - All Perils,Sedan,less than 20000,1,14587,10,500,1,more than 30,more than 30,none,6 years,31 to 35,No,No,External,more than 5,2 to 3 years,1 vehicle,1996,All Perils
9,3,2,Pontiac,Urban,3,6,2,Male,Married,37,Policy Holder,Sedan - Collision,Sedan,30000 to 39000,0,14588,2,400,2,more than 30,more than 30,none,7 years,36 to 40,No,No,External,more than 5,no change,1 vehicle,1996,Collision
6,2,2,Pontiac,Urban,2,5,3,Male,Married,26,Policy Holder,Sedan - Collision,Sedan,20000 to 29000,0,14589,14,400,2,more than 30,more than 30,more than 4,7 years,31 to 35,No,No,External,none,no change,1 vehicle,1996,Collision
5,4,4,Honda,Urban,2,6,4,Female,Single,26,Policy Holder,Sedan - Liability,Sport,20000 to 29000,0,14590,1,400,4,more than 30,more than 30,2 to 4,6 years,31 to 35,No,No,External,none,no change,1 vehicle,1996,Liability
5,3,4,Toyota,Rural,2,9,4,Male,Married,55,Policy Holder,Sedan - Collision,Sedan,20000 to 29000,0,14591,3,400,4,more than 30,more than 30,none,more than 7,41 to 50,No,No,External,more than 5,no change,1 vehicle,1996,Collision
9,3,4,Chevrolet,Rural,5,11,4,Male,Single,31,Third Party,Sedan - Collision,Sedan,20000 to 29000,0,14592,9,400,1,more than 30,more than 30,1,6 years,31 to 35,No,No,External,none,no change,1 vehicle,1996,Collision
11,2,4,Honda,Urban,4,4,2,Male,Married,40,Policy Holder,Sedan - Liability,Sport,20000 to 29000,0,14593,14,400,1,more than 30,more than 30,more than 4,7 years,36 to 40,No,No,External,3 to 5,no change,1 vehicle,1996,Liability
3,5,5,Toyota,Urban,1,4,2,Male,Married,44,Policy Holder,Sedan - All Perils,Sedan,20000 to 29000,0,14594,7,400,2,more than 30,more than 30,2 to 4,6 years,36 to 40,No,No,External,more than 5,no change,1 vehicle,1996,All Perils
4,3,1,Toyota,Urban,6,5,3,Male,Married,36,Third Party,Sedan - Collision,Sedan,20000 to 29000,0,14595,13,400,2,more than 30,more than 30,2 to 4,more than 7,36 to 40,No,No,External,more than 5,no change,1 vehicle,1996,Collision
5,2,2,Pontiac,Urban,3,6,4,Male,Married,26,Policy Holder,Sedan - Liability,Sport,20000 to 29000,0,14596,1,400,3,more than 30,more than 30,2 to 4,6 years,31 to 35,No,No,External,3 to 5,4 to 8 years,2 vehicles,1996,Liability
5,5,4,Mazda,Urban,1,9,1,Male,Single,33,Policy Holder,Sedan - Liability,Sport,20000 to 29000,0,14597,1,400,2,more than 30,more than 30,2 to 4,5 years,31 to 35,No,No,External,none,no change,3 to 4,1996,Liability
9,3,6,Mazda,Rural,4,9,4,Female,Married,43,Policy Holder,Sedan - Collision,Sedan,30000 to 39000,1,14598,16,400,2,more than 30,more than 30,1,6 years,36 to 40,No,No,External,none,no change,1 vehicle,1996,Collision
7,3,1,Toyota,Urban,1,8,4,Male,Married,53,Policy Holder,Sedan - Liability,Sport,30000 to 39000,0,14599,4,400,1,more than 30,more than 30,2 to 4,more than 7,41 to 50,No,No,External,3 to 5,no change,1 vehicle,1996,Liability
8,2,5,Pontiac,Rural,4,9,2,Male,Married,34,Policy Holder,Sedan - Liability,Sport,20000 to 29000,0,14600,7,400,4,more than 30,more than 30,none,7 years,31 to 35,No,No,External,none,no change,1 vehicle,1996,Liability
9,3,1,Toyota,Urban,5,10,4,Male,Married,26,Third Party,Sedan - All Perils,Sedan,less than 20000,0,14601,9,400,4,more than 30,more than 30,1,6 years,31 to 35,No,No,External,more than 5,no change,1 vehicle,1996,All Perils
10,1,5,Ford,Urban,1,9,2,Male,Married,62,Policy Holder,Utility - All Perils,Utility,more than 69000,0,14602,10,700,4,more than 30,more than 30,none,more than 7,51 to 65,No,No,External,none,no change,1 vehicle,1996,All Perils
9,3,4,Honda,Urban,5,11,3,Male,Married,46,Policy Holder,Sedan - Collision,Sedan,20000 to 29000,1,14603,8,400,2,more than 30,more than 30,none,more than 7,41 to 50,No,No,External,more than 5,no change,1 vehicle,1996,Collision
11,4,7,Honda,Urban,3,1,4,Male,Married,35,Policy Holder,Sedan - Liability,Sport,30000 to 39000,0,14604,9,400,4,more than 30,more than 30,more than 4,6 years,31 to 35,No,No,External,none,no change,1 vehicle,1996,Liability
12,4,5,Chevrolet,Urban,5,4,1,Male,Married,69,Third Party,Sedan - Liability,Sport,20000 to 29000,0,14605,7,400,1,more than 30,more than 30,2 to 4,7 years,over 65,No,No,External,none,no change,1 vehicle,1996,Liability
3,5,5,Toyota,Urban,3,4,2,Male,Married,28,Policy Holder,Sedan - Liability,Sport,30000 to 39000,0,14606,2,400,2,more than 30,more than 30,2 to 4,6 years,31 to 35,No,No,External,more than 5,no change,1 vehicle,1996,Liability
3,5,1,Toyota,Urban,2,4,1,Male,Married,31,Policy Holder,Sedan - Liability,Sport,30000 to 39000,0,14607,7,400,2,more than 30,more than 30,2 to 4,7 years,31 to 35,No,No,External,3 to 5,no change,1 vehicle,1996,Liability
4,1,4,Toyota,Urban,2,6,1,Male,Married,33,Policy Holder,Sedan - All Perils,Sedan,20000 to 29000,0,14608,10,400,1,more than 30,more than 30,2 to 4,6 years,31 to 35,No,No,External,none,no change,1 vehicle,1996,All Perils
6,3,2,Ford,Urban,2,6,3,Male,Married,48,Policy Holder,Sedan - All Perils,Sedan,30000 to 39000,0,14609,9,400,4,more than 30,more than 30,1,more than 7,41 to 50,No,No,External,none,no change,1 vehicle,1996,All Perils
6,3,5,Toyota,Urban,3,7,3,Female,Married,61,Policy Holder,Sedan - Liability,Sport,30000 to 39000,0,14610,2,400,1,more than 30,more than 30,none,more than 7,51 to 65,No,No,External,more than 5,no change,1 vehicle,1996,Liability
6,4,1,Pontiac,Urban,3,7,1,Male,Single,30,Policy Holder,Sedan - All Perils,Sedan,20000 to 29000,0,14611,8,400,2,more than 30,more than 30,none,7 years,31 to 35,No,No,External,3 to 5,no change,1 vehicle,1996,All Perils
7,4,1,Pontiac,Urban,3,8,4,Male,Married,37,Third Party,Sedan - Collision,Sedan,20000 to 29000,0,14612,15,400,1,more than 30,more than 30,2 to 4,7 years,36 to 40,No,No,External,none,no change,1 vehicle,1996,Collision
7,4,6,Pontiac,Urban,3,8,2,Male,Married,37,Third Party,Sedan - All Perils,Sedan,20000 to 29000,0,14613,4,400,2,more than 30,more than 30,none,more than 7,36 to 40,No,No,External,1 to 2,no change,1 vehicle,1996,All Perils
8,1,1,Toyota,Urban,2,8,2,Male,Married,29,Third Party,Sedan - All Perils,Sedan,20000 to 29000,0,14614,10,400,4,more than 30,more than 30,none,5 years,31 to 35,No,No,External,none,no change,1 vehicle,1996,All Perils
8,2,2,Toyota,Urban,1,8,2,Male,Single,28,Third Party,Sedan - Collision,Sedan,30000 to 39000,0,14615,8,400,3,more than 30,more than 30,1,7 years,31 to 35,No,No,External,3 to 5,no change,1 vehicle,1996,Collision
8,3,2,Mazda,Urban,4,12,4,Female,Single,39,Policy Holder,Sedan - Liability,Sport,30000 to 39000,0,14616,12,400,1,more than 30,more than 30,2 to 4,4 years,36 to 40,No,No,External,more than 5,no change,1 vehicle,1996,Liability
11,3,4,Pontiac,Urban,5,12,2,Male,Married,34,Policy Holder,Sedan - All Perils,Sedan,20000 to 29000,0,14617,8,400,1,more than 30,more than 30,none,6 years,31 to 35,No,No,External,none,4 to 8 years,2 vehicles,1996,All Perils
11,5,3,Honda,Urban,5,11,1,Male,Married,63,Policy Holder,Sedan - All Perils,Sedan,30000 to 39000,0,14618,8,400,2,more than 30,more than 30,2 to 4,more than 7,51 to 65,No,No,External,1 to 2,no change,1 vehicle,1996,All Perils
11,3,2,Mazda,Urban,4,10,3,Male,Married,43,Policy Holder,Sedan - Collision,Sedan,30000 to 39000,0,14619,1,400,1,more than 30,more than 30,none,more than 7,36 to 40,No,No,External,1 to 2,no change,1 vehicle,1996,Collision
10,4,6,Toyota,Urban,1,10,4,Male,Married,58,Policy Holder,Sedan - Liability,Sport,20000 to 29000,0,14620,11,400,2,more than 30,more than 30,more than 4,more than 7,51 to 65,No,No,External,more than 5,no change,1 vehicle,1996,Liability
10,3,1,Pontiac,Urban,4,8,3,Male,Married,29,Policy Holder,Sedan - Collision,Sedan,20000 to 29000,0,14621,11,400,2,more than 30,more than 30,2 to 4,6 years,31 to 35,No,No,External,3 to 5,no change,1 vehicle,1996,Collision
8,3,7,Mazda,Urban,3,8,4,Male,Married,34,Policy Holder,Sedan - Collision,Sedan,20000 to 29000,0,14622,11,400,2,more than 30,more than 30,2 to 4,7 years,31 to 35,No,No,External,1 to 2,no change,1 vehicle,1996,Collision
8,1,7,Pontiac,Urban,1,8,4,Male,Married,58,Third Party,Sedan - All Perils,Sedan,20000 to 29000,0,14623,14,400,4,more than 30,more than 30,2 to 4,more than 7,51 to 65,No,No,External,3 to 5,no change,1 vehicle,1996,All Perils
8,1,5,Toyota,Urban,1,8,2,Male,Married,51,Policy Holder,Sedan - All Perils,Sedan,20000 to 29000,0,14624,7,400,3,more than 30,more than 30,none,7 years,41 to 50,No,No,External,none,no change,1 vehicle,1996,All Perils
7,5,4,Mazda,Urban,1,8,2,Male,Married,42,Third Party,Sedan - All Perils,Sedan,20000 to 29000,0,14625,12,400,3,more than 30,more than 30,none,7 years,36 to 40,No,No,External,more than 5,no change,1 vehicle,1996,All Perils
7,4,7,Chevrolet,Urban,1,7,2,Male,Married,35,Policy Holder,Sedan - Liability,Sport,60000 to 69000,0,14626,14,400,4,more than 30,more than 30,none,6 years,31 to 35,No,No,External,3 to 5,no change,1 vehicle,1996,Liability
7,2,2,Mazda,Rural,4,6,2,Female,Married,21,Policy Holder,Sedan - Collision,Sedan,more than 69000,0,14627,8,400,3,more than 30,more than 30,2 to 4,4 years,26 to 30,No,No,External,1 to 2,no change,1 vehicle,1996,Collision
6,4,3,Pontiac,Urban,3,6,5,Male,Married,37,Third Party,Sedan - Collision,Sedan,20000 to 29000,0,14628,6,400,3,more than 30,more than 30,1,7 years,36 to 40,No,No,External,3 to 5,no change,1 vehicle,1996,Collision
6,2,1,Pontiac,Urban,2,4,2,Male,Single,29,Policy Holder,Sedan - Collision,Sedan,20000 to 29000,0,14629,6,400,2,more than 30,more than 30,more than 4,6 years,31 to 35,No,No,External,more than 5,no change,1 vehicle,1996,Collision
4,2,6,Honda,Urban,1,4,3,Male,Single,32,Policy Holder,Sedan - Collision,Sedan,20000 to 29000,0,14630,8,400,1,more than 30,more than 30,2 to 4,6 years,31 to 35,No,No,External,1 to 2,no change,1 vehicle,1996,Collision
4,2,2,Pontiac,Urban,3,4,2,Male,Single,25,Policy Holder,Sedan - Liability,Sport,30000 to 39000,0,14631,14,400,1,more than 30,more than 30,2 to 4,5 years,26 to 30,No,No,External,1 to 2,no change,1 vehicle,1996,Liability
4,1,4,Pontiac,Urban,2,4,1,Male,Single,34,Third Party,Sedan - Collision,Sedan,30000 to 39000,0,14632,9,400,2,more than 30,more than 30,1,7 years,31 to 35,No,No,External,more than 5,no change,1 vehicle,1996,Collision
3,4,3,Pontiac,Urban,4,1,3,Male,Married,38,Policy Holder,Sedan - All Perils,Sedan,more than 69000,0,14633,11,700,1,more than 30,more than 30,none,7 years,36 to 40,No,No,External,1 to 2,no change,1 vehicle,1996,All Perils
1,3,6,Pontiac,Urban,2,12,4,Male,Single,41,Policy Holder,Sedan - Collision,Sedan,20000 to 29000,0,14634,12,400,1,more than 30,more than 30,none,5 years,36 to 40,No,No,External,none,no change,1 vehicle,1996,Collision
12,4,6,Toyota,Rural,1,12,4,Male,Married,43,Policy Holder,Sedan - All Perils,Sedan,less than 20000,0,14635,16,400,3,more than 30,more than 30,1,7 years,36 to 40,No,No,External,none,no change,1 vehicle,1996,All Perils
12,3,6,Pontiac,Urban,1,12,3,Male,Married,49,Policy Holder,Sedan - Collision,Sedan,20000 to 29000,0,14636,2,400,2,more than 30,more than 30,2 to 4,6 years,41 to 50,No,No,External,3 to 5,no change,1 vehicle,1996,Collision
11,4,5,Toyota,Urban,5,11,2,Male,Single,26,Policy Holder,Sedan - All Perils,Sedan,30000 to 39000,0,14637,16,400,1,more than 30,more than 30,none,7 years,31 to 35,No,No,External,more than 5,no change,1 vehicle,1996,All Perils
11,2,3,Mazda,Urban,4,10,3,Female,Single,38,Policy Holder,Sedan - All Perils,Sedan,20000 to 29000,0,14638,10,500,3,more than 30,more than 30,none,7 years,36 to 40,No,No,External,1 to 2,2 to 3 years,3 to 4,1996,All Perils
10,3,1,Chevrolet,Urban,3,12,3,Female,Married,52,Third Party,Sedan - Collision,Sedan,30000 to 39000,0,14639,9,400,2,more than 30,more than 30,none,more than 7,41 to 50,No,No,External,none,no change,1 vehicle,1996,Collision
10,3,1,Honda,Urban,2,10,3,Male,Married,47,Policy Holder,Sedan - All Perils,Sedan,30000 to 39000,0,14640,9,400,4,more than 30,more than 30,more than 4,more than 7,41 to 50,Yes,No,External,none,no change,1 vehicle,1996,All Perils
10,1,2,Honda,Rural,2,8,1,Male,Married,29,Policy Holder,Sedan - Collision,Sedan,20000 to 29000,0,14641,16,400,4,more than 30,more than 30,2 to 4,6 years,31 to 35,No,No,External,1 to 2,no change,1 vehicle,1996,Collision
8,4,7,Toyota,Urban,2,8,4,Male,Married,64,Policy Holder,Sedan - Liability,Sport,more than 69000,0,14642,14,400,1,more than 30,more than 30,1,more than 7,51 to 65,No,No,External,more than 5,no change,1 vehicle,1996,Liability
7,5,2,Toyota,Urban,2,7,1,Male,Single,25,Third Party,Sedan - Collision,Sedan,20000 to 29000,0,14643,7,400,4,more than 30,more than 30,1,5 years,26 to 30,No,No,External,none,no change,1 vehicle,1996,Collision
7,3,6,Saturn,Urban,1,7,3,Male,Single,29,Third Party,Sedan - All Perils,Sedan,20000 to 29000,0,14644,7,400,1,more than 30,more than 30,none,7 years,31 to 35,No,No,External,1 to 2,no change,1 vehicle,1996,All Perils
7,3,1,Ford,Urban,5,7,3,Male,Widow,27,Third Party,Sedan - Collision,Sedan,30000 to 39000,0,14645,3,400,3,more than 30,more than 30,none,5 years,31 to 35,No,No,External,none,no change,1 vehicle,1996,Collision
7,3,7,Toyota,Urban,3,7,5,Male,Married,44,Policy Holder,Sedan - Liability,Sport,20000 to 29000,0,14646,7,400,4,more than 30,more than 30,none,5 years,36 to 40,No,No,External,none,no change,1 vehicle,1996,Liability
7,2,6,Chevrolet,Urban,1,7,2,Male,Married,39,Policy Holder,Sedan - Collision,Sedan,30000 to 39000,0,14647,1,400,1,more than 30,more than 30,none,more than 7,36 to 40,No,No,External,1 to 2,no change,1 vehicle,1996,Collision
7,2,3,Mazda,Urban,5,7,2,Male,Married,30,Policy Holder,Sedan - Collision,Sedan,20000 to 29000,0,14648,6,400,4,more than 30,more than 30,2 to 4,6 years,31 to 35,No,No,External,none,no change,1 vehicle,1996,Collision
6,4,2,Toyota,Urban,4,6,2,Female,Single,28,Third Party,Sedan - Collision,Sedan,20000 to 29000,0,14649,2,400,2,more than 30,more than 30,none,5 years,31 to 35,No,No,External,none,no change,1 vehicle,1996,Collision
5,5,1,Mazda,Urban,2,9,3,Male,Married,39,Policy Holder,Sedan - Liability,Sport,20000 to 29000,0,14650,9,400,3,more than 30,more than 30,2 to 4,7 years,36 to 40,No,No,External,none,no change,1 vehicle,1996,Liability
9,3,2,Pontiac,Urban,1,5,3,Male,Married,26,Third Party,Sedan - Collision,Sedan,20000 to 29000,0,14651,14,400,2,more than 30,more than 30,2 to 4,6 years,31 to 35,No,No,External,none,no change,1 vehicle,1996,Collision
5,2,4,Toyota,Urban,5,4,3,Male,Married,31,Policy Holder,Sedan - Collision,Sedan,more than 69000,0,14652,9,400,1,more than 30,more than 30,1,7 years,31 to 35,No,No,External,more than 5,1 year,1 vehicle,1996,Collision
4,4,4,Pontiac,Urban,5,4,4,Female,Married,26,Policy Holder,Sedan - All Perils,Sedan,less than 20000,0,14653,10,400,1,more than 30,more than 30,none,5 years,31 to 35,No,No,External,more than 5,no change,1 vehicle,1996,All Perils
4,2,4,Honda,Urban,5,5,2,Male,Single,0,Policy Holder,Sedan - Liability,Sport,more than 69000,0,14654,15,400,3,more than 30,more than 30,2 to 4,new,16 to 17,No,No,External,none,no change,1 vehicle,1996,Liability
3,3,5,Pontiac,Urban,3,3,2,Male,Married,36,Policy Holder,Sedan - All Perils,Sedan,less than 20000,0,14655,16,400,1,more than 30,more than 30,none,7 years,36 to 40,No,No,External,none,no change,1 vehicle,1996,All Perils
3,3,1,Dodge,Urban,5,2,4,Male,Married,33,Policy Holder,Sedan - All Perils,Sedan,20000 to 29000,0,14656,9,400,1,more than 30,more than 30,none,6 years,31 to 35,No,No,External,none,no change,1 vehicle,1996,All Perils
2,3,5,Toyota,Urban,3,11,3,Male,Married,37,Third Party,Sedan - Liability,Sport,20000 to 29000,0,14657,14,400,3,more than 30,more than 30,2 to 4,7 years,36 to 40,No,No,Internal,more than 5,no change,1 vehicle,1996,Liability
12,5,2,Honda,Urban,4,12,1,Male,Single,0,Policy Holder,Sedan - Collision,Sedan,more than 69000,0,14658,2,400,4,more than 30,more than 30,2 to 4,new,16 to 17,No,No,External,none,no change,1 vehicle,1996,Collision
12,2,1,Honda,Urban,5,9,3,Female,Married,44,Policy Holder,Sedan - Liability,Sport,20000 to 29000,0,14659,14,400,3,more than 30,more than 30,more than 4,5 years,36 to 40,No,No,External,none,4 to 8 years,2 vehicles,1996,Liability
9,3,7,Mazda,Urban,5,9,4,Male,Married,31,Third Party,Sedan - All Perils,Sedan,20000 to 29000,0,14660,5,400,1,more than 30,more than 30,2 to 4,6 years,31 to 35,No,No,External,more than 5,no change,1 vehicle,1996,All Perils
8,4,2,Toyota,Rural,4,8,1,Male,Single,27,Third Party,Sedan - Collision,Sedan,30000 to 39000,0,14661,10,400,2,more than 30,more than 30,none,6 years,31 to 35,No,No,Internal,none,no change,1 vehicle,1996,Collision
8,4,3,Pontiac,Urban,3,8,4,Male,Single,44,Policy Holder,Sedan - Liability,Sport,20000 to 29000,0,14662,16,400,3,more than 30,more than 30,2 to 4,7 years,36 to 40,No,No,External,3 to 5,no change,1 vehicle,1996,Liability
8,4,4,Mazda,Urban,3,11,5,Female,Married,34,Policy Holder,Sedan - Liability,Sport,20000 to 29000,0,14663,8,400,1,more than 30,more than 30,more than 4,6 years,31 to 35,No,No,External,more than 5,no change,1 vehicle,1996,Liability
11,3,3,Toyota,Urban,3,9,4,Male,Single,26,Policy Holder,Sedan - All Perils,Sedan,20000 to 29000,0,14664,9,700,2,more than 30,more than 30,2 to 4,7 years,31 to 35,No,No,External,none,no change,1 vehicle,1996,All Perils
9,3,1,Honda,Urban,3,8,3,Male,Married,31,Policy Holder,Sedan - Liability,Sport,20000 to 29000,0,14665,15,400,4,more than 30,more than 30,more than 4,6 years,31 to 35,No,No,External,none,no change,1 vehicle,1996,Liability
8,3,1,Honda,Urban,4,9,4,Male,Single,29,Policy Holder,Sedan - Collision,Sedan,less than 20000,0,14666,11,400,1,more than 30,more than 30,2 to 4,6 years,31 to 35,No,No,External,1 to 2,no change,1 vehicle,1996,Collision
8,3,3,Toyota,Urban,4,9,1,Male,Married,32,Third Party,Sedan - Liability,Sport,20000 to 29000,0,14667,8,400,2,more than 30,more than 30,1,6 years,31 to 35,No,No,External,none,no change,1 vehicle,1996,Liability
9,4,6,Honda,Urban,2,10,4,Male,Single,27,Third Party,Sedan - Liability,Sport,30000 to 39000,0,14668,12,400,4,more than 30,more than 30,more than 4,6 years,31 to 35,No,No,External,1 to 2,no change,1 vehicle,1996,Liability
10,4,2,Ford,Urban,4,10,4,Male,Single,24,Third Party,Sedan - Collision,Sedan,30000 to 39000,0,14669,15,400,4,more than 30,more than 30,none,5 years,26 to 30,No,No,External,none,no change,1 vehicle,1996,Collision
9,3,5,VW,Rural,2,12,1,Male,Married,61,Policy Holder,Sedan - All Perils,Sedan,20000 to 29000,1,14670,5,400,4,more than 30,more than 30,none,6 years,51 to 65,No,No,External,none,no change,1 vehicle,1996,All Perils
12,2,4,VW,Urban,1,6,2,Male,Married,27,Policy Holder,Sedan - Liability,Sport,more than 69000,0,14671,15,400,1,more than 30,more than 30,2 to 4,7 years,31 to 35,No,No,External,3 to 5,no change,1 vehicle,1996,Liability
5,2,1,Chevrolet,Urban,3,6,2,Male,Married,69,Third Party,Sedan - All Perils,Sedan,more than 69000,0,14672,13,400,2,more than 30,more than 30,none,more than 7,over 65,No,No,External,none,no change,1 vehicle,1996,All Perils
6,1,2,Chevrolet,Urban,4,9,2,Male,Married,32,Third Party,Sedan - All Perils,Sedan,60000 to 69000,0,14673,6,400,4,more than 30,more than 30,1,7 years,31 to 35,No,No,External,none,no change,1 vehicle,1996,All Perils
9,3,6,Pontiac,Urban,4,11,4,Female,Married,26,Policy Holder,Sedan - Liability,Sport,20000 to 29000,0,14674,12,400,2,more than 30,more than 30,none,7 years,31 to 35,No,No,Internal,more than 5,no change,1 vehicle,1996,Liability
9,5,7,Mazda,Urban,1,12,2,Male,Married,28,Policy Holder,Sedan - Collision,Sedan,30000 to 39000,0,14675,4,400,4,more than 30,more than 30,2 to 4,6 years,31 to 35,No,No,External,none,no change,1 vehicle,1996,Collision
12,2,5,Pontiac,Urban,5,9,2,Male,Married,42,Third Party,Sedan - Liability,Sport,20000 to 29000,0,14676,12,400,1,more than 30,more than 30,more than 4,7 years,36 to 40,No,No,External,none,no change,1 vehicle,1996,Liability
9,4,5,Chevrolet,Urban,2,1,4,Female,Married,63,Policy Holder,Sedan - Liability,Sport,20000 to 29000,0,14677,6,400,3,more than 30,more than 30,2 to 4,7 years,51 to 65,No,No,External,none,no change,1 vehicle,1996,Liability
12,3,5,Toyota,Urban,5,3,1,Male,Married,50,Policy Holder,Sedan - All Perils,Sedan,less than 20000,0,14678,5,400,1,more than 30,more than 30,1,more than 7,41 to 50,No,No,External,none,no change,1 vehicle,1996,All Perils
3,2,4,Honda,Urban,1,7,2,Male,Single,0,Policy Holder,Sedan - Liability,Sport,more than 69000,0,14679,9,400,3,more than 30,more than 30,2 to 4,new,16 to 17,No,No,Internal,none,no change,3 to 4,1996,Liability
5,1,2,Chevrolet,Urban,2,10,1,Male,Single,27,Third Party,Utility - All Perils,Utility,more than 69000,0,14680,11,400,3,more than 30,more than 30,2 to 4,7 years,31 to 35,No,No,External,more than 5,4 to 8 years,2 vehicles,1996,All Perils
9,3,2,Pontiac,Urban,2,9,2,Male,Married,34,Third Party,Sedan - Collision,Sedan,20000 to 29000,0,14681,16,400,4,more than 30,more than 30,2 to 4,6 years,31 to 35,Yes,No,External,none,no change,1 vehicle,1996,Collision
9,3,4,Toyota,Urban,4,7,3,Male,Married,73,Third Party,Sedan - All Perils,Sedan,20000 to 29000,0,14682,4,400,1,more than 30,more than 30,none,more than 7,over 65,No,No,External,1 to 2,no change,1 vehicle,1996,All Perils
7,2,1,Honda,Urban,1,7,2,Male,Married,43,Third Party,Sedan - All Perils,Sedan,20000 to 29000,0,14683,10,400,4,more than 30,more than 30,more than 4,more than 7,36 to 40,No,No,External,more than 5,no change,1 vehicle,1996,All Perils
7,1,3,Mazda,Urban,4,11,1,Male,Married,61,Policy Holder,Sedan - Collision,Sedan,30000 to 39000,0,14684,13,400,2,more than 30,more than 30,none,more than 7,51 to 65,No,No,External,1 to 2,no change,1 vehicle,1996,Collision
11,2,3,Honda,Urban,5,9,2,Male,Married,60,Policy Holder,Sedan - Collision,Sedan,20000 to 29000,0,14685,14,400,3,more than 30,more than 30,2 to 4,more than 7,51 to 65,No,No,External,1 to 2,no change,1 vehicle,1996,Collision
9,3,4,Mazda,Urban,5,3,4,Male,Married,30,Policy Holder,Sedan - Collision,Sedan,more than 69000,1,14686,13,400,2,more than 30,more than 30,none,6 years,31 to 35,No,No,External,1 to 2,no change,1 vehicle,1996,Collision
3,1,6,Toyota,Urban,2,4,1,Female,Single,51,Third Party,Sedan - Collision,Sedan,less than 20000,0,14687,9,400,1,more than 30,more than 30,more than 4,7 years,41 to 50,No,No,External,none,no change,1 vehicle,1996,Collision
4,3,6,Honda,Urban,5,4,4,Male,Married,45,Third Party,Sedan - Collision,Sedan,20000 to 29000,0,14688,13,400,2,more than 30,more than 30,none,7 years,36 to 40,No,No,External,1 to 2,no change,1 vehicle,1996,Collision
4,3,4,Honda,Urban,2,10,4,Male,Married,49,Third Party,Sedan - All Perils,Sedan,20000 to 29000,0,14689,10,500,1,more than 30,more than 30,1,more than 7,41 to 50,No,No,External,1 to 2,2 to 3 years,1 vehicle,1996,All Perils
9,5,7,Honda,Urban,1,12,1,Male,Married,54,Third Party,Sedan - Collision,Sedan,20000 to 29000,0,14690,11,400,3,more than 30,more than 30,2 to 4,7 years,41 to 50,Yes,No,External,none,no change,1 vehicle,1996,Collision
12,1,1,Pontiac,Urban,2,12,1,Male,Married,30,Policy Holder,Sedan - Liability,Sport,20000 to 29000,0,14691,2,400,2,more than 30,more than 30,none,5 years,31 to 35,No,No,External,none,no change,1 vehicle,1996,Liability
12,1,6,Chevrolet,Urban,1,4,1,Male,Married,39,Third Party,Sedan - Collision,Sedan,30000 to 39000,0,14692,15,400,3,more than 30,more than 30,none,7 years,36 to 40,No,No,External,1 to 2,no change,1 vehicle,1996,Collision
4,2,6,Mercury,Urban,4,4,2,Male,Married,62,Policy Holder,Sedan - All Perils,Sedan,20000 to 29000,0,14693,13,400,3,more than 30,more than 30,none,more than 7,51 to 65,No,No,External,none,no change,1 vehicle,1996,All Perils
4,2,3,Chevrolet,Urban,5,6,3,Male,Married,56,Third Party,Sedan - All Perils,Sedan,30000 to 39000,0,14694,9,400,4,more than 30,more than 30,none,more than 7,51 to 65,No,No,External,none,no change,1 vehicle,1996,All Perils
6,2,1,Toyota,Urban,4,5,2,Male,Married,62,Policy Holder,Sedan - Collision,Sedan,less than 20000,0,14695,7,400,4,more than 30,more than 30,1,6 years,51 to 65,No,No,External,3 to 5,no change,1 vehicle,1996,Collision
4,4,1,Chevrolet,Urban,2,7,1,Male,Married,35,Policy Holder,Sedan - Collision,Sedan,20000 to 29000,0,14696,16,400,2,more than 30,more than 30,none,7 years,31 to 35,No,No,External,none,no change,1 vehicle,1996,Collision
7,4,1,Pontiac,Urban,3,8,4,Male,Single,21,Policy Holder,Sedan - All Perils,Sedan,30000 to 39000,0,14697,8,400,2,more than 30,more than 30,none,4 years,26 to 30,No,No,External,more than 5,no change,1 vehicle,1996,All Perils
7,4,7,Pontiac,Urban,2,11,1,Male,Married,47,Policy Holder,Sedan - All Perils,Sedan,30000 to 39000,0,14698,11,400,1,more than 30,more than 30,none,more than 7,41 to 50,No,No,External,1 to 2,no change,1 vehicle,1996,All Perils
11,2,7,Chevrolet,Urban,4,11,4,Male,Married,49,Policy Holder,Sedan - All Perils,Sedan,30000 to 39000,0,14699,13,400,1,more than 30,more than 30,1,more than 7,41 to 50,No,No,External,1 to 2,no change,1 vehicle,1996,All Perils
11,2,7,Toyota,Urban,2,10,3,Male,Married,34,Policy Holder,Sedan - Collision,Sedan,20000 to 29000,0,14700,2,400,2,more than 30,more than 30,2 to 4,6 years,31 to 35,No,No,External,none,no change,1 vehicle,1996,Collision
10,3,5,Pontiac,Rural,5,7,4,Female,Married,54,Policy Holder,Sedan - Collision,Sedan,20000 to 29000,0,14701,15,400,1,more than 30,more than 30,2 to 4,more than 7,41 to 50,No,No,External,more than 5,4 to 8 years,2 vehicles,1996,Collision
7,3,6,Toyota,Rural,4,12,3,Male,Married,61,Policy Holder,Sedan - Liability,Sport,20000 to 29000,0,14702,16,400,1,more than 30,more than 30,2 to 4,7 years,51 to 65,No,No,External,more than 5,no change,1 vehicle,1996,Liability
11,4,3,Toyota,Urban,3,12,3,Male,Married,31,Policy Holder,Sedan - Collision,Sedan,less than 20000,0,14703,3,400,3,more than 30,more than 30,none,7 years,31 to 35,No,No,External,more than 5,no change,1 vehicle,1996,Collision
12,2,1,Pontiac,Urban,1,9,2,Female,Married,66,Policy Holder,Sedan - Liability,Sport,30000 to 39000,0,14704,13,400,1,more than 30,more than 30,more than 4,more than 7,over 65,No,No,External,3 to 5,no change,1 vehicle,1996,Liability
9,1,3,Pontiac,Urban,3,9,1,Male,Married,43,Third Party,Sedan - All Perils,Sedan,20000 to 29000,0,14705,15,400,2,more than 30,more than 30,2 to 4,7 years,36 to 40,No,No,External,more than 5,no change,1 vehicle,1996,All Perils
9,1,5,Pontiac,Urban,5,9,1,Female,Single,32,Third Party,Sedan - Liability,Sport,20000 to 29000,0,14706,3,400,3,more than 30,more than 30,more than 4,5 years,31 to 35,No,No,External,1 to 2,no change,1 vehicle,1996,Liability
9,1,2,Toyota,Urban,4,4,2,Male,Single,22,Policy Holder,Sedan - Collision,Sedan,20000 to 29000,0,14707,11,400,1,more than 30,more than 30,none,4 years,26 to 30,No,No,External,none,no change,1 vehicle,1996,Collision
4,3,2,Accura,Urban,4,4,3,Male,Married,45,Policy Holder,Sedan - Collision,Sedan,more than 69000,0,14708,12,400,1,more than 30,more than 30,1,more than 7,36 to 40,No,No,Internal,none,no change,1 vehicle,1996,Collision
4,3,4,Pontiac,Urban,1,4,3,Male,Married,65,Policy Holder,Sedan - Collision,Sedan,30000 to 39000,0,14709,8,400,1,more than 30,more than 30,none,more than 7,51 to 65,No,No,External,more than 5,no change,1 vehicle,1996,Collision
4,2,4,Pontiac,Urban,4,12,3,Male,Married,36,Policy Holder,Sedan - Collision,Sedan,20000 to 29000,0,14710,14,400,4,more than 30,more than 30,2 to 4,7 years,36 to 40,No,No,External,more than 5,no change,1 vehicle,1996,Collision
12,3,4,Accura,Urban,2,11,3,Male,Married,50,Third Party,Sedan - All Perils,Sedan,20000 to 29000,0,14711,8,400,1,more than 30,more than 30,2 to 4,7 years,41 to 50,No,No,External,none,no change,1 vehicle,1996,All Perils
9,4,6,Chevrolet,Urban,1,11,3,Male,Single,45,Policy Holder,Sedan - Liability,Sport,30000 to 39000,0,14712,11,400,3,more than 30,more than 30,2 to 4,7 years,36 to 40,No,No,Internal,3 to 5,no change,1 vehicle,1996,Liability
11,3,6,Mazda,Urban,3,9,4,Male,Single,33,Third Party,Sedan - All Perils,Sedan,20000 to 29000,0,14713,8,400,3,more than 30,more than 30,none,6 years,31 to 35,No,No,External,3 to 5,no change,1 vehicle,1996,All Perils
8,2,5,Toyota,Rural,4,8,2,Male,Married,26,Policy Holder,Sedan - All Perils,Sedan,less than 20000,0,14714,2,400,3,more than 30,more than 30,2 to 4,7 years,31 to 35,No,No,External,more than 5,no change,1 vehicle,1996,All Perils
8,2,5,Mazda,Urban,5,7,3,Male,Married,78,Policy Holder,Sedan - Liability,Sport,20000 to 29000,0,14715,10,400,3,more than 30,more than 30,2 to 4,more than 7,over 65,No,No,External,none,no change,1 vehicle,1996,Liability
7,3,3,Honda,Urban,3,4,3,Male,Single,38,Policy Holder,Sedan - Collision,Sedan,20000 to 29000,0,14716,2,400,2,more than 30,more than 30,none,more than 7,36 to 40,No,No,External,more than 5,no change,1 vehicle,1996,Collision
4,3,7,Mazda,Urban,1,3,3,Male,Married,40,Policy Holder,Sedan - Liability,Sport,20000 to 29000,0,14717,2,400,2,more than 30,more than 30,2 to 4,7 years,36 to 40,No,No,External,more than 5,no change,1 vehicle,1996,Liability
3,3,3,Chevrolet,Urban,3,1,4,Male,Married,48,Policy Holder,Sedan - All Perils,Sedan,more than 69000,0,14718,5,400,4,more than 30,more than 30,none,more than 7,41 to 50,No,No,External,more than 5,no change,1 vehicle,1996,All Perils
1,2,2,Pontiac,Urban,3,8,3,Male,Married,53,Policy Holder,Sedan - All Perils,Sedan,20000 to 29000,0,14719,5,400,2,more than 30,more than 30,none,7 years,41 to 50,No,No,External,more than 5,no change,1 vehicle,1996,All Perils
8,5,5,Pontiac,Urban,1,9,5,Male,Married,28,Policy Holder,Utility - All Perils,Utility,more than 69000,0,14720,1,400,3,more than 30,more than 30,2 to 4,7 years,31 to 35,No,No,External,1 to 2,no change,3 to 4,1996,All Perils
9,1,5,Saab,Urban,5,9,1,Male,Married,44,Policy Holder,Sedan - Collision,Sedan,30000 to 39000,0,14721,1,400,4,more than 30,more than 30,none,more than 7,36 to 40,No,No,External,none,no change,1 vehicle,1996,Collision
9,1,3,Pontiac,Urban,5,2,1,Male,Single,44,Policy Holder,Sedan - Collision,Sedan,30000 to 39000,0,14722,1,400,2,more than 30,more than 30,1,5 years,36 to 40,No,No,External,none,4 to 8 years,2 vehicles,1996,Collision
1,4,3,Mazda,Urban,3,4,1,Male,Married,61,Policy Holder,Sedan - Liability,Sport,20000 to 29000,0,14723,10,400,1,more than 30,more than 30,2 to 4,more than 7,51 to 65,No,No,External,none,no change,1 vehicle,1996,Liability
3,4,4,Chevrolet,Urban,3,11,1,Male,Married,43,Third Party,Sedan - Collision,Sedan,30000 to 39000,0,14724,8,400,3,more than 30,more than 30,2 to 4,7 years,36 to 40,Yes,No,External,none,no change,1 vehicle,1996,Collision
9,4,3,Accura,Urban,2,9,5,Male,Single,43,Third Party,Sedan - Collision,Sedan,30000 to 39000,0,14725,5,400,3,more than 30,more than 30,none,7 years,36 to 40,No,No,External,1 to 2,no change,1 vehicle,1996,Collision
9,3,6,Toyota,Rural,4,4,4,Male,Married,63,Policy Holder,Sedan - Collision,Sedan,20000 to 29000,0,14726,5,700,4,more than 30,more than 30,1,more than 7,51 to 65,No,No,External,3 to 5,no change,1 vehicle,1996,Collision
4,3,2,Pontiac,Urban,3,1,3,Male,Married,46,Policy Holder,Sedan - Collision,Sedan,20000 to 29000,0,14727,4,400,4,more than 30,more than 30,1,6 years,41 to 50,No,No,External,none,no change,1 vehicle,1996,Collision
1,3,1,Toyota,Urban,2,12,3,Male,Married,50,Policy Holder,Sedan - All Perils,Sedan,20000 to 29000,0,14728,1,400,3,more than 30,more than 30,none,7 years,41 to 50,No,No,External,3 to 5,no change,1 vehicle,1996,All Perils
12,2,6,Pontiac,Urban,1,12,2,Male,Married,46,Policy Holder,Sedan - Liability,Sport,30000 to 39000,0,14729,3,400,4,more than 30,more than 30,2 to 4,more than 7,41 to 50,No,No,Internal,none,no change,1 vehicle,1996,Liability
12,1,7,Pontiac,Urban,5,12,1,Male,Married,61,Policy Holder,Sedan - Collision,Sedan,20000 to 29000,0,14730,7,400,4,more than 30,more than 30,1,more than 7,51 to 65,No,No,External,1 to 2,no change,1 vehicle,1996,Collision
11,4,4,Honda,Urban,1,11,1,Male,Married,55,Policy Holder,Sedan - Collision,Sedan,20000 to 29000,0,14731,10,400,1,more than 30,more than 30,2 to 4,more than 7,41 to 50,No,No,External,1 to 2,no change,1 vehicle,1996,Collision
10,4,1,Honda,Urban,2,9,2,Male,Married,32,Policy Holder,Sedan - Liability,Sport,20000 to 29000,0,14732,9,400,2,more than 30,more than 30,2 to 4,7 years,31 to 35,No,No,External,none,no change,1 vehicle,1996,Liability
9,1,5,Pontiac,Urban,1,8,1,Male,Single,30,Policy Holder,Sedan - Collision,Sedan,20000 to 29000,0,14733,6,400,3,more than 30,more than 30,2 to 4,6 years,31 to 35,No,No,External,3 to 5,no change,1 vehicle,1996,Collision
8,4,3,VW,Urban,2,7,5,Female,Married,28,Third Party,Sedan - Liability,Sport,30000 to 39000,0,14734,13,400,3,more than 30,more than 30,1,5 years,31 to 35,No,No,External,none,no change,1 vehicle,1996,Liability
6,5,2,Toyota,Urban,3,5,1,Male,Married,56,Policy Holder,Sedan - All Perils,Sedan,20000 to 29000,0,14735,8,400,4,more than 30,more than 30,2 to 4,more than 7,51 to 65,No,No,External,3 to 5,no change,1 vehicle,1996,All Perils
5,4,5,Toyota,Urban,5,9,4,Male,Married,78,Third Party,Sedan - All Perils,Sedan,less than 20000,0,14736,1,400,4,more than 30,more than 30,1,more than 7,over 65,No,No,External,1 to 2,no change,1 vehicle,1996,All Perils
9,4,5,Honda,Urban,1,5,4,Male,Married,23,Third Party,Sedan - Collision,Sedan,20000 to 29000,0,14737,11,400,4,more than 30,more than 30,2 to 4,2 years,26 to 30,No,No,External,more than 5,no change,1 vehicle,1996,Collision
3,4,1,Pontiac,Urban,3,3,4,Male,Married,78,Policy Holder,Utility - All Perils,Utility,more than 69000,0,14738,9,400,1,more than 30,more than 30,1,more than 7,over 65,No,No,External,none,no change,1 vehicle,1996,All Perils
3,3,4,Chevrolet,Urban,2,3,4,Male,Single,47,Policy Holder,Sedan - All Perils,Sedan,more than 69000,0,14739,5,400,1,more than 30,more than 30,none,more than 7,41 to 50,No,No,External,1 to 2,no change,1 vehicle,1996,All Perils
1,3,2,Pontiac,Urban,2,12,1,Male,Married,65,Third Party,Sedan - Liability,Sport,20000 to 29000,0,14740,7,500,1,more than 30,more than 30,2 to 4,7 years,51 to 65,No,No,External,1 to 2,2 to 3 years,1 vehicle,1996,Liability
12,2,3,Pontiac,Urban,2,12,2,Male,Married,54,Policy Holder,Sedan - Collision,Sedan,30000 to 39000,0,14741,12,400,2,more than 30,more than 30,none,more than 7,41 to 50,No,No,External,more than 5,no change,1 vehicle,1996,Collision
12,1,2,Mazda,Urban,1,12,2,Male,Married,27,Policy Holder,Sedan - Collision,Sedan,20000 to 29000,0,14742,7,400,3,more than 30,more than 30,more than 4,6 years,31 to 35,No,No,External,more than 5,no change,1 vehicle,1996,Collision
12,1,4,Mazda,Urban,5,10,2,Female,Married,44,Third Party,Sedan - Collision,Sedan,30000 to 39000,0,14743,16,400,2,more than 30,more than 30,1,6 years,36 to 40,No,No,External,more than 5,1 year,2 vehicles,1996,Collision
10,2,7,Mazda,Urban,4,10,3,Male,Married,35,Third Party,Sedan - All Perils,Sedan,20000 to 29000,0,14744,10,400,1,more than 30,more than 30,more than 4,7 years,31 to 35,No,No,External,more than 5,no change,1 vehicle,1996,All Perils
9,2,1,Honda,Urban,4,12,2,Male,Married,41,Policy Holder,Sedan - Liability,Sport,more than 69000,0,14745,9,400,3,more than 30,more than 30,none,7 years,36 to 40,No,No,External,more than 5,no change,1 vehicle,1996,Liability
12,1,4,Honda,Urban,2,12,3,Male,Married,40,Policy Holder,Sedan - Liability,Sport,20000 to 29000,0,14746,5,400,1,more than 30,more than 30,2 to 4,7 years,36 to 40,No,No,External,1 to 2,no change,1 vehicle,1996,Liability
12,1,5,Saturn,Urban,1,12,2,Male,Single,27,Policy Holder,Sedan - All Perils,Sedan,40000 to 59000,0,14747,7,400,3,more than 30,more than 30,none,6 years,31 to 35,No,No,External,3 to 5,no change,1 vehicle,1996,All Perils
12,1,4,Mazda,Urban,3,2,2,Male,Married,54,Policy Holder,Sedan - Liability,Sport,20000 to 29000,0,14748,2,400,1,more than 30,more than 30,2 to 4,5 years,41 to 50,No,No,External,1 to 2,no change,1 vehicle,1996,Liability
2,2,3,Chevrolet,Urban,5,2,3,Male,Married,52,Third Party,Sedan - Collision,Sedan,30000 to 39000,0,14749,7,400,4,more than 30,more than 30,none,more than 7,41 to 50,No,No,External,none,no change,1 vehicle,1996,Collision
2,2,5,Honda,Urban,2,9,2,Male,Single,0,Policy Holder,Sedan - Liability,Sport,more than 69000,0,14750,7,400,4,more than 30,more than 30,2 to 4,new,16 to 17,No,No,External,none,no change,1 vehicle,1996,Liability
9,4,4,Pontiac,Urban,4,3,4,Male,Single,24,Policy Holder,Sedan - Collision,Sedan,20000 to 29000,1,14751,1,400,3,more than 30,more than 30,none,5 years,26 to 30,No,No,External,none,no change,1 vehicle,1996,Collision
3,4,2,Honda,Urban,1,5,4,Female,Single,30,Policy Holder,Sedan - Liability,Sport,20000 to 29000,0,14752,14,400,1,more than 30,more than 30,more than 4,6 years,31 to 35,No,No,External,none,no change,1 vehicle,1996,Liability
5,3,4,Pontiac,Urban,2,8,5,Male,Married,36,Policy Holder,Sedan - Collision,Sedan,less than 20000,0,14753,10,400,4,more than 30,more than 30,2 to 4,more than 7,36 to 40,No,No,External,none,no change,1 vehicle,1996,Collision
8,3,2,Honda,Rural,2,8,4,Male,Single,30,Third Party,Sedan - Collision,Sedan,20000 to 29000,0,14754,14,400,2,more than 30,more than 30,1,6 years,31 to 35,No,No,External,3 to 5,no change,1 vehicle,1996,Collision
8,5,4,Honda,Urban,5,9,5,Male,Married,29,Policy Holder,Sedan - Collision,Sedan,20000 to 29000,0,14755,7,400,1,more than 30,more than 30,1,7 years,31 to 35,No,No,External,1 to 2,no change,1 vehicle,1996,Collision
9,1,3,Toyota,Urban,5,12,1,Male,Married,34,Third Party,Sedan - All Perils,Sedan,20000 to 29000,0,14756,5,400,4,more than 30,more than 30,1,7 years,31 to 35,No,No,External,none,no change,1 vehicle,1996,All Perils
12,2,5,Mazda,Urban,1,12,2,Female,Divorced,43,Policy Holder,Sedan - All Perils,Sedan,20000 to 29000,0,14757,13,700,3,more than 30,more than 30,none,7 years,36 to 40,No,No,External,more than 5,no change,1 vehicle,1996,All Perils
12,2,2,Pontiac,Urban,3,12,2,Male,Married,75,Policy Holder,Sedan - All Perils,Sedan,20000 to 29000,0,14758,12,400,1,more than 30,more than 30,none,more than 7,over 65,No,No,External,none,no change,1 vehicle,1996,All Perils
12,2,4,Accura,Urban,1,2,3,Male,Single,63,Policy Holder,Utility - All Perils,Utility,more than 69000,0,14759,5,400,2,more than 30,more than 30,none,more than 7,51 to 65,No,No,External,1 to 2,no change,1 vehicle,1996,All Perils
2,1,3,Chevrolet,Urban,4,6,1,Male,Married,37,Policy Holder,Sedan - Liability,Sport,20000 to 29000,0,14760,4,400,1,more than 30,more than 30,2 to 4,7 years,36 to 40,No,No,External,1 to 2,no change,1 vehicle,1996,Liability
5,5,5,Toyota,Urban,1,7,1,Male,Married,34,Policy Holder,Sedan - Collision,Sedan,20000 to 29000,0,14761,14,400,3,more than 30,more than 30,none,7 years,31 to 35,No,No,External,none,no change,3 to 4,1996,Collision
7,3,2,Chevrolet,Urban,2,8,3,Female,Widow,43,Policy Holder,Sedan - Liability,Sport,30000 to 39000,0,14762,4,400,3,more than 30,more than 30,none,7 years,36 to 40,No,No,External,none,no change,1 vehicle,1996,Liability
8,4,6,Honda,Urban,5,9,4,Male,Married,44,Policy Holder,Sedan - Collision,Sedan,30000 to 39000,0,14763,9,400,3,more than 30,more than 30,1,more than 7,36 to 40,No,No,External,more than 5,no change,1 vehicle,1996,Collision
8,4,2,Pontiac,Urban,5,12,1,Male,Single,32,Policy Holder,Sedan - Collision,Sedan,20000 to 29000,0,14764,11,400,3,more than 30,more than 30,1,6 years,31 to 35,No,No,External,none,4 to 8 years,2 vehicles,1996,Collision
11,5,2,Pontiac,Urban,3,12,1,Male,Married,49,Policy Holder,Sedan - Collision,Sedan,20000 to 29000,0,14765,9,400,4,more than 30,more than 30,none,more than 7,41 to 50,No,No,External,3 to 5,no change,1 vehicle,1996,Collision
11,5,3,Mazda,Urban,1,12,2,Male,Single,27,Policy Holder,Sedan - Collision,Sedan,40000 to 59000,0,14766,11,400,2,more than 30,more than 30,none,7 years,31 to 35,Yes,No,External,3 to 5,no change,1 vehicle,1996,Collision
12,1,5,Pontiac,Urban,1,12,2,Male,Single,33,Policy Holder,Sedan - Collision,Sedan,20000 to 29000,0,14767,16,400,1,more than 30,more than 30,none,7 years,31 to 35,Yes,No,External,none,no change,1 vehicle,1996,Collision
12,2,5,Pontiac,Urban,5,12,2,Male,Married,41,Policy Holder,Sedan - All Perils,Sedan,20000 to 29000,0,14768,2,400,1,more than 30,more than 30,1,more than 7,36 to 40,No,No,External,more than 5,no change,1 vehicle,1996,All Perils
12,4,3,Toyota,Urban,4,12,4,Male,Married,55,Third Party,Sedan - All Perils,Sedan,more than 69000,0,14769,10,400,1,more than 30,more than 30,none,more than 7,41 to 50,No,No,External,none,no change,1 vehicle,1996,All Perils
12,3,6,Pontiac,Urban,4,12,4,Male,Married,29,Policy Holder,Sedan - Liability,Sport,20000 to 29000,0,14770,13,400,2,more than 30,more than 30,more than 4,7 years,31 to 35,No,No,External,more than 5,no change,1 vehicle,1996,Liability
12,2,4,Chevrolet,Urban,1,12,3,Male,Married,33,Policy Holder,Sedan - Collision,Sedan,30000 to 39000,0,14771,5,400,2,more than 30,more than 30,more than 4,6 years,31 to 35,No,No,External,more than 5,no change,1 vehicle,1996,Collision
12,2,6,Mazda,Urban,1,12,3,Female,Single,25,Third Party,Sedan - Collision,Sedan,20000 to 29000,0,14772,3,400,4,more than 30,more than 30,1,5 years,26 to 30,No,No,External,none,no change,1 vehicle,1996,Collision
12,1,6,Toyota,Urban,2,10,1,Male,Married,35,Policy Holder,Sedan - Collision,Sedan,20000 to 29000,0,14773,3,400,2,more than 30,more than 30,more than 4,7 years,31 to 35,No,No,External,1 to 2,no change,1 vehicle,1996,Collision
9,4,1,Mazda,Urban,2,9,1,Male,Single,30,Policy Holder,Sport - Collision,Sport,more than 69000,0,14774,8,400,2,more than 30,more than 30,2 to 4,5 years,31 to 35,Yes,No,External,1 to 2,no change,1 vehicle,1996,Collision
9,3,1,Toyota,Urban,5,9,3,Male,Married,44,Policy Holder,Sedan - Liability,Sport,20000 to 29000,0,14775,4,400,1,more than 30,more than 30,more than 4,7 years,36 to 40,No,No,External,more than 5,no change,1 vehicle,1996,Liability
8,5,2,Chevrolet,Urban,4,9,1,Male,Married,55,Policy Holder,Sedan - All Perils,Sedan,30000 to 39000,0,14776,1,400,1,more than 30,more than 30,none,more than 7,41 to 50,No,No,External,none,no change,1 vehicle,1996,All Perils
8,4,7,Honda,Urban,7,10,2,Male,Married,48,Third Party,Sedan - Liability,Sport,20000 to 29000,0,14777,8,400,4,more than 30,more than 30,none,6 years,41 to 50,No,No,External,none,no change,1 vehicle,1996,Liability
9,4,5,Honda,Urban,1,7,1,Male,Married,41,Third Party,Sedan - All Perils,Sedan,more than 69000,0,14778,15,400,1,more than 30,more than 30,2 to 4,7 years,36 to 40,No,No,External,3 to 5,no change,1 vehicle,1996,All Perils
7,3,4,Pontiac,Rural,4,6,3,Male,Married,56,Policy Holder,Sedan - Liability,Sport,20000 to 29000,0,14779,12,400,2,more than 30,more than 30,2 to 4,more than 7,51 to 65,No,No,External,more than 5,no change,1 vehicle,1996,Liability
6,1,7,Toyota,Urban,5,5,3,Female,Married,48,Policy Holder,Sedan - Collision,Sedan,20000 to 29000,0,14780,1,400,1,more than 30,more than 30,2 to 4,6 years,41 to 50,No,No,External,more than 5,no change,1 vehicle,1996,Collision
5,3,6,Pontiac,Urban,4,2,3,Male,Married,55,Policy Holder,Sedan - All Perils,Sedan,20000 to 29000,0,14781,15,400,3,more than 30,more than 30,none,more than 7,41 to 50,No,No,External,1 to 2,no change,1 vehicle,1996,All Perils
1,3,2,Pontiac,Urban,3,12,2,Male,Single,50,Policy Holder,Sedan - Collision,Sedan,20000 to 29000,0,14782,10,400,2,more than 30,more than 30,more than 4,7 years,41 to 50,No,No,External,1 to 2,no change,1 vehicle,1996,Collision
12,2,7,Chevrolet,Urban,1,12,4,Male,Married,49,Policy Holder,Sedan - All Perils,Sedan,more than 69000,0,14783,16,400,4,more than 30,more than 30,1,more than 7,41 to 50,Yes,No,External,3 to 5,no change,1 vehicle,1996,All Perils
12,2,1,Mazda,Urban,5,9,3,Male,Married,41,Policy Holder,Sedan - All Perils,Sedan,20000 to 29000,0,14784,4,400,1,more than 30,more than 30,1,7 years,36 to 40,No,No,External,none,no change,1 vehicle,1996,All Perils
9,4,3,Mazda,Urban,3,12,5,Male,Married,52,Third Party,Sedan - All Perils,Sedan,20000 to 29000,0,14785,7,400,4,more than 30,more than 30,none,more than 7,41 to 50,No,No,External,3 to 5,4 to 8 years,2 vehicles,1996,All Perils
12,2,3,Ford,Urban,4,12,4,Male,Married,60,Third Party,Sedan - All Perils,Sedan,30000 to 39000,0,14786,4,400,1,more than 30,more than 30,2 to 4,more than 7,51 to 65,No,No,External,none,no change,1 vehicle,1996,All Perils
11,4,7,Toyota,Urban,1,11,1,Male,Single,32,Policy Holder,Sedan - Liability,Sport,20000 to 29000,0,14787,8,400,1,more than 30,more than 30,more than 4,6 years,31 to 35,No,No,External,none,no change,1 vehicle,1996,Liability
11,1,5,Toyota,Urban,5,10,2,Male,Married,56,Policy Holder,Sedan - Collision,Sedan,20000 to 29000,0,14788,3,700,4,more than 30,more than 30,none,7 years,51 to 65,No,No,External,none,no change,1 vehicle,1996,Collision
10,4,7,VW,Urban,1,9,4,Male,Single,36,Policy Holder,Sedan - Liability,Sport,30000 to 39000,0,14789,3,400,1,more than 30,more than 30,1,7 years,36 to 40,No,No,External,none,no change,1 vehicle,1996,Liability
9,2,5,Toyota,Urban,5,9,2,Male,Single,28,Policy Holder,Sedan - Liability,Sport,30000 to 39000,0,14790,7,400,3,more than 30,more than 30,more than 4,6 years,31 to 35,No,No,External,3 to 5,no change,1 vehicle,1996,Liability
9,2,2,Mazda,Urban,3,9,4,Male,Married,33,Policy Holder,Sedan - Liability,Sport,20000 to 29000,0,14791,2,500,2,more than 30,more than 30,more than 4,7 years,31 to 35,No,No,External,none,2 to 3 years,1 vehicle,1996,Liability
9,1,4,Pontiac,Urban,4,9,2,Male,Married,34,Third Party,Sedan - All Perils,Sedan,20000 to 29000,0,14792,12,400,1,more than 30,more than 30,2 to 4,3 years,31 to 35,No,No,External,none,no change,1 vehicle,1996,All Perils
9,2,4,Pontiac,Urban,5,9,2,Male,Married,52,Policy Holder,Sedan - Liability,Sport,20000 to 29000,0,14793,13,400,1,more than 30,more than 30,2 to 4,7 years,41 to 50,No,No,External,1 to 2,no change,1 vehicle,1996,Liability
9,1,3,Mazda,Urban,1,9,1,Male,Married,32,Policy Holder,Sedan - Collision,Sedan,20000 to 29000,0,14794,15,400,1,more than 30,more than 30,2 to 4,7 years,31 to 35,No,No,External,3 to 5,no change,1 vehicle,1996,Collision
8,5,2,Mazda,Urban,3,6,1,Male,Married,46,Policy Holder,Sedan - All Perils,Sedan,20000 to 29000,0,14795,11,400,2,more than 30,more than 30,1,more than 7,41 to 50,No,No,External,3 to 5,no change,1 vehicle,1996,All Perils
6,5,2,Honda,Urban,3,10,5,Male,Married,34,Policy Holder,Sedan - Liability,Sport,20000 to 29000,0,14796,15,400,2,more than 30,more than 30,2 to 4,6 years,31 to 35,No,No,External,none,no change,1 vehicle,1996,Liability
9,4,1,Pontiac,Urban,5,6,4,Male,Married,66,Third Party,Sedan - Collision,Sedan,20000 to 29000,0,14797,5,400,4,more than 30,more than 30,1,7 years,over 65,No,No,External,none,no change,1 vehicle,1996,Collision
6,2,1,Toyota,Urban,2,6,3,Male,Single,30,Policy Holder,Sedan - Liability,Sport,more than 69000,0,14798,9,400,4,more than 30,more than 30,more than 4,7 years,31 to 35,No,No,External,none,no change,1 vehicle,1996,Liability
6,2,2,Ford,Urban,2,5,3,Male,Married,71,Policy Holder,Sedan - Collision,Sedan,less than 20000,0,14799,7,400,4,more than 30,more than 30,2 to 4,7 years,over 65,No,No,External,1 to 2,no change,1 vehicle,1996,Collision
5,4,3,Toyota,Urban,4,3,4,Male,Divorced,37,Third Party,Sedan - All Perils,Sedan,20000 to 29000,0,14800,9,400,2,more than 30,more than 30,none,7 years,36 to 40,No,No,External,none,no change,1 vehicle,1996,All Perils
3,4,4,Pontiac,Urban,1,10,4,Male,Single,32,Policy Holder,Sedan - Liability,Sport,20000 to 29000,0,14801,5,400,3,more than 30,more than 30,1,6 years,31 to 35,No,No,External,3 to 5,no change,1 vehicle,1996,Liability
9,5,5,Pontiac,Urban,3,1,1,Male,Single,26,Third Party,Sedan - Liability,Sport,20000 to 29000,0,14802,5,400,4,more than 30,more than 30,none,6 years,31 to 35,Yes,No,Internal,none,no change,1 vehicle,1996,Liability
12,2,3,Honda,Rural,3,12,5,Male,Single,0,Policy Holder,Sedan - Collision,Sedan,more than 69000,0,14803,5,400,1,more than 30,more than 30,none,new,16 to 17,No,No,External,none,no change,1 vehicle,1996,Collision
12,4,3,Pontiac,Urban,5,12,4,Male,Single,33,Policy Holder,Sedan - Liability,Sport,20000 to 29000,0,14804,12,400,4,more than 30,more than 30,1,5 years,31 to 35,Yes,No,External,3 to 5,no change,1 vehicle,1996,Liability
12,4,3,Mazda,Urban,4,12,4,Male,Married,39,Policy Holder,Sedan - Liability,Sport,30000 to 39000,0,14805,8,400,3,more than 30,more than 30,1,7 years,36 to 40,No,No,External,none,no change,1 vehicle,1996,Liability
12,4,7,Pontiac,Urban,2,9,4,Female,Single,41,Policy Holder,Sedan - Liability,Sport,20000 to 29000,0,14806,14,400,4,more than 30,more than 30,none,7 years,36 to 40,No,No,External,more than 5,4 to 8 years,2 vehicles,1996,Liability
9,2,4,Toyota,Urban,4,9,2,Male,Single,30,Policy Holder,Sedan - Collision,Sedan,30000 to 39000,0,14807,1,400,2,more than 30,more than 30,none,7 years,31 to 35,No,No,External,more than 5,no change,1 vehicle,1996,Collision
9,5,1,Mazda,Urban,1,3,5,Male,Married,28,Policy Holder,Sedan - Collision,Sedan,20000 to 29000,1,14808,15,400,3,more than 30,more than 30,none,7 years,31 to 35,No,No,External,1 to 2,no change,1 vehicle,1996,Collision
3,2,7,Mazda,Urban,1,3,5,Male,Married,26,Policy Holder,Sedan - Collision,Sedan,20000 to 29000,0,14809,1,400,1,more than 30,more than 30,none,6 years,31 to 35,No,No,External,3 to 5,no change,1 vehicle,1996,Collision
3,2,7,Toyota,Urban,5,4,4,Male,Married,31,Third Party,Sedan - All Perils,Sedan,20000 to 29000,0,14810,5,400,4,more than 30,more than 30,none,5 years,31 to 35,No,No,External,none,no change,1 vehicle,1996,All Perils
3,2,5,Toyota,Urban,3,10,4,Male,Married,40,Policy Holder,Sedan - All Perils,Sedan,20000 to 29000,0,14811,1,400,1,more than 30,more than 30,2 to 4,7 years,36 to 40,No,No,External,none,no change,1 vehicle,1996,All Perils
9,5,1,Accura,Urban,3,9,2,Male,Single,78,Third Party,Sedan - All Perils,Sedan,30000 to 39000,0,14812,11,400,3,more than 30,more than 30,none,more than 7,over 65,No,No,External,more than 5,no change,1 vehicle,1996,All Perils
9,1,7,Honda,Urban,1,8,2,Male,Single,48,Policy Holder,Sedan - Liability,Sport,more than 69000,0,14813,14,400,3,more than 30,more than 30,1,more than 7,41 to 50,No,No,External,1 to 2,no change,1 vehicle,1996,Liability
8,5,5,Honda,Rural,5,12,5,Male,Single,33,Third Party,Sedan - Collision,Sedan,30000 to 39000,0,14814,1,400,4,more than 30,more than 30,1,6 years,31 to 35,No,No,External,more than 5,no change,1 vehicle,1996,Collision
12,1,7,Pontiac,Urban,2,12,1,Male,Married,51,Policy Holder,Sedan - Liability,Sport,30000 to 39000,0,14815,12,400,4,more than 30,more than 30,2 to 4,7 years,41 to 50,No,No,External,none,no change,1 vehicle,1996,Liability
12,1,6,Pontiac,Urban,2,2,4,Male,Married,33,Policy Holder,Sedan - All Perils,Sedan,less than 20000,0,14816,5,400,2,none,more than 30,none,7 years,31 to 35,No,No,External,none,no change,1 vehicle,1996,All Perils
2,4,2,Mazda,Urban,2,9,5,Male,Married,51,Third Party,Sedan - Collision,Sedan,20000 to 29000,0,14817,3,400,1,more than 30,more than 30,2 to 4,more than 7,41 to 50,No,No,External,none,no change,1 vehicle,1996,Collision
9,3,6,Mazda,Rural,2,12,3,Male,Married,49,Third Party,Sedan - Liability,Sport,20000 to 29000,0,14818,5,400,3,more than 30,more than 30,1,7 years,41 to 50,No,No,External,none,no change,1 vehicle,1996,Liability
12,3,5,VW,Urban,1,10,3,Male,Married,29,Policy Holder,Sedan - Liability,Sport,more than 69000,0,14819,15,700,3,more than 30,more than 30,more than 4,7 years,31 to 35,No,No,External,more than 5,no change,1 vehicle,1996,Liability
10,3,3,Dodge,Urban,5,2,4,Male,Single,43,Third Party,Sedan - All Perils,Sedan,20000 to 29000,0,14820,9,400,3,more than 30,more than 30,none,7 years,36 to 40,No,No,External,more than 5,no change,1 vehicle,1996,All Perils
2,3,6,Honda,Rural,5,10,4,Male,Married,62,Third Party,Sedan - All Perils,Sedan,more than 69000,0,14821,2,400,1,more than 30,more than 30,2 to 4,new,51 to 65,No,No,External,none,no change,1 vehicle,1996,All Perils
9,5,5,Chevrolet,Urban,3,4,1,Male,Single,31,Policy Holder,Sedan - Collision,Sedan,20000 to 29000,1,14822,7,400,3,more than 30,more than 30,none,6 years,31 to 35,No,No,External,none,no change,1 vehicle,1996,Collision
3,1,6,Toyota,Rural,3,3,1,Male,Single,27,Policy Holder,Sedan - Collision,Sedan,20000 to 29000,0,14823,11,400,1,more than 30,more than 30,none,6 years,31 to 35,No,No,External,none,no change,1 vehicle,1996,Collision
2,4,2,Toyota,Urban,3,6,1,Female,Single,26,Policy Holder,Sedan - Liability,Sport,20000 to 29000,0,14824,1,400,3,more than 30,more than 30,2 to 4,6 years,31 to 35,No,No,External,none,no change,1 vehicle,1996,Liability
6,2,4,Toyota,Urban,5,4,3,Male,Married,45,Policy Holder,Sedan - Collision,Sedan,30000 to 39000,0,14825,4,400,2,more than 30,more than 30,2 to 4,more than 7,36 to 40,No,No,External,none,no change,1 vehicle,1996,Collision
4,4,5,Honda,Urban,4,8,4,Male,Single,51,Policy Holder,Sedan - All Perils,Sedan,20000 to 29000,0,14826,5,400,3,more than 30,more than 30,2 to 4,7 years,41 to 50,No,No,External,none,no change,1 vehicle,1996,All Perils
8,1,6,Honda,Rural,3,7,2,Male,Married,35,Third Party,Sedan - Collision,Sedan,20000 to 29000,0,14827,9,400,1,more than 30,more than 30,1,7 years,31 to 35,No,No,External,1 to 2,4 to 8 years,2 vehicles,1996,Collision
7,4,7,Pontiac,Urban,2,11,4,Male,Married,50,Policy Holder,Sedan - Collision,Sedan,20000 to 29000,0,14828,12,400,1,more than 30,more than 30,2 to 4,more than 7,41 to 50,No,No,External,more than 5,no change,1 vehicle,1996,Collision
11,2,5,Pontiac,Urban,5,10,3,Male,Single,31,Policy Holder,Sedan - Liability,Sport,20000 to 29000,0,14829,8,400,1,more than 30,more than 30,more than 4,6 years,31 to 35,No,No,External,none,no change,1 vehicle,1996,Liability
10,3,4,Pontiac,Rural,1,1,4,Female,Married,33,Policy Holder,Sedan - Collision,Sedan,30000 to 39000,0,14830,9,400,1,more than 30,more than 30,none,7 years,31 to 35,No,No,External,3 to 5,no change,1 vehicle,1996,Collision
12,3,4,Ford,Urban,4,12,1,Female,Married,27,Policy Holder,Sedan - Collision,Sedan,30000 to 39000,0,14831,7,400,1,more than 30,more than 30,2 to 4,6 years,31 to 35,No,No,External,none,no change,1 vehicle,1996,Collision
12,3,5,Mazda,Urban,1,11,4,Male,Married,58,Third Party,Sedan - Collision,Sedan,20000 to 29000,0,14832,15,400,1,more than 30,more than 30,none,6 years,51 to 65,No,No,External,none,no change,1 vehicle,1996,Collision
11,3,3,Pontiac,Urban,6,4,4,Male,Married,40,Policy Holder,Sedan - Collision,Sedan,30000 to 39000,0,14833,1,400,2,more than 30,more than 30,2 to 4,more than 7,36 to 40,No,No,External,more than 5,no change,1 vehicle,1996,Collision
4,3,7,Toyota,Urban,2,5,4,Male,Single,39,Policy Holder,Sedan - All Perils,Sedan,30000 to 39000,0,14834,9,400,1,more than 30,more than 30,1,7 years,36 to 40,No,No,External,more than 5,1 year,1 vehicle,1996,All Perils
3,3,1,Chevrolet,Urban,2,11,2,Male,Married,47,Policy Holder,Sedan - Collision,Sedan,20000 to 29000,0,14835,16,400,3,more than 30,more than 30,2 to 4,7 years,41 to 50,Yes,No,External,none,no change,1 vehicle,1996,Collision
10,3,4,Toyota,Urban,4,11,2,Female,Married,50,Third Party,Sedan - Collision,Sedan,20000 to 29000,0,14836,16,400,4,more than 30,more than 30,none,6 years,41 to 50,No,No,External,none,no change,1 vehicle,1996,Collision
11,4,5,Toyota,Urban,2,10,4,Male,Married,41,Policy Holder,Sedan - Liability,Sport,more than 69000,0,14837,5,400,2,more than 30,more than 30,2 to 4,7 years,36 to 40,No,No,External,more than 5,no change,1 vehicle,1996,Liability
9,5,1,Mazda,Urban,3,9,1,Male,Single,29,Policy Holder,Sedan - Collision,Sedan,less than 20000,0,14838,16,400,2,more than 30,more than 30,1,6 years,31 to 35,No,No,External,more than 5,no change,1 vehicle,1996,Collision
9,3,1,Honda,Urban,1,12,4,Male,Married,47,Third Party,Sedan - Liability,Sport,20000 to 29000,0,14839,6,400,1,more than 30,more than 30,more than 4,7 years,41 to 50,No,No,External,none,no change,1 vehicle,1996,Liability
12,3,3,Toyota,Urban,1,4,3,Male,Married,28,Policy Holder,Sedan - Collision,Sedan,20000 to 29000,0,14840,2,400,3,more than 30,more than 30,2 to 4,7 years,31 to 35,No,No,External,1 to 2,no change,1 vehicle,1996,Collision
4,1,5,Honda,Urban,1,5,2,Male,Married,48,Third Party,Sedan - Collision,Sedan,20000 to 29000,0,14841,11,400,1,more than 30,more than 30,1,7 years,41 to 50,No,No,External,none,no change,1 vehicle,1996,Collision
5,2,5,Pontiac,Urban,4,6,3,Female,Single,40,Policy Holder,Sedan - Liability,Sport,20000 to 29000,0,14842,1,400,3,more than 30,more than 30,none,5 years,36 to 40,No,No,External,none,2 to 3 years,1 vehicle,1996,Liability
6,2,2,Chevrolet,Urban,2,6,3,Male,Single,28,Policy Holder,Sedan - All Perils,Sedan,20000 to 29000,0,14843,10,400,4,more than 30,more than 30,none,6 years,31 to 35,No,No,External,none,no change,3 to 4,1996,All Perils
5,5,7,Mazda,Urban,5,7,2,Male,Married,32,Policy Holder,Sedan - Liability,Sport,20000 to 29000,0,14844,9,400,4,more than 30,more than 30,1,7 years,31 to 35,No,No,External,none,no change,1 vehicle,1996,Liability
7,2,3,Pontiac,Urban,4,6,3,Male,Single,29,Third Party,Sedan - All Perils,Sedan,30000 to 39000,0,14845,1,400,4,more than 30,more than 30,more than 4,7 years,31 to 35,No,No,External,more than 5,no change,1 vehicle,1996,All Perils
6,4,3,Honda,Urban,4,6,4,Male,Married,28,Policy Holder,Sedan - Collision,Sedan,more than 69000,0,14846,10,400,3,more than 30,more than 30,1,new,31 to 35,No,No,External,none,no change,1 vehicle,1996,Collision
6,4,4,Toyota,Urban,4,8,4,Male,Married,58,Policy Holder,Sedan - All Perils,Sedan,less than 20000,0,14847,12,400,4,more than 30,more than 30,2 to 4,7 years,51 to 65,No,No,External,none,no change,1 vehicle,1996,All Perils
8,4,2,Toyota,Urban,3,8,4,Male,Married,36,Policy Holder,Sedan - Collision,Sedan,20000 to 29000,0,14848,2,400,3,more than 30,more than 30,2 to 4,7 years,36 to 40,No,No,External,none,4 to 8 years,2 vehicles,1996,Collision
8,2,1,Toyota,Urban,5,8,2,Female,Single,26,Third Party,Sedan - All Perils,Sedan,20000 to 29000,0,14849,13,400,4,more than 30,more than 30,2 to 4,7 years,31 to 35,No,No,External,more than 5,no change,1 vehicle,1996,All Perils
8,1,7,Chevrolet,Urban,4,9,2,Female,Single,33,Policy Holder,Sedan - Liability,Sport,20000 to 29000,0,14850,12,400,1,more than 30,more than 30,more than 4,5 years,31 to 35,No,No,External,1 to 2,no change,1 vehicle,1996,Liability
9,4,6,Honda,Urban,1,9,5,Male,Married,57,Policy Holder,Sedan - All Perils,Sedan,20000 to 29000,0,14851,4,400,4,more than 30,more than 30,none,more than 7,51 to 65,No,No,External,3 to 5,no change,1 vehicle,1996,All Perils
9,4,7,Pontiac,Rural,1,10,4,Male,Single,34,Third Party,Sedan - Collision,Sedan,less than 20000,0,14852,8,400,2,more than 30,more than 30,none,6 years,31 to 35,No,No,External,none,no change,1 vehicle,1996,Collision
10,1,6,Honda,Urban,3,12,4,Male,Single,34,Policy Holder,Sedan - Liability,Sport,20000 to 29000,0,14853,14,400,4,more than 30,more than 30,2 to 4,6 years,31 to 35,No,No,External,none,no change,1 vehicle,1996,Liability
12,4,6,Pontiac,Urban,2,12,5,Male,Married,52,Policy Holder,Sedan - Liability,Sport,20000 to 29000,0,14854,10,400,4,more than 30,more than 30,2 to 4,more than 7,41 to 50,No,No,External,more than 5,no change,1 vehicle,1996,Liability
12,4,4,Honda,Urban,4,12,4,Male,Single,25,Third Party,Sedan - Collision,Sedan,less than 20000,0,14855,9,400,2,more than 30,more than 30,none,6 years,26 to 30,No,No,External,none,no change,1 vehicle,1996,Collision
12,4,6,Toyota,Urban,4,12,4,Female,Married,43,Policy Holder,Sedan - Liability,Sport,20000 to 29000,0,14856,1,400,3,more than 30,more than 30,1,7 years,36 to 40,No,No,External,3 to 5,no change,1 vehicle,1996,Liability
12,3,5,Pontiac,Urban,1,5,4,Male,Married,55,Third Party,Sedan - Collision,Sedan,less than 20000,0,14857,4,400,4,more than 30,more than 30,2 to 4,more than 7,41 to 50,No,No,External,1 to 2,no change,1 vehicle,1996,Collision
4,5,2,Pontiac,Urban,3,6,1,Male,Married,39,Policy Holder,Utility - All Perils,Utility,40000 to 59000,0,14858,12,400,4,more than 30,more than 30,none,7 years,36 to 40,No,No,External,none,no change,1 vehicle,1996,All Perils
6,1,6,Pontiac,Urban,5,5,2,Male,Married,43,Policy Holder,Sedan - Liability,Sport,30000 to 39000,0,14859,6,400,3,more than 30,more than 30,2 to 4,7 years,36 to 40,No,No,External,none,no change,1 vehicle,1996,Liability
4,5,7,Pontiac,Urban,5,5,1,Male,Married,57,Policy Holder,Sedan - Liability,Sport,20000 to 29000,0,14860,2,400,3,more than 30,more than 30,more than 4,more than 7,51 to 65,No,No,External,more than 5,no change,1 vehicle,1996,Liability
4,5,6,Toyota,Urban,1,11,1,Male,Married,46,Policy Holder,Sedan - All Perils,Sedan,20000 to 29000,0,14861,16,400,4,more than 30,more than 30,none,6 years,41 to 50,No,No,External,none,no change,1 vehicle,1996,All Perils
11,2,2,Honda,Urban,3,12,2,Male,Married,40,Policy Holder,Sedan - Collision,Sedan,30000 to 39000,0,14862,15,400,4,more than 30,more than 30,2 to 4,7 years,36 to 40,No,No,External,3 to 5,no change,1 vehicle,1996,Collision
10,4,4,Chevrolet,Urban,3,12,3,Female,Married,52,Third Party,Sedan - Liability,Sport,30000 to 39000,0,14863,11,400,3,more than 30,more than 30,2 to 4,more than 7,41 to 50,No,No,Internal,none,no change,1 vehicle,1996,Liability
11,3,7,Pontiac,Urban,3,10,3,Male,Married,40,Third Party,Sedan - Liability,Sport,20000 to 29000,0,14864,13,400,1,more than 30,more than 30,2 to 4,7 years,36 to 40,No,No,External,more than 5,no change,1 vehicle,1996,Liability
10,3,1,Mazda,Urban,3,10,3,Male,Married,41,Policy Holder,Sedan - Collision,Sedan,20000 to 29000,0,14865,13,400,1,more than 30,more than 30,none,7 years,36 to 40,No,No,External,3 to 5,no change,1 vehicle,1996,Collision
10,1,1,Toyota,Urban,2,8,1,Male,Married,50,Third Party,Sedan - Collision,Sedan,20000 to 29000,0,14866,3,400,2,more than 30,more than 30,more than 4,7 years,41 to 50,No,No,External,1 to 2,no change,1 vehicle,1996,Collision
7,5,5,Pontiac,Urban,5,7,2,Male,Married,26,Third Party,Sedan - All Perils,Sedan,20000 to 29000,0,14867,8,400,4,more than 30,more than 30,1,7 years,31 to 35,No,No,External,none,no change,1 vehicle,1996,All Perils
6,5,2,Accura,Rural,5,6,2,Male,Married,40,Policy Holder,Sedan - Liability,Sport,30000 to 39000,0,14868,16,400,3,more than 30,more than 30,2 to 4,7 years,36 to 40,No,No,External,1 to 2,no change,1 vehicle,1996,Liability
6,3,5,Honda,Urban,2,11,4,Male,Married,39,Policy Holder,Sedan - Liability,Sport,20000 to 29000,0,14869,3,400,1,more than 30,more than 30,more than 4,more than 7,36 to 40,No,No,External,none,4 to 8 years,2 vehicles,1996,Liability
11,4,6,Mazda,Urban,1,12,5,Male,Single,34,Policy Holder,Sedan - Collision,Sedan,more than 69000,0,14870,15,400,4,more than 30,more than 30,1,7 years,31 to 35,No,No,External,none,no change,1 vehicle,1996,Collision
11,4,5,Pontiac,Urban,6,10,1,Male,Married,42,Third Party,Sedan - All Perils,Sedan,20000 to 29000,0,14871,16,400,2,more than 30,more than 30,none,7 years,36 to 40,No,No,External,3 to 5,no change,1 vehicle,1996,All Perils
9,3,5,Mazda,Urban,4,6,1,Male,Married,40,Policy Holder,Sedan - Liability,Sport,less than 20000,0,14872,5,400,2,more than 30,more than 30,2 to 4,7 years,36 to 40,No,No,External,none,no change,1 vehicle,1996,Liability
5,4,5,Toyota,Urban,1,5,3,Male,Married,45,Policy Holder,Sedan - Liability,Sport,30000 to 39000,0,14873,1,400,3,more than 30,more than 30,1,6 years,36 to 40,No,No,External,more than 5,no change,1 vehicle,1996,Liability
5,1,7,Mazda,Urban,3,5,2,Male,Married,34,Policy Holder,Sedan - Liability,Sport,30000 to 39000,0,14874,12,400,4,more than 30,more than 30,1,7 years,31 to 35,No,No,External,more than 5,no change,1 vehicle,1996,Liability
5,1,2,VW,Urban,3,10,1,Male,Married,49,Policy Holder,Sedan - Liability,Sport,more than 69000,0,14875,3,400,2,more than 30,more than 30,more than 4,7 years,41 to 50,No,No,External,none,no change,1 vehicle,1996,Liability
10,1,2,Honda,Urban,5,10,1,Male,Married,26,Policy Holder,Sedan - Collision,Sedan,20000 to 29000,1,14876,16,400,3,more than 30,more than 30,none,7 years,31 to 35,No,No,External,more than 5,no change,1 vehicle,1996,Collision
10,1,6,VW,Urban,2,5,1,Male,Widow,41,Policy Holder,Sedan - Collision,Sedan,60000 to 69000,1,14877,6,400,4,more than 30,more than 30,2 to 4,more than 7,36 to 40,No,No,Internal,none,no change,1 vehicle,1996,Collision
5,1,5,Pontiac,Urban,5,5,2,Male,Married,42,Third Party,Sedan - Collision,Sedan,20000 to 29000,0,14878,3,400,4,more than 30,more than 30,1,7 years,36 to 40,No,No,External,none,no change,1 vehicle,1996,Collision
5,1,6,Pontiac,Urban,2,6,1,Male,Married,41,Policy Holder,Sedan - All Perils,Sedan,less than 20000,0,14879,9,400,3,more than 30,more than 30,none,more than 7,36 to 40,No,No,External,1 to 2,no change,1 vehicle,1996,All Perils
6,2,5,Pontiac,Urban,1,11,2,Male,Married,28,Third Party,Sedan - All Perils,Sedan,30000 to 39000,0,14880,8,400,2,more than 30,more than 30,1,7 years,31 to 35,No,No,External,none,no change,1 vehicle,1996,All Perils
11,4,4,Toyota,Urban,6,12,4,Male,Married,27,Policy Holder,Sedan - Liability,Sport,20000 to 29000,0,14881,10,400,3,more than 30,more than 30,none,6 years,31 to 35,Yes,No,Internal,more than 5,no change,1 vehicle,1996,Liability
12,3,3,Pontiac,Urban,1,10,3,Male,Married,39,Third Party,Sedan - Collision,Sedan,20000 to 29000,0,14882,14,400,1,more than 30,more than 30,none,more than 7,36 to 40,No,No,External,more than 5,no change,1 vehicle,1996,Collision
10,1,5,Pontiac,Urban,5,9,3,Male,Married,43,Third Party,Sedan - Collision,Sedan,30000 to 39000,0,14883,1,400,3,more than 30,more than 30,1,7 years,36 to 40,No,No,External,none,no change,1 vehicle,1996,Collision
9,1,5,Pontiac,Urban,3,9,2,Male,Married,39,Policy Holder,Sedan - Collision,Sedan,20000 to 29000,0,14884,5,400,2,more than 30,more than 30,1,7 years,36 to 40,No,No,External,3 to 5,no change,3 to 4,1996,Collision
9,1,2,Honda,Rural,4,11,1,Male,Single,31,Policy Holder,Sedan - Collision,Sedan,20000 to 29000,0,14885,13,400,4,more than 30,more than 30,2 to 4,6 years,31 to 35,No,No,External,1 to 2,no change,1 vehicle,1996,Collision
11,3,4,Mazda,Urban,5,8,3,Male,Married,42,Policy Holder,Sedan - Liability,Sport,20000 to 29000,0,14886,16,400,3,more than 30,more than 30,2 to 4,7 years,36 to 40,No,No,External,none,no change,1 vehicle,1996,Liability
8,2,6,Toyota,Urban,2,8,3,Male,Single,42,Policy Holder,Sedan - All Perils,Sedan,20000 to 29000,0,14887,3,400,4,more than 30,more than 30,2 to 4,7 years,36 to 40,No,No,External,more than 5,no change,1 vehicle,1996,All Perils
8,1,6,Toyota,Urban,3,7,2,Male,Married,56,Third Party,Sedan - All Perils,Sedan,20000 to 29000,0,14888,3,400,1,more than 30,more than 30,1,more than 7,51 to 65,No,No,External,1 to 2,no change,1 vehicle,1996,All Perils
7,1,3,Pontiac,Urban,5,4,1,Male,Married,40,Third Party,Sedan - Collision,Sedan,20000 to 29000,0,14889,9,400,3,more than 30,more than 30,1,6 years,36 to 40,No,No,External,1 to 2,no change,1 vehicle,1996,Collision
4,2,3,Pontiac,Urban,3,9,4,Male,Married,31,Third Party,Sedan - All Perils,Sedan,20000 to 29000,0,14890,5,400,3,more than 30,more than 30,2 to 4,6 years,31 to 35,No,No,External,more than 5,4 to 8 years,2 vehicles,1996,All Perils
9,4,2,Mazda,Urban,3,5,4,Female,Single,58,Policy Holder,Sedan - Collision,Sedan,less than 20000,0,14891,6,400,3,more than 30,more than 30,1,7 years,51 to 65,No,No,External,none,no change,1 vehicle,1996,Collision
5,4,3,Honda,Urban,4,5,4,Male,Single,0,Policy Holder,Sedan - Collision,Sedan,more than 69000,0,14892,4,400,1,more than 30,more than 30,none,new,16 to 17,No,No,External,none,no change,1 vehicle,1996,Collision
5,1,3,Mazda,Urban,1,5,1,Male,Single,32,Policy Holder,Sedan - Liability,Sport,20000 to 29000,0,14893,7,500,4,more than 30,more than 30,more than 4,6 years,31 to 35,No,No,External,more than 5,2 to 3 years,1 vehicle,1996,Liability
5,3,2,VW,Urban,3,7,4,Male,Married,44,Policy Holder,Sedan - All Perils,Sedan,more than 69000,0,14894,3,400,1,more than 30,more than 30,more than 4,6 years,36 to 40,No,No,External,none,no change,1 vehicle,1996,All Perils
7,4,6,Toyota,Urban,2,11,4,Male,Married,36,Third Party,Sedan - All Perils,Sedan,20000 to 29000,0,14895,1,400,3,more than 30,more than 30,1,7 years,36 to 40,No,No,External,more than 5,no change,1 vehicle,1996,All Perils
7,5,6,Honda,Urban,1,10,4,Male,Married,27,Policy Holder,Sedan - Collision,Sedan,20000 to 29000,0,14896,12,400,1,more than 30,more than 30,2 to 4,7 years,31 to 35,No,No,External,more than 5,no change,1 vehicle,1996,Collision
10,1,4,Honda,Urban,5,11,2,Male,Married,46,Third Party,Sedan - Collision,Sedan,20000 to 29000,0,14897,6,400,2,more than 30,more than 30,none,more than 7,41 to 50,No,No,External,3 to 5,no change,1 vehicle,1996,Collision
10,2,2,Pontiac,Urban,4,12,3,Male,Married,52,Policy Holder,Sedan - All Perils,Sedan,less than 20000,0,14898,13,400,4,more than 30,more than 30,1,more than 7,41 to 50,No,No,External,1 to 2,no change,1 vehicle,1996,All Perils
12,3,4,Pontiac,Urban,1,10,4,Male,Married,34,Third Party,Sedan - Collision,Sedan,20000 to 29000,0,14899,7,400,2,more than 30,more than 30,none,6 years,31 to 35,No,No,External,1 to 2,no change,1 vehicle,1996,Collision
10,1,2,Chevrolet,Urban,2,5,2,Male,Married,27,Policy Holder,Sedan - Liability,Sport,40000 to 59000,0,14900,2,400,3,more than 30,more than 30,2 to 4,6 years,31 to 35,No,No,External,more than 5,no change,1 vehicle,1996,Liability
5,1,3,Pontiac,Urban,5,5,1,Male,Married,30,Policy Holder,Sedan - Collision,Sedan,30000 to 39000,0,14901,8,400,3,more than 30,more than 30,2 to 4,7 years,31 to 35,No,No,External,3 to 5,no change,1 vehicle,1996,Collision
5,1,7,Mazda,Urban,1,5,1,Male,Married,34,Policy Holder,Sedan - Collision,Sedan,30000 to 39000,0,14902,11,400,1,more than 30,more than 30,none,7 years,31 to 35,No,No,External,1 to 2,no change,1 vehicle,1996,Collision
5,2,7,Mazda,Urban,1,5,2,Male,Single,38,Policy Holder,Sedan - Liability,Sport,20000 to 29000,0,14903,4,400,1,more than 30,more than 30,2 to 4,7 years,36 to 40,No,No,External,none,no change,1 vehicle,1996,Liability
5,2,5,Ford,Urban,1,9,2,Male,Married,41,Policy Holder,Sedan - Collision,Sedan,40000 to 59000,0,14904,4,400,2,more than 30,more than 30,more than 4,more than 7,36 to 40,No,No,External,none,no change,1 vehicle,1996,Collision
9,1,4,Honda,Urban,1,10,2,Male,Married,49,Policy Holder,Sedan - Liability,Sport,20000 to 29000,0,14905,2,400,2,more than 30,more than 30,more than 4,7 years,41 to 50,No,No,External,1 to 2,no change,1 vehicle,1996,Liability
10,1,5,Toyota,Rural,2,12,3,Male,Married,30,Policy Holder,Sedan - Collision,Sedan,20000 to 29000,1,14906,3,400,1,more than 30,more than 30,none,5 years,31 to 35,No,No,External,none,no change,1 vehicle,1996,Collision
12,3,1,Honda,Urban,1,12,3,Male,Married,40,Policy Holder,Sedan - All Perils,Sedan,less than 20000,0,14907,10,400,2,more than 30,more than 30,none,7 years,36 to 40,No,No,External,none,no change,1 vehicle,1996,All Perils
12,3,4,Mazda,Urban,1,10,3,Male,Married,49,Third Party,Sedan - Collision,Sedan,40000 to 59000,0,14908,11,400,4,more than 30,more than 30,more than 4,more than 7,41 to 50,Yes,No,External,more than 5,no change,1 vehicle,1996,Collision
10,1,1,Mazda,Urban,3,12,2,Male,Married,59,Third Party,Sedan - All Perils,Sedan,30000 to 39000,0,14909,5,400,1,more than 30,more than 30,none,more than 7,51 to 65,No,No,External,none,no change,1 vehicle,1996,All Perils
12,3,2,Mazda,Urban,3,11,3,Male,Single,34,Policy Holder,Sedan - Liability,Sport,30000 to 39000,0,14910,2,400,1,more than 30,more than 30,2 to 4,5 years,31 to 35,No,No,External,none,no change,1 vehicle,1996,Liability
11,2,7,Pontiac,Urban,3,12,2,Female,Married,29,Third Party,Sedan - All Perils,Sedan,20000 to 29000,0,14911,12,400,4,more than 30,more than 30,none,5 years,31 to 35,No,No,External,none,4 to 8 years,2 vehicles,1996,All Perils
10,1,5,Toyota,Urban,5,9,4,Male,Single,21,Policy Holder,Sedan - All Perils,Sedan,30000 to 39000,0,14912,12,400,4,more than 30,more than 30,2 to 4,5 years,26 to 30,No,No,External,more than 5,no change,1 vehicle,1996,All Perils
9,3,4,Pontiac,Urban,4,9,3,Female,Single,26,Policy Holder,Sedan - Collision,Sedan,20000 to 29000,0,14913,7,400,3,more than 30,more than 30,2 to 4,6 years,31 to 35,No,No,External,more than 5,no change,1 vehicle,1996,Collision
9,2,4,Chevrolet,Urban,2,9,4,Male,Single,33,Third Party,Sedan - Liability,Sport,20000 to 29000,0,14914,6,400,1,more than 30,more than 30,2 to 4,6 years,31 to 35,No,No,External,none,no change,1 vehicle,1996,Liability
9,2,1,Honda,Urban,1,6,4,Male,Married,53,Third Party,Sedan - All Perils,Sedan,20000 to 29000,0,14915,9,400,4,more than 30,more than 30,none,more than 7,41 to 50,No,No,External,1 to 2,no change,1 vehicle,1996,All Perils
6,1,4,Mazda,Urban,5,5,3,Male,Married,27,Third Party,Sedan - Collision,Sedan,20000 to 29000,0,14916,6,400,1,more than 30,more than 30,1,5 years,31 to 35,No,No,External,none,no change,1 vehicle,1996,Collision
5,1,2,Honda,Urban,1,5,3,Male,Married,41,Policy Holder,Sedan - All Perils,Sedan,20000 to 29000,0,14917,1,400,4,more than 30,more than 30,none,7 years,36 to 40,No,No,External,none,no change,1 vehicle,1996,All Perils
5,1,4,Honda,Rural,7,1,5,Male,Single,25,Policy Holder,Sedan - Collision,Sedan,20000 to 29000,0,14918,4,400,2,more than 30,more than 30,2 to 4,3 years,26 to 30,No,No,External,more than 5,no change,1 vehicle,1996,Collision
12,4,3,Pontiac,Urban,4,10,1,Male,Married,44,Policy Holder,Sedan - All Perils,Sedan,20000 to 29000,0,14919,2,400,2,more than 30,more than 30,1,7 years,36 to 40,No,No,External,more than 5,no change,1 vehicle,1996,All Perils
10,4,5,Toyota,Urban,3,11,4,Female,Married,54,Third Party,Sedan - Liability,Sport,20000 to 29000,0,14920,16,400,3,more than 30,more than 30,none,7 years,41 to 50,No,No,External,none,no change,1 vehicle,1996,Liability
10,5,3,Honda,Urban,3,9,1,Male,Single,24,Policy Holder,Sedan - Collision,Sedan,20000 to 29000,0,14921,14,400,2,more than 30,more than 30,1,5 years,26 to 30,No,No,External,none,no change,1 vehicle,1996,Collision
9,5,5,Honda,Urban,1,9,5,Male,Married,45,Third Party,Sedan - Collision,Sedan,20000 to 29000,0,14922,10,400,4,more than 30,more than 30,1,7 years,36 to 40,No,No,External,none,no change,1 vehicle,1996,Collision
9,3,6,Dodge,Urban,1,8,3,Female,Married,31,Third Party,Sedan - Liability,Sport,20000 to 29000,0,14923,3,400,4,more than 30,more than 30,more than 4,6 years,31 to 35,No,No,External,none,no change,1 vehicle,1996,Liability
8,4,3,Mazda,Urban,4,7,5,Male,Married,54,Policy Holder,Sedan - Collision,Sedan,20000 to 29000,0,14924,12,400,1,more than 30,more than 30,2 to 4,more than 7,41 to 50,No,No,External,none,no change,1 vehicle,1996,Collision
7,4,1,Toyota,Urban,3,8,5,Female,Married,38,Policy Holder,Sedan - Liability,Sport,20000 to 29000,0,14925,13,400,1,more than 30,more than 30,1,7 years,36 to 40,No,No,External,1 to 2,1 year,3 to 4,1996,Liability
7,4,4,VW,Urban,1,7,1,Female,Divorced,38,Policy Holder,Sedan - All Perils,Sedan,40000 to 59000,0,14926,10,400,4,more than 30,more than 30,1,7 years,36 to 40,No,No,External,none,no change,1 vehicle,1996,All Perils
7,2,6,Saturn,Urban,2,10,2,Male,Married,29,Policy Holder,Sedan - Collision,Sedan,30000 to 39000,0,14927,3,400,4,more than 30,more than 30,2 to 4,6 years,31 to 35,No,No,External,none,no change,1 vehicle,1996,Collision
10,2,3,Honda,Urban,4,5,2,Male,Single,34,Third Party,Sedan - Collision,Sedan,20000 to 29000,0,14928,4,400,4,more than 30,more than 30,more than 4,6 years,31 to 35,No,No,External,more than 5,no change,1 vehicle,1996,Collision
5,4,5,Chevrolet,Urban,2,5,4,Male,Single,29,Policy Holder,Sedan - Collision,Sedan,20000 to 29000,0,14929,12,400,3,more than 30,more than 30,none,7 years,31 to 35,No,No,External,1 to 2,no change,1 vehicle,1996,Collision
5,2,3,Pontiac,Urban,1,5,5,Male,Married,50,Policy Holder,Sedan - Collision,Sedan,30000 to 39000,0,14930,5,400,1,more than 30,more than 30,2 to 4,more than 7,41 to 50,No,No,External,1 to 2,no change,1 vehicle,1996,Collision
5,1,2,Mazda,Urban,3,4,2,Male,Married,55,Third Party,Sedan - All Perils,Sedan,30000 to 39000,0,14931,8,400,2,more than 30,more than 30,none,more than 7,41 to 50,No,No,External,none,no change,1 vehicle,1996,All Perils
4,4,6,Honda,Urban,1,10,4,Male,Married,47,Policy Holder,Sedan - All Perils,Sedan,less than 20000,0,14932,9,400,3,more than 30,more than 30,1,7 years,41 to 50,No,No,External,none,4 to 8 years,2 vehicles,1996,All Perils
10,2,6,Pontiac,Urban,3,10,2,Male,Married,47,Third Party,Sedan - Collision,Sedan,20000 to 29000,0,14933,13,400,4,more than 30,more than 30,1,more than 7,41 to 50,No,No,External,1 to 2,no change,1 vehicle,1996,Collision
10,2,2,Chevrolet,Urban,2,9,2,Female,Married,51,Policy Holder,Sedan - Liability,Sport,30000 to 39000,0,14934,5,400,3,more than 30,more than 30,2 to 4,more than 7,41 to 50,No,No,External,3 to 5,no change,1 vehicle,1996,Liability
9,4,1,Pontiac,Urban,1,5,4,Male,Married,52,Third Party,Sedan - All Perils,Sedan,20000 to 29000,0,14935,12,400,4,more than 30,more than 30,2 to 4,more than 7,41 to 50,No,No,External,1 to 2,no change,1 vehicle,1996,All Perils
4,4,2,Pontiac,Urban,3,4,1,Male,Married,34,Policy Holder,Sedan - Collision,Sedan,30000 to 39000,0,14936,14,400,3,more than 30,more than 30,none,7 years,31 to 35,No,No,External,more than 5,no change,1 vehicle,1996,Collision
4,3,4,Ford,Urban,4,4,3,Male,Married,42,Policy Holder,Sedan - All Perils,Sedan,40000 to 59000,0,14937,14,400,4,more than 30,more than 30,more than 4,7 years,36 to 40,No,No,External,none,no change,1 vehicle,1996,All Perils
4,3,5,Toyota,Urban,2,8,3,Male,Married,39,Policy Holder,Sedan - All Perils,Sedan,more than 69000,0,14938,12,400,2,more than 30,more than 30,2 to 4,more than 7,36 to 40,No,No,External,none,no change,1 vehicle,1996,All Perils
7,4,6,Honda,Rural,3,11,1,Male,Single,0,Policy Holder,Sedan - Liability,Sport,more than 69000,0,14939,2,400,4,more than 30,more than 30,2 to 4,new,16 to 17,No,No,External,none,no change,1 vehicle,1996,Liability
10,2,2,Toyota,Urban,2,1,2,Male,Single,35,Third Party,Sedan - All Perils,Sedan,20000 to 29000,0,14940,10,400,1,more than 30,more than 30,2 to 4,6 years,31 to 35,No,No,External,none,no change,1 vehicle,1996,All Perils
1,2,2,Toyota,Urban,2,1,2,Male,Married,41,Policy Holder,Sedan - Liability,Sport,20000 to 29000,0,14941,2,400,3,more than 30,more than 30,1,6 years,36 to 40,No,No,External,none,no change,1 vehicle,1996,Liability
1,2,6,Pontiac,Urban,2,10,2,Female,Married,29,Policy Holder,Sedan - Collision,Sedan,20000 to 29000,0,14942,8,400,4,more than 30,more than 30,none,7 years,31 to 35,No,No,External,1 to 2,no change,1 vehicle,1996,Collision
10,2,3,Toyota,Urban,4,11,4,Male,Single,26,Policy Holder,Sedan - Collision,Sedan,20000 to 29000,1,14943,12,400,1,8 to 15,more than 30,none,4 years,31 to 35,No,No,External,none,no change,1 vehicle,1996,Collision
11,4,2,Dodge,Urban,3,11,4,Male,Single,22,Policy Holder,Sedan - Collision,Sedan,30000 to 39000,0,14944,4,300,4,more than 30,more than 30,more than 4,5 years,26 to 30,No,No,External,none,2 to 3 years,1 vehicle,1996,Collision
11,4,5,Toyota,Rural,2,11,4,Male,Married,52,Policy Holder,Sedan - Collision,Sedan,20000 to 29000,0,14945,8,400,3,more than 30,more than 30,1,more than 7,41 to 50,No,No,External,1 to 2,no change,1 vehicle,1996,Collision
11,3,3,Pontiac,Rural,4,5,4,Male,Married,57,Policy Holder,Sedan - Liability,Sport,20000 to 29000,0,14946,8,400,4,more than 30,more than 30,2 to 4,more than 7,51 to 65,No,No,External,1 to 2,no change,1 vehicle,1996,Liability
2,4,4,Chevrolet,Urban,5,6,3,Female,Married,32,Policy Holder,Sedan - Collision,Sedan,20000 to 29000,0,14947,11,400,1,more than 30,more than 30,1,7 years,31 to 35,No,No,External,3 to 5,no change,1 vehicle,1996,Collision
6,2,1,Toyota,Rural,5,10,2,Male,Single,27,Third Party,Sedan - Liability,Sport,20000 to 29000,0,14948,7,400,4,more than 30,more than 30,none,6 years,31 to 35,No,No,External,more than 5,no change,1 vehicle,1996,Liability
10,2,2,Toyota,Urban,2,5,2,Male,Married,42,Third Party,Sedan - Collision,Sedan,20000 to 29000,0,14949,12,400,3,more than 30,more than 30,2 to 4,7 years,36 to 40,No,No,External,1 to 2,no change,1 vehicle,1996,Collision
5,5,6,Mazda,Urban,1,5,5,Male,Married,64,Policy Holder,Sedan - Liability,Sport,20000 to 29000,0,14950,12,400,3,more than 30,more than 30,2 to 4,7 years,51 to 65,No,No,External,more than 5,no change,1 vehicle,1996,Liability
5,5,7,VW,Urban,1,10,5,Male,Married,38,Policy Holder,Sedan - Collision,Sedan,40000 to 59000,0,14951,12,400,1,more than 30,more than 30,none,5 years,36 to 40,No,No,External,1 to 2,no change,1 vehicle,1996,Collision
10,3,2,Toyota,Urban,1,10,4,Male,Married,32,Policy Holder,Sedan - Collision,Sedan,40000 to 59000,0,14952,10,400,3,more than 30,more than 30,2 to 4,6 years,31 to 35,Yes,No,External,none,no change,1 vehicle,1996,Collision
10,3,2,Chevrolet,Urban,1,10,4,Male,Married,41,Policy Holder,Utility - All Perils,Utility,more than 69000,0,14953,6,400,3,more than 30,more than 30,2 to 4,more than 7,36 to 40,No,No,External,more than 5,4 to 8 years,2 vehicles,1996,All Perils
10,1,5,Pontiac,Urban,2,1,2,Male,Married,37,Third Party,Sedan - Collision,Sedan,20000 to 29000,0,14954,14,400,4,more than 30,more than 30,2 to 4,7 years,36 to 40,No,No,External,none,no change,1 vehicle,1996,Collision
12,4,7,Pontiac,Urban,1,1,1,Male,Single,22,Policy Holder,Sedan - Collision,Sedan,20000 to 29000,0,14955,12,400,3,more than 30,more than 30,none,5 years,26 to 30,No,No,External,none,no change,1 vehicle,1996,Collision
12,3,1,Pontiac,Urban,4,4,2,Male,Married,32,Policy Holder,Sedan - Liability,Sport,20000 to 29000,0,14956,5,400,3,more than 30,more than 30,more than 4,6 years,31 to 35,No,No,External,more than 5,no change,1 vehicle,1996,Liability
4,1,7,Toyota,Rural,1,7,1,Male,Married,65,Third Party,Sedan - All Perils,Sedan,more than 69000,0,14957,9,400,4,more than 30,more than 30,1,more than 7,51 to 65,No,No,External,3 to 5,no change,1 vehicle,1996,All Perils
7,2,3,Honda,Rural,3,10,2,Male,Married,29,Policy Holder,Sedan - Collision,Sedan,20000 to 29000,0,14958,9,400,1,more than 30,more than 30,1,7 years,31 to 35,No,No,External,1 to 2,no change,1 vehicle,1996,Collision
10,2,1,Accura,Urban,1,7,2,Male,Married,45,Third Party,Sedan - Collision,Sedan,20000 to 29000,0,14959,11,400,4,more than 30,more than 30,2 to 4,7 years,36 to 40,No,No,External,more than 5,no change,1 vehicle,1996,Collision
7,5,6,Pontiac,Rural,3,1,5,Female,Single,54,Policy Holder,Sedan - Liability,Sport,20000 to 29000,0,14960,16,400,1,more than 30,more than 30,2 to 4,7 years,41 to 50,No,No,External,more than 5,no change,1 vehicle,1996,Liability
12,5,2,Pontiac,Urban,5,2,1,Male,Single,32,Third Party,Sedan - Collision,Sedan,20000 to 29000,0,14961,10,400,4,more than 30,more than 30,more than 4,6 years,31 to 35,No,No,External,none,no change,1 vehicle,1996,Collision
1,5,6,Chevrolet,Urban,4,6,1,Male,Single,51,Policy Holder,Sedan - All Perils,Sedan,more than 69000,0,14962,9,400,3,more than 30,more than 30,2 to 4,more than 7,41 to 50,No,No,External,none,no change,1 vehicle,1996,All Perils
5,4,7,Mazda,Urban,1,5,1,Male,Married,44,Policy Holder,Sedan - Collision,Sedan,30000 to 39000,0,14963,2,400,3,more than 30,more than 30,2 to 4,7 years,36 to 40,No,No,External,none,no change,1 vehicle,1996,Collision
5,4,2,Pontiac,Urban,3,5,4,Male,Married,28,Third Party,Sedan - All Perils,Sedan,20000 to 29000,0,14964,2,400,2,more than 30,more than 30,1,6 years,31 to 35,No,No,External,none,no change,1 vehicle,1996,All Perils
5,3,1,Mazda,Rural,2,8,3,Male,Married,29,Third Party,Sedan - Liability,Sport,20000 to 29000,0,14965,6,400,3,more than 30,more than 30,more than 4,7 years,31 to 35,No,No,External,1 to 2,no change,1 vehicle,1996,Liability
8,4,2,Pontiac,Urban,2,6,4,Male,Married,35,Policy Holder,Sedan - Collision,Sedan,20000 to 29000,0,14966,1,400,2,more than 30,more than 30,2 to 4,6 years,31 to 35,No,No,External,none,no change,3 to 4,1996,Collision
6,5,7,Mazda,Rural,1,6,5,Male,Single,49,Policy Holder,Sedan - Liability,Sport,20000 to 29000,0,14967,2,400,4,more than 30,more than 30,2 to 4,more than 7,41 to 50,No,No,External,1 to 2,no change,1 vehicle,1996,Liability
6,4,5,Honda,Rural,3,9,4,Male,Single,0,Policy Holder,Sedan - Liability,Sport,more than 69000,0,14968,11,400,2,more than 30,more than 30,more than 4,new,16 to 17,No,No,External,none,no change,1 vehicle,1996,Liability
9,1,5,Toyota,Urban,1,10,3,Male,Married,27,Third Party,Sedan - Collision,Sedan,20000 to 29000,0,14969,8,400,4,more than 30,more than 30,1,6 years,31 to 35,No,No,External,none,no change,1 vehicle,1996,Collision
10,2,7,Chevrolet,Urban,1,11,3,Male,Married,35,Third Party,Sedan - Collision,Sedan,30000 to 39000,0,14970,4,400,3,more than 30,more than 30,1,5 years,31 to 35,No,No,External,3 to 5,no change,1 vehicle,1996,Collision
11,1,1,Pontiac,Urban,2,9,2,Male,Married,46,Policy Holder,Sedan - Liability,Sport,20000 to 29000,0,14971,16,400,1,more than 30,more than 30,1,more than 7,41 to 50,No,No,External,none,no change,1 vehicle,1996,Liability
9,2,5,Mazda,Urban,2,10,2,Female,Married,28,Third Party,Sedan - Collision,Sedan,30000 to 39000,0,14972,13,400,2,more than 30,more than 30,none,7 years,31 to 35,No,No,External,1 to 2,no change,1 vehicle,1996,Collision
10,2,3,Pontiac,Urban,1,1,3,Male,Married,55,Third Party,Sedan - All Perils,Sedan,20000 to 29000,0,14973,8,400,1,more than 30,more than 30,none,7 years,41 to 50,No,No,External,none,no change,1 vehicle,1996,All Perils
12,5,3,Toyota,Urban,7,1,2,Female,Married,46,Third Party,Sedan - Collision,Sedan,20000 to 29000,0,14974,2,700,1,more than 30,more than 30,1,7 years,41 to 50,No,No,External,more than 5,4 to 8 years,2 vehicles,1996,Collision
12,5,2,Pontiac,Urban,2,12,1,Male,Single,30,Policy Holder,Sedan - Collision,Sedan,less than 20000,0,14975,14,400,1,more than 30,more than 30,1,7 years,31 to 35,No,No,External,1 to 2,no change,1 vehicle,1996,Collision
12,2,4,Toyota,Urban,5,3,2,Male,Married,26,Policy Holder,Sedan - Collision,Sedan,20000 to 29000,0,14976,7,400,2,more than 30,more than 30,2 to 4,5 years,31 to 35,No,No,External,none,no change,1 vehicle,1996,Collision
3,3,6,Toyota,Urban,3,5,3,Male,Single,26,Policy Holder,Sedan - Liability,Sport,more than 69000,0,14977,5,400,1,more than 30,more than 30,2 to 4,7 years,31 to 35,No,No,External,more than 5,no change,1 vehicle,1996,Liability
5,3,5,Pontiac,Urban,6,10,4,Male,Married,76,Policy Holder,Sedan - Collision,Sedan,more than 69000,0,14978,14,400,4,more than 30,more than 30,2 to 4,more than 7,over 65,No,No,External,1 to 2,no change,1 vehicle,1996,Collision
10,2,5,Pontiac,Urban,4,8,3,Male,Married,44,Policy Holder,Sedan - Collision,Sedan,30000 to 39000,1,14979,9,400,3,more than 30,more than 30,2 to 4,7 years,36 to 40,No,No,External,none,no change,1 vehicle,1996,Collision
8,2,7,Mazda,Urban,5,9,4,Male,Married,30,Policy Holder,Sedan - Collision,Sedan,20000 to 29000,0,14980,10,400,3,more than 30,more than 30,2 to 4,6 years,31 to 35,No,No,External,1 to 2,no change,1 vehicle,1996,Collision
8,4,5,Mazda,Urban,3,12,1,Male,Married,40,Policy Holder,Sedan - Liability,Sport,40000 to 59000,0,14981,10,400,3,more than 30,more than 30,none,7 years,36 to 40,No,No,Internal,none,no change,1 vehicle,1996,Liability
12,4,2,Toyota,Urban,3,12,4,Male,Married,49,Policy Holder,Sedan - Collision,Sedan,20000 to 29000,0,14982,10,400,3,more than 30,more than 30,2 to 4,more than 7,41 to 50,No,No,External,1 to 2,no change,1 vehicle,1996,Collision
12,2,6,Honda,Rural,2,12,2,Male,Married,30,Policy Holder,Sedan - Liability,Sport,30000 to 39000,0,14983,13,400,1,more than 30,more than 30,more than 4,6 years,31 to 35,No,No,External,more than 5,no change,1 vehicle,1996,Liability
12,2,6,Honda,Rural,2,9,4,Male,Single,29,Policy Holder,Sport - Collision,Sport,more than 69000,0,14984,6,400,3,more than 30,more than 30,none,7 years,31 to 35,No,No,External,1 to 2,no change,1 vehicle,1996,Collision
9,4,2,Honda,Urban,5,9,4,Male,Married,78,Policy Holder,Sedan - Collision,Sedan,20000 to 29000,0,14985,16,400,1,more than 30,more than 30,2 to 4,more than 7,over 65,No,No,External,more than 5,no change,1 vehicle,1996,Collision
9,3,7,Mazda,Urban,3,9,4,Male,Married,28,Third Party,Sedan - Collision,Sedan,20000 to 29000,0,14986,15,400,2,more than 30,more than 30,2 to 4,7 years,31 to 35,No,No,External,more than 5,no change,1 vehicle,1996,Collision
9,3,7,Chevrolet,Urban,5,8,3,Female,Married,33,Policy Holder,Sedan - Liability,Sport,20000 to 29000,0,14987,13,400,3,more than 30,more than 30,none,5 years,31 to 35,No,No,External,none,no change,1 vehicle,1996,Liability
8,3,6,Pontiac,Urban,2,7,4,Male,Married,33,Policy Holder,Sedan - Liability,Sport,20000 to 29000,0,14988,5,400,1,more than 30,more than 30,2 to 4,6 years,31 to 35,No,No,External,none,no change,1 vehicle,1996,Liability
7,3,3,Toyota,Urban,4,5,3,Male,Married,32,Policy Holder,Sedan - Collision,Sedan,20000 to 29000,0,14989,15,400,4,more than 30,more than 30,2 to 4,6 years,31 to 35,No,No,External,1 to 2,no change,1 vehicle,1996,Collision
5,2,3,Toyota,Urban,5,12,2,Female,Single,33,Policy Holder,Sedan - Liability,Sport,less than 20000,0,14990,6,400,1,more than 30,more than 30,2 to 4,6 years,31 to 35,No,No,External,none,no change,1 vehicle,1996,Liability
12,2,3,Mazda,Urban,3,12,2,Male,Married,37,Third Party,Sedan - All Perils,Sedan,less than 20000,0,14991,12,400,1,more than 30,more than 30,2 to 4,7 years,36 to 40,No,No,External,more than 5,no change,1 vehicle,1996,All Perils
12,2,4,Pontiac,Urban,2,1,2,Female,Married,40,Policy Holder,Sedan - Liability,Sport,20000 to 29000,0,14992,2,400,3,more than 30,more than 30,2 to 4,5 years,36 to 40,No,No,External,none,no change,1 vehicle,1996,Liability
12,1,1,Ford,Urban,1,3,1,Female,Single,26,Policy Holder,Sedan - Liability,Sport,30000 to 39000,0,14993,5,400,3,more than 30,more than 30,2 to 4,6 years,31 to 35,No,No,External,more than 5,no change,1 vehicle,1996,Liability
3,2,2,Toyota,Urban,2,3,2,Female,Single,24,Policy Holder,Sedan - Liability,Sport,20000 to 29000,0,14994,12,400,4,more than 30,more than 30,2 to 4,5 years,26 to 30,No,No,External,1 to 2,no change,1 vehicle,1996,Liability
3,1,3,Chevrolet,Urban,5,12,1,Female,Married,27,Policy Holder,Sedan - Liability,Sport,20000 to 29000,0,14995,10,500,1,more than 30,more than 30,more than 4,7 years,31 to 35,No,No,External,3 to 5,2 to 3 years,2 vehicles,1996,Liability
12,4,5,Honda,Urban,5,12,5,Male,Married,48,Policy Holder,Sedan - Collision,Sedan,20000 to 29000,0,14996,11,400,1,more than 30,more than 30,none,more than 7,41 to 50,No,No,External,1 to 2,no change,1 vehicle,1996,Collision
12,5,6,Pontiac,Urban,2,10,5,Male,Married,51,Policy Holder,Sedan - Liability,Sport,30000 to 39000,0,14997,5,400,1,more than 30,more than 30,more than 4,more than 7,41 to 50,No,No,External,more than 5,no change,1 vehicle,1996,Liability
10,3,6,Mercury,Urban,3,10,3,Male,Married,26,Policy Holder,Sedan - All Perils,Sedan,20000 to 29000,1,14998,15,400,4,more than 30,more than 30,none,6 years,31 to 35,No,No,External,1 to 2,no change,1 vehicle,1996,All Perils
10,3,4,Honda,Urban,1,11,3,Male,Single,30,Third Party,Sedan - All Perils,Sedan,20000 to 29000,0,14999,10,400,1,more than 30,more than 30,1,7 years,31 to 35,No,No,External,none,no change,1 vehicle,1996,All Perils
11,1,5,Accura,Urban,1,1,3,Male,Married,34,Policy Holder,Sedan - Collision,Sedan,30000 to 39000,0,15000,15,400,3,more than 30,more than 30,none,7 years,31 to 35,No,No,External,more than 5,no change,1 vehicle,1996,Collision
1,1,6,Pontiac,Urban,5,10,2,Male,Single,33,Policy Holder,Sedan - Liability,Sport,20000 to 29000,0,15001,12,400,4,more than 30,more than 30,more than 4,7 years,31 to 35,No,No,External,more than 5,no change,1 vehicle,1996,Liability
10,3,3,Chevrolet,Urban,1,12,3,Female,Married,35,Policy Holder,Sedan - Liability,Sport,20000 to 29000,0,15002,7,400,3,more than 30,more than 30,more than 4,6 years,31 to 35,No,No,External,3 to 5,no change,1 vehicle,1996,Liability
11,3,6,Mazda,Urban,4,11,1,Male,Married,52,Policy Holder,Sedan - Liability,Sport,20000 to 29000,0,15003,12,400,2,more than 30,more than 30,2 to 4,7 years,41 to 50,No,No,External,none,no change,1 vehicle,1996,Liability
11,2,2,Ford,Urban,3,7,3,Female,Single,25,Third Party,Sedan - Liability,Sport,30000 to 39000,0,15004,16,400,4,more than 30,more than 30,1,4 years,26 to 30,No,No,External,3 to 5,no change,1 vehicle,1996,Liability
7,4,1,Pontiac,Urban,4,6,4,Male,Married,44,Policy Holder,Sedan - Liability,Sport,less than 20000,0,15005,7,700,3,more than 30,more than 30,2 to 4,7 years,36 to 40,No,No,External,none,no change,1 vehicle,1996,Liability
6,3,5,Pontiac,Urban,5,4,4,Male,Married,64,Policy Holder,Sedan - Liability,Sport,30000 to 39000,0,15006,12,400,3,more than 30,more than 30,2 to 4,more than 7,51 to 65,No,No,External,3 to 5,no change,1 vehicle,1996,Liability
4,5,3,Pontiac,Urban,1,1,5,Female,Married,49,Policy Holder,Sedan - Liability,Sport,more than 69000,0,15007,9,400,2,more than 30,more than 30,more than 4,6 years,41 to 50,No,No,External,more than 5,no change,3 to 4,1996,Liability
1,1,7,Mercury,Urban,4,10,2,Male,Married,38,Policy Holder,Sedan - Collision,Sedan,20000 to 29000,0,15008,13,400,1,more than 30,more than 30,none,7 years,36 to 40,No,No,External,none,no change,1 vehicle,1996,Collision
10,3,5,Toyota,Urban,1,10,3,Male,Married,65,Policy Holder,Sedan - Liability,Sport,20000 to 29000,0,15009,7,400,2,more than 30,more than 30,2 to 4,more than 7,51 to 65,Yes,No,External,more than 5,no change,1 vehicle,1996,Liability
10,4,4,Mazda,Rural,5,10,5,Female,Single,29,Third Party,Sedan - All Perils,Sedan,20000 to 29000,0,15010,15,400,3,more than 30,more than 30,1,5 years,31 to 35,No,No,External,none,no change,1 vehicle,1996,All Perils
10,3,7,Honda,Urban,2,10,4,Male,Single,40,Third Party,Sedan - Collision,Sedan,20000 to 29000,0,15011,7,400,3,more than 30,more than 30,2 to 4,7 years,36 to 40,No,No,External,more than 5,no change,1 vehicle,1996,Collision
10,3,2,Pontiac,Urban,2,6,4,Male,Married,32,Policy Holder,Sedan - Liability,Sport,30000 to 39000,1,15012,11,400,3,more than 30,more than 30,none,7 years,31 to 35,No,No,External,none,no change,1 vehicle,1996,Liability
6,4,7,Pontiac,Rural,3,6,4,Male,Married,61,Policy Holder,Sedan - Liability,Sport,30000 to 39000,0,15013,8,400,1,more than 30,more than 30,2 to 4,more than 7,51 to 65,No,No,External,none,no change,1 vehicle,1996,Liability
6,2,6,Honda,Urban,2,5,3,Male,Married,56,Policy Holder,Sedan - All Perils,Sedan,20000 to 29000,0,15014,15,400,3,more than 30,more than 30,none,more than 7,51 to 65,No,No,External,1 to 2,no change,1 vehicle,1996,All Perils
4,5,3,Accura,Urban,3,11,2,Male,Married,40,Policy Holder,Sedan - Collision,Sedan,more than 69000,0,15015,12,400,1,more than 30,more than 30,2 to 4,more than 7,36 to 40,No,No,External,3 to 5,no change,1 vehicle,1996,Collision
11,3,4,Pontiac,Urban,5,8,3,Male,Single,34,Policy Holder,Sedan - Collision,Sedan,20000 to 29000,0,15016,10,400,1,more than 30,more than 30,none,6 years,31 to 35,No,No,External,1 to 2,1 year,2 vehicles,1996,Collision
8,2,6,Mazda,Urban,4,7,2,Male,Single,44,Third Party,Sedan - Collision,Sedan,20000 to 29000,0,15017,10,400,1,more than 30,more than 30,2 to 4,7 years,36 to 40,No,No,External,more than 5,no change,1 vehicle,1996,Collision
7,1,5,Chevrolet,Urban,1,6,2,Male,Married,37,Third Party,Sedan - Collision,Sedan,more than 69000,0,15018,4,400,4,more than 30,more than 30,1,7 years,36 to 40,No,No,External,none,no change,1 vehicle,1996,Collision
6,3,1,Mazda,Urban,4,6,4,Male,Married,61,Third Party,Sedan - Liability,Sport,20000 to 29000,0,15019,9,400,3,more than 30,more than 30,more than 4,more than 7,51 to 65,No,No,External,1 to 2,no change,1 vehicle,1996,Liability
6,1,5,Mazda,Urban,5,1,3,Male,Married,33,Policy Holder,Sedan - Collision,Sedan,30000 to 39000,0,15020,8,400,2,more than 30,more than 30,none,6 years,31 to 35,No,No,External,1 to 2,no change,1 vehicle,1996,Collision
1,2,7,Toyota,Urban,1,7,2,Male,Married,37,Policy Holder,Sedan - Collision,Sedan,30000 to 39000,0,15021,8,400,1,more than 30,more than 30,1,more than 7,36 to 40,No,No,External,more than 5,no change,1 vehicle,1996,Collision
7,4,2,Honda,Urban,5,9,4,Male,Married,36,Policy Holder,Sedan - Collision,Sedan,30000 to 39000,0,15022,1,400,4,more than 30,more than 30,2 to 4,7 years,36 to 40,No,No,External,more than 5,no change,1 vehicle,1996,Collision
9,3,1,Toyota,Urban,2,9,5,Female,Married,34,Policy Holder,Sedan - Liability,Sport,20000 to 29000,0,15023,16,400,4,more than 30,more than 30,2 to 4,6 years,31 to 35,No,No,External,none,no change,1 vehicle,1996,Liability
9,3,7,Toyota,Urban,1,12,3,Male,Married,44,Third Party,Sedan - Collision,Sedan,20000 to 29000,0,15024,9,400,4,more than 30,more than 30,1,7 years,36 to 40,No,No,External,3 to 5,no change,1 vehicle,1996,Collision
12,3,5,Mazda,Urban,5,5,3,Male,Single,27,Policy Holder,Sedan - Collision,Sedan,20000 to 29000,0,15025,14,400,2,more than 30,more than 30,2 to 4,6 years,31 to 35,No,No,External,3 to 5,no change,1 vehicle,1996,Collision
5,2,3,Honda,Urban,4,5,2,Male,Single,31,Policy Holder,Sedan - Collision,Sedan,20000 to 29000,0,15026,3,400,1,more than 30,more than 30,2 to 4,6 years,31 to 35,No,No,External,1 to 2,no change,1 vehicle,1996,Collision
5,3,5,Mazda,Urban,2,6,3,Male,Single,35,Third Party,Sedan - Collision,Sedan,20000 to 29000,0,15027,9,400,1,more than 30,more than 30,1,6 years,31 to 35,No,No,External,1 to 2,no change,1 vehicle,1996,Collision
6,2,3,Toyota,Urban,5,9,2,Male,Married,38,Policy Holder,Sedan - Liability,Sport,20000 to 29000,0,15028,16,400,4,more than 30,more than 30,2 to 4,7 years,36 to 40,No,No,External,3 to 5,no change,1 vehicle,1996,Liability
9,3,5,Honda,Urban,1,10,4,Female,Single,28,Third Party,Sedan - Collision,Sedan,20000 to 29000,0,15029,6,400,3,8 to 15,8 to 15,1,6 years,31 to 35,Yes,No,External,none,no change,1 vehicle,1996,Collision
10,2,3,Toyota,Urban,1,12,3,Male,Single,31,Policy Holder,Sedan - Collision,Sedan,20000 to 29000,0,15030,3,400,2,more than 30,more than 30,none,4 years,31 to 35,No,No,External,none,no change,1 vehicle,1996,Collision
12,2,2,Pontiac,Urban,3,12,3,Male,Single,18,Policy Holder,Sedan - Collision,Sedan,20000 to 29000,0,15031,2,400,2,more than 30,more than 30,2 to 4,2 years,21 to 25,Yes,No,External,1 to 2,no change,1 vehicle,1996,Collision
12,4,2,Honda,Rural,3,12,4,Male,Married,41,Policy Holder,Sedan - Collision,Sedan,20000 to 29000,0,15032,6,400,2,more than 30,more than 30,1,6 years,36 to 40,No,No,External,none,no change,1 vehicle,1996,Collision
12,4,3,Honda,Urban,3,12,4,Male,Married,28,Policy Holder,Sedan - Liability,Sport,20000 to 29000,0,15033,8,400,2,more than 30,more than 30,2 to 4,5 years,31 to 35,No,No,External,1 to 2,no change,1 vehicle,1996,Liability
12,4,5,Chevrolet,Urban,4,12,4,Male,Married,33,Policy Holder,Sedan - Collision,Sedan,20000 to 29000,0,15034,2,400,1,more than 30,more than 30,2 to 4,7 years,31 to 35,No,No,External,none,no change,1 vehicle,1996,Collision
12,4,6,Mazda,Urban,2,11,5,Female,Single,42,Third Party,Sedan - Liability,Sport,40000 to 59000,0,15035,3,400,4,more than 30,more than 30,more than 4,7 years,36 to 40,Yes,No,External,3 to 5,no change,1 vehicle,1996,Liability
11,4,3,Pontiac,Urban,4,10,5,Female,Married,53,Third Party,Sedan - Liability,Sport,20000 to 29000,0,15036,12,700,3,more than 30,more than 30,none,more than 7,41 to 50,No,No,Internal,more than 5,no change,1 vehicle,1996,Liability
10,1,6,Honda,Urban,2,8,1,Male,Married,30,Policy Holder,Sedan - Liability,Sport,30000 to 39000,0,15037,13,400,3,more than 30,more than 30,2 to 4,7 years,31 to 35,No,No,External,none,4 to 8 years,2 vehicles,1996,Liability
8,1,1,Chevrolet,Rural,1,5,5,Male,Single,23,Policy Holder,Sedan - Collision,Sedan,20000 to 29000,0,15038,14,400,3,more than 30,more than 30,2 to 4,5 years,26 to 30,No,No,External,more than 5,no change,1 vehicle,1996,Collision
5,4,3,Chevrolet,Urban,2,7,4,Male,Married,50,Policy Holder,Sedan - Liability,Sport,20000 to 29000,0,15039,1,400,2,more than 30,more than 30,2 to 4,more than 7,41 to 50,No,No,External,3 to 5,no change,1 vehicle,1996,Liability
5,3,5,Toyota,Urban,5,12,2,Female,Divorced,53,Policy Holder,Sedan - All Perils,Sedan,20000 to 29000,0,15040,7,400,2,more than 30,more than 30,1,7 years,41 to 50,No,No,External,none,no change,1 vehicle,1996,All Perils
12,3,5,Pontiac,Urban,5,12,3,Female,Single,44,Third Party,Sedan - Liability,Sport,20000 to 29000,0,15041,15,400,3,more than 30,more than 30,more than 4,7 years,36 to 40,No,No,External,none,no change,1 vehicle,1996,Liability
12,1,7,Chevrolet,Urban,3,4,1,Male,Single,34,Third Party,Sedan - Collision,Sedan,more than 69000,0,15042,2,400,3,more than 30,more than 30,more than 4,5 years,31 to 35,No,No,External,1 to 2,no change,1 vehicle,1996,Collision
3,4,5,Mazda,Urban,1,7,3,Female,Married,32,Policy Holder,Sedan - Collision,Sedan,20000 to 29000,0,15043,6,400,1,more than 30,more than 30,2 to 4,6 years,31 to 35,No,No,External,1 to 2,no change,1 vehicle,1996,Collision
7,1,4,Toyota,Urban,5,10,1,Female,Married,49,Third Party,Sedan - Collision,Sedan,20000 to 29000,0,15044,14,400,1,more than 30,more than 30,2 to 4,7 years,41 to 50,No,No,External,1 to 2,no change,1 vehicle,1996,Collision
10,1,7,Chevrolet,Urban,6,10,2,Male,Married,32,Policy Holder,Sedan - All Perils,Sedan,20000 to 29000,0,15045,7,400,3,more than 30,more than 30,1,6 years,31 to 35,No,No,External,more than 5,no change,1 vehicle,1996,All Perils
10,3,2,Mazda,Urban,1,10,4,Male,Married,45,Third Party,Sedan - All Perils,Sedan,20000 to 29000,1,15046,13,500,2,more than 30,more than 30,none,6 years,36 to 40,No,No,External,none,2 to 3 years,1 vehicle,1996,All Perils
10,2,3,Chevrolet,Urban,3,7,3,Female,Married,45,Policy Holder,Sedan - Liability,Sport,20000 to 29000,0,15047,2,400,2,more than 30,more than 30,1,7 years,36 to 40,No,No,External,3 to 5,no change,1 vehicle,1996,Liability
7,2,6,Toyota,Urban,4,5,2,Male,Married,33,Policy Holder,Sedan - Liability,Sport,20000 to 29000,0,15048,1,400,3,more than 30,more than 30,more than 4,6 years,31 to 35,No,No,External,more than 5,no change,3 to 4,1996,Liability
4,1,2,Chevrolet,Rural,4,5,4,Male,Married,57,Policy Holder,Sedan - All Perils,Sedan,20000 to 29000,0,15049,1,400,1,more than 30,more than 30,none,6 years,51 to 65,No,No,External,1 to 2,no change,1 vehicle,1996,All Perils
5,1,5,Pontiac,Urban,1,6,1,Female,Married,36,Third Party,Sedan - Liability,Sport,20000 to 29000,0,15050,9,400,4,more than 30,more than 30,more than 4,7 years,36 to 40,No,No,External,none,no change,1 vehicle,1996,Liability
5,4,5,Chevrolet,Urban,1,6,2,Female,Single,32,Third Party,Sedan - All Perils,Sedan,20000 to 29000,0,15051,13,400,1,more than 30,more than 30,none,6 years,31 to 35,No,No,External,more than 5,no change,1 vehicle,1996,All Perils
5,4,2,Toyota,Rural,2,11,1,Male,Single,27,Policy Holder,Sedan - All Perils,Sedan,20000 to 29000,0,15052,7,400,1,more than 30,more than 30,2 to 4,5 years,31 to 35,No,No,External,1 to 2,no change,1 vehicle,1996,All Perils
5,2,4,Pontiac,Rural,4,6,2,Male,Single,30,Policy Holder,Sedan - All Perils,Sedan,30000 to 39000,0,15053,2,400,3,more than 30,more than 30,2 to 4,6 years,31 to 35,No,No,External,more than 5,no change,1 vehicle,1996,All Perils
6,2,5,Pontiac,Urban,3,8,3,Female,Single,30,Third Party,Sedan - Collision,Sedan,20000 to 29000,0,15054,6,400,4,more than 30,more than 30,2 to 4,5 years,31 to 35,No,No,External,none,no change,1 vehicle,1996,Collision
7,3,6,Honda,Urban,1,10,1,Female,Single,35,Third Party,Sedan - Liability,Sport,20000 to 29000,0,15055,14,400,4,more than 30,more than 30,more than 4,5 years,31 to 35,No,No,External,none,no change,1 vehicle,1996,Liability
10,1,1,Pontiac,Urban,2,10,1,Male,Single,28,Third Party,Sedan - All Perils,Sedan,20000 to 29000,0,15056,8,400,1,more than 30,more than 30,none,5 years,31 to 35,No,No,External,3 to 5,no change,1 vehicle,1996,All Perils
10,3,1,Mazda,Urban,1,10,3,Male,Single,30,Third Party,Sedan - Collision,Sedan,less than 20000,0,15057,1,400,3,more than 30,more than 30,1,6 years,31 to 35,No,No,External,1 to 2,no change,1 vehicle,1996,Collision
10,3,1,Accura,Urban,5,11,4,Male,Married,62,Policy Holder,Sedan - All Perils,Sedan,30000 to 39000,0,15058,11,400,1,more than 30,more than 30,none,more than 7,51 to 65,No,No,External,3 to 5,4 to 8 years,2 vehicles,1996,All Perils
10,3,7,Mazda,Urban,5,1,1,Male,Married,26,Third Party,Sedan - Collision,Sedan,20000 to 29000,0,15059,16,400,1,more than 30,more than 30,none,7 years,31 to 35,No,No,External,none,no change,1 vehicle,1996,Collision
1,2,6,Chevrolet,Urban,1,3,2,Male,Married,41,Third Party,Sedan - All Perils,Sedan,40000 to 59000,0,15060,14,400,3,more than 30,more than 30,none,6 years,36 to 40,No,No,External,none,no change,1 vehicle,1996,All Perils
3,4,1,Honda,Urban,3,10,4,Male,Married,39,Policy Holder,Sedan - Liability,Sport,20000 to 29000,0,15061,9,400,2,more than 30,more than 30,1,7 years,36 to 40,No,No,External,more than 5,no change,1 vehicle,1996,Liability
10,3,3,Accura,Urban,1,11,3,Male,Single,61,Policy Holder,Sedan - All Perils,Sedan,more than 69000,1,15062,2,400,1,more than 30,more than 30,2 to 4,more than 7,51 to 65,No,No,External,1 to 2,no change,1 vehicle,1996,All Perils
11,3,4,Pontiac,Urban,5,8,3,Male,Married,43,Policy Holder,Sedan - Liability,Sport,20000 to 29000,0,15063,4,400,3,more than 30,more than 30,none,7 years,36 to 40,No,No,External,none,no change,1 vehicle,1996,Liability
8,3,3,Honda,Urban,5,6,3,Male,Married,27,Policy Holder,Sedan - Liability,Sport,20000 to 29000,0,15064,3,400,1,more than 30,more than 30,1,4 years,31 to 35,No,No,External,none,no change,1 vehicle,1996,Liability
6,3,1,Honda,Urban,2,10,3,Male,Married,29,Policy Holder,Sedan - Liability,Sport,20000 to 29000,0,15065,10,400,1,more than 30,more than 30,2 to 4,6 years,31 to 35,No,No,External,3 to 5,no change,1 vehicle,1996,Liability
10,3,4,Honda,Urban,4,9,3,Male,Married,66,Policy Holder,Sport - Collision,Sport,more than 69000,1,15066,2,400,2,more than 30,more than 30,none,6 years,over 65,No,No,External,none,no change,1 vehicle,1996,Collision
9,1,5,Pontiac,Urban,3,10,1,Male,Married,27,Policy Holder,Sedan - Liability,Sport,20000 to 29000,0,15067,5,700,1,more than 30,more than 30,1,7 years,31 to 35,No,No,External,none,no change,1 vehicle,1996,Liability
10,4,2,Ford,Urban,6,10,4,Male,Married,36,Policy Holder,Sedan - Liability,Sport,30000 to 39000,0,15068,15,400,1,more than 30,more than 30,none,more than 7,36 to 40,No,No,Internal,none,no change,1 vehicle,1996,Liability
9,2,5,Ford,Urban,5,9,1,Male,Married,70,Third Party,Sedan - Liability,Sport,60000 to 69000,0,15069,16,400,1,more than 30,more than 30,2 to 4,more than 7,over 65,No,No,External,none,no change,1 vehicle,1996,Liability
9,2,5,Pontiac,Urban,4,10,2,Male,Married,52,Policy Holder,Sedan - Collision,Sedan,30000 to 39000,0,15070,12,400,1,more than 30,more than 30,none,7 years,41 to 50,No,No,External,1 to 2,no change,1 vehicle,1996,Collision
8,4,5,Honda,Urban,1,9,1,Male,Married,35,Policy Holder,Sedan - All Perils,Sedan,less than 20000,0,15071,2,400,1,more than 30,more than 30,none,7 years,31 to 35,No,No,External,none,no change,1 vehicle,1996,All Perils
9,4,2,Pontiac,Urban,5,12,4,Male,Single,26,Policy Holder,Sedan - Collision,Sedan,less than 20000,0,15072,7,400,1,more than 30,more than 30,1,7 years,31 to 35,No,No,External,more than 5,no change,1 vehicle,1996,Collision
12,2,7,Chevrolet,Rural,2,7,3,Male,Married,41,Third Party,Sedan - Collision,Sedan,20000 to 29000,0,15073,5,400,4,more than 30,more than 30,none,7 years,36 to 40,No,No,External,3 to 5,no change,1 vehicle,1996,Collision
7,2,3,Toyota,Urban,2,4,2,Female,Single,31,Policy Holder,Sedan - Liability,Sport,20000 to 29000,0,15074,3,400,3,more than 30,more than 30,more than 4,6 years,31 to 35,No,No,External,1 to 2,no change,1 vehicle,1996,Liability
3,4,6,Mercury,Urban,1,8,2,Male,Single,42,Third Party,Sedan - All Perils,Sedan,more than 69000,0,15075,9,400,1,more than 30,more than 30,2 to 4,7 years,36 to 40,No,No,External,more than 5,no change,1 vehicle,1996,All Perils
7,5,4,Chevrolet,Urban,5,10,1,Male,Married,59,Policy Holder,Sedan - Liability,Sport,20000 to 29000,0,15076,7,400,2,more than 30,more than 30,2 to 4,more than 7,51 to 65,No,No,External,more than 5,no change,1 vehicle,1996,Liability
9,5,5,Toyota,Urban,1,10,2,Male,Married,30,Policy Holder,Sedan - Liability,Sport,20000 to 29000,0,15077,12,400,1,more than 30,more than 30,2 to 4,7 years,31 to 35,No,No,External,more than 5,no change,1 vehicle,1996,Liability
9,5,1,Mazda,Urban,2,9,1,Male,Single,35,Third Party,Sedan - Collision,Sedan,30000 to 39000,0,15078,14,400,3,more than 30,more than 30,2 to 4,6 years,31 to 35,No,No,External,3 to 5,no change,1 vehicle,1996,Collision
9,4,3,Toyota,Urban,1,10,4,Male,Married,63,Third Party,Sedan - All Perils,Sedan,20000 to 29000,0,15079,15,400,2,more than 30,more than 30,1,7 years,51 to 65,No,No,External,none,4 to 8 years,2 vehicles,1996,All Perils
10,3,2,Honda,Urban,3,11,4,Male,Single,29,Third Party,Sedan - Collision,Sedan,20000 to 29000,0,15080,8,400,3,more than 30,more than 30,2 to 4,6 years,31 to 35,No,No,External,none,no change,1 vehicle,1996,Collision
11,1,1,Honda,Urban,2,10,1,Male,Married,55,Policy Holder,Sedan - Liability,Sport,20000 to 29000,0,15081,6,400,3,more than 30,more than 30,2 to 4,more than 7,41 to 50,No,No,External,more than 5,no change,1 vehicle,1996,Liability
10,1,2,Toyota,Rural,5,10,1,Male,Married,66,Policy Holder,Sedan - Liability,Sport,30000 to 39000,0,15082,10,400,1,more than 30,more than 30,none,6 years,over 65,No,No,Internal,more than 5,no change,1 vehicle,1996,Liability
10,1,7,Toyota,Urban,2,10,1,Male,Married,66,Third Party,Sedan - Liability,Sport,40000 to 59000,0,15083,5,400,1,more than 30,more than 30,2 to 4,more than 7,over 65,No,No,Internal,none,no change,1 vehicle,1996,Liability
10,4,5,Honda,Urban,1,10,4,Male,Married,43,Policy Holder,Sedan - Collision,Sedan,20000 to 29000,0,15084,7,400,3,more than 30,more than 30,1,7 years,36 to 40,No,No,External,none,no change,1 vehicle,1996,Collision
9,5,5,Toyota,Urban,2,10,1,Male,Married,64,Third Party,Sedan - Liability,Sport,20000 to 29000,0,15085,12,400,1,more than 30,more than 30,1,7 years,51 to 65,No,No,External,more than 5,no change,1 vehicle,1996,Liability
9,3,3,Honda,Urban,2,9,1,Male,Single,28,Policy Holder,Sedan - Liability,Sport,30000 to 39000,0,15086,2,400,2,more than 30,more than 30,2 to 4,7 years,31 to 35,No,No,External,none,no change,1 vehicle,1996,Liability
8,5,3,Honda,Urban,1,10,1,Female,Single,20,Third Party,Sport - Collision,Sport,more than 69000,0,15087,1,400,3,more than 30,more than 30,none,5 years,21 to 25,No,No,External,1 to 2,no change,1 vehicle,1996,Collision
10,3,5,Honda,Urban,1,5,4,Male,Married,38,Policy Holder,Sedan - Collision,Sedan,20000 to 29000,1,15088,3,400,2,more than 30,more than 30,none,7 years,36 to 40,No,No,External,1 to 2,no change,1 vehicle,1996,Collision
5,4,4,Honda,Urban,3,11,5,Female,Married,50,Policy Holder,Sedan - Liability,Sport,20000 to 29000,0,15089,3,400,4,more than 30,more than 30,more than 4,7 years,41 to 50,No,No,External,1 to 2,no change,3 to 4,1996,Liability
10,2,7,Saturn,Urban,3,9,1,Male,Married,28,Policy Holder,Sedan - Collision,Sedan,40000 to 59000,0,15090,4,400,2,more than 30,more than 30,1,5 years,31 to 35,No,No,External,more than 5,no change,1 vehicle,1996,Collision
8,5,2,Mazda,Rural,4,7,2,Male,Married,42,Policy Holder,Sedan - All Perils,Sedan,less than 20000,0,15091,3,400,2,more than 30,more than 30,1,7 years,36 to 40,No,No,External,more than 5,no change,1 vehicle,1996,All Perils
7,1,3,Toyota,Urban,5,4,2,Male,Married,52,Third Party,Sedan - Collision,Sedan,20000 to 29000,0,15092,8,400,1,more than 30,more than 30,none,more than 7,41 to 50,No,No,External,none,no change,1 vehicle,1996,Collision
3,1,6,Mazda,Urban,3,10,2,Male,Single,40,Policy Holder,Sedan - Liability,Sport,20000 to 29000,0,15093,16,400,4,more than 30,more than 30,more than 4,7 years,36 to 40,No,No,External,none,no change,1 vehicle,1996,Liability
10,2,3,Pontiac,Urban,3,10,2,Male,Married,27,Policy Holder,Sedan - All Perils,Sedan,20000 to 29000,0,15094,6,400,2,more than 30,more than 30,none,5 years,31 to 35,No,No,External,3 to 5,no change,1 vehicle,1996,All Perils
10,3,6,Honda,Urban,1,5,4,Male,Married,30,Third Party,Sedan - Collision,Sedan,20000 to 29000,0,15095,11,400,1,more than 30,more than 30,2 to 4,6 years,31 to 35,No,No,External,none,no change,1 vehicle,1996,Collision
5,4,3,Pontiac,Urban,3,11,4,Female,Married,47,Policy Holder,Sedan - Liability,Sport,20000 to 29000,0,15096,7,400,3,more than 30,more than 30,more than 4,7 years,41 to 50,No,No,External,none,no change,1 vehicle,1996,Liability
11,4,7,Toyota,Urban,1,7,4,Male,Married,65,Third Party,Sedan - Liability,Sport,30000 to 39000,0,15097,12,500,1,more than 30,more than 30,more than 4,more than 7,51 to 65,No,No,External,more than 5,2 to 3 years,1 vehicle,1996,Liability
7,2,4,Chevrolet,Urban,4,6,2,Male,Married,45,Third Party,Sedan - All Perils,Sedan,20000 to 29000,0,15098,14,700,4,more than 30,more than 30,2 to 4,7 years,36 to 40,No,No,External,1 to 2,no change,1 vehicle,1996,All Perils
6,1,3,Pontiac,Urban,4,5,1,Female,Married,50,Policy Holder,Sedan - All Perils,Sedan,20000 to 29000,0,15099,2,400,3,more than 30,more than 30,none,7 years,41 to 50,No,No,External,1 to 2,no change,1 vehicle,1996,All Perils
5,4,5,Mazda,Rural,2,1,4,Male,Married,51,Policy Holder,Sedan - All Perils,Sedan,20000 to 29000,0,15100,12,400,3,more than 30,more than 30,none,7 years,41 to 50,No,No,External,1 to 2,4 to 8 years,2 vehicles,1996,All Perils
1,2,7,Chevrolet,Urban,5,1,3,Male,Single,30,Third Party,Sedan - Liability,Sport,20000 to 29000,0,15101,16,400,1,more than 30,more than 30,more than 4,5 years,31 to 35,No,No,External,none,no change,1 vehicle,1996,Liability
1,3,7,Toyota,Urban,1,1,3,Male,Married,48,Policy Holder,Sedan - Liability,Sport,20000 to 29000,0,15102,5,400,4,more than 30,more than 30,2 to 4,more than 7,41 to 50,No,No,External,1 to 2,no change,1 vehicle,1996,Liability
1,3,1,Pontiac,Urban,2,11,3,Male,Married,41,Policy Holder,Sedan - Collision,Sedan,40000 to 59000,0,15103,9,400,3,more than 30,more than 30,more than 4,more than 7,36 to 40,No,No,External,more than 5,no change,1 vehicle,1996,Collision
11,2,4,Pontiac,Urban,3,11,2,Male,Single,27,Third Party,Sedan - All Perils,Sedan,20000 to 29000,0,15104,4,400,2,more than 30,more than 30,none,6 years,31 to 35,No,No,External,none,no change,1 vehicle,1996,All Perils
10,3,3,Ford,Urban,3,1,1,Male,Married,44,Policy Holder,Sedan - Liability,Sport,30000 to 39000,0,15105,13,400,3,more than 30,more than 30,more than 4,7 years,36 to 40,No,No,External,none,no change,1 vehicle,1996,Liability
1,2,4,Pontiac,Urban,5,10,3,Male,Married,45,Policy Holder,Sedan - All Perils,Sedan,less than 20000,0,15106,6,400,2,more than 30,more than 30,2 to 4,7 years,36 to 40,No,No,External,none,no change,1 vehicle,1996,All Perils
10,3,2,Mazda,Urban,5,9,3,Male,Married,54,Policy Holder,Sedan - Collision,Sedan,30000 to 39000,1,15107,6,400,2,more than 30,more than 30,2 to 4,more than 7,41 to 50,No,No,External,none,1 year,1 vehicle,1996,Collision
9,4,3,Toyota,Urban,5,6,5,Male,Married,50,Policy Holder,Sedan - Liability,Sport,30000 to 39000,0,15108,5,400,1,more than 30,more than 30,2 to 4,7 years,41 to 50,No,No,External,none,no change,1 vehicle,1996,Liability
6,4,5,Toyota,Urban,1,6,4,Male,Single,34,Policy Holder,Sedan - Collision,Sedan,20000 to 29000,0,15109,10,400,3,more than 30,more than 30,1,7 years,31 to 35,No,No,Internal,1 to 2,no change,1 vehicle,1996,Collision
6,3,1,Toyota,Urban,5,1,3,Female,Married,37,Policy Holder,Sedan - Collision,Sedan,less than 20000,0,15110,7,400,1,more than 30,more than 30,none,more than 7,36 to 40,No,No,External,more than 5,no change,1 vehicle,1996,Collision
12,4,4,Pontiac,Urban,5,10,2,Male,Married,55,Policy Holder,Sedan - Collision,Sedan,30000 to 39000,0,15111,7,400,2,more than 30,more than 30,2 to 4,more than 7,41 to 50,No,No,External,3 to 5,no change,1 vehicle,1996,Collision
10,3,3,Honda,Urban,4,3,3,Male,Married,68,Policy Holder,Sedan - All Perils,Sedan,20000 to 29000,1,15112,16,400,3,more than 30,more than 30,none,more than 7,over 65,No,No,External,more than 5,no change,1 vehicle,1996,All Perils
3,3,5,Mazda,Urban,4,8,5,Male,Married,49,Third Party,Sedan - Liability,Sport,30000 to 39000,0,15113,8,400,3,more than 30,more than 30,2 to 4,more than 7,41 to 50,Yes,No,External,none,no change,1 vehicle,1996,Liability
7,1,2,Mazda,Urban,3,9,2,Female,Single,31,Policy Holder,Sedan - Liability,Sport,20000 to 29000,0,15114,14,400,2,more than 30,more than 30,2 to 4,6 years,31 to 35,No,No,External,none,no change,1 vehicle,1996,Liability
9,4,4,Mazda,Urban,2,10,4,Female,Single,44,Policy Holder,Sedan - Liability,Sport,20000 to 29000,0,15115,1,400,4,more than 30,more than 30,2 to 4,6 years,36 to 40,No,No,External,none,no change,1 vehicle,1996,Liability
10,3,5,Honda,Urban,1,10,4,Male,Single,28,Policy Holder,Sedan - Collision,Sedan,20000 to 29000,1,15116,11,400,2,more than 30,more than 30,2 to 4,3 years,31 to 35,No,No,External,none,no change,1 vehicle,1996,Collision
10,1,6,Pontiac,Urban,2,10,2,Male,Married,31,Policy Holder,Sedan - Collision,Sedan,less than 20000,0,15117,14,400,1,more than 30,more than 30,none,7 years,31 to 35,No,No,External,3 to 5,no change,1 vehicle,1996,Collision
10,2,1,Honda,Urban,2,9,2,Male,Married,63,Policy Holder,Sedan - Collision,Sedan,20000 to 29000,0,15118,2,400,1,more than 30,more than 30,1,more than 7,51 to 65,No,No,External,none,no change,1 vehicle,1996,Collision
9,4,1,Toyota,Urban,2,6,4,Female,Married,41,Policy Holder,Sedan - Collision,Sedan,20000 to 29000,0,15119,16,400,2,more than 30,more than 30,none,7 years,36 to 40,No,No,External,none,no change,1 vehicle,1996,Collision
6,2,5,Pontiac,Urban,2,10,2,Female,Married,36,Policy Holder,Sedan - Collision,Sedan,30000 to 39000,0,15120,7,400,1,more than 30,more than 30,2 to 4,7 years,36 to 40,No,No,External,none,no change,1 vehicle,1996,Collision
10,3,1,Chevrolet,Urban,2,11,4,Male,Married,50,Policy Holder,Utility - All Perils,Utility,more than 69000,1,15121,9,400,3,more than 30,more than 30,2 to 4,7 years,41 to 50,No,No,External,1 to 2,4 to 8 years,2 vehicles,1996,All Perils
11,4,4,Mazda,Urban,5,8,4,Male,Married,43,Policy Holder,Sedan - Collision,Sedan,20000 to 29000,0,15122,2,400,3,more than 30,more than 30,2 to 4,7 years,36 to 40,No,No,External,none,no change,1 vehicle,1996,Collision
8,2,5,Honda,Urban,3,8,2,Male,Married,34,Policy Holder,Sedan - Liability,Sport,20000 to 29000,0,15123,9,400,1,more than 30,more than 30,more than 4,7 years,31 to 35,No,No,External,1 to 2,no change,1 vehicle,1996,Liability
8,1,1,Toyota,Rural,2,7,4,Male,Single,27,Third Party,Sedan - All Perils,Sedan,20000 to 29000,0,15124,2,400,3,more than 30,more than 30,2 to 4,6 years,31 to 35,No,No,External,none,no change,1 vehicle,1996,All Perils
7,3,3,Honda,Urban,4,2,3,Female,Married,47,Policy Holder,Sedan - Liability,Sport,20000 to 29000,0,15125,14,400,1,more than 30,more than 30,2 to 4,7 years,41 to 50,No,No,External,3 to 5,no change,1 vehicle,1996,Liability
2,1,2,Mazda,Urban,5,2,1,Female,Married,42,Policy Holder,Sedan - Collision,Sedan,20000 to 29000,0,15126,1,400,4,more than 30,more than 30,2 to 4,7 years,36 to 40,No,No,External,more than 5,no change,1 vehicle,1996,Collision
1,5,4,Pontiac,Urban,4,2,1,Male,Single,28,Policy Holder,Sedan - All Perils,Sedan,30000 to 39000,0,15127,13,400,1,more than 30,more than 30,2 to 4,7 years,31 to 35,No,No,External,3 to 5,no change,1 vehicle,1996,All Perils
1,4,6,Mazda,Urban,4,2,1,Male,Single,23,Policy Holder,Sedan - Collision,Sedan,20000 to 29000,0,15128,10,400,3,more than 30,more than 30,2 to 4,5 years,26 to 30,No,No,External,more than 5,no change,1 vehicle,1996,Collision
1,5,3,Honda,Urban,4,4,1,Male,Married,44,Third Party,Sedan - Liability,Sport,20000 to 29000,0,15129,7,700,4,more than 30,more than 30,2 to 4,7 years,36 to 40,No,No,External,more than 5,no change,1 vehicle,1996,Liability
4,2,5,Pontiac,Urban,4,11,5,Male,Married,22,Policy Holder,Sedan - Collision,Sedan,20000 to 29000,0,15130,2,400,3,more than 30,more than 30,2 to 4,5 years,26 to 30,No,No,External,1 to 2,no change,3 to 4,1996,Collision
10,3,5,Pontiac,Urban,1,10,2,Male,Married,60,Policy Holder,Sedan - Collision,Sedan,less than 20000,1,15131,9,400,3,more than 30,more than 30,1,more than 7,51 to 65,No,No,External,more than 5,no change,1 vehicle,1996,Collision
10,4,6,Pontiac,Urban,4,10,4,Male,Single,34,Third Party,Sedan - Collision,Sedan,20000 to 29000,0,15132,6,400,2,more than 30,more than 30,2 to 4,5 years,31 to 35,No,No,External,none,no change,1 vehicle,1996,Collision
10,4,4,Toyota,Urban,5,6,4,Male,Single,26,Third Party,Sedan - Collision,Sedan,20000 to 29000,0,15133,11,400,1,more than 30,more than 30,more than 4,6 years,31 to 35,No,No,External,more than 5,no change,1 vehicle,1996,Collision
6,2,4,Mazda,Urban,5,6,2,Female,Married,34,Third Party,Sedan - Liability,Sport,20000 to 29000,0,15134,6,400,1,more than 30,more than 30,2 to 4,6 years,31 to 35,No,No,External,3 to 5,no change,1 vehicle,1996,Liability
6,2,1,Pontiac,Rural,3,6,2,Male,Married,32,Third Party,Sedan - Collision,Sedan,30000 to 39000,0,15135,6,400,2,more than 30,more than 30,more than 4,7 years,31 to 35,No,No,External,none,no change,1 vehicle,1996,Collision
5,1,6,Mazda,Urban,4,10,2,Male,Married,39,Policy Holder,Sedan - Collision,Sedan,30000 to 39000,0,15136,7,400,1,more than 30,more than 30,2 to 4,7 years,36 to 40,No,No,External,1 to 2,no change,1 vehicle,1996,Collision
10,4,7,Pontiac,Urban,1,1,4,Male,Single,33,Third Party,Sedan - All Perils,Sedan,30000 to 39000,0,15137,1,400,3,more than 30,more than 30,2 to 4,7 years,31 to 35,No,No,External,none,no change,1 vehicle,1996,All Perils
1,1,1,Honda,Urban,5,6,1,Male,Married,59,Third Party,Sedan - Collision,Sedan,20000 to 29000,0,15138,4,400,3,more than 30,more than 30,none,7 years,51 to 65,No,No,External,none,no change,1 vehicle,1996,Collision
5,3,4,Pontiac,Urban,2,9,1,Male,Married,39,Policy Holder,Sedan - Collision,Sedan,30000 to 39000,0,15139,8,400,4,more than 30,more than 30,2 to 4,more than 7,36 to 40,No,No,External,3 to 5,no change,1 vehicle,1996,Collision
9,1,1,Ford,Urban,2,8,4,Male,Married,66,Policy Holder,Sedan - Liability,Sport,60000 to 69000,0,15140,5,400,4,more than 30,more than 30,1,more than 7,over 65,No,No,External,1 to 2,no change,1 vehicle,1996,Liability
8,5,5,Honda,Urban,5,9,5,Male,Single,35,Third Party,Sedan - Collision,Sedan,20000 to 29000,0,15141,3,400,2,more than 30,more than 30,none,6 years,31 to 35,No,No,External,1 to 2,no change,1 vehicle,1996,Collision
9,2,1,Mazda,Urban,3,11,2,Male,Married,45,Policy Holder,Sedan - Liability,Sport,30000 to 39000,0,15142,11,400,4,more than 30,more than 30,2 to 4,7 years,36 to 40,No,No,External,none,4 to 8 years,2 vehicles,1996,Liability
11,2,7,Pontiac,Urban,1,10,2,Male,Single,34,Policy Holder,Sedan - Liability,Sport,20000 to 29000,0,15143,6,400,2,more than 30,more than 30,1,6 years,31 to 35,No,No,External,none,no change,1 vehicle,1996,Liability
10,4,6,Toyota,Urban,4,12,4,Female,Widow,26,Policy Holder,Sedan - Collision,Sedan,20000 to 29000,1,15144,6,400,4,more than 30,more than 30,1,4 years,31 to 35,No,No,External,1 to 2,no change,1 vehicle,1996,Collision
12,2,4,Honda,Urban,5,12,3,Male,Married,48,Policy Holder,Sedan - Liability,Sport,30000 to 39000,0,15145,16,400,4,more than 30,more than 30,2 to 4,more than 7,41 to 50,No,No,External,none,no change,1 vehicle,1996,Liability
12,2,6,Mazda,Urban,1,2,2,Female,Single,54,Policy Holder,Sedan - Liability,Sport,20000 to 29000,0,15146,14,400,1,more than 30,more than 30,2 to 4,7 years,41 to 50,No,No,External,more than 5,no change,1 vehicle,1996,Liability
2,1,5,Toyota,Urban,5,6,1,Male,Married,37,Third Party,Sedan - Collision,Sedan,20000 to 29000,0,15147,12,400,4,more than 30,more than 30,2 to 4,6 years,36 to 40,No,No,External,1 to 2,no change,1 vehicle,1996,Collision
6,1,5,Toyota,Urban,1,6,1,Male,Married,28,Policy Holder,Sedan - Liability,Sport,20000 to 29000,0,15148,1,500,3,more than 30,more than 30,2 to 4,7 years,31 to 35,No,No,External,more than 5,2 to 3 years,1 vehicle,1996,Liability
6,1,4,Pontiac,Urban,1,9,1,Male,Married,55,Policy Holder,Sedan - Collision,Sedan,less than 20000,0,15149,14,400,4,more than 30,more than 30,none,more than 7,41 to 50,No,No,External,1 to 2,no change,1 vehicle,1996,Collision
8,4,6,Toyota,Urban,2,10,2,Female,Single,29,Policy Holder,Sedan - Liability,Sport,20000 to 29000,0,15150,6,400,2,more than 30,more than 30,1,5 years,31 to 35,No,No,External,3 to 5,no change,1 vehicle,1996,Liability
8,3,3,Pontiac,Urban,4,7,3,Male,Single,27,Policy Holder,Sedan - Collision,Sedan,20000 to 29000,0,15151,15,400,4,none,more than 30,2 to 4,7 years,31 to 35,Yes,No,External,none,no change,1 vehicle,1996,Collision
7,3,3,Toyota,Urban,4,5,3,Male,Married,53,Policy Holder,Sedan - Liability,Sport,30000 to 39000,0,15152,10,400,1,more than 30,more than 30,1,7 years,41 to 50,No,No,External,3 to 5,no change,1 vehicle,1996,Liability
5,1,2,Honda,Urban,3,7,1,Male,Married,45,Policy Holder,Sedan - Liability,Sport,20000 to 29000,0,15153,2,400,4,more than 30,more than 30,more than 4,7 years,36 to 40,No,No,External,1 to 2,no change,1 vehicle,1996,Liability
7,4,2,Chevrolet,Urban,4,1,4,Male,Single,26,Policy Holder,Sedan - Collision,Sedan,20000 to 29000,0,15154,16,400,4,more than 30,more than 30,more than 4,6 years,31 to 35,No,No,External,none,no change,1 vehicle,1996,Collision
9,4,7,Honda,Urban,1,10,4,Male,Married,34,Policy Holder,Sedan - All Perils,Sedan,20000 to 29000,0,15155,4,400,4,more than 30,more than 30,2 to 4,7 years,31 to 35,No,No,External,none,no change,1 vehicle,1996,All Perils
10,4,4,Chevrolet,Urban,5,10,4,Male,Single,25,Policy Holder,Sedan - Liability,Sport,30000 to 39000,0,15156,13,400,1,more than 30,more than 30,more than 4,4 years,26 to 30,No,No,Internal,more than 5,no change,1 vehicle,1996,Liability
10,4,4,Toyota,Urban,6,12,5,Male,Married,52,Policy Holder,Sedan - Liability,Sport,30000 to 39000,0,15157,13,400,1,more than 30,more than 30,2 to 4,more than 7,41 to 50,No,No,External,none,no change,1 vehicle,1996,Liability
10,4,7,Toyota,Urban,3,6,3,Male,Married,45,Third Party,Sedan - All Perils,Sedan,less than 20000,0,15158,7,400,1,more than 30,more than 30,1,more than 7,36 to 40,No,No,External,none,no change,1 vehicle,1996,All Perils
6,1,1,Chevrolet,Urban,5,10,2,Male,Married,43,Policy Holder,Sedan - Liability,Sport,20000 to 29000,0,15159,6,400,1,more than 30,more than 30,2 to 4,4 years,36 to 40,Yes,No,External,1 to 2,no change,1 vehicle,1996,Liability
10,2,7,Pontiac,Urban,2,12,2,Male,Single,53,Policy Holder,Utility - All Perils,Utility,more than 69000,0,15160,4,700,1,more than 30,more than 30,more than 4,more than 7,41 to 50,No,No,External,3 to 5,no change,1 vehicle,1996,All Perils
12,3,7,Pontiac,Rural,2,11,3,Male,Married,42,Third Party,Sedan - Collision,Sedan,20000 to 29000,0,15161,4,400,1,more than 30,more than 30,1,5 years,36 to 40,No,No,External,none,no change,1 vehicle,1996,Collision
11,4,3,Pontiac,Urban,3,6,5,Male,Married,60,Policy Holder,Sedan - All Perils,Sedan,20000 to 29000,0,15162,5,400,1,more than 30,more than 30,2 to 4,more than 7,51 to 65,No,No,External,none,no change,1 vehicle,1996,All Perils
6,5,5,Toyota,Urban,5,4,5,Male,Married,31,Policy Holder,Sedan - Collision,Sedan,20000 to 29000,0,15163,4,400,2,more than 30,more than 30,none,6 years,31 to 35,No,No,External,1 to 2,4 to 8 years,2 vehicles,1996,Collision
3,4,1,Toyota,Urban,2,10,1,Female,Single,23,Third Party,Sedan - Collision,Sedan,20000 to 29000,0,15164,5,400,2,more than 30,more than 30,2 to 4,3 years,26 to 30,No,No,External,3 to 5,no change,1 vehicle,1996,Collision
10,4,1,Chevrolet,Urban,2,12,5,Male,Married,28,Third Party,Utility - All Perils,Utility,more than 69000,0,15165,6,400,3,more than 30,more than 30,1,6 years,31 to 35,No,No,External,3 to 5,no change,1 vehicle,1996,All Perils
12,3,2,Accura,Urban,5,1,3,Male,Married,44,Policy Holder,Utility - Liability,Utility,more than 69000,0,15166,14,400,2,more than 30,more than 30,2 to 4,7 years,36 to 40,No,No,Internal,more than 5,no change,1 vehicle,1996,Liability
1,4,5,Mazda,Urban,2,8,4,Male,Married,38,Policy Holder,Sedan - Collision,Sedan,30000 to 39000,0,15167,1,400,1,more than 30,more than 30,2 to 4,more than 7,36 to 40,No,No,External,more than 5,no change,1 vehicle,1996,Collision
8,1,3,Toyota,Rural,1,10,2,Male,Married,46,Third Party,Sedan - Liability,Sport,20000 to 29000,0,15168,13,400,4,more than 30,more than 30,2 to 4,more than 7,41 to 50,No,No,External,more than 5,no change,1 vehicle,1996,Liability
10,2,5,Pontiac,Rural,3,10,3,Male,Married,54,Policy Holder,Sedan - Liability,Sport,30000 to 39000,0,15169,2,400,4,more than 30,more than 30,more than 4,7 years,41 to 50,No,No,External,none,no change,1 vehicle,1996,Liability
10,1,3,Toyota,Urban,3,10,3,Male,Married,53,Policy Holder,Sedan - All Perils,Sedan,20000 to 29000,0,15170,16,400,4,more than 30,more than 30,none,7 years,41 to 50,No,No,External,more than 5,no change,1 vehicle,1996,All Perils
9,3,4,Pontiac,Urban,4,6,2,Female,Single,52,Policy Holder,Sedan - Liability,Sport,20000 to 29000,0,15171,3,400,4,more than 30,more than 30,2 to 4,7 years,41 to 50,No,No,External,none,no change,3 to 4,1996,Liability
6,2,3,Honda,Urban,2,9,2,Male,Single,27,Third Party,Sedan - Collision,Sedan,20000 to 29000,0,15172,15,400,2,more than 30,more than 30,2 to 4,7 years,31 to 35,No,No,Internal,1 to 2,no change,1 vehicle,1996,Collision
9,4,1,Toyota,Urban,1,9,4,Male,Married,64,Third Party,Sedan - All Perils,Sedan,20000 to 29000,0,15173,4,400,1,more than 30,more than 30,2 to 4,7 years,51 to 65,No,No,External,3 to 5,no change,1 vehicle,1996,All Perils
9,1,5,Pontiac,Urban,3,11,1,Male,Married,54,Policy Holder,Sedan - Liability,Sport,30000 to 39000,0,15174,2,400,2,more than 30,more than 30,more than 4,7 years,41 to 50,No,No,External,more than 5,no change,1 vehicle,1996,Liability
10,2,7,Honda,Urban,1,10,5,Male,Single,32,Policy Holder,Sedan - Liability,Sport,20000 to 29000,0,15175,8,400,1,more than 30,more than 30,2 to 4,7 years,31 to 35,No,No,External,3 to 5,no change,1 vehicle,1996,Liability
10,5,7,Pontiac,Urban,1,5,5,Male,Married,48,Policy Holder,Sedan - Liability,Sport,30000 to 39000,0,15176,7,400,1,more than 30,more than 30,2 to 4,more than 7,41 to 50,No,No,External,more than 5,no change,1 vehicle,1996,Liability
5,2,7,Mazda,Urban,1,5,2,Female,Married,50,Third Party,Sedan - All Perils,Sedan,more than 69000,0,15177,11,400,1,more than 30,more than 30,none,7 years,41 to 50,No,No,External,1 to 2,no change,1 vehicle,1996,All Perils
5,5,2,Honda,Urban,2,6,5,Male,Married,32,Policy Holder,Sedan - Liability,Sport,more than 69000,0,15178,2,400,2,more than 30,more than 30,more than 4,new,31 to 35,No,No,External,none,no change,1 vehicle,1996,Liability
6,4,3,Mazda,Urban,1,10,4,Male,Married,43,Policy Holder,Sedan - Collision,Sedan,30000 to 39000,0,15179,5,400,4,more than 30,more than 30,1,7 years,36 to 40,No,No,External,more than 5,no change,1 vehicle,1996,Collision
7,3,5,Honda,Urban,1,3,1,Male,Single,30,Policy Holder,Sedan - Collision,Sedan,20000 to 29000,0,15180,16,400,3,more than 30,more than 30,1,6 years,31 to 35,No,No,External,none,no change,1 vehicle,1996,Collision
3,2,2,Mazda,Urban,3,10,2,Female,Single,42,Third Party,Sedan - Collision,Sedan,20000 to 29000,0,15181,11,400,4,more than 30,more than 30,1,6 years,36 to 40,No,No,External,more than 5,no change,1 vehicle,1996,Collision
10,4,2,Toyota,Urban,2,10,4,Female,Single,24,Policy Holder,Sedan - Collision,Sedan,20000 to 29000,1,15182,3,400,4,more than 30,more than 30,1,5 years,26 to 30,No,No,External,none,no change,1 vehicle,1996,Collision
10,1,7,Pontiac,Urban,1,6,1,Male,Single,35,Policy Holder,Sedan - Liability,Sport,20000 to 29000,0,15183,12,400,2,more than 30,more than 30,2 to 4,6 years,31 to 35,No,No,External,more than 5,no change,1 vehicle,1996,Liability
6,1,2,Honda,Rural,2,10,2,Female,Married,45,Policy Holder,Sedan - Liability,Sport,20000 to 29000,0,15184,12,400,3,more than 30,more than 30,2 to 4,7 years,36 to 40,No,No,External,1 to 2,4 to 8 years,2 vehicles,1996,Liability
10,2,2,Chevrolet,Urban,2,1,2,Male,Married,37,Policy Holder,Sedan - Liability,Sport,40000 to 59000,0,15185,5,400,2,more than 30,more than 30,more than 4,7 years,36 to 40,No,No,External,1 to 2,no change,1 vehicle,1996,Liability
6,4,5,Toyota,Urban,2,7,5,Male,Married,56,Policy Holder,Sedan - All Perils,Sedan,more than 69000,0,15186,7,400,3,more than 30,more than 30,more than 4,more than 7,51 to 65,No,No,External,more than 5,no change,1 vehicle,1996,All Perils
7,4,1,Chevrolet,Urban,5,9,4,Male,Married,55,Policy Holder,Sedan - Collision,Sedan,40000 to 59000,0,15187,8,400,3,more than 30,more than 30,2 to 4,more than 7,41 to 50,No,No,External,3 to 5,no change,1 vehicle,1996,Collision
8,5,1,Pontiac,Urban,4,8,4,Male,Single,29,Policy Holder,Sedan - Liability,Sport,20000 to 29000,0,15188,16,400,4,more than 30,more than 30,2 to 4,6 years,31 to 35,No,No,External,none,no change,1 vehicle,1996,Liability
8,3,3,Toyota,Urban,4,6,3,Male,Married,41,Policy Holder,Sedan - Collision,Sedan,30000 to 39000,0,15189,9,400,4,more than 30,more than 30,2 to 4,7 years,36 to 40,No,No,External,more than 5,no change,1 vehicle,1996,Collision
6,1,5,Mazda,Urban,1,7,1,Male,Married,70,Policy Holder,Sedan - Collision,Sedan,more than 69000,0,15190,15,400,2,more than 30,more than 30,2 to 4,more than 7,over 65,No,No,External,more than 5,no change,1 vehicle,1996,Collision
7,4,1,Pontiac,Urban,4,5,5,Male,Single,30,Policy Holder,Sedan - Liability,Sport,20000 to 29000,0,15191,11,400,4,more than 30,more than 30,2 to 4,6 years,31 to 35,No,No,External,none,no change,1 vehicle,1996,Liability
5,2,5,Pontiac,Urban,4,1,2,Male,Married,45,Third Party,Sedan - All Perils,Sedan,30000 to 39000,0,15192,9,400,2,more than 30,more than 30,none,6 years,36 to 40,No,No,External,more than 5,no change,1 vehicle,1996,All Perils
4,4,7,Pontiac,Urban,1,10,4,Male,Married,40,Policy Holder,Utility - All Perils,Utility,40000 to 59000,0,15193,12,400,1,more than 30,more than 30,more than 4,7 years,36 to 40,No,No,External,3 to 5,no change,1 vehicle,1996,All Perils
10,1,5,Honda,Urban,1,11,1,Male,Single,21,Policy Holder,Sedan - All Perils,Sedan,20000 to 29000,0,15194,12,400,3,more than 30,more than 30,1,5 years,26 to 30,No,No,External,1 to 2,no change,1 vehicle,1996,All Perils
11,2,1,Mazda,Urban,2,2,3,Male,Married,42,Policy Holder,Sedan - Liability,Sport,20000 to 29000,0,15195,14,400,3,more than 30,more than 30,more than 4,7 years,36 to 40,No,No,External,none,no change,1 vehicle,1996,Liability
2,2,1,Pontiac,Rural,1,7,3,Male,Married,29,Policy Holder,Sedan - Liability,Sport,30000 to 39000,0,15196,1,400,1,more than 30,more than 30,none,7 years,31 to 35,No,No,External,none,no change,1 vehicle,1996,Liability
7,3,6,Ford,Urban,1,10,5,Male,Married,52,Policy Holder,Sedan - All Perils,Sedan,20000 to 29000,0,15197,10,400,2,more than 30,more than 30,1,more than 7,41 to 50,No,No,External,3 to 5,no change,1 vehicle,1996,All Perils
10,3,3,Mazda,Rural,4,12,3,Male,Single,27,Policy Holder,Sedan - Liability,Sport,30000 to 39000,0,15198,12,400,2,more than 30,more than 30,none,6 years,31 to 35,No,No,External,none,1 year,1 vehicle,1996,Liability
12,3,1,VW,Urban,1,10,4,Male,Married,33,Policy Holder,Sedan - Liability,Sport,more than 69000,0,15199,12,500,3,more than 30,more than 30,2 to 4,7 years,31 to 35,No,No,External,3 to 5,2 to 3 years,1 vehicle,1996,Liability
10,3,7,Pontiac,Urban,2,10,5,Male,Married,50,Third Party,Sedan - All Perils,Sedan,20000 to 29000,0,15200,14,400,3,more than 30,more than 30,none,more than 7,41 to 50,No,No,External,more than 5,no change,1 vehicle,1996,All Perils
10,3,7,Honda,Urban,4,9,5,Female,Single,29,Third Party,Sedan - All Perils,Sedan,20000 to 29000,0,15201,7,400,1,more than 30,more than 30,more than 4,7 years,31 to 35,No,No,External,more than 5,no change,1 vehicle,1996,All Perils
9,1,4,Mazda,Rural,2,4,3,Male,Single,31,Policy Holder,Sedan - Collision,Sedan,more than 69000,0,15202,8,400,4,more than 30,more than 30,none,6 years,31 to 35,No,No,External,none,no change,1 vehicle,1996,Collision
4,2,6,Honda,Urban,3,4,3,Male,Married,55,Third Party,Sedan - Collision,Sedan,20000 to 29000,0,15203,12,400,4,more than 30,more than 30,none,7 years,41 to 50,No,No,External,more than 5,no change,1 vehicle,1996,Collision
4,1,2,Saab,Urban,1,3,2,Male,Married,64,Policy Holder,Sedan - All Perils,Sedan,30000 to 39000,0,15204,1,400,1,more than 30,more than 30,1,7 years,51 to 65,No,No,External,more than 5,no change,1 vehicle,1996,All Perils
3,4,3,Pontiac,Urban,5,11,4,Male,Married,42,Policy Holder,Sedan - Collision,Sedan,20000 to 29000,0,15205,1,400,3,more than 30,more than 30,1,7 years,36 to 40,No,No,External,more than 5,4 to 8 years,2 vehicles,1996,Collision
10,4,7,Ford,Urban,3,2,1,Male,Married,38,Third Party,Sedan - Collision,Sedan,40000 to 59000,0,15206,10,400,1,more than 30,more than 30,1,7 years,36 to 40,No,No,External,none,no change,1 vehicle,1996,Collision
2,2,1,Pontiac,Urban,1,2,3,Female,Single,76,Policy Holder,Sedan - All Perils,Sedan,20000 to 29000,0,15207,13,400,3,more than 30,more than 30,none,more than 7,over 65,No,No,External,none,no change,1 vehicle,1996,All Perils
2,2,1,Mazda,Urban,4,2,2,Male,Married,55,Policy Holder,Sedan - Liability,Sport,30000 to 39000,0,15208,10,400,4,more than 30,more than 30,2 to 4,7 years,41 to 50,No,No,External,more than 5,no change,1 vehicle,1996,Liability
1,5,1,Toyota,Urban,1,1,2,Male,Married,28,Third Party,Sedan - All Perils,Sedan,less than 20000,0,15209,13,400,4,more than 30,more than 30,none,7 years,31 to 35,No,No,External,none,no change,1 vehicle,1996,All Perils
1,5,4,Mazda,Urban,5,1,5,Male,Single,42,Policy Holder,Sedan - Liability,Sport,20000 to 29000,0,15210,12,400,3,more than 30,more than 30,2 to 4,7 years,36 to 40,No,No,External,more than 5,no change,1 vehicle,1996,Liability
1,4,5,Toyota,Urban,2,2,4,Male,Married,40,Policy Holder,Sedan - Liability,Sport,30000 to 39000,0,15211,13,400,2,more than 30,more than 30,none,7 years,36 to 40,No,No,External,none,no change,1 vehicle,1996,Liability
1,4,6,Toyota,Urban,1,2,2,Male,Married,59,Third Party,Sedan - Collision,Sedan,less than 20000,0,15212,10,400,1,more than 30,more than 30,2 to 4,more than 7,51 to 65,No,No,External,more than 5,no change,3 to 4,1996,Collision
1,5,3,Mazda,Urban,1,1,1,Male,Single,34,Third Party,Sedan - Collision,Sedan,20000 to 29000,0,15213,4,400,2,more than 30,more than 30,2 to 4,6 years,31 to 35,No,No,External,none,no change,1 vehicle,1996,Collision
1,3,4,Pontiac,Urban,2,1,4,Male,Married,35,Policy Holder,Sedan - Collision,Sedan,30000 to 39000,0,15214,10,400,2,more than 30,more than 30,2 to 4,7 years,31 to 35,No,No,External,more than 5,no change,1 vehicle,1996,Collision
1,2,5,Accura,Urban,5,1,4,Male,Married,63,Policy Holder,Utility - All Perils,Utility,more than 69000,0,15215,1,400,3,more than 30,more than 30,none,6 years,51 to 65,No,No,External,3 to 5,no change,1 vehicle,1996,All Perils
1,2,1,Mazda,Rural,1,1,3,Male,Married,30,Policy Holder,Sedan - Collision,Sedan,20000 to 29000,0,15216,5,400,4,more than 30,more than 30,none,6 years,31 to 35,No,No,External,none,no change,1 vehicle,1996,Collision
1,2,1,Pontiac,Rural,2,1,2,Male,Married,38,Third Party,Sedan - Liability,Sport,more than 69000,0,15217,7,400,3,more than 30,more than 30,more than 4,7 years,36 to 40,No,No,External,more than 5,no change,1 vehicle,1996,Liability
1,2,1,Pontiac,Rural,2,1,2,Male,Married,47,Third Party,Sedan - Collision,Sedan,20000 to 29000,0,15218,5,400,1,more than 30,more than 30,none,7 years,41 to 50,No,No,External,none,no change,1 vehicle,1996,Collision
1,2,1,Mazda,Urban,1,1,2,Male,Married,28,Policy Holder,Sedan - Liability,Sport,30000 to 39000,0,15219,7,400,1,more than 30,more than 30,more than 4,7 years,31 to 35,No,No,External,more than 5,no change,1 vehicle,1996,Liability
1,2,4,Toyota,Urban,5,10,2,Male,Single,34,Policy Holder,Sedan - Liability,Sport,20000 to 29000,0,15220,12,400,1,more than 30,more than 30,more than 4,6 years,31 to 35,No,No,External,none,no change,1 vehicle,1996,Liability
10,4,7,Toyota,Urban,2,1,4,Female,Married,54,Third Party,Sedan - Collision,Sedan,20000 to 29000,0,15221,6,400,2,more than 30,more than 30,1,6 years,41 to 50,No,No,External,none,no change,1 vehicle,1996,Collision
12,4,1,Pontiac,Urban,1,1,1,Male,Married,45,Policy Holder,Sedan - Collision,Sedan,20000 to 29000,0,15222,10,400,2,more than 30,more than 30,none,6 years,36 to 40,No,No,External,none,no change,1 vehicle,1996,Collision
12,4,4,Mazda,Urban,2,1,2,Male,Married,73,Policy Holder,Sedan - Collision,Sedan,20000 to 29000,0,15223,11,400,2,more than 30,more than 30,2 to 4,more than 7,over 65,No,No,External,more than 5,no change,1 vehicle,1996,Collision
12,4,6,Honda,Urban,3,10,2,Male,Married,62,Third Party,Sedan - All Perils,Sedan,20000 to 29000,0,15224,1,400,3,more than 30,more than 30,2 to 4,7 years,51 to 65,No,No,External,more than 5,no change,1 vehicle,1996,All Perils
10,2,7,Toyota,Urban,5,10,3,Male,Single,35,Policy Holder,Sedan - Liability,Sport,more than 69000,0,15225,2,400,1,more than 30,more than 30,more than 4,7 years,31 to 35,No,No,External,none,no change,1 vehicle,1996,Liability
10,1,1,Pontiac,Urban,2,7,2,Male,Married,40,Policy Holder,Sedan - Liability,Sport,30000 to 39000,0,15226,16,400,1,more than 30,more than 30,2 to 4,5 years,36 to 40,No,No,External,none,4 to 8 years,2 vehicles,1996,Liability
7,2,4,Accura,Urban,4,10,2,Male,Single,51,Policy Holder,Sedan - All Perils,Sedan,more than 69000,0,15227,14,400,1,more than 30,more than 30,1,more than 7,41 to 50,No,No,External,more than 5,no change,1 vehicle,1996,All Perils
10,4,2,Toyota,Urban,5,4,4,Male,Married,52,Third Party,Sedan - Collision,Sedan,20000 to 29000,0,15228,15,400,1,more than 30,more than 30,none,7 years,41 to 50,No,No,External,3 to 5,no change,1 vehicle,1996,Collision
3,2,2,Pontiac,Urban,3,3,1,Female,Single,33,Third Party,Sedan - Collision,Sedan,20000 to 29000,0,15229,16,400,1,more than 30,more than 30,more than 4,4 years,31 to 35,No,No,External,1 to 2,no change,1 vehicle,1996,Collision
3,2,5,Pontiac,Urban,2,10,4,Female,Single,33,Third Party,Sedan - Liability,Sport,20000 to 29000,0,15230,4,400,1,more than 30,more than 30,1,6 years,31 to 35,No,No,External,1 to 2,no change,1 vehicle,1996,Liability
10,4,6,Chevrolet,Urban,3,1,5,Male,Married,64,Third Party,Sedan - Collision,Sedan,20000 to 29000,0,15231,12,400,3,more than 30,more than 30,none,more than 7,51 to 65,No,No,External,none,no change,1 vehicle,1996,Collision
12,3,1,Chevrolet,Urban,1,1,1,Male,Married,34,Third Party,Sedan - Collision,Sedan,30000 to 39000,0,15232,2,400,3,more than 30,more than 30,none,6 years,31 to 35,No,No,External,none,no change,1 vehicle,1996,Collision
12,3,6,Mazda,Urban,3,3,2,Female,Single,55,Policy Holder,Sedan - Liability,Sport,20000 to 29000,0,15233,3,400,2,more than 30,more than 30,1,3 years,41 to 50,No,No,External,none,no change,1 vehicle,1996,Liability
3,1,5,VW,Urban,1,3,5,Male,Married,51,Policy Holder,Sedan - All Perils,Sedan,more than 69000,0,15234,5,400,1,more than 30,more than 30,2 to 4,7 years,41 to 50,No,No,External,1 to 2,no change,1 vehicle,1996,All Perils
3,1,2,Pontiac,Urban,3,2,1,Male,Single,33,Policy Holder,Sedan - Liability,Sport,30000 to 39000,0,15235,5,400,2,more than 30,more than 30,2 to 4,6 years,31 to 35,No,No,External,none,no change,1 vehicle,1996,Liability
2,3,1,Pontiac,Urban,5,2,3,Male,Single,33,Policy Holder,Sedan - Collision,Sedan,20000 to 29000,0,15236,15,400,3,more than 30,more than 30,2 to 4,7 years,31 to 35,No,No,External,none,no change,1 vehicle,1996,Collision
2,3,2,Toyota,Urban,1,1,3,Male,Married,65,Policy Holder,Sedan - Liability,Sport,more than 69000,0,15237,6,400,4,more than 30,more than 30,2 to 4,more than 7,51 to 65,No,No,External,more than 5,no change,1 vehicle,1996,Liability
1,1,6,Chevrolet,Urban,2,1,2,Male,Married,40,Policy Holder,Sedan - Collision,Sedan,20000 to 29000,0,15238,10,400,4,more than 30,more than 30,1,more than 7,36 to 40,No,No,External,1 to 2,no change,1 vehicle,1996,Collision
1,1,5,Pontiac,Urban,1,10,2,Male,Married,36,Third Party,Sedan - Collision,Sedan,40000 to 59000,0,15239,10,400,1,more than 30,more than 30,none,7 years,36 to 40,No,No,External,more than 5,no change,1 vehicle,1996,Collision
10,4,4,Chevrolet,Urban,5,5,5,Female,Married,31,Third Party,Sedan - All Perils,Sedan,more than 69000,0,15240,2,400,1,more than 30,more than 30,1,4 years,31 to 35,Yes,No,External,none,no change,1 vehicle,1996,All Perils
4,4,3,Ford,Urban,3,6,1,Male,Married,41,Policy Holder,Sedan - Liability,Sport,30000 to 39000,0,15241,16,400,2,more than 30,more than 30,1,6 years,36 to 40,No,No,External,1 to 2,no change,1 vehicle,1996,Liability
6,1,2,Mazda,Rural,3,6,2,Male,Married,32,Third Party,Sedan - Collision,Sedan,20000 to 29000,0,15242,13,400,3,more than 30,more than 30,none,5 years,31 to 35,No,No,External,3 to 5,no change,1 vehicle,1996,Collision
5,5,2,Chevrolet,Urban,1,5,1,Male,Single,18,Policy Holder,Sedan - All Perils,Sedan,20000 to 29000,0,15243,15,400,4,more than 30,more than 30,more than 4,4 years,21 to 25,No,No,External,more than 5,no change,1 vehicle,1996,All Perils
5,2,5,Honda,Urban,2,6,3,Male,Single,0,Policy Holder,Sedan - Liability,Sport,more than 69000,0,15244,7,400,3,more than 30,more than 30,none,new,16 to 17,No,No,External,none,no change,1 vehicle,1996,Liability
6,2,2,Honda,Urban,5,4,3,Male,Single,31,Policy Holder,Sedan - Collision,Sedan,20000 to 29000,0,15245,10,400,2,more than 30,more than 30,none,7 years,31 to 35,No,No,External,1 to 2,no change,1 vehicle,1996,Collision
4,1,3,Mazda,Urban,2,6,4,Male,Single,29,Policy Holder,Sedan - All Perils,Sedan,20000 to 29000,0,15246,3,400,4,more than 30,more than 30,1,7 years,31 to 35,No,No,External,3 to 5,no change,1 vehicle,1996,All Perils
6,4,6,Chevrolet,Urban,3,6,4,Male,Married,36,Third Party,Sedan - All Perils,Sedan,30000 to 39000,0,15247,11,400,1,more than 30,more than 30,2 to 4,5 years,36 to 40,No,No,External,none,4 to 8 years,2 vehicles,1996,All Perils
6,3,3,Chevrolet,Urban,2,6,4,Male,Married,36,Third Party,Sedan - Collision,Sedan,30000 to 39000,0,15248,13,400,1,more than 30,more than 30,2 to 4,7 years,36 to 40,No,No,Internal,none,no change,1 vehicle,1996,Collision
6,3,3,Pontiac,Urban,5,8,3,Female,Single,47,Policy Holder,Sedan - Liability,Sport,20000 to 29000,0,15249,1,400,1,more than 30,more than 30,none,more than 7,41 to 50,No,No,External,3 to 5,no change,1 vehicle,1996,Liability
7,4,5,Toyota,Urban,2,11,1,Male,Married,60,Third Party,Sedan - All Perils,Sedan,less than 20000,0,15250,14,500,4,more than 30,more than 30,none,more than 7,51 to 65,No,No,External,none,2 to 3 years,1 vehicle,1996,All Perils
11,1,2,Toyota,Urban,5,7,2,Male,Married,53,Policy Holder,Sedan - Liability,Sport,20000 to 29000,0,15251,15,400,1,more than 30,more than 30,1,more than 7,41 to 50,No,No,External,none,no change,1 vehicle,1996,Liability
6,5,1,Pontiac,Urban,4,12,4,Male,Divorced,37,Third Party,Sedan - All Perils,Sedan,30000 to 39000,0,15252,15,400,1,more than 30,more than 30,1,7 years,36 to 40,No,No,External,1 to 2,no change,1 vehicle,1996,All Perils
11,5,7,Pontiac,Urban,2,2,1,Male,Married,26,Policy Holder,Sedan - Collision,Sedan,20000 to 29000,0,15253,15,400,4,more than 30,more than 30,none,6 years,31 to 35,No,No,External,none,no change,3 to 4,1996,Collision
2,1,7,Mercury,Urban,4,2,2,Male,Married,50,Third Party,Sedan - All Perils,Sedan,20000 to 29000,0,15254,1,400,1,more than 30,more than 30,1,7 years,41 to 50,No,No,External,more than 5,no change,1 vehicle,1996,All Perils
2,1,3,Pontiac,Urban,3,5,2,Male,Married,77,Policy Holder,Sedan - Liability,Sport,20000 to 29000,0,15255,5,400,2,more than 30,more than 30,none,more than 7,over 65,No,No,External,none,no change,1 vehicle,1996,Liability
5,5,1,Dodge,Urban,2,5,5,Female,Married,32,Policy Holder,Sedan - Liability,Sport,20000 to 29000,0,15256,13,400,2,more than 30,more than 30,1,6 years,31 to 35,No,No,External,none,no change,1 vehicle,1996,Liability
5,4,6,Pontiac,Urban,1,8,4,Male,Married,31,Third Party,Sedan - Collision,Sedan,30000 to 39000,0,15257,10,400,1,15 to 30,15 to 30,none,6 years,31 to 35,No,No,External,none,no change,1 vehicle,1996,Collision
8,3,1,Pontiac,Urban,1,7,4,Male,Single,27,Policy Holder,Sedan - Collision,Sedan,20000 to 29000,0,15258,10,400,1,more than 30,more than 30,2 to 4,6 years,31 to 35,No,No,External,1 to 2,no change,1 vehicle,1996,Collision
7,2,6,Chevrolet,Rural,4,11,2,Male,Married,53,Policy Holder,Sedan - Collision,Sedan,more than 69000,0,15259,9,400,3,more than 30,more than 30,2 to 4,more than 7,41 to 50,No,No,External,3 to 5,no change,1 vehicle,1996,Collision
10,5,5,Chevrolet,Urban,1,12,1,Male,Married,52,Policy Holder,Sedan - Liability,Sport,20000 to 29000,0,15260,3,400,3,more than 30,more than 30,1,7 years,41 to 50,No,No,External,1 to 2,no change,1 vehicle,1996,Liability
12,1,6,Honda,Urban,4,11,1,Male,Married,55,Third Party,Sport - Collision,Sport,more than 69000,0,15261,4,400,3,more than 30,more than 30,1,more than 7,41 to 50,No,No,External,none,no change,1 vehicle,1996,Collision
10,5,1,Toyota,Urban,4,3,1,Male,Married,37,Third Party,Sedan - Collision,Sedan,20000 to 29000,0,15262,8,400,2,more than 30,more than 30,none,more than 7,36 to 40,No,No,External,none,no change,1 vehicle,1996,Collision
3,3,2,Honda,Urban,4,7,3,Male,Single,0,Policy Holder,Sedan - Liability,Sport,more than 69000,0,15263,5,400,3,more than 30,more than 30,more than 4,new,16 to 17,No,No,External,none,no change,1 vehicle,1996,Liability
7,1,6,Pontiac,Urban,2,10,3,Male,Single,33,Policy Holder,Sedan - All Perils,Sedan,20000 to 29000,0,15264,12,400,4,more than 30,more than 30,1,7 years,31 to 35,Yes,No,External,more than 5,no change,1 vehicle,1996,All Perils
10,5,5,Toyota,Urban,5,2,5,Male,Married,49,Third Party,Sedan - Collision,Sedan,20000 to 29000,0,15265,16,400,1,more than 30,more than 30,2 to 4,7 years,41 to 50,No,No,External,1 to 2,no change,1 vehicle,1996,Collision
10,5,7,Chevrolet,Urban,3,11,2,Male,Married,45,Policy Holder,Sedan - Liability,Sport,30000 to 39000,0,15266,11,400,3,more than 30,more than 30,more than 4,7 years,36 to 40,No,No,External,none,no change,1 vehicle,1996,Liability
10,5,5,Dodge,Urban,5,10,2,Male,Single,24,Third Party,Sedan - All Perils,Sedan,20000 to 29000,0,15267,7,400,4,more than 30,more than 30,more than 4,5 years,26 to 30,No,No,External,3 to 5,no change,1 vehicle,1996,All Perils
9,5,7,Mazda,Urban,2,1,2,Male,Single,31,Policy Holder,Sedan - Liability,Sport,20000 to 29000,0,15268,2,400,2,more than 30,more than 30,2 to 4,6 years,31 to 35,No,No,External,none,4 to 8 years,2 vehicles,1996,Liability
1,1,1,VW,Urban,2,5,1,Male,Married,30,Policy Holder,Sedan - Liability,Sport,more than 69000,0,15269,14,400,3,more than 30,more than 30,more than 4,7 years,31 to 35,No,No,External,3 to 5,no change,1 vehicle,1996,Liability
5,2,3,Mazda,Urban,5,9,2,Male,Married,36,Policy Holder,Sedan - Liability,Sport,20000 to 29000,0,15270,2,400,1,more than 30,more than 30,none,7 years,36 to 40,No,No,External,more than 5,no change,1 vehicle,1996,Liability
8,5,1,Honda,Urban,5,6,1,Male,Married,36,Third Party,Sedan - All Perils,Sedan,20000 to 29000,0,15271,6,400,3,more than 30,more than 30,none,7 years,36 to 40,No,No,External,more than 5,no change,1 vehicle,1996,All Perils
6,1,1,Pontiac,Urban,5,10,3,Male,Married,26,Third Party,Sedan - Liability,Sport,more than 69000,0,15272,9,400,3,more than 30,more than 30,more than 4,7 years,31 to 35,No,No,External,more than 5,no change,1 vehicle,1996,Liability
10,4,2,Toyota,Urban,3,3,4,Male,Married,51,Third Party,Sedan - Collision,Sedan,20000 to 29000,0,15273,9,400,3,more than 30,more than 30,1,more than 7,41 to 50,No,No,External,1 to 2,no change,1 vehicle,1996,Collision
3,2,1,Accura,Urban,2,5,4,Male,Married,54,Policy Holder,Sedan - All Perils,Sedan,30000 to 39000,0,15274,14,400,4,more than 30,more than 30,1,more than 7,41 to 50,No,No,External,none,no change,1 vehicle,1996,All Perils
4,3,3,Honda,Urban,3,8,1,Male,Single,0,Third Party,Sedan - Collision,Sedan,more than 69000,0,15275,1,400,2,more than 30,more than 30,more than 4,new,16 to 17,No,No,External,none,no change,1 vehicle,1996,Collision
7,3,7,Toyota,Urban,5,4,1,Male,Married,52,Policy Holder,Sedan - All Perils,Sedan,less than 20000,0,15276,8,400,1,more than 30,more than 30,none,6 years,41 to 50,No,No,External,1 to 2,no change,1 vehicle,1996,All Perils
3,4,4,Toyota,Urban,4,3,1,Male,Single,40,Third Party,Sedan - All Perils,Sedan,less than 20000,0,15277,4,400,4,more than 30,more than 30,none,6 years,36 to 40,No,No,External,1 to 2,no change,1 vehicle,1996,All Perils
3,2,6,Accura,Urban,5,2,2,Female,Single,49,Policy Holder,Sedan - Liability,Sport,more than 69000,0,15278,13,400,3,more than 30,more than 30,2 to 4,7 years,41 to 50,No,No,External,more than 5,no change,1 vehicle,1996,Liability
12,3,3,Honda,Urban,1,2,3,Male,Married,52,Policy Holder,Sedan - All Perils,Sedan,20000 to 29000,0,15279,7,400,3,more than 30,more than 30,none,more than 7,41 to 50,No,No,External,none,no change,1 vehicle,1996,All Perils
2,4,2,Mazda,Urban,2,1,4,Male,Single,34,Policy Holder,Sedan - All Perils,Sedan,30000 to 39000,0,15280,12,400,3,more than 30,more than 30,1,7 years,31 to 35,No,No,External,1 to 2,no change,1 vehicle,1996,All Perils
1,4,5,Pontiac,Urban,1,6,4,Male,Married,46,Policy Holder,Sedan - Collision,Sedan,20000 to 29000,0,15281,9,400,3,more than 30,more than 30,none,more than 7,41 to 50,No,No,External,none,no change,1 vehicle,1996,Collision
6,2,7,Mazda,Urban,1,5,3,Male,Married,36,Third Party,Sedan - Collision,Sedan,20000 to 29000,0,15282,7,400,3,more than 30,more than 30,2 to 4,7 years,36 to 40,No,No,External,more than 5,no change,1 vehicle,1996,Collision
5,4,3,Mazda,Urban,5,10,4,Female,Single,43,Policy Holder,Sedan - Liability,Sport,20000 to 29000,0,15283,15,400,1,more than 30,more than 30,1,7 years,36 to 40,No,No,External,none,no change,1 vehicle,1996,Liability
10,2,7,Chevrolet,Urban,1,8,3,Male,Married,40,Policy Holder,Utility - All Perils,Utility,more than 69000,0,15284,12,700,2,more than 30,more than 30,none,more than 7,36 to 40,No,No,External,none,no change,1 vehicle,1996,All Perils
8,4,1,Honda,Urban,2,8,4,Male,Married,50,Third Party,Sedan - All Perils,Sedan,20000 to 29000,0,15285,13,400,4,more than 30,more than 30,2 to 4,5 years,41 to 50,No,No,External,1 to 2,no change,1 vehicle,1996,All Perils
8,4,4,Pontiac,Urban,5,11,4,Male,Single,35,Policy Holder,Sedan - Liability,Sport,20000 to 29000,0,15286,7,400,1,more than 30,more than 30,more than 4,6 years,31 to 35,No,No,External,none,no change,1 vehicle,1996,Liability
11,1,3,Honda,Urban,4,8,3,Male,Married,34,Policy Holder,Sedan - Collision,Sedan,20000 to 29000,1,15287,2,400,4,none,more than 30,1,6 years,31 to 35,No,No,External,none,no change,1 vehicle,1996,Collision
8,2,2,Mazda,Urban,5,6,2,Male,Married,55,Policy Holder,Sedan - All Perils,Sedan,less than 20000,0,15288,3,400,2,more than 30,more than 30,none,more than 7,41 to 50,No,No,External,none,no change,1 vehicle,1996,All Perils
6,2,3,Toyota,Urban,4,8,4,Male,Married,64,Third Party,Sedan - All Perils,Sedan,less than 20000,0,15289,8,400,4,more than 30,more than 30,none,7 years,51 to 65,No,No,External,none,1 year,2 vehicles,1996,All Perils
8,1,2,Chevrolet,Urban,2,2,2,Male,Single,69,Policy Holder,Utility - All Perils,Utility,more than 69000,0,15290,6,400,2,more than 30,more than 30,more than 4,more than 7,over 65,No,No,External,more than 5,no change,1 vehicle,1996,All Perils
11,3,1,Honda,Urban,4,1,2,Female,Married,39,Policy Holder,Sport - Collision,Sport,more than 69000,0,15291,15,400,3,more than 30,more than 30,2 to 4,5 years,36 to 40,No,No,External,none,no change,1 vehicle,1996,Collision
10,2,7,Ford,Rural,2,1,4,Male,Single,24,Policy Holder,Utility - All Perils,Utility,more than 69000,0,15292,8,400,3,more than 30,more than 30,none,4 years,26 to 30,No,No,External,more than 5,no change,1 vehicle,1996,All Perils
1,4,1,Pontiac,Urban,1,1,4,Male,Single,36,Policy Holder,Sedan - Liability,Sport,20000 to 29000,0,15293,5,400,3,more than 30,more than 30,2 to 4,7 years,36 to 40,No,No,External,1 to 2,no change,1 vehicle,1996,Liability
1,4,7,Accura,Urban,2,1,4,Male,Married,41,Policy Holder,Sedan - Collision,Sedan,more than 69000,0,15294,8,400,1,more than 30,more than 30,2 to 4,7 years,36 to 40,No,No,External,more than 5,no change,3 to 4,1996,Collision
1,4,2,Mazda,Urban,5,9,4,Male,Married,44,Policy Holder,Sedan - Liability,Sport,20000 to 29000,0,15295,10,400,3,more than 30,more than 30,2 to 4,7 years,36 to 40,No,No,External,1 to 2,no change,1 vehicle,1996,Liability
8,3,3,Honda,Urban,5,11,2,Male,Married,54,Policy Holder,Sedan - Liability,Sport,30000 to 39000,0,15296,5,400,2,more than 30,more than 30,1,more than 7,41 to 50,No,No,External,more than 5,no change,1 vehicle,1996,Liability
11,4,6,Toyota,Rural,3,11,4,Male,Married,26,Policy Holder,Sedan - All Perils,Sedan,20000 to 29000,0,15297,12,400,3,more than 30,more than 30,none,6 years,31 to 35,No,No,External,more than 5,no change,1 vehicle,1996,All Perils
11,1,2,Chevrolet,Urban,2,9,2,Male,Married,43,Third Party,Sedan - Collision,Sedan,30000 to 39000,0,15298,2,400,1,more than 30,more than 30,none,6 years,36 to 40,No,No,External,more than 5,no change,1 vehicle,1996,Collision
9,4,7,Toyota,Urban,3,6,4,Male,Married,36,Policy Holder,Sedan - Collision,Sedan,20000 to 29000,0,15299,10,400,2,more than 30,more than 30,1,more than 7,36 to 40,No,No,External,none,no change,1 vehicle,1996,Collision
6,2,1,Ford,Urban,1,6,4,Male,Married,77,Policy Holder,Sedan - All Perils,Sedan,40000 to 59000,0,15300,12,400,4,more than 30,more than 30,more than 4,6 years,over 65,No,No,External,3 to 5,no change,1 vehicle,1996,All Perils
6,2,4,Pontiac,Urban,5,7,3,Male,Married,41,Third Party,Sedan - All Perils,Sedan,less than 20000,1,15301,7,500,4,more than 30,more than 30,none,7 years,36 to 40,No,No,External,none,2 to 3 years,1 vehicle,1996,All Perils
7,3,6,Mazda,Urban,1,2,3,Male,Married,47,Policy Holder,Sedan - Liability,Sport,20000 to 29000,0,15302,5,400,2,more than 30,more than 30,2 to 4,7 years,41 to 50,No,No,External,more than 5,no change,1 vehicle,1996,Liability
2,2,5,Honda,Urban,5,2,3,Male,Married,49,Third Party,Sedan - Liability,Sport,20000 to 29000,0,15303,14,400,3,more than 30,more than 30,none,more than 7,41 to 50,No,No,External,more than 5,no change,1 vehicle,1996,Liability
2,2,7,Honda,Urban,4,1,4,Male,Married,33,Policy Holder,Sedan - All Perils,Sedan,30000 to 39000,0,15304,16,400,1,more than 30,more than 30,1,7 years,31 to 35,No,No,External,more than 5,no change,1 vehicle,1996,All Perils
10,3,6,Toyota,Urban,5,1,4,Male,Married,37,Policy Holder,Sedan - All Perils,Sedan,less than 20000,0,15305,12,400,4,more than 30,more than 30,1,7 years,36 to 40,No,No,External,more than 5,no change,1 vehicle,1996,All Perils
10,5,2,Pontiac,Rural,2,2,3,Male,Married,58,Policy Holder,Sedan - Collision,Sedan,30000 to 39000,0,15306,1,400,2,more than 30,more than 30,1,more than 7,51 to 65,No,No,External,none,no change,1 vehicle,1996,Collision
2,2,2,Toyota,Urban,3,2,2,Male,Married,42,Policy Holder,Sedan - Liability,Sport,20000 to 29000,0,15307,9,400,1,more than 30,more than 30,2 to 4,6 years,36 to 40,No,No,External,3 to 5,no change,1 vehicle,1996,Liability
2,2,7,Pontiac,Urban,2,11,2,Male,Married,45,Policy Holder,Sedan - Liability,Sport,30000 to 39000,0,15308,8,400,1,more than 30,more than 30,none,more than 7,36 to 40,No,No,External,more than 5,no change,1 vehicle,1996,Liability
11,1,4,Saab,Urban,1,4,3,Male,Single,26,Policy Holder,Sedan - Collision,Sedan,30000 to 39000,1,15309,11,400,3,more than 30,more than 30,2 to 4,6 years,31 to 35,No,No,External,1 to 2,no change,1 vehicle,1996,Collision
3,5,7,Chevrolet,Urban,2,3,1,Male,Married,42,Policy Holder,Sedan - Liability,Sport,30000 to 39000,0,15310,14,400,2,more than 30,more than 30,none,2 years,36 to 40,No,No,External,none,4 to 8 years,2 vehicles,1996,Liability
3,3,7,Toyota,Urban,3,11,4,Female,Married,42,Policy Holder,Sedan - Liability,Sport,30000 to 39000,0,15311,10,400,1,more than 30,more than 30,1,7 years,36 to 40,No,No,External,1 to 2,no change,1 vehicle,1996,Liability
10,5,3,Pontiac,Urban,4,1,1,Male,Single,26,Policy Holder,Sedan - Collision,Sedan,20000 to 29000,0,15312,5,400,2,more than 30,more than 30,1,6 years,31 to 35,No,No,External,more than 5,no change,1 vehicle,1996,Collision
1,1,4,Mazda,Urban,4,1,1,Male,Married,41,Policy Holder,Sedan - All Perils,Sedan,20000 to 29000,0,15313,10,400,4,more than 30,more than 30,1,7 years,36 to 40,No,No,External,none,no change,1 vehicle,1996,All Perils
1,1,6,Honda,Urban,1,1,1,Male,Single,26,Policy Holder,Sedan - Liability,Sport,20000 to 29000,0,15314,13,400,1,more than 30,more than 30,1,5 years,31 to 35,No,No,External,none,no change,1 vehicle,1996,Liability
1,5,7,Pontiac,Urban,2,1,5,Female,Single,47,Policy Holder,Sedan - Liability,Sport,less than 20000,0,15315,6,700,4,more than 30,more than 30,2 to 4,more than 7,41 to 50,No,No,External,none,no change,1 vehicle,1996,Liability
12,4,2,Chevrolet,Urban,3,2,1,Male,Married,48,Policy Holder,Sedan - Liability,Sport,30000 to 39000,0,15316,11,400,4,more than 30,more than 30,more than 4,7 years,41 to 50,No,No,External,more than 5,no change,1 vehicle,1996,Liability
2,4,1,Mazda,Urban,3,5,4,Male,Married,28,Third Party,Sedan - All Perils,Sedan,less than 20000,0,15317,7,400,2,more than 30,more than 30,2 to 4,6 years,31 to 35,No,No,External,more than 5,no change,1 vehicle,1996,All Perils
5,4,2,Mazda,Urban,5,4,4,Male,Single,24,Policy Holder,Sedan - Liability,Sport,20000 to 29000,0,15318,13,400,2,15 to 30,more than 30,2 to 4,5 years,26 to 30,No,No,External,3 to 5,no change,1 vehicle,1996,Liability
3,4,1,Pontiac,Urban,2,3,1,Male,Married,46,Policy Holder,Sedan - All Perils,Sedan,30000 to 39000,0,15319,7,400,2,more than 30,more than 30,none,more than 7,41 to 50,No,No,External,more than 5,no change,1 vehicle,1996,All Perils
3,4,4,Pontiac,Urban,4,2,5,Male,Single,34,Third Party,Sedan - Liability,Sport,20000 to 29000,0,15320,1,400,2,more than 30,more than 30,none,6 years,31 to 35,No,No,External,none,no change,1 vehicle,1996,Liability
2,3,3,Pontiac,Urban,3,10,3,Male,Single,24,Policy Holder,Sedan - Collision,Sedan,20000 to 29000,0,15321,8,400,4,more than 30,more than 30,2 to 4,5 years,26 to 30,No,No,External,none,no change,1 vehicle,1996,Collision
9,5,4,Pontiac,Urban,5,9,3,Male,Married,31,Third Party,Sedan - Collision,Sedan,30000 to 39000,0,15322,10,400,1,more than 30,more than 30,1,7 years,31 to 35,No,No,External,1 to 2,no change,1 vehicle,1996,Collision
9,5,6,Chevrolet,Urban,1,1,5,Female,Single,27,Third Party,Sedan - All Perils,Sedan,more than 69000,0,15323,15,400,4,more than 30,more than 30,none,6 years,31 to 35,No,No,External,more than 5,no change,1 vehicle,1996,All Perils
12,5,6,Toyota,Urban,1,1,2,Male,Married,52,Policy Holder,Sedan - All Perils,Sedan,20000 to 29000,0,15324,9,400,1,more than 30,more than 30,none,more than 7,41 to 50,No,No,External,none,no change,1 vehicle,1996,All Perils
12,5,5,Mazda,Urban,2,1,1,Male,Married,43,Third Party,Sedan - Liability,Sport,30000 to 39000,0,15325,3,400,1,more than 30,more than 30,1,7 years,36 to 40,No,No,External,none,no change,1 vehicle,1996,Liability
12,5,1,Pontiac,Urban,3,12,1,Male,Single,27,Policy Holder,Sedan - Liability,Sport,20000 to 29000,0,15326,16,400,4,more than 30,more than 30,2 to 4,5 years,31 to 35,No,No,External,1 to 2,no change,1 vehicle,1996,Liability
12,3,5,Chevrolet,Urban,4,2,5,Male,Married,54,Policy Holder,Sedan - All Perils,Sedan,more than 69000,0,15327,4,400,1,more than 30,more than 30,2 to 4,more than 7,41 to 50,No,No,External,3 to 5,no change,1 vehicle,1996,All Perils
11,3,2,Toyota,Urban,2,1,2,Male,Married,43,Policy Holder,Sedan - Collision,Sedan,20000 to 29000,0,15328,8,400,4,more than 30,more than 30,none,7 years,36 to 40,No,No,External,1 to 2,no change,1 vehicle,1996,Collision
1,4,5,Mazda,Urban,5,1,4,Male,Married,26,Third Party,Sedan - All Perils,Sedan,20000 to 29000,0,15329,16,400,1,more than 30,more than 30,1,7 years,31 to 35,No,No,External,more than 5,no change,1 vehicle,1996,All Perils
1,2,5,Accura,Urban,5,1,2,Male,Married,59,Policy Holder,Sedan - Liability,Sport,20000 to 29000,0,15330,8,400,1,more than 30,more than 30,more than 4,more than 7,51 to 65,No,No,External,none,no change,1 vehicle,1996,Liability
1,2,6,Toyota,Urban,2,3,2,Male,Married,44,Policy Holder,Sedan - Liability,Sport,20000 to 29000,0,15331,3,400,3,more than 30,more than 30,1,5 years,36 to 40,No,No,External,none,4 to 8 years,2 vehicles,1996,Liability
2,4,6,Chevrolet,Urban,2,2,1,Male,Married,68,Policy Holder,Sedan - Liability,Sport,more than 69000,0,15332,14,400,1,more than 30,more than 30,more than 4,more than 7,over 65,No,No,External,more than 5,no change,1 vehicle,1996,Liability
2,1,6,Chevrolet,Urban,2,2,2,Male,Married,73,Policy Holder,Sedan - Collision,Sedan,20000 to 29000,0,15333,13,400,3,more than 30,more than 30,2 to 4,more than 7,over 65,No,No,External,none,no change,1 vehicle,1996,Collision
2,1,4,Toyota,Urban,3,3,2,Male,Married,71,Policy Holder,Sedan - All Perils,Sedan,20000 to 29000,0,15334,14,400,3,more than 30,more than 30,none,more than 7,over 65,No,No,External,more than 5,no change,1 vehicle,1996,All Perils
1,4,4,Toyota,Urban,4,1,1,Male,Married,79,Policy Holder,Sedan - Collision,Sedan,20000 to 29000,0,15335,5,400,3,more than 30,more than 30,none,more than 7,over 65,No,No,External,none,no change,3 to 4,1996,Collision
1,4,7,Toyota,Urban,4,10,4,Male,Married,48,Policy Holder,Sedan - Collision,Sedan,more than 69000,0,15336,6,400,1,more than 30,more than 30,2 to 4,more than 7,41 to 50,No,No,External,none,no change,1 vehicle,1996,Collision
10,4,1,Honda,Rural,4,10,4,Male,Married,22,Policy Holder,Sedan - Collision,Sedan,20000 to 29000,0,15337,3,400,3,more than 30,more than 30,1,5 years,26 to 30,Yes,No,External,more than 5,no change,1 vehicle,1996,Collision
10,2,5,Honda,Urban,1,10,4,Male,Married,29,Third Party,Sedan - Liability,Sport,20000 to 29000,0,15338,16,400,4,more than 30,more than 30,more than 4,6 years,31 to 35,No,No,External,more than 5,no change,1 vehicle,1996,Liability
9,3,3,Mazda,Urban,3,12,3,Female,Married,61,Policy Holder,Sedan - Collision,Sedan,20000 to 29000,0,15339,6,400,4,more than 30,more than 30,1,7 years,51 to 65,No,No,External,more than 5,no change,1 vehicle,1996,Collision
12,4,5,Chevrolet,Rural,2,8,5,Male,Married,37,Policy Holder,Utility - Liability,Utility,more than 69000,0,15340,6,400,4,more than 30,more than 30,2 to 4,7 years,36 to 40,No,No,External,none,no change,1 vehicle,1996,Liability
8,4,1,Accura,Urban,2,11,5,Male,Single,56,Third Party,Sedan - All Perils,Sedan,more than 69000,0,15341,11,400,2,more than 30,more than 30,2 to 4,more than 7,51 to 65,No,No,External,more than 5,no change,1 vehicle,1996,All Perils
11,1,6,Honda,Urban,1,7,2,Male,Married,39,Third Party,Sport - Collision,Sport,more than 69000,0,15342,4,400,1,15 to 30,more than 30,none,2 years,36 to 40,No,No,External,none,no change,1 vehicle,1996,Collision
6,4,4,Mazda,Urban,5,5,2,Male,Single,21,Third Party,Sport - Collision,Sport,more than 69000,0,15343,1,400,4,more than 30,more than 30,none,5 years,26 to 30,No,No,External,none,no change,1 vehicle,1996,Collision
5,4,3,Chevrolet,Urban,4,2,4,Male,Single,35,Third Party,Sedan - Collision,Sedan,20000 to 29000,0,15344,6,400,3,more than 30,more than 30,1,7 years,31 to 35,No,No,External,none,no change,1 vehicle,1996,Collision
2,1,2,Chevrolet,Rural,5,11,1,Male,Married,54,Policy Holder,Utility - Collision,Utility,more than 69000,0,15345,2,400,1,more than 30,more than 30,2 to 4,more than 7,41 to 50,No,No,External,more than 5,no change,1 vehicle,1996,Collision
11,2,2,Chevrolet,Urban,2,8,3,Male,Married,46,Policy Holder,Sedan - Collision,Sedan,20000 to 29000,1,15346,11,700,1,more than 30,more than 30,none,more than 7,41 to 50,No,No,External,none,no change,1 vehicle,1996,Collision
7,4,4,Honda,Urban,4,4,4,Male,Married,33,Policy Holder,Sedan - All Perils,Sedan,30000 to 39000,0,15347,14,400,2,more than 30,more than 30,more than 4,6 years,31 to 35,No,No,External,3 to 5,no change,1 vehicle,1996,All Perils
4,1,2,Ford,Urban,4,11,1,Male,Married,48,Policy Holder,Sedan - All Perils,Sedan,40000 to 59000,0,15348,16,400,1,more than 30,more than 30,1,more than 7,41 to 50,Yes,No,External,more than 5,no change,1 vehicle,1996,All Perils
11,2,3,Honda,Urban,1,1,2,Male,Married,57,Third Party,Sedan - All Perils,Sedan,30000 to 39000,0,15349,11,400,4,more than 30,more than 30,2 to 4,more than 7,51 to 65,No,No,External,more than 5,no change,1 vehicle,1996,All Perils
4,3,5,Chevrolet,Urban,1,2,3,Male,Married,42,Policy Holder,Sedan - Liability,Sport,20000 to 29000,0,15350,16,400,4,more than 30,more than 30,more than 4,3 years,36 to 40,No,No,External,none,no change,1 vehicle,1996,Liability
2,3,4,Honda,Urban,4,2,3,Male,Single,44,Policy Holder,Sedan - Collision,Sedan,20000 to 29000,0,15351,2,400,2,more than 30,more than 30,none,7 years,36 to 40,No,No,External,1 to 2,no change,1 vehicle,1996,Collision
2,1,3,Toyota,Urban,4,11,1,Male,Married,57,Third Party,Sedan - Collision,Sedan,20000 to 29000,0,15352,3,500,1,more than 30,more than 30,none,more than 7,51 to 65,No,No,External,more than 5,2 to 3 years,2 vehicles,1996,Collision
11,2,6,Chevrolet,Urban,2,1,2,Female,Single,21,Third Party,Sedan - Collision,Sedan,30000 to 39000,0,15353,8,400,4,more than 30,more than 30,2 to 4,5 years,26 to 30,No,No,External,more than 5,no change,1 vehicle,1996,Collision
1,3,7,Pontiac,Urban,2,1,3,Male,Married,71,Policy Holder,Sedan - All Perils,Sedan,20000 to 29000,0,15354,14,400,3,more than 30,more than 30,none,more than 7,over 65,No,No,External,3 to 5,no change,1 vehicle,1996,All Perils
1,3,3,Pontiac,Rural,5,1,3,Male,Married,35,Third Party,Sedan - All Perils,Sedan,30000 to 39000,0,15355,5,400,2,more than 30,more than 30,1,6 years,31 to 35,No,No,External,3 to 5,no change,1 vehicle,1996,All Perils
12,5,7,Pontiac,Urban,2,6,4,Male,Married,45,Policy Holder,Sedan - All Perils,Sedan,20000 to 29000,0,15356,14,400,2,more than 30,more than 30,1,more than 7,36 to 40,No,No,External,more than 5,no change,1 vehicle,1996,All Perils
6,3,2,Honda,Urban,3,6,4,Male,Married,39,Third Party,Sedan - Liability,Sport,30000 to 39000,0,15357,1,400,4,more than 30,more than 30,2 to 4,7 years,36 to 40,No,No,External,none,no change,1 vehicle,1996,Liability
6,3,1,Pontiac,Urban,1,2,3,Male,Married,42,Policy Holder,Sedan - Collision,Sedan,20000 to 29000,0,15358,7,400,3,more than 30,more than 30,2 to 4,7 years,36 to 40,No,No,External,more than 5,no change,1 vehicle,1996,Collision
2,4,3,Honda,Urban,2,3,4,Male,Single,39,Policy Holder,Sedan - Collision,Sedan,more than 69000,0,15359,1,400,1,more than 30,more than 30,1,new,36 to 40,No,No,External,none,no change,1 vehicle,1996,Collision
2,4,4,Chevrolet,Urban,3,3,2,Female,Single,34,Policy Holder,Sedan - Collision,Sedan,20000 to 29000,0,15360,14,400,2,none,more than 30,2 to 4,5 years,31 to 35,No,No,External,more than 5,no change,1 vehicle,1996,Collision
2,2,4,Mazda,Urban,6,2,1,Male,Divorced,42,Policy Holder,Sedan - All Perils,Sedan,30000 to 39000,0,15361,5,400,2,more than 30,more than 30,2 to 4,5 years,36 to 40,No,No,External,none,no change,1 vehicle,1996,All Perils
2,2,5,Honda,Urban,3,1,2,Male,Single,30,Policy Holder,Sedan - Liability,Sport,30000 to 39000,0,15362,16,400,3,more than 30,more than 30,none,6 years,31 to 35,No,No,External,none,no change,1 vehicle,1996,Liability
1,4,6,Toyota,Urban,2,1,4,Male,Married,38,Policy Holder,Sedan - Collision,Sedan,30000 to 39000,0,15363,3,400,3,more than 30,more than 30,none,7 years,36 to 40,No,No,External,none,no change,1 vehicle,1996,Collision
1,4,2,Toyota,Rural,2,1,4,Male,Married,50,Policy Holder,Sedan - Collision,Sedan,20000 to 29000,0,15364,9,400,4,more than 30,more than 30,none,more than 7,41 to 50,No,No,External,none,no change,1 vehicle,1996,Collision
1,1,1,Toyota,Urban,4,4,2,Male,Married,53,Third Party,Sedan - All Perils,Sedan,less than 20000,0,15365,8,400,4,more than 30,more than 30,2 to 4,more than 7,41 to 50,No,No,External,3 to 5,no change,1 vehicle,1996,All Perils
12,5,2,Chevrolet,Urban,3,9,1,Male,Married,37,Policy Holder,Sedan - Liability,Sport,20000 to 29000,0,15366,13,400,1,more than 30,more than 30,1,5 years,36 to 40,No,No,External,3 to 5,no change,1 vehicle,1996,Liability
2,1,2,Honda,Urban,3,6,4,Male,Married,27,Policy Holder,Sport - All Perils,Sport,more than 69000,0,15367,12,400,2,more than 30,more than 30,more than 4,new,31 to 35,No,No,External,none,no change,1 vehicle,1996,All Perils
6,4,5,Chevrolet,Urban,5,11,5,Male,Married,50,Policy Holder,Sedan - Liability,Sport,30000 to 39000,0,15368,16,400,4,more than 30,more than 30,2 to 4,more than 7,41 to 50,No,No,External,1 to 2,no change,1 vehicle,1996,Liability
11,2,3,Pontiac,Urban,5,4,3,Male,Married,27,Policy Holder,Sedan - Collision,Sedan,20000 to 29000,1,15369,12,400,2,more than 30,more than 30,2 to 4,6 years,31 to 35,No,No,External,3 to 5,no change,1 vehicle,1996,Collision
3,5,2,Mazda,Urban,3,4,2,Male,Single,44,Policy Holder,Sedan - Collision,Sedan,20000 to 29000,0,15370,16,400,4,more than 30,more than 30,1,7 years,36 to 40,No,No,External,none,no change,1 vehicle,1996,Collision
3,5,5,Toyota,Rural,5,3,1,Male,Married,40,Third Party,Sedan - All Perils,Sedan,20000 to 29000,0,15371,5,400,3,more than 30,more than 30,none,7 years,36 to 40,No,No,External,none,no change,1 vehicle,1996,All Perils
3,1,5,Pontiac,Rural,5,2,1,Male,Married,39,Third Party,Sedan - Collision,Sedan,20000 to 29000,0,15372,10,400,4,more than 30,more than 30,1,7 years,36 to 40,No,No,External,more than 5,no change,1 vehicle,1996,Collision
2,3,6,Mazda,Urban,2,2,3,Female,Married,43,Policy Holder,Sedan - Liability,Sport,20000 to 29000,0,15373,7,400,3,more than 30,more than 30,more than 4,6 years,36 to 40,No,No,External,more than 5,4 to 8 years,2 vehicles,1996,Liability
2,3,5,Chevrolet,Urban,1,2,4,Male,Married,44,Policy Holder,Sedan - Liability,Sport,20000 to 29000,0,15374,13,400,1,more than 30,more than 30,2 to 4,6 years,36 to 40,No,No,External,none,no change,1 vehicle,1996,Liability
2,3,6,Pontiac,Urban,1,11,4,Male,Single,34,Policy Holder,Sedan - Liability,Sport,20000 to 29000,0,15375,10,400,4,more than 30,more than 30,1,6 years,31 to 35,No,No,External,1 to 2,no change,1 vehicle,1996,Liability
11,2,5,Pontiac,Urban,4,1,4,Female,Single,33,Policy Holder,Sedan - Collision,Sedan,20000 to 29000,1,15376,3,400,4,more than 30,more than 30,none,5 years,31 to 35,No,No,External,none,no change,3 to 4,1996,Collision
1,3,5,Ford,Urban,1,1,3,Male,Married,46,Third Party,Sedan - Collision,Sedan,30000 to 39000,0,15377,5,700,1,more than 30,more than 30,more than 4,7 years,41 to 50,No,No,External,1 to 2,no change,1 vehicle,1996,Collision
1,3,1,Chevrolet,Urban,5,2,3,Male,Married,34,Policy Holder,Utility - Liability,Utility,more than 69000,0,15378,16,400,1,more than 30,more than 30,none,5 years,31 to 35,No,No,External,none,no change,1 vehicle,1996,Liability
1,2,2,Toyota,Urban,4,1,3,Male,Married,40,Policy Holder,Sedan - Collision,Sedan,less than 20000,0,15379,5,400,2,more than 30,more than 30,2 to 4,6 years,36 to 40,No,No,External,none,no change,1 vehicle,1996,Collision
1,2,4,Honda,Urban,4,1,2,Male,Single,0,Policy Holder,Utility - All Perils,Utility,more than 69000,0,15380,1,400,3,more than 30,more than 30,more than 4,new,16 to 17,No,No,External,none,1 year,1 vehicle,1996,All Perils
12,1,6,Pontiac,Urban,3,1,4,Male,Married,32,Policy Holder,Sedan - Liability,Sport,less than 20000,0,15381,15,400,4,more than 30,more than 30,none,7 years,31 to 35,No,No,External,1 to 2,no change,1 vehicle,1996,Liability
12,1,3,Honda,Urban,2,1,2,Male,Single,41,Policy Holder,Sedan - All Perils,Sedan,20000 to 29000,0,15382,5,400,4,more than 30,more than 30,2 to 4,7 years,36 to 40,No,No,External,none,no change,1 vehicle,1996,All Perils
12,1,5,Mazda,Urban,3,1,1,Male,Divorced,39,Policy Holder,Sedan - All Perils,Sedan,30000 to 39000,0,15383,14,400,4,more than 30,more than 30,2 to 4,5 years,36 to 40,No,No,External,none,no change,1 vehicle,1996,All Perils
12,4,1,Honda,Urban,2,1,1,Female,Married,40,Policy Holder,Sedan - Liability,Sport,20000 to 29000,0,15384,8,400,1,more than 30,more than 30,more than 4,7 years,36 to 40,No,No,External,none,no change,1 vehicle,1996,Liability
12,4,5,Chevrolet,Urban,3,1,1,Male,Married,39,Third Party,Sedan - Liability,Sport,more than 69000,0,15385,10,400,3,more than 30,more than 30,none,7 years,36 to 40,No,No,External,none,no change,1 vehicle,1996,Liability
12,4,1,Pontiac,Urban,1,1,3,Female,Single,33,Policy Holder,Sedan - All Perils,Sedan,20000 to 29000,0,15386,13,400,3,more than 30,more than 30,1,5 years,31 to 35,No,No,External,1 to 2,no change,1 vehicle,1996,All Perils
12,4,6,Toyota,Urban,3,1,1,Male,Married,26,Policy Holder,Sedan - All Perils,Sedan,20000 to 29000,0,15387,14,400,2,more than 30,more than 30,2 to 4,7 years,31 to 35,No,No,External,more than 5,no change,1 vehicle,1996,All Perils
1,1,6,Jaguar,Urban,2,1,2,Male,Married,40,Policy Holder,Sedan - All Perils,Sedan,40000 to 59000,0,15388,9,400,4,more than 30,more than 30,none,more than 7,36 to 40,No,No,External,none,no change,1 vehicle,1996,All Perils
1,1,1,Toyota,Urban,2,1,1,Male,Married,50,Policy Holder,Sedan - Collision,Sedan,20000 to 29000,0,15389,4,400,1,more than 30,more than 30,more than 4,7 years,41 to 50,No,No,External,none,no change,1 vehicle,1996,Collision
1,1,1,Chevrolet,Rural,3,1,1,Male,Married,62,Policy Holder,Sedan - Liability,Sport,20000 to 29000,0,15390,9,400,3,more than 30,more than 30,none,7 years,51 to 65,No,No,External,3 to 5,no change,1 vehicle,1996,Liability
1,1,6,Mazda,Urban,1,1,1,Female,Married,31,Policy Holder,Sedan - Collision,Sedan,20000 to 29000,0,15391,3,400,2,more than 30,more than 30,1,6 years,31 to 35,No,No,External,none,no change,1 vehicle,1996,Collision
1,1,4,Pontiac,Urban,4,1,1,Female,Married,67,Policy Holder,Sedan - Collision,Sedan,20000 to 29000,0,15392,13,400,4,more than 30,more than 30,2 to 4,7 years,over 65,No,No,External,1 to 2,no change,1 vehicle,1996,Collision
1,1,3,Honda,Urban,5,1,2,Male,Single,0,Third Party,Sedan - All Perils,Sedan,more than 69000,0,15393,8,400,3,more than 30,more than 30,none,new,16 to 17,No,No,External,none,no change,1 vehicle,1996,All Perils
1,1,4,Mazda,Urban,1,1,2,Male,Married,39,Policy Holder,Sedan - Collision,Sedan,20000 to 29000,0,15394,6,400,4,more than 30,more than 30,2 to 4,7 years,36 to 40,No,No,External,1 to 2,4 to 8 years,2 vehicles,1996,Collision
1,1,7,Pontiac,Urban,1,12,2,Male,Married,27,Policy Holder,Sedan - Liability,Sport,20000 to 29000,0,15395,6,400,1,more than 30,more than 30,2 to 4,6 years,31 to 35,No,No,External,more than 5,no change,1 vehicle,1996,Liability
11,2,4,VW,Urban,1,3,1,Male,Married,35,Third Party,Sedan - Collision,Sedan,30000 to 39000,0,15396,16,400,3,none,more than 30,2 to 4,7 years,31 to 35,Yes,No,External,none,no change,1 vehicle,1996,Collision
1,1,6,Toyota,Urban,2,1,4,Male,Single,37,Policy Holder,Sedan - Collision,Sedan,20000 to 29000,0,15397,15,400,2,more than 30,more than 30,none,5 years,36 to 40,No,No,External,3 to 5,no change,1 vehicle,1996,Collision
1,2,7,Mazda,Urban,2,1,3,Female,Single,29,Third Party,Sedan - Collision,Sedan,20000 to 29000,0,15398,11,400,4,more than 30,more than 30,2 to 4,6 years,31 to 35,No,No,External,3 to 5,no change,1 vehicle,1996,Collision
1,2,7,Toyota,Urban,3,1,2,Male,Single,27,Policy Holder,Sedan - Liability,Sport,20000 to 29000,0,15399,7,400,1,more than 30,more than 30,more than 4,6 years,31 to 35,No,No,External,none,no change,1 vehicle,1996,Liability
1,2,7,Ford,Urban,1,1,2,Male,Married,39,Policy Holder,Sedan - All Perils,Sedan,more than 69000,0,15400,4,400,1,more than 30,more than 30,2 to 4,7 years,36 to 40,No,No,External,none,no change,1 vehicle,1996,All Perils
1,2,2,Honda,Urban,2,1,2,Male,Single,26,Third Party,Sedan - All Perils,Sedan,20000 to 29000,0,15401,16,400,2,more than 30,more than 30,1,6 years,31 to 35,No,No,External,none,no change,1 vehicle,1996,All Perils
1,2,1,Pontiac,Urban,1,1,2,Male,Married,46,Third Party,Sedan - All Perils,Sedan,20000 to 29000,0,15402,10,400,4,more than 30,more than 30,none,more than 7,41 to 50,No,No,External,3 to 5,no change,1 vehicle,1996,All Perils
1,2,7,Toyota,Urban,1,11,2,Male,Married,49,Policy Holder,Sedan - Liability,Sport,20000 to 29000,0,15403,6,500,1,more than 30,more than 30,2 to 4,7 years,41 to 50,No,No,External,none,2 to 3 years,1 vehicle,1996,Liability
11,2,1,Pontiac,Urban,5,12,3,Male,Single,30,Third Party,Sedan - Collision,Sedan,20000 to 29000,0,15404,6,400,2,more than 30,more than 30,1,6 years,31 to 35,No,No,External,1 to 2,no change,1 vehicle,1996,Collision
11,2,3,Toyota,Urban,2,12,5,Male,Married,56,Policy Holder,Sedan - All Perils,Sedan,20000 to 29000,1,15405,2,400,2,more than 30,more than 30,none,6 years,51 to 65,No,No,External,none,no change,1 vehicle,1996,All Perils
11,3,3,Pontiac,Urban,5,11,2,Male,Single,27,Policy Holder,Sedan - Collision,Sedan,20000 to 29000,1,15406,11,400,1,more than 30,more than 30,none,6 years,31 to 35,No,No,External,3 to 5,no change,1 vehicle,1996,Collision
11,3,3,Ford,Urban,3,11,3,Male,Single,32,Third Party,Sedan - Collision,Sedan,60000 to 69000,0,15407,6,400,4,more than 30,more than 30,none,5 years,31 to 35,No,No,External,none,no change,1 vehicle,1996,Collision
11,3,4,Pontiac,Urban,3,11,3,Male,Married,60,Policy Holder,Sedan - Liability,Sport,20000 to 29000,0,15408,2,700,4,more than 30,more than 30,more than 4,7 years,51 to 65,No,No,External,none,no change,1 vehicle,1996,Liability
11,3,5,Toyota,Urban,7,11,4,Male,Married,51,Policy Holder,Sedan - All Perils,Sedan,more than 69000,1,15409,14,400,1,more than 30,more than 30,none,more than 7,41 to 50,No,No,External,none,no change,1 vehicle,1996,All Perils
11,3,7,Mazda,Urban,2,11,3,Female,Married,65,Policy Holder,Sedan - Collision,Sedan,20000 to 29000,1,15410,7,400,3,more than 30,more than 30,more than 4,7 years,51 to 65,No,No,External,1 to 2,no change,1 vehicle,1996,Collision
11,3,2,Dodge,Urban,3,11,4,Female,Single,31,Third Party,Sedan - Collision,Sedan,20000 to 29000,0,15411,10,400,3,more than 30,more than 30,2 to 4,7 years,31 to 35,No,No,External,more than 5,no change,1 vehicle,1996,Collision
11,4,2,Honda,Rural,3,11,5,Male,Married,42,Third Party,Sedan - All Perils,Sedan,less than 20000,0,15412,1,400,1,more than 30,more than 30,1,7 years,36 to 40,No,No,External,none,no change,1 vehicle,1996,All Perils
11,4,4,Pontiac,Urban,1,11,4,Female,Single,28,Policy Holder,Sedan - Liability,Sport,30000 to 39000,1,15413,5,400,4,more than 30,more than 30,more than 4,5 years,31 to 35,No,No,External,more than 5,no change,1 vehicle,1996,Liability
11,4,5,Mazda,Urban,1,11,4,Male,Married,40,Policy Holder,Sedan - Liability,Sport,20000 to 29000,0,15414,9,400,2,more than 30,more than 30,1,7 years,36 to 40,Yes,No,External,1 to 2,no change,1 vehicle,1996,Liability
11,4,5,Chevrolet,Urban,2,11,4,Male,Single,58,Third Party,Sedan - Collision,Sedan,30000 to 39000,0,15415,3,400,4,more than 30,more than 30,none,7 years,51 to 65,No,No,External,1 to 2,4 to 8 years,2 vehicles,1996,Collision
11,4,4,Toyota,Urban,5,12,5,Male,Married,35,Policy Holder,Sedan - Collision,Sedan,20000 to 29000,1,15416,5,400,4,more than 30,more than 30,2 to 4,6 years,31 to 35,No,No,External,none,no change,1 vehicle,1996,Collision
11,5,4,Pontiac,Urban,5,12,1,Male,Married,30,Policy Holder,Sedan - Liability,Sport,30000 to 39000,0,15417,11,400,3,more than 30,more than 30,more than 4,6 years,31 to 35,No,No,External,more than 5,no change,3 to 4,1996,Liability
11,5,1,Toyota,Rural,4,12,1,Male,Single,24,Policy Holder,Sedan - Collision,Sedan,20000 to 29000,1,15418,4,400,4,more than 30,more than 30,more than 4,5 years,26 to 30,No,No,External,1 to 2,no change,1 vehicle,1996,Collision
12,1,3,Toyota,Urban,4,12,2,Female,Married,34,Third Party,Sedan - All Perils,Sedan,20000 to 29000,0,15419,6,400,4,more than 30,more than 30,none,2 years,31 to 35,No,No,External,more than 5,no change,1 vehicle,1996,All Perils
12,2,Wednesday,Toyota,Urban,Thursday,Dec,3,Male,Single,21,Policy Holder,Sedan - Collision,Sedan,20000 to 29000,1,15420,3,400,4,more than 30,more than 30,none,5 years,26 to 30,No,No,External,1 to 2,no change,1 vehicle,1996,Collision
